region,year,id,Z1,Z2,X1,X2,Y,S,W
1,1,1,7.97553792974056,2.64453581929929,5.37200292886336,6.40119605534171,2.89537613745349,1,2
1,1,2,7.97553792974056,2.64453581929929,5.64441567747887,5.6465482355918,2.7854911025879,1,2
1,1,3,7.97553792974056,2.64453581929929,5.37188548052456,6.85934947827987,3.34451199293548,1,2
1,1,5,7.97553792974056,2.64453581929929,6.32114065480481,6.61143734271468,3.05497063922624,1,2
1,1,8,7.97553792974056,2.64453581929929,3.95947734265496,5.69149217192342,2.70063547203257,1,2
1,1,13,7.97553792974056,2.64453581929929,4.83548955022536,5.47254883918619,2.50800020219438,1,2
1,1,15,7.97553792974056,2.64453581929929,5.30211478060603,6.58154369514239,3.0045940104381,1,2
1,1,22,7.97553792974056,2.64453581929929,5.38157264381965,5.45627281327849,2.6179736310941,1,2
1,1,23,7.97553792974056,2.64453581929929,5.39510730505887,5.68852188112833,2.60391071910466,1,2
1,1,24,7.97553792974056,2.64453581929929,5.4886791516698,5.87929031372974,2.7880135466555,1,2
1,1,25,7.97553792974056,2.64453581929929,4.70121345614386,6.16043697041974,2.80825572820705,1,2
1,1,28,7.97553792974056,2.64453581929929,5.47801350182539,7.23235014403175,3.25930306922828,1,2
1,1,30,7.97553792974056,2.64453581929929,4.77067478973847,6.07748485978214,2.64627921726012,1,2
1,1,31,7.97553792974056,2.64453581929929,4.82698422418594,6.75050685370422,3.08283287135835,1,2
1,1,32,7.97553792974056,2.64453581929929,4.20062261206935,6.08178121631122,2.64166439451908,1,2
1,1,33,7.97553792974056,2.64453581929929,2.96909368417956,6.96061521673558,3.21809419996082,1,2
1,1,34,7.97553792974056,2.64453581929929,4.91284279352926,5.74271585406355,2.44896542791384,1,2
1,1,36,7.97553792974056,2.64453581929929,5.6932321759696,6.28965338323718,2.95513626627049,1,2
1,1,37,7.97553792974056,2.64453581929929,6.72151044885641,7.07624360873295,3.09232398628705,1,2
1,1,39,7.97553792974056,2.64453581929929,5.2595447485739,6.11034187875221,2.81770884509587,1,2
1,1,43,7.97553792974056,2.64453581929929,4.5673353689066,6.44169201771943,2.99764306895665,1,2
1,1,46,7.97553792974056,2.64453581929929,6.10157641595861,6.88536707674112,3.14182633467761,1,2
1,1,47,7.97553792974056,2.64453581929929,4.18087484675923,5.4095359807726,2.46550605029768,1,2
1,1,48,7.97553792974056,2.64453581929929,5.14945036350562,6.52726434751783,2.99418737005771,1,2
1,1,55,7.97553792974056,2.64453581929929,4.66004571007256,5.92501048494766,2.85112302466938,1,2
1,1,56,7.97553792974056,2.64453581929929,5.75105546520151,5.87300202561079,2.70574971333698,1,2
1,1,58,7.97553792974056,2.64453581929929,5.60186320916945,6.49628281771519,2.74939353763822,1,2
1,1,60,7.97553792974056,2.64453581929929,4.39922363475209,5.2866680477286,2.49292799878239,1,2
1,1,66,7.97553792974056,2.64453581929929,6.10891647357152,5.79548378079902,2.6918903696659,1,2
1,1,67,7.97553792974056,2.64453581929929,4.83292536958956,5.96435259850643,2.67674917490046,1,2
1,1,68,7.97553792974056,2.64453581929929,5.95679330290763,5.59080882160764,2.64654377111352,1,2
1,1,69,7.97553792974056,2.64453581929929,5.58251329219667,5.57365487668498,2.61831262614413,1,2
1,1,71,7.97553792974056,2.64453581929929,5.4314068846933,6.15062247564321,2.83906074882079,1,2
1,1,72,7.97553792974056,2.64453581929929,6.25370042355901,6.68649913346782,3.00133599736049,1,2
1,1,73,7.97553792974056,2.64453581929929,6.06367601490362,5.25268713656206,2.43499949408078,1,2
1,1,76,7.97553792974056,2.64453581929929,5.31335914886461,6.13844867705428,2.75657703194267,1,2
1,1,78,7.97553792974056,2.64453581929929,4.84524784090586,5.76042716344017,2.7134973092067,1,2
1,1,79,7.97553792974056,2.64453581929929,4.69265241608226,6.13491021580525,2.82602598078397,1,2
1,1,83,7.97553792974056,2.64453581929929,5.426587812039,5.53604648572617,2.47132919055082,1,2
1,1,86,7.97553792974056,2.64453581929929,4.95830832749698,5.5242610353739,2.65151460270847,1,2
1,1,87,7.97553792974056,2.64453581929929,4.51686462503379,5.87414229989185,2.67991818808387,1,2
1,1,88,7.97553792974056,2.64453581929929,5.22890277112282,6.20699683462633,2.90405675546478,1,2
1,1,89,7.97553792974056,2.64453581929929,5.97443298422669,6.65269696069888,3.08914534230635,1,2
1,1,90,7.97553792974056,2.64453581929929,5.93571853404692,6.15891969655314,2.64755113642136,1,2
1,1,92,7.97553792974056,2.64453581929929,3.96310149638503,5.87824387703214,3.03933945267097,1,2
1,1,94,7.97553792974056,2.64453581929929,5.32849383105806,5.63380588322501,2.6975165780086,1,2
1,1,96,7.97553792974056,2.64453581929929,5.20950713373573,6.27535020883509,2.80666243888031,1,2
1,1,97,7.97553792974056,2.64453581929929,4.8865485857661,5.89347580102256,2.70946047037106,1,2
1,1,98,7.97553792974056,2.64453581929929,6.65609327713655,5.48377379097038,2.46385724910094,1,2
1,2,2,7.97553792974056,2.64453581929929,5.24861998088427,6.64074226607262,4.07350548117404,1,2
1,2,4,7.97553792974056,2.64453581929929,4.11380436013345,6.47829590994942,4.09547940400994,1,2
1,2,5,7.97553792974056,2.64453581929929,4.03439882671649,6.0037918999487,3.68082664327215,1,2
1,2,6,7.97553792974056,2.64453581929929,4.64385909858024,5.87154692537381,3.79887882811767,1,2
1,2,7,7.97553792974056,2.64453581929929,5.06280194501103,6.17171796698428,3.78607817501633,1,2
1,2,8,7.97553792974056,2.64453581929929,5.04472886164539,6.47344745969014,4.00302161793707,1,2
1,2,9,7.97553792974056,2.64453581929929,5.81421613110604,6.31956606179509,4.04679827333843,1,2
1,2,11,7.97553792974056,2.64453581929929,6.87496432861533,4.7879621931812,3.3033744683494,1,2
1,2,13,7.97553792974056,2.64453581929929,5.71672685113556,5.49459363554186,3.53582614050898,1,2
1,2,15,7.97553792974056,2.64453581929929,4.6617786567779,5.57261213527422,3.76909415391176,1,2
1,2,16,7.97553792974056,2.64453581929929,5.81311926045453,4.93950471589028,3.40469692964117,1,2
1,2,18,7.97553792974056,2.64453581929929,5.69723097581351,5.82361590844463,3.71531936748986,1,2
1,2,21,7.97553792974056,2.64453581929929,7.13015364351152,5.84681581508034,3.88446170911345,1,2
1,2,23,7.97553792974056,2.64453581929929,5.33458885490597,5.25723587017102,3.51970268157703,1,2
1,2,24,7.97553792974056,2.64453581929929,4.53228044666011,5.91326941585759,3.63812938157835,1,2
1,2,25,7.97553792974056,2.64453581929929,4.24614601742708,5.28875323599467,3.51998416633848,1,2
1,2,28,7.97553792974056,2.64453581929929,5.92929562466213,6.29395789520538,3.80023183333624,1,2
1,2,31,7.97553792974056,2.64453581929929,4.1160184906535,5.51656084977613,3.43640325179796,1,2
1,2,32,7.97553792974056,2.64453581929929,5.49064363610743,5.65015503352247,3.45091140023992,1,2
1,2,34,7.97553792974056,2.64453581929929,5.58029414507861,6.3517487208801,3.73016544540401,1,2
1,2,35,7.97553792974056,2.64453581929929,4.13542647240837,6.39561019709926,3.87275950416127,1,2
1,2,38,7.97553792974056,2.64453581929929,5.79982146065446,5.07000734362815,3.34126146375031,1,2
1,2,42,7.97553792974056,2.64453581929929,6.41452517219772,6.70430783315825,4.10150256277247,1,2
1,2,45,7.97553792974056,2.64453581929929,3.96691936475643,6.24489287631,3.83878924632728,1,2
1,2,47,7.97553792974056,2.64453581929929,3.33147151709395,5.47656651297156,3.49319626651056,1,2
1,2,49,7.97553792974056,2.64453581929929,4.82435386728128,6.84204760845452,4.26476044213675,1,2
1,2,51,7.97553792974056,2.64453581929929,4.3889891442152,6.01604229050704,3.77503494231235,1,2
1,2,52,7.97553792974056,2.64453581929929,5.57219356985998,5.66320485649727,3.78085459846602,1,2
1,2,54,7.97553792974056,2.64453581929929,5.67404089524281,6.14186946838677,3.65487377912557,1,2
1,2,57,7.97553792974056,2.64453581929929,5.13174348774064,6.52919902674103,4.0414895758917,1,2
1,2,59,7.97553792974056,2.64453581929929,3.70092664084786,5.52020649813499,3.54195797293352,1,2
1,2,62,7.97553792974056,2.64453581929929,5.74262330276786,5.78146610871477,3.8820610383909,1,2
1,2,67,7.97553792974056,2.64453581929929,4.65161474988467,6.9880700846174,4.23023701417021,1,2
1,2,73,7.97553792974056,2.64453581929929,4.33088302933472,6.08054462880308,3.90860865915985,1,2
1,3,2,7.97553792974056,2.64453581929929,4.59537897074742,5.44114060071558,3.91995990064503,1,2
1,3,3,7.97553792974056,2.64453581929929,4.95504179050615,5.80773338155982,4.13817497308715,1,2
1,3,5,7.97553792974056,2.64453581929929,5.23355888971267,6.47673375117981,4.47655924914891,1,2
1,3,11,7.97553792974056,2.64453581929929,6.22890406167529,5.94152083097721,4.3504962797322,1,2
1,3,14,7.97553792974056,2.64453581929929,5.46118860138446,5.71509185388628,4.04370771708343,1,2
1,3,15,7.97553792974056,2.64453581929929,4.63470780056609,5.90970537367798,4.08438828093184,1,2
1,3,19,7.97553792974056,2.64453581929929,3.08274653903011,5.27482952919129,3.85069335645484,1,2
1,3,22,7.97553792974056,2.64453581929929,5.00352080955647,6.06962350653805,4.28095598724021,1,2
1,3,23,7.97553792974056,2.64453581929929,6.36927413951113,6.25076194424048,4.31863322726827,1,2
1,3,24,7.97553792974056,2.64453581929929,5.61693699673945,5.28835093598597,3.80138593976496,1,2
1,3,28,7.97553792974056,2.64453581929929,5.50637823720895,5.75010694119835,3.96683583640096,1,2
1,3,29,7.97553792974056,2.64453581929929,3.85325919301212,5.62507617519318,4.17438243275345,1,2
1,3,31,7.97553792974056,2.64453581929929,2.87713817334214,5.35981867746188,3.90487730784958,1,2
1,3,32,7.97553792974056,2.64453581929929,4.70002458743933,6.40937130031792,4.33844929510776,1,2
1,3,35,7.97553792974056,2.64453581929929,5.78429530848193,5.81761578477472,4.12767807760323,1,2
1,3,37,7.97553792974056,2.64453581929929,5.94547711540486,6.08354065869821,4.22510390635378,1,2
1,3,41,7.97553792974056,2.64453581929929,5.38219398549846,6.44438642200801,4.36086607952984,1,2
1,3,43,7.97553792974056,2.64453581929929,6.09407199888105,5.60536041394711,4.14700960200961,1,2
1,3,44,7.97553792974056,2.64453581929929,4.64596909842251,6.72688330591089,4.44924474689459,1,2
1,3,48,7.97553792974056,2.64453581929929,4.70102888872479,6.19049084366321,4.10173267127114,1,2
1,3,51,7.97553792974056,2.64453581929929,4.51401278083212,6.19174150646353,4.27052812374349,1,2
1,3,53,7.97553792974056,2.64453581929929,5.6276603583638,5.86951433840938,4.4459266660215,1,2
1,3,54,7.97553792974056,2.64453581929929,4.66440080484618,5.92189172070737,4.30209861384956,1,2
1,3,55,7.97553792974056,2.64453581929929,4.88286207791327,6.09253369899232,4.21902424562141,1,2
1,3,60,7.97553792974056,2.64453581929929,5.23305694565926,6.37919562614885,4.27076606855697,1,2
1,3,61,7.97553792974056,2.64453581929929,5.28235181535185,6.61503652532973,4.34483986312184,1,2
1,3,62,7.97553792974056,2.64453581929929,5.64958542185456,6.72661925563627,4.5906580530069,1,2
1,3,66,7.97553792974056,2.64453581929929,4.63834088979541,6.0419277843106,4.28885880829152,1,2
1,3,67,7.97553792974056,2.64453581929929,5.25410571644218,5.94756197667643,4.16188593867534,1,2
1,3,68,7.97553792974056,2.64453581929929,4.34190963639269,5.4640424594595,4.05153142001495,1,2
1,3,70,7.97553792974056,2.64453581929929,4.55860906042042,6.68615507989341,4.45810104622187,1,2
1,3,71,7.97553792974056,2.64453581929929,6.29016803911329,5.72173393426727,4.08434507753566,1,2
1,3,72,7.97553792974056,2.64453581929929,3.22423693161522,6.40531639598423,4.33330686871225,1,2
1,3,73,7.97553792974056,2.64453581929929,5.8410398711367,7.1540750324869,4.5189287660351,1,2
1,3,74,7.97553792974056,2.64453581929929,4.83082897791212,6.73590370075073,4.72566804423695,1,2
1,3,80,7.97553792974056,2.64453581929929,4.99486574322272,4.91881116264286,3.76527091737587,1,2
1,3,81,7.97553792974056,2.64453581929929,4.26418220106921,6.12947287222999,4.33545222688542,1,2
1,4,2,7.97553792974056,2.64453581929929,5.29278022244166,5.65590516642108,4.63843452846415,1,2
1,4,5,7.97553792974056,2.64453581929929,4.15785346060773,6.43618632523002,4.85161642040815,1,2
1,4,6,7.97553792974056,2.64453581929929,6.08493442519966,6.50237359394424,5.02003519430278,1,2
1,4,9,7.97553792974056,2.64453581929929,3.74450377935972,6.40780319901291,4.9735094321615,1,2
1,4,10,7.97553792974056,2.64453581929929,4.43145160426092,5.37540777336745,4.65927251968738,1,2
1,4,11,7.97553792974056,2.64453581929929,4.67105783631583,5.81064649816767,4.86080822687938,1,2
1,4,13,7.97553792974056,2.64453581929929,5.628387631292,6.93027044919893,5.18669632347927,1,2
1,4,14,7.97553792974056,2.64453581929929,4.65574779446226,5.93066996151952,4.81923782739986,1,2
1,4,15,7.97553792974056,2.64453581929929,3.37512336352349,6.35096954944545,4.79202414233997,1,2
1,4,17,7.97553792974056,2.64453581929929,5.38564242521362,5.59151398966245,4.82729133742561,1,2
1,4,19,7.97553792974056,2.64453581929929,3.75281616335011,4.58732435443849,4.36653197741316,1,2
1,4,20,7.97553792974056,2.64453581929929,4.25272415281001,6.56468029719097,5.15680702224752,1,2
1,4,23,7.97553792974056,2.64453581929929,4.94373736152494,6.13318053229243,4.906750867885,1,2
1,4,27,7.97553792974056,2.64453581929929,3.66849487035133,5.54922740522478,4.6418653520732,1,2
1,4,31,7.97553792974056,2.64453581929929,3.60932583318556,5.89278845741983,4.870962517229,1,2
1,4,32,7.97553792974056,2.64453581929929,5.55243590474681,5.7551610938577,4.59804373556503,1,2
1,4,33,7.97553792974056,2.64453581929929,3.77896678141295,6.63004850494845,4.9777701988042,1,2
1,4,35,7.97553792974056,2.64453581929929,5.49532206963034,5.62008017402471,4.81412591315281,1,2
1,4,36,7.97553792974056,2.64453581929929,4.25870947082663,5.56886352448963,4.72297147896376,1,2
1,4,39,7.97553792974056,2.64453581929929,4.52139144429763,5.2970456530031,4.61585961806604,1,2
1,4,41,7.97553792974056,2.64453581929929,6.39423873177891,5.87359887880026,4.65120626190039,1,2
1,4,46,7.97553792974056,2.64453581929929,6.00488950010603,5.87773705860016,4.71390020365663,1,2
1,4,48,7.97553792974056,2.64453581929929,4.32991735341911,6.06040869239727,4.69423726054484,1,2
1,4,51,7.97553792974056,2.64453581929929,5.6233582439201,6.19243305228793,5.02635350120825,1,2
1,4,52,7.97553792974056,2.64453581929929,4.54871744268935,5.49680186464744,4.52629535275136,1,2
1,4,56,7.97553792974056,2.64453581929929,4.14243890222087,5.71719343507372,4.61846139114234,1,2
1,4,57,7.97553792974056,2.64453581929929,4.74341604987332,6.23320044093819,4.9080249090235,1,2
1,4,62,7.97553792974056,2.64453581929929,6.59201806155799,6.1437084540479,5.0242087377218,1,2
1,4,69,7.97553792974056,2.64453581929929,4.27487667533558,6.05769861255662,5.02367373084791,1,2
1,4,70,7.97553792974056,2.64453581929929,7.28384174284894,7.47429298963548,5.49935003059983,1,2
1,4,72,7.97553792974056,2.64453581929929,6.65038959594708,6.53231860251237,5.02455576615926,1,2
1,4,75,7.97553792974056,2.64453581929929,3.95009963593574,5.50419811704793,4.79495917452464,1,2
1,4,78,7.97553792974056,2.64453581929929,5.26146096340997,6.21340333798889,4.83675274288385,1,2
1,4,79,7.97553792974056,2.64453581929929,6.3810729938098,5.2742249929721,4.39714674440539,1,2
1,4,80,7.97553792974056,2.64453581929929,5.34581831450763,6.17020410716529,4.86257277467204,1,2
1,4,84,7.97553792974056,2.64453581929929,6.32477415075092,6.92227791318257,5.13856797311386,1,2
1,4,85,7.97553792974056,2.64453581929929,5.3339384547957,6.36595235703307,5.03225889660957,1,2
1,4,86,7.97553792974056,2.64453581929929,6.42783165003448,6.09365224101034,4.8175567386453,1,2
1,4,89,7.97553792974056,2.64453581929929,4.28635485794563,5.78271245315701,4.75303707928131,1,2
1,4,90,7.97553792974056,2.64453581929929,6.35440872401178,5.90445426648367,5.02345880219785,1,2
1,5,1,7.97553792974056,2.64453581929929,6.08552040375832,5.36012317431297,4.86866895327066,1,2
1,5,2,7.97553792974056,2.64453581929929,4.08507220469289,6.04922591146401,4.99002585967721,1,2
1,5,4,7.97553792974056,2.64453581929929,4.62735553793779,6.35461110922077,5.22319423723257,1,2
1,5,6,7.97553792974056,2.64453581929929,5.12503038110777,6.08657340709621,5.04804045803228,1,2
1,5,10,7.97553792974056,2.64453581929929,3.86955787795178,6.38666417100412,5.26991753330614,1,2
1,5,13,7.97553792974056,2.64453581929929,4.18235697425437,5.55062728572991,4.87311835338309,1,2
1,5,21,7.97553792974056,2.64453581929929,4.17158082875595,6.04393982640347,5.11729497980525,1,2
1,5,23,7.97553792974056,2.64453581929929,6.6283217800983,6.07428897565214,5.26669854727948,1,2
1,5,24,7.97553792974056,2.64453581929929,4.6697044786694,5.61011610955018,4.92547228044842,1,2
1,5,25,7.97553792974056,2.64453581929929,5.52674215329077,5.83317245706359,5.12330102470382,1,2
1,5,26,7.97553792974056,2.64453581929929,4.62338400339767,5.89948120075509,5.23785724468424,1,2
1,5,27,7.97553792974056,2.64453581929929,3.88441064191168,4.95060960918849,4.5552616265545,1,2
1,5,28,7.97553792974056,2.64453581929929,4.64518675041157,5.38104154765026,4.77828063594305,1,2
1,5,29,7.97553792974056,2.64453581929929,4.7139979893196,6.00022234786648,4.94105854385828,1,2
1,5,31,7.97553792974056,2.64453581929929,3.91962015190938,6.14884557231362,5.0703463391689,1,2
1,5,35,7.97553792974056,2.64453581929929,4.90299735778206,5.57819463085643,4.84074121576041,1,2
1,5,38,7.97553792974056,2.64453581929929,5.29090095431861,5.45720931202238,4.96320415870754,1,2
1,5,39,7.97553792974056,2.64453581929929,4.5016353801807,6.28623434214432,5.03889427369253,1,2
1,5,40,7.97553792974056,2.64453581929929,3.42140607299619,5.41112513962495,4.94378405299587,1,2
1,5,44,7.97553792974056,2.64453581929929,5.38407073176878,6.82265044758921,5.43083636127736,1,2
1,5,46,7.97553792974056,2.64453581929929,5.77820606133914,5.98925862288945,5.08518708552961,1,2
1,5,47,7.97553792974056,2.64453581929929,2.19415252121433,4.76003088045838,4.58983638793875,1,2
1,5,48,7.97553792974056,2.64453581929929,6.49648510767392,6.32385046026362,5.21358609537778,1,2
1,5,49,7.97553792974056,2.64453581929929,3.69748545759092,6.38903664579657,5.30017295543115,1,2
1,5,51,7.97553792974056,2.64453581929929,4.41641577993203,6.45577051247664,5.22730895902503,1,2
1,5,54,7.97553792974056,2.64453581929929,5.69968847733028,4.90771973177394,4.63148406368531,1,2
1,5,55,7.97553792974056,2.64453581929929,7.02560986070229,6.2956541542537,5.33352412398503,1,2
1,5,56,7.97553792974056,2.64453581929929,2.39138011749711,6.83545726407692,5.29746972997492,1,2
1,5,57,7.97553792974056,2.64453581929929,4.87185580393289,5.54087987070925,4.8104541812895,1,2
1,5,58,7.97553792974056,2.64453581929929,6.03003560169178,5.88634313244099,4.85354043883777,1,2
1,5,59,7.97553792974056,2.64453581929929,4.38802760716773,6.13032709963775,5.04476260081733,1,2
1,5,63,7.97553792974056,2.64453581929929,3.24811016037323,6.96440148978606,5.39291552841439,1,2
1,5,66,7.97553792974056,2.64453581929929,3.92113339203871,5.73353938470881,5.03730695746123,1,2
1,5,67,7.97553792974056,2.64453581929929,4.70756111069518,6.08003556608283,4.8797318730327,1,2
1,5,68,7.97553792974056,2.64453581929929,6.38581147010642,5.55400046022393,4.99680735785945,1,2
1,5,72,7.97553792974056,2.64453581929929,4.53639215226786,5.51690884258028,4.86870623312873,1,2
1,5,73,7.97553792974056,2.64453581929929,6.34898286610563,5.99920592127072,5.2838517633698,1,2
1,5,77,7.97553792974056,2.64453581929929,4.3797817411987,6.30052194018122,5.23405628102065,1,2
1,5,80,7.97553792974056,2.64453581929929,5.97730983686372,6.65528834939944,5.36965536396567,1,2
1,5,82,7.97553792974056,2.64453581929929,5.49236657163901,5.32456076494141,4.83584369372767,1,2
1,5,83,7.97553792974056,2.64453581929929,5.48838349298952,5.50482101933066,4.708254641831,1,2
1,6,2,7.97553792974056,2.64453581929929,5.72785192679869,6.0306411755505,5.3454566027639,1,2
1,6,3,7.97553792974056,2.64453581929929,2.72050884398707,5.56852252056669,5.30303631355575,1,2
1,6,6,7.97553792974056,2.64453581929929,5.13456775471061,5.8577110161845,5.35593849464669,1,2
1,6,7,7.97553792974056,2.64453581929929,5.89137645558819,5.96800688788265,5.5026971432955,1,2
1,6,9,7.97553792974056,2.64453581929929,4.23135839992784,5.04635512504152,4.96733109887934,1,2
1,6,12,7.97553792974056,2.64453581929929,5.95471929440939,6.62754264445539,5.5824407892802,1,2
1,6,14,7.97553792974056,2.64453581929929,5.55853999024387,6.04680767963757,5.34894361465211,1,2
1,6,16,7.97553792974056,2.64453581929929,4.25418992288805,6.09420627476582,5.42685850336969,1,2
1,6,17,7.97553792974056,2.64453581929929,3.51347073663073,5.90872328746643,5.3631588972879,1,2
1,6,22,7.97553792974056,2.64453581929929,4.25724849948537,6.78234136884277,5.68972994501537,1,2
1,6,25,7.97553792974056,2.64453581929929,4.4756596837415,5.4045099178586,5.24823340491316,1,2
1,6,26,7.97553792974056,2.64453581929929,4.60516432870033,5.16540167821934,5.07789623528191,1,2
1,6,31,7.97553792974056,2.64453581929929,4.2095133263798,5.73267945584764,5.2459275474984,1,2
1,6,33,7.97553792974056,2.64453581929929,5.65197803089942,5.46235706546479,5.2899908434003,1,2
1,6,34,7.97553792974056,2.64453581929929,3.61790236536256,6.67184575111352,5.65373699533742,1,2
1,6,36,7.97553792974056,2.64453581929929,5.39739549163164,5.06600792019192,5.19500206553893,1,2
1,6,37,7.97553792974056,2.64453581929929,5.09658108827648,5.20562706282459,4.97511775193388,1,2
1,6,38,7.97553792974056,2.64453581929929,4.09484468730368,6.37724147292848,5.6815016500959,1,2
1,6,40,7.97553792974056,2.64453581929929,6.41298908898384,5.60440273011584,5.33060530070875,1,2
1,6,41,7.97553792974056,2.64453581929929,6.15132191285285,6.17916769487784,5.5316032066797,1,2
1,6,42,7.97553792974056,2.64453581929929,5.6827620943979,5.46250506970261,5.23292841259916,1,2
1,6,48,7.97553792974056,2.64453581929929,5.74960049462034,5.70303499127571,5.35794599454624,1,2
1,6,49,7.97553792974056,2.64453581929929,6.11858285967885,5.92408909174885,5.48143940502795,1,2
1,6,53,7.97553792974056,2.64453581929929,4.21681463964166,5.48155709340888,5.13341084240355,1,2
1,6,57,7.97553792974056,2.64453581929929,5.43058471772212,6.27948880892598,5.64098894258677,1,2
1,6,59,7.97553792974056,2.64453581929929,5.2441088978,6.50983902158999,5.68561752653499,1,2
1,6,60,7.97553792974056,2.64453581929929,4.70427363738953,5.53067166904712,5.42894418669407,1,2
1,6,61,7.97553792974056,2.64453581929929,4.08879079259913,6.99111953977153,5.67138394187871,1,2
1,6,63,7.97553792974056,2.64453581929929,3.45381077946414,7.05685007282444,5.65214730913636,1,2
1,6,64,7.97553792974056,2.64453581929929,6.61589392620951,5.58530705758399,5.00373405941396,1,2
1,6,65,7.97553792974056,2.64453581929929,4.48900605146921,6.40700822181445,5.51171584561719,1,2
1,6,67,7.97553792974056,2.64453581929929,4.60314492263945,6.32732076318921,5.46675671948803,1,2
1,6,68,7.97553792974056,2.64453581929929,4.37330041442797,6.27815829055189,5.34241044255625,1,2
1,6,69,7.97553792974056,2.64453581929929,6.74294145271191,7.15667095692162,5.85524220549373,1,2
1,6,70,7.97553792974056,2.64453581929929,4.60516917930452,6.0981801593593,5.32205750238892,1,2
1,7,1,7.97553792974056,2.64453581929929,5.11707410158115,5.81878717128507,5.69590532346004,1,2
1,7,2,7.97553792974056,2.64453581929929,3.76782243854763,6.22216319327261,5.65582710598351,1,2
1,7,5,7.97553792974056,2.64453581929929,5.42360938832262,6.03051285151605,5.62409319923757,1,2
1,7,6,7.97553792974056,2.64453581929929,4.47008032886138,5.68403922906353,5.51266578153248,1,2
1,7,9,7.97553792974056,2.64453581929929,5.69471038294444,5.94662437524472,5.57436238937304,1,2
1,7,20,7.97553792974056,2.64453581929929,3.94942495349284,5.20039814200689,5.40926922408388,1,2
1,7,23,7.97553792974056,2.64453581929929,4.50864793916285,6.73743192974526,5.86172181004602,1,2
1,7,24,7.97553792974056,2.64453581929929,4.80842862747221,7.04723562771592,5.98830494903038,1,2
1,7,27,7.97553792974056,2.64453581929929,3.66729912119045,6.01716517550139,5.5502452027303,1,2
1,7,28,7.97553792974056,2.64453581929929,4.72739206713193,5.58779194208783,5.54478037682726,1,2
1,7,31,7.97553792974056,2.64453581929929,4.62829805273598,6.33658444327077,5.79432512215759,1,2
1,7,32,7.97553792974056,2.64453581929929,4.69365465033055,5.40756422202448,5.45168022847993,1,2
1,7,37,7.97553792974056,2.64453581929929,6.42392956092764,6.47791969402455,5.90132912798519,1,2
1,7,40,7.97553792974056,2.64453581929929,4.96624408781728,7.03244929429161,6.14934449551042,1,2
1,7,45,7.97553792974056,2.64453581929929,6.10208299811039,5.27722801096782,5.42556006053133,1,2
1,7,47,7.97553792974056,2.64453581929929,6.1782661141366,6.22345176703535,5.56703554564381,1,2
1,7,51,7.97553792974056,2.64453581929929,5.22322935202519,6.38512907817114,5.85318429873318,1,2
1,7,53,7.97553792974056,2.64453581929929,5.47888782980796,6.07536637486682,5.63180633775858,1,2
1,7,55,7.97553792974056,2.64453581929929,3.96594719982308,5.62723559768046,5.5878838969304,1,2
1,8,3,7.97553792974056,2.64453581929929,4.98466142977748,5.7332645445628,5.90214928521449,1,2
1,8,4,7.97553792974056,2.64453581929929,4.43689857199861,5.91250282196759,5.98134858298801,1,2
1,8,6,7.97553792974056,2.64453581929929,4.19495839251919,5.30308201897611,5.6648948769869,1,2
1,8,8,7.97553792974056,2.64453581929929,6.95059083684591,5.39566498467516,5.74800038154797,1,2
1,8,9,7.97553792974056,2.64453581929929,6.80685917272333,5.90705890383909,6.08824362396373,1,2
1,8,10,7.97553792974056,2.64453581929929,5.63407389225237,6.40343103009664,6.13230662207065,1,2
1,8,11,7.97553792974056,2.64453581929929,5.26861968901252,6.08315264441658,6.13535486855089,1,2
1,8,12,7.97553792974056,2.64453581929929,6.04253564964029,5.30181882929428,5.88691372697568,1,2
1,8,13,7.97553792974056,2.64453581929929,5.40642422406459,6.53561422966038,6.3611343770981,1,2
1,8,14,7.97553792974056,2.64453581929929,4.62216756776345,6.08541417959298,5.9620392191889,1,2
1,8,15,7.97553792974056,2.64453581929929,4.7683184600911,5.79887199365952,5.72837943819108,1,2
1,8,16,7.97553792974056,2.64453581929929,5.58683804083783,6.75283970976396,6.10771390472814,1,2
1,8,19,7.97553792974056,2.64453581929929,3.1018332386761,6.77573219505483,6.26147812433042,1,2
1,8,20,7.97553792974056,2.64453581929929,4.79290781531823,6.5171817045651,6.2378824885208,1,2
1,8,22,7.97553792974056,2.64453581929929,5.62887744084244,5.65417802026251,5.86119178211459,1,2
1,8,25,7.97553792974056,2.64453581929929,3.69253063500238,5.8992998378411,5.76700251193567,1,2
1,8,30,7.97553792974056,2.64453581929929,4.54112951480259,5.38656647996231,5.86082646272752,1,2
1,8,31,7.97553792974056,2.64453581929929,6.67389639650763,5.24692650308532,5.78026863150621,1,2
1,8,32,7.97553792974056,2.64453581929929,5.53921729077481,5.57404330477073,6.00011150734213,1,2
1,8,34,7.97553792974056,2.64453581929929,3.89725737251676,5.93418001984055,5.93320599840371,1,2
1,8,39,7.97553792974056,2.64453581929929,5.1903121484884,6.22236321204473,6.18106257307995,1,2
1,8,41,7.97553792974056,2.64453581929929,5.71257447456468,5.35186224614649,5.6601481279756,1,2
1,8,42,7.97553792974056,2.64453581929929,6.00262524105749,6.05563408651298,6.20959340647201,1,2
1,8,43,7.97553792974056,2.64453581929929,5.9936230701765,6.21069000717082,6.12299355755996,1,2
1,8,44,7.97553792974056,2.64453581929929,4.25717469897845,6.03684694902763,6.13406290840721,1,2
1,8,45,7.97553792974056,2.64453581929929,5.85320496288989,5.44042836608884,5.84134481720274,1,2
1,8,47,7.97553792974056,2.64453581929929,5.80282323869296,5.93353390703238,5.83116229795868,1,2
1,8,48,7.97553792974056,2.64453581929929,4.39705155958643,6.41444942685566,6.24146657743241,1,2
1,8,49,7.97553792974056,2.64453581929929,5.25940383302274,5.36262096874314,5.7669883629025,1,2
1,8,50,7.97553792974056,2.64453581929929,4.89760406078307,5.40421189645535,5.67174968084425,1,2
1,8,51,7.97553792974056,2.64453581929929,5.33271022569068,5.69719728902074,5.97209757996111,1,2
1,8,55,7.97553792974056,2.64453581929929,4.56963073426719,5.54228495914563,5.80346716874855,1,2
1,8,58,7.97553792974056,2.64453581929929,6.30873316027051,5.65428541692645,5.85366410648041,1,2
1,8,59,7.97553792974056,2.64453581929929,3.71597810319687,6.70900890718426,6.41158992328318,1,2
1,8,61,7.97553792974056,2.64453581929929,2.38081804090272,5.10165502751569,5.52707033337178,1,2
1,8,62,7.97553792974056,2.64453581929929,5.09128843498349,5.73246568899061,5.77430829755479,1,2
1,8,65,7.97553792974056,2.64453581929929,4.76791973421824,6.04480215323062,6.13459692505592,1,2
1,8,67,7.97553792974056,2.64453581929929,5.49489174876665,5.41631413201444,5.6519260038764,1,2
1,8,68,7.97553792974056,2.64453581929929,4.30564389559757,5.71444245094837,5.9303179360368,1,2
1,8,70,7.97553792974056,2.64453581929929,5.82189119884692,5.70269651162394,5.90671809667389,1,2
1,8,71,7.97553792974056,2.64453581929929,4.4839267496162,7.04981153444224,6.41504349702528,1,2
1,8,72,7.97553792974056,2.64453581929929,4.79334911282133,6.00432304780907,5.97293713896494,1,2
1,8,73,7.97553792974056,2.64453581929929,4.89700785236071,6.35137264538058,6.31891776792811,1,2
1,8,75,7.97553792974056,2.64453581929929,3.00331605918603,6.48322587375207,5.98875094250041,1,2
1,8,77,7.97553792974056,2.64453581929929,5.49085573469727,5.49097332894134,5.7417008250335,1,2
1,8,79,7.97553792974056,2.64453581929929,4.89398451937847,5.21076386265152,5.8921050133783,1,2
1,8,80,7.97553792974056,2.64453581929929,4.49458411074093,5.5731214910203,5.72053847305259,1,2
1,8,82,7.97553792974056,2.64453581929929,4.55458313312978,6.03542798184743,5.9189797638894,1,2
1,8,84,7.97553792974056,2.64453581929929,5.05789165368395,5.39583703888591,6.03563560725656,1,2
1,9,1,7.97553792974056,2.64453581929929,5.38267744466423,5.37744525843519,5.95196137121594,1,2
1,9,3,7.97553792974056,2.64453581929929,5.7319751941674,5.82126606004375,6.09675833168406,1,2
1,9,4,7.97553792974056,2.64453581929929,5.83084354290253,5.39635939358737,5.98004338261489,1,2
1,9,5,7.97553792974056,2.64453581929929,4.78611951598088,5.97922936646775,6.09935522181661,1,2
1,9,6,7.97553792974056,2.64453581929929,3.67509175630411,5.82617127166246,6.10430840960873,1,2
1,9,7,7.97553792974056,2.64453581929929,5.61014246491371,5.43791658204711,6.054698110355,1,2
1,9,15,7.97553792974056,2.64453581929929,5.6707838427426,6.29653846173122,6.11503857455003,1,2
1,9,17,7.97553792974056,2.64453581929929,5.68859981924672,6.54573441134885,6.32896446303977,1,2
1,9,19,7.97553792974056,2.64453581929929,3.88970995983234,5.64019460122974,5.95955768256857,1,2
1,9,23,7.97553792974056,2.64453581929929,3.81996200694478,6.19744713337459,6.06398919491596,1,2
1,9,24,7.97553792974056,2.64453581929929,4.48476089887962,5.85196624558039,6.30678383769941,1,2
1,9,27,7.97553792974056,2.64453581929929,4.51202699399959,5.01665011309407,5.57371004784989,1,2
1,9,29,7.97553792974056,2.64453581929929,4.80342748292394,6.4750267404223,6.2369441693298,1,2
1,9,32,7.97553792974056,2.64453581929929,4.16892778654455,6.55390081790861,6.49982721090195,1,2
1,9,36,7.97553792974056,2.64453581929929,4.42428280225442,6.14287291061,6.0226038628829,1,2
1,9,37,7.97553792974056,2.64453581929929,5.34723495192015,6.63311795442503,6.41012784581414,1,2
1,9,38,7.97553792974056,2.64453581929929,4.75060841584115,5.36482451720007,5.91764693415822,1,2
1,9,39,7.97553792974056,2.64453581929929,4.8563112777796,5.88628870256749,6.10113524115949,1,2
1,9,40,7.97553792974056,2.64453581929929,2.64373583334436,5.66521132169483,6.08683152087352,1,2
1,9,44,7.97553792974056,2.64453581929929,5.49165097902435,5.7882267158017,6.04609179185635,1,2
1,9,45,7.97553792974056,2.64453581929929,4.6312207872031,6.11198525305311,6.16453179599185,1,2
1,9,53,7.97553792974056,2.64453581929929,5.9199530645794,5.90921772501907,6.16038839404797,1,2
1,9,54,7.97553792974056,2.64453581929929,5.21005890766163,6.57329832520954,6.58092456376118,1,2
1,9,57,7.97553792974056,2.64453581929929,5.30337721836966,6.04917479680157,6.14201728266416,1,2
1,9,58,7.97553792974056,2.64453581929929,3.79201412443977,5.42680278007874,5.76178831356483,1,2
1,9,59,7.97553792974056,2.64453581929929,6.55562068632439,5.25666990228291,5.85138848668023,1,2
1,9,61,7.97553792974056,2.64453581929929,6.07265614250532,5.19087463984729,5.75608204356237,1,2
1,9,62,7.97553792974056,2.64453581929929,5.24716550432039,6.01270546889246,6.01247861976505,1,2
1,9,64,7.97553792974056,2.64453581929929,5.30805879408119,6.12547810810049,6.04345743020907,1,2
1,9,66,7.97553792974056,2.64453581929929,6.9138311169257,6.63369429945269,6.39393728279029,1,2
1,9,67,7.97553792974056,2.64453581929929,5.39442910007787,6.58576120794428,6.43162320306676,1,2
1,9,68,7.97553792974056,2.64453581929929,4.62776085234081,6.44502321215534,6.32772580199892,1,2
1,9,70,7.97553792974056,2.64453581929929,4.06075584792977,5.81747487993775,5.90759349592713,1,2
1,9,71,7.97553792974056,2.64453581929929,5.43500969896278,5.45678042971726,5.98183767152526,1,2
1,9,72,7.97553792974056,2.64453581929929,5.24170292207469,5.76858530146368,6.20503604527219,1,2
1,9,74,7.97553792974056,2.64453581929929,5.70034509380647,6.49667429133935,6.31244621193364,1,2
1,10,1,7.97553792974056,2.64453581929929,5.67109663196804,6.75016910795496,6.49211666988366,1,2
1,10,2,7.97553792974056,2.64453581929929,3.76267405561365,6.22262962727729,5.9950315185571,1,2
1,10,3,7.97553792974056,2.64453581929929,4.20703786025857,6.46835439633358,6.73781361120246,1,2
1,10,4,7.97553792974056,2.64453581929929,3.27017184447615,5.63211309133603,5.86473930319839,1,2
1,10,5,7.97553792974056,2.64453581929929,4.64556657758361,5.77364983037192,5.93307911454401,1,2
1,10,7,7.97553792974056,2.64453581929929,5.0907032330992,6.00963263925664,6.14546196927649,1,2
1,10,9,7.97553792974056,2.64453581929929,2.91394881829259,5.76885691242422,5.95587595367789,1,2
1,10,11,7.97553792974056,2.64453581929929,4.48297387936612,5.32445162595368,5.93269013066627,1,2
1,10,13,7.97553792974056,2.64453581929929,3.20287203469029,5.6281011910597,6.13076715274872,1,2
1,10,14,7.97553792974056,2.64453581929929,4.42837221911721,5.9457569528946,6.09447143450624,1,2
1,10,15,7.97553792974056,2.64453581929929,5.94163202293022,6.70989616586674,6.52537792020211,1,2
1,10,16,7.97553792974056,2.64453581929929,4.41637124705395,5.46006887612507,6.00269913938045,1,2
1,10,18,7.97553792974056,2.64453581929929,6.39384733980059,5.16056318520305,6.00581437113949,1,2
1,10,21,7.97553792974056,2.64453581929929,4.24735849662431,5.9022790946364,6.17602162955438,1,2
1,10,24,7.97553792974056,2.64453581929929,4.79245570742218,6.05782448326603,6.15898326060868,1,2
1,10,26,7.97553792974056,2.64453581929929,5.42522327782707,6.75511473078388,6.40333896037665,1,2
1,10,28,7.97553792974056,2.64453581929929,6.95553757492021,6.3469199816855,6.24311779832731,1,2
1,10,29,7.97553792974056,2.64453581929929,4.83617561040159,5.72732340420854,5.93564995755042,1,2
1,10,30,7.97553792974056,2.64453581929929,5.81143218980932,6.17349064390449,6.22521855591115,1,2
1,10,31,7.97553792974056,2.64453581929929,5.47506223881095,6.31129296008374,6.36656697245827,1,2
1,10,33,7.97553792974056,2.64453581929929,4.63665383136111,5.77449411231907,6.11173530134212,1,2
1,10,34,7.97553792974056,2.64453581929929,5.33959621713512,4.98544598324602,5.8524254275156,1,2
1,10,40,7.97553792974056,2.64453581929929,3.19754552416023,5.70581631075664,6.06067743746042,1,2
1,10,44,7.97553792974056,2.64453581929929,5.39359775057263,5.30421309689738,6.15234858740824,1,2
1,10,47,7.97553792974056,2.64453581929929,6.06539574488357,5.64845230267135,6.18395732751098,1,2
1,10,48,7.97553792974056,2.64453581929929,4.67494537952377,6.4415410492438,6.40938602381487,1,2
1,10,50,7.97553792974056,2.64453581929929,6.1659659217754,5.53362955289551,6.19213916287199,1,2
1,10,52,7.97553792974056,2.64453581929929,5.96030204036982,6.01405742888246,6.30123576321871,1,2
1,10,53,7.97553792974056,2.64453581929929,5.49881265683477,5.55134760819519,6.00428228493607,1,2
1,10,56,7.97553792974056,2.64453581929929,5.04280074107065,5.81342984928445,6.12105142397051,1,2
1,10,59,7.97553792974056,2.64453581929929,3.69482930227584,5.41150851091374,5.98324019671061,1,2
1,10,60,7.97553792974056,2.64453581929929,6.47899079812112,6.62223333531383,6.52973775070204,1,2
1,11,4,7.97553792974056,2.64453581929929,4.23816792276159,6.69544322891203,6.51405948054666,1,2
1,11,5,7.97553792974056,2.64453581929929,5.00088568763467,5.75670976589414,6.13615417886145,1,2
1,11,9,7.97553792974056,2.64453581929929,5.36112082913129,6.49775437411538,6.6527080535775,1,2
1,11,12,7.97553792974056,2.64453581929929,5.41033250417783,5.40680702262541,6.05350437556084,1,2
1,11,15,7.97553792974056,2.64453581929929,5.06014120240555,6.05352478555105,6.29815586950572,1,2
1,11,16,7.97553792974056,2.64453581929929,4.45194225731993,5.51733787757193,6.0577611221123,1,2
1,11,17,7.97553792974056,2.64453581929929,4.03653987875238,6.83599823134593,6.47815877690364,1,2
1,11,18,7.97553792974056,2.64453581929929,6.37357462322706,5.92178514617018,6.47685440478442,1,2
1,11,23,7.97553792974056,2.64453581929929,3.94914321435129,6.83146759348831,6.84309226476885,1,2
1,11,24,7.97553792974056,2.64453581929929,5.07946913633114,6.06202081441676,6.62852636799324,1,2
1,11,25,7.97553792974056,2.64453581929929,3.9836689144558,5.9665166610191,6.3935382378636,1,2
1,11,26,7.97553792974056,2.64453581929929,6.6064674410098,5.29273205455029,6.26405913069285,1,2
1,11,31,7.97553792974056,2.64453581929929,7.09864074456299,5.42138694004948,6.39432423484764,1,2
1,11,33,7.97553792974056,2.64453581929929,5.93515427028625,5.58251477688783,6.49597811016966,1,2
1,11,34,7.97553792974056,2.64453581929929,5.69640814410154,6.05196167119111,6.35944973538197,1,2
1,11,35,7.97553792974056,2.64453581929929,5.25295635283531,5.84863692241061,6.60161894208561,1,2
1,11,40,7.97553792974056,2.64453581929929,4.85245906873749,6.63145949865667,6.68183912039813,1,2
1,11,43,7.97553792974056,2.64453581929929,3.8269331456691,6.2771751346036,6.42842329917647,1,2
1,11,45,7.97553792974056,2.64453581929929,4.20996289634556,6.29165664883387,6.58102597821936,1,2
1,11,46,7.97553792974056,2.64453581929929,7.02809533935669,5.99272531566559,6.52170113670028,1,2
1,11,52,7.97553792974056,2.64453581929929,5.73110053410342,5.8108239239184,6.37121856947778,1,2
1,11,53,7.97553792974056,2.64453581929929,5.61407148191528,6.45806955226201,6.57143781384814,1,2
1,11,55,7.97553792974056,2.64453581929929,4.5844713727422,4.95327525359337,6.14129078692102,1,2
1,11,56,7.97553792974056,2.64453581929929,6.24209453417841,5.76345167431746,6.33584325631656,1,2
1,11,57,7.97553792974056,2.64453581929929,3.83230614175956,6.34585269544009,6.57079812814585,1,2
1,11,59,7.97553792974056,2.64453581929929,4.53281612189802,5.46480871021022,6.28835494316731,1,2
1,11,60,7.97553792974056,2.64453581929929,5.59441815165906,5.42282145073096,6.30863931835965,1,2
1,11,63,7.97553792974056,2.64453581929929,5.29021081742497,5.49360999679343,6.35743847218158,1,2
1,11,64,7.97553792974056,2.64453581929929,4.20399254470133,6.90489442723127,6.60145738826318,1,2
1,11,66,7.97553792974056,2.64453581929929,5.19296256720685,5.23132893453334,6.39489542378742,1,2
1,11,68,7.97553792974056,2.64453581929929,4.35876428052885,6.26698440200001,6.34411298304497,1,2
1,11,69,7.97553792974056,2.64453581929929,5.426757834498,6.43664886964479,6.35722943267215,1,2
1,11,70,7.97553792974056,2.64453581929929,5.20739594925494,6.92307877334514,6.42523199480432,1,2
1,11,71,7.97553792974056,2.64453581929929,4.60216673714735,6.88930253135573,6.8840040147189,1,2
1,11,72,7.97553792974056,2.64453581929929,4.75775815574075,6.40138706892302,6.46825722197414,1,2
1,11,73,7.97553792974056,2.64453581929929,5.55483439857453,5.59743444062699,6.37033268338967,1,2
1,11,76,7.97553792974056,2.64453581929929,3.613031885143,5.60834756165882,6.08467409169816,1,2
1,11,78,7.97553792974056,2.64453581929929,3.80129942292985,5.68707578029596,6.22018520059873,1,2
1,11,79,7.97553792974056,2.64453581929929,5.89608518066088,5.71493118211705,6.39843545033175,1,2
1,11,80,7.97553792974056,2.64453581929929,5.63387100282699,6.03482630227266,6.61365352388081,1,2
1,12,1,7.97553792974056,2.64453581929929,5.120227771587,6.60076595449584,6.61423883219399,1,2
1,12,2,7.97553792974056,2.64453581929929,5.96677500880104,6.33505728967949,6.43304446197434,1,2
1,12,4,7.97553792974056,2.64453581929929,5.23287343470348,6.60986046195951,6.76558412376012,1,2
1,12,6,7.97553792974056,2.64453581929929,5.16103623883018,6.53697918315698,6.37049482936742,1,2
1,12,8,7.97553792974056,2.64453581929929,6.26024702980019,5.63453715793439,6.59547087241162,1,2
1,12,11,7.97553792974056,2.64453581929929,5.6135624999997,5.44737768944076,6.24292501718623,1,2
1,12,16,7.97553792974056,2.64453581929929,6.39986318022206,5.49249403095799,6.47108443503865,1,2
1,12,17,7.97553792974056,2.64453581929929,6.62826511843653,6.17363105771231,6.72320424168445,1,2
1,12,18,7.97553792974056,2.64453581929929,3.29354716153689,6.19083601631153,6.18692039395127,1,2
1,12,20,7.97553792974056,2.64453581929929,4.93209524542329,4.74664209791755,6.28986793870637,1,2
1,12,23,7.97553792974056,2.64453581929929,4.03539672142597,6.38105703021707,6.56771921729772,1,2
1,12,24,7.97553792974056,2.64453581929929,6.88611130151859,6.66513708493167,7.00022850332826,1,2
1,12,30,7.97553792974056,2.64453581929929,4.27792686963061,6.17119659762165,6.66225827709477,1,2
1,12,37,7.97553792974056,2.64453581929929,4.52425781747399,5.56599068003859,6.57948185531335,1,2
1,12,39,7.97553792974056,2.64453581929929,3.33971511765541,6.70829376286634,6.7838582073122,1,2
1,12,40,7.97553792974056,2.64453581929929,4.18567729078409,5.96510093290248,6.48519687120918,1,2
1,12,41,7.97553792974056,2.64453581929929,5.04992157136669,6.50522959982109,6.61504174392196,1,2
1,12,44,7.97553792974056,2.64453581929929,6.1033899175926,6.22362997210938,6.63544691615125,1,2
1,12,46,7.97553792974056,2.64453581929929,4.82494088048692,6.07172892821871,6.5840151616701,1,2
1,12,54,7.97553792974056,2.64453581929929,5.60171538359214,5.43233155178323,6.31952657564495,1,2
1,12,56,7.97553792974056,2.64453581929929,4.94273195698513,6.34766310389225,6.54122454693433,1,2
1,12,57,7.97553792974056,2.64453581929929,4.34923068180934,5.75897127732874,6.52366586755043,1,2
1,12,58,7.97553792974056,2.64453581929929,5.47985820039056,6.99520014579356,6.72114050914367,1,2
1,12,59,7.97553792974056,2.64453581929929,5.14199343222039,5.75481594287748,6.47882093963371,1,2
1,12,61,7.97553792974056,2.64453581929929,2.8369308511004,6.40397533982887,6.58910006423701,1,2
1,13,1,7.97553792974056,2.64453581929929,5.42298280484791,6.4284969021946,6.32308678910124,1,2
1,13,2,7.97553792974056,2.64453581929929,6.29544879718563,6.93027363158209,6.63415320102958,1,2
1,13,3,7.97553792974056,2.64453581929929,4.8969791595337,5.71885027870705,6.23886755887913,1,2
1,13,8,7.97553792974056,2.64453581929929,4.40430545894857,5.53527397860573,6.34768406461171,1,2
1,13,9,7.97553792974056,2.64453581929929,3.2332301096692,5.80480333647258,6.37063188947584,1,2
1,13,10,7.97553792974056,2.64453581929929,6.31207887209983,5.74814990248158,6.54846986464714,1,2
1,13,13,7.97553792974056,2.64453581929929,6.96682132217321,5.56390690120026,6.18959897196803,1,2
1,13,15,7.97553792974056,2.64453581929929,5.32926139465113,5.16786073249051,6.2308817653847,1,2
1,13,16,7.97553792974056,2.64453581929929,3.92348046670314,6.28918580014386,6.69761693210392,1,2
1,13,17,7.97553792974056,2.64453581929929,2.85555794788069,6.19723213544787,6.68158497559379,1,2
1,13,18,7.97553792974056,2.64453581929929,5.29686907965531,5.25981661585084,6.49682064291154,1,2
1,13,20,7.97553792974056,2.64453581929929,4.29235474005556,6.46209043260704,6.54513656716483,1,2
1,13,23,7.97553792974056,2.64453581929929,3.66281731986342,5.65592170054182,6.18321359646569,1,2
1,13,25,7.97553792974056,2.64453581929929,5.57363409293574,6.31564587754781,6.60647516767741,1,2
1,13,26,7.97553792974056,2.64453581929929,4.60568224902528,5.38675549316576,6.22419515715604,1,2
1,13,31,7.97553792974056,2.64453581929929,4.66497793114129,5.57580076296082,6.17028334768199,1,2
1,13,32,7.97553792974056,2.64453581929929,6.80513913968829,6.58063973722872,6.82458224178124,1,2
1,13,33,7.97553792974056,2.64453581929929,5.81425079639525,7.04722892973276,6.59898255243346,1,2
1,13,34,7.97553792974056,2.64453581929929,4.71503836677292,5.80239265891649,6.38467123864842,1,2
1,13,36,7.97553792974056,2.64453581929929,5.71223100601293,5.92513472777425,6.33531398577276,1,2
1,13,37,7.97553792974056,2.64453581929929,7.27371348542959,5.71661713320142,6.41325491616912,1,2
1,13,42,7.97553792974056,2.64453581929929,4.16983413878509,6.01449435106631,6.13072163390484,1,2
1,13,43,7.97553792974056,2.64453581929929,7.38549862204901,5.78458974665254,6.3872922921274,1,2
1,13,46,7.97553792974056,2.64453581929929,3.89151631237459,5.90277836220786,6.39507543693433,1,2
1,13,49,7.97553792974056,2.64453581929929,3.27458790981712,5.97488059567437,6.607591603018,1,2
1,13,51,7.97553792974056,2.64453581929929,3.83236424371725,5.66436122965631,6.43883856127647,1,2
1,13,52,7.97553792974056,2.64453581929929,4.01568797342514,6.93893747271948,6.71718638798515,1,2
1,13,53,7.97553792974056,2.64453581929929,6.78930656051022,5.70905472589166,6.58178802838183,1,2
1,13,54,7.97553792974056,2.64453581929929,6.16427388479788,6.32660882472164,6.5269996847089,1,2
1,13,55,7.97553792974056,2.64453581929929,5.11870028700446,6.56224568415894,6.61492942698042,1,2
1,13,57,7.97553792974056,2.64453581929929,4.06545838745787,6.87237489777051,6.60345423151284,1,2
1,13,58,7.97553792974056,2.64453581929929,6.28401684337321,5.84872905992234,6.47123045911714,1,2
1,13,59,7.97553792974056,2.64453581929929,4.38971380704003,5.64926056328468,6.07052936610508,1,2
1,13,62,7.97553792974056,2.64453581929929,4.78176087884743,6.10522220385825,6.53776784207852,1,2
1,13,67,7.97553792974056,2.64453581929929,6.10455972806612,5.49516283151705,6.37753475957815,1,2
1,13,70,7.97553792974056,2.64453581929929,4.71103263749934,6.18609410531968,6.45689586076859,1,2
1,13,72,7.97553792974056,2.64453581929929,3.79816932098749,6.43100965286658,6.51000756257492,1,2
1,13,73,7.97553792974056,2.64453581929929,3.46836119990449,5.70513802308334,6.39564739840154,1,2
1,13,78,7.97553792974056,2.64453581929929,4.21043529824423,5.81454872907137,6.3950282596358,1,2
1,13,80,7.97553792974056,2.64453581929929,6.53961096760953,6.1821686282584,6.56037678231444,1,2
1,13,84,7.97553792974056,2.64453581929929,6.88065883742863,5.62784349237722,6.45997896211935,1,2
1,13,86,7.97553792974056,2.64453581929929,4.61172177528918,5.32592246608066,6.20039321602533,1,2
1,13,87,7.97553792974056,2.64453581929929,5.25206243449255,5.58028119236379,6.30161804811702,1,2
1,13,90,7.97553792974056,2.64453581929929,6.23771402573586,6.55223009275627,6.59312712002357,1,2
1,13,92,7.97553792974056,2.64453581929929,5.20319369555558,6.96016125366107,6.52501320117454,1,2
1,13,97,7.97553792974056,2.64453581929929,4.75064181400026,5.31041919380146,6.21334064476396,1,2
1,13,100,7.97553792974056,2.64453581929929,4.0997735566547,5.72738418289266,6.40517656986888,1,2
1,14,1,7.97553792974056,2.64453581929929,3.86233199502321,5.07049346359087,6.66466718052517,1,2
1,14,2,7.97553792974056,2.64453581929929,4.07057201562209,6.07686977922822,6.89240296055418,1,2
1,14,5,7.97553792974056,2.64453581929929,6.52374420754776,6.01124874403706,7.02037782289545,1,2
1,14,9,7.97553792974056,2.64453581929929,4.54224739861298,6.56060030983421,7.1026548926675,1,2
1,14,10,7.97553792974056,2.64453581929929,3.89294722895962,5.74737631706544,6.64009835416707,1,2
1,14,11,7.97553792974056,2.64453581929929,5.65858326936157,5.52603170902613,6.44720983169203,1,2
1,14,12,7.97553792974056,2.64453581929929,4.92651887875623,5.64265999857005,6.83619636320516,1,2
1,14,15,7.97553792974056,2.64453581929929,4.05213255184609,6.0961890326284,6.76857909424834,1,2
1,14,16,7.97553792974056,2.64453581929929,5.02602369783725,6.39853391446499,6.83057994465379,1,2
1,14,17,7.97553792974056,2.64453581929929,4.79383732007078,6.18673235961114,6.85504115000543,1,2
1,14,18,7.97553792974056,2.64453581929929,6.49016293355172,6.10699279825914,6.84836625969966,1,2
1,14,21,7.97553792974056,2.64453581929929,4.97175125009329,6.41703688165218,6.95376689547813,1,2
1,14,22,7.97553792974056,2.64453581929929,2.8173406464811,5.49889799869228,6.26614552908877,1,2
1,14,25,7.97553792974056,2.64453581929929,4.83371336558167,6.77206395424307,7.00195861042223,1,2
1,14,27,7.97553792974056,2.64453581929929,3.4160724288763,6.77574385107909,7.19629099605993,1,2
1,14,28,7.97553792974056,2.64453581929929,5.22888590687534,6.03331230868192,6.94054096627975,1,2
1,14,32,7.97553792974056,2.64453581929929,5.76279061016914,6.75707791005922,7.37924695765799,1,2
1,14,33,7.97553792974056,2.64453581929929,4.74478040132576,5.4617592982139,6.72063564917077,1,2
1,14,34,7.97553792974056,2.64453581929929,4.81874807196672,5.81090088746194,6.68360164024714,1,2
1,14,35,7.97553792974056,2.64453581929929,3.74741017773725,6.07102590236922,6.86212671515909,1,2
1,14,39,7.97553792974056,2.64453581929929,5.53849740233639,5.39103642420506,6.58525752091301,1,2
1,14,42,7.97553792974056,2.64453581929929,4.21994060819744,5.49282582329793,6.79032981718632,1,2
1,14,43,7.97553792974056,2.64453581929929,6.00242956362818,5.74002431102108,6.82391758881262,1,2
1,14,44,7.97553792974056,2.64453581929929,4.33025758277873,6.48346183717665,6.98510752694864,1,2
1,14,48,7.97553792974056,2.64453581929929,4.84717434713556,5.9141857856081,6.65339449239363,1,2
1,14,49,7.97553792974056,2.64453581929929,4.57549981366775,4.63746054326044,6.19973641651419,1,2
1,14,50,7.97553792974056,2.64453581929929,6.48206167429851,6.03053498285723,6.84693514470771,1,2
1,14,54,7.97553792974056,2.64453581929929,3.38173876272451,5.88297966109399,6.66663737361561,1,2
1,14,55,7.97553792974056,2.64453581929929,5.99672296853328,6.30132298513522,7.03527964525979,1,2
1,14,56,7.97553792974056,2.64453581929929,7.13308907325366,5.6494080851329,6.89456298566221,1,2
1,14,58,7.97553792974056,2.64453581929929,5.88224532242641,6.30207220804356,6.80629561663838,1,2
1,14,59,7.97553792974056,2.64453581929929,5.38367441735698,6.1864826425018,6.98893319801568,1,2
1,14,61,7.97553792974056,2.64453581929929,4.56436267079364,5.70660956975104,6.75804184836758,1,2
1,14,62,7.97553792974056,2.64453581929929,5.06030263639931,6.51077973637337,7.02228017209377,1,2
1,14,65,7.97553792974056,2.64453581929929,3.91741018422154,6.41960390181885,6.66194675105531,1,2
1,14,66,7.97553792974056,2.64453581929929,4.89644452474404,6.5353558285658,6.91205670645656,1,2
1,14,68,7.97553792974056,2.64453581929929,6.7134877380901,6.11495787555442,6.91890529075865,1,2
1,14,70,7.97553792974056,2.64453581929929,6.02960048730387,6.23438932429582,6.86020953729384,1,2
1,14,72,7.97553792974056,2.64453581929929,3.79898567518352,5.72831033122901,6.85082798085478,1,2
1,14,76,7.97553792974056,2.64453581929929,3.81757261503912,5.97835487469217,6.78092124068291,1,2
1,14,80,7.97553792974056,2.64453581929929,4.04958470307753,5.83527399541731,6.83872947900672,1,2
1,14,81,7.97553792974056,2.64453581929929,3.84802537201987,6.03306130182697,6.62473676032215,1,2
1,14,83,7.97553792974056,2.64453581929929,4.93344742635891,5.53401523171027,6.58765059735003,1,2
1,14,84,7.97553792974056,2.64453581929929,7.92113268060476,5.59500280666138,7.0106689249307,1,2
1,14,88,7.97553792974056,2.64453581929929,3.27651079420387,6.32926947269353,6.8838615749803,1,2
1,14,89,7.97553792974056,2.64453581929929,4.6354325628102,6.29515604952668,6.76606652027289,1,2
1,14,90,7.97553792974056,2.64453581929929,4.33607809656377,6.70822913590121,6.99476755725544,1,2
1,15,4,7.97553792974056,2.64453581929929,5.09409173118905,6.93961613871523,7.39261863664745,1,2
1,15,6,7.97553792974056,2.64453581929929,4.05550300975154,5.89261819113714,6.79065580356799,1,2
1,15,7,7.97553792974056,2.64453581929929,5.99554088507795,5.63432395650258,6.85762080073875,1,2
1,15,10,7.97553792974056,2.64453581929929,6.04887147538084,6.61365491792861,6.89571422263124,1,2
1,15,12,7.97553792974056,2.64453581929929,7.38413529351094,5.91086321105019,6.96661933685653,1,2
1,15,14,7.97553792974056,2.64453581929929,7.27502204861235,6.72877683498505,7.47489048053427,1,2
1,15,16,7.97553792974056,2.64453581929929,5.46683066641613,5.73041828018664,6.46568660470732,1,2
1,15,17,7.97553792974056,2.64453581929929,6.3310761204509,6.33123389348299,6.84875351955462,1,2
1,15,18,7.97553792974056,2.64453581929929,2.72958348774152,6.05122620664263,7.09563440603245,1,2
1,15,19,7.97553792974056,2.64453581929929,5.28577714932138,6.17596288488147,7.02440572971262,1,2
1,15,23,7.97553792974056,2.64453581929929,4.86230940850572,6.54184926660313,7.07744513358929,1,2
1,15,29,7.97553792974056,2.64453581929929,5.70064301583027,6.07674392321363,7.07119844514096,1,2
1,15,31,7.97553792974056,2.64453581929929,5.10892466590025,5.89592119183338,6.9417413568244,1,2
1,15,37,7.97553792974056,2.64453581929929,3.87468257743809,6.326364460805,6.93211820752823,1,2
1,15,38,7.97553792974056,2.64453581929929,4.86069191053043,5.16735282333868,6.74376170711209,1,2
1,15,41,7.97553792974056,2.64453581929929,2.64407934447298,6.28376315271908,6.71373259975616,1,2
1,15,45,7.97553792974056,2.64453581929929,6.35955125652182,6.30659271782868,7.3694420433177,1,2
1,15,46,7.97553792974056,2.64453581929929,5.1539517739593,6.21789468579332,6.96762191161146,1,2
1,15,47,7.97553792974056,2.64453581929929,5.94138748516406,5.01918018994778,6.79513707281252,1,2
1,15,49,7.97553792974056,2.64453581929929,6.21612773894398,6.43515101982513,7.46720978419866,1,2
1,15,51,7.97553792974056,2.64453581929929,5.81292052390032,6.29152354489652,6.99466746691535,1,2
1,15,52,7.97553792974056,2.64453581929929,4.53711356781527,6.35740799942704,6.87442569672653,1,2
1,15,53,7.97553792974056,2.64453581929929,5.46914590491771,6.05846632848806,6.81068353277181,1,2
1,15,59,7.97553792974056,2.64453581929929,3.97435204753959,5.96782141471366,6.98634980330566,1,2
1,15,63,7.97553792974056,2.64453581929929,3.81210208248919,6.55619611523271,7.10482266600713,1,2
1,15,64,7.97553792974056,2.64453581929929,4.69971849577663,5.71375003956558,6.99102756434195,1,2
1,16,4,7.97553792974056,2.64453581929929,5.60118141630021,5.47443717160832,7.18599772140452,1,2
1,16,6,7.97553792974056,2.64453581929929,5.19596737898196,6.86448197713453,7.40898927625306,1,2
1,16,8,7.97553792974056,2.64453581929929,4.70702037366661,5.37657344027879,6.70053442126826,1,2
1,16,9,7.97553792974056,2.64453581929929,4.71355477971656,5.46903757756007,6.90880105770621,1,2
1,16,10,7.97553792974056,2.64453581929929,3.85862374744944,5.64088998704324,7.00429700921837,1,2
1,16,11,7.97553792974056,2.64453581929929,3.73301977195089,5.99396076827216,7.24808154015704,1,2
1,16,15,7.97553792974056,2.64453581929929,6.37931738995672,6.42674223548659,7.12475250306848,1,2
1,16,18,7.97553792974056,2.64453581929929,5.70465808196748,6.16223013607643,6.95610692334901,1,2
1,16,19,7.97553792974056,2.64453581929929,5.6357520501703,5.36103461012876,7.07813670327302,1,2
1,16,20,7.97553792974056,2.64453581929929,6.21238672997443,5.91715763428865,7.2091003865275,1,2
1,16,21,7.97553792974056,2.64453581929929,7.40209036463484,6.34886269048745,7.45862930048146,1,2
1,16,22,7.97553792974056,2.64453581929929,2.99531507753765,5.50185514789344,6.86259208036124,1,2
1,16,23,7.97553792974056,2.64453581929929,2.75550289231761,5.96082236998667,6.92500108540976,1,2
1,16,24,7.97553792974056,2.64453581929929,6.28779046806778,5.60232193466763,7.08343661102187,1,2
1,16,27,7.97553792974056,2.64453581929929,5.48739394715781,6.57679734484908,7.5122552000733,1,2
1,16,30,7.97553792974056,2.64453581929929,4.50796863922813,6.25553205437323,7.43276134066425,1,2
1,16,31,7.97553792974056,2.64453581929929,5.45920418399086,6.15131822255922,7.22340413305436,1,2
1,16,37,7.97553792974056,2.64453581929929,3.27971094524847,6.16582142991243,7.16692447696016,1,2
1,16,38,7.97553792974056,2.64453581929929,4.12810526573196,6.37247430258374,6.88234402982252,1,2
1,16,39,7.97553792974056,2.64453581929929,4.46258895280838,6.16703785824304,7.04427567416609,1,2
1,16,40,7.97553792974056,2.64453581929929,4.71130079972876,6.30212251155844,7.31059021207944,1,2
1,16,41,7.97553792974056,2.64453581929929,7.24960164481039,6.46616678059575,7.37397777748235,1,2
1,16,44,7.97553792974056,2.64453581929929,4.0963723492721,6.13997172798079,7.16782332172725,1,2
1,16,47,7.97553792974056,2.64453581929929,5.46141935487949,6.26654509088985,7.31932717495172,1,2
1,16,49,7.97553792974056,2.64453581929929,5.44307028519041,5.74955082779978,6.70850292924153,1,2
1,16,52,7.97553792974056,2.64453581929929,5.47743308508789,5.64041789709835,7.12530081363505,1,2
1,16,53,7.97553792974056,2.64453581929929,3.61681206548488,6.25841318105885,7.13187309489745,1,2
1,16,56,7.97553792974056,2.64453581929929,5.1359119909959,5.47583875671848,6.95330598255852,1,2
1,16,57,7.97553792974056,2.64453581929929,4.49759118216149,6.20185489273913,6.95127741822247,1,2
1,16,58,7.97553792974056,2.64453581929929,5.86983381344174,5.89124920315634,7.18480019745601,1,2
1,16,59,7.97553792974056,2.64453581929929,5.98917376905608,6.35672755234439,7.44601512590218,1,2
1,16,60,7.97553792974056,2.64453581929929,3.22282259597473,5.78387303170962,6.91570795374444,1,2
1,16,63,7.97553792974056,2.64453581929929,3.74450471758208,5.90448193320053,6.95031515763882,1,2
1,16,66,7.97553792974056,2.64453581929929,4.66878593220508,6.04037789745125,7.14274460216972,1,2
1,16,67,7.97553792974056,2.64453581929929,5.87083546706598,6.68164111904949,7.18072795696375,1,2
1,16,70,7.97553792974056,2.64453581929929,4.98918228075121,5.69553049936064,7.11048946985409,1,2
1,17,1,7.97553792974056,2.64453581929929,5.63910625856744,6.01046603987668,7.35845770734411,1,2
1,17,2,7.97553792974056,2.64453581929929,4.31381119849713,5.77698636476383,7.14445105696271,1,2
1,17,3,7.97553792974056,2.64453581929929,4.92995413545206,5.70562689229761,7.16835181134647,1,2
1,17,8,7.97553792974056,2.64453581929929,5.35798670307458,5.44925622865911,7.2780339556491,1,2
1,17,9,7.97553792974056,2.64453581929929,4.21865203292799,5.96882566410402,7.19669234078287,1,2
1,17,11,7.97553792974056,2.64453581929929,5.35228786941036,6.67467489140145,7.32996979549222,1,2
1,17,12,7.97553792974056,2.64453581929929,4.35787344696038,5.74315418325675,6.98280167869237,1,2
1,17,14,7.97553792974056,2.64453581929929,3.91742232942248,6.41029329484236,7.1523065047397,1,2
1,17,15,7.97553792974056,2.64453581929929,3.8686066902827,5.6053943013974,7.14428426392989,1,2
1,17,18,7.97553792974056,2.64453581929929,5.1559216423115,5.79843245538758,7.33641796794284,1,2
1,17,23,7.97553792974056,2.64453581929929,5.78551342556327,5.5870496849658,7.16662952440779,1,2
1,17,24,7.97553792974056,2.64453581929929,4.90757176764108,6.10300214890761,7.23770396125933,1,2
1,17,25,7.97553792974056,2.64453581929929,6.78180861615851,6.34114249209634,7.42436076143262,1,2
1,17,28,7.97553792974056,2.64453581929929,6.84987170167475,5.36684196425191,6.90933496235235,1,2
1,17,29,7.97553792974056,2.64453581929929,4.65255827923197,6.60768333488996,7.36311893223661,1,2
1,17,32,7.97553792974056,2.64453581929929,5.77777337132118,6.42993978467218,7.49704758840056,1,2
1,17,33,7.97553792974056,2.64453581929929,4.9877871427949,5.42947934889912,6.9832484637664,1,2
1,17,34,7.97553792974056,2.64453581929929,5.12162825757961,6.10485421789085,7.34361512172265,1,2
1,17,35,7.97553792974056,2.64453581929929,6.84276634681443,6.16216174038507,6.98735914781862,1,2
1,17,36,7.97553792974056,2.64453581929929,5.50781038632515,5.76274347442277,7.32001593256523,1,2
1,17,37,7.97553792974056,2.64453581929929,5.47309854522918,5.44251828207923,7.03296351983547,1,2
1,17,40,7.97553792974056,2.64453581929929,5.36482912923691,5.49611844680138,6.99924466548905,1,2
1,17,41,7.97553792974056,2.64453581929929,5.26376989302637,5.43184686437483,7.16060526087654,1,2
1,17,43,7.97553792974056,2.64453581929929,4.32991381144409,6.8222597192179,7.5929497120652,1,2
1,17,44,7.97553792974056,2.64453581929929,6.72777448659865,6.23483904987228,7.26566776175792,1,2
1,17,45,7.97553792974056,2.64453581929929,7.27536939832027,6.45120747272078,7.48320815990567,1,2
1,17,48,7.97553792974056,2.64453581929929,4.0223173902598,5.45708308039383,6.7522916662975,1,2
1,17,50,7.97553792974056,2.64453581929929,4.57740828840231,6.62468617445136,7.41854932135296,1,2
1,17,55,7.97553792974056,2.64453581929929,5.36664533375159,6.09650334492903,7.28918131240961,1,2
1,17,56,7.97553792974056,2.64453581929929,4.9946709949616,5.87983649089535,7.0621830514323,1,2
1,17,57,7.97553792974056,2.64453581929929,5.51194696979711,5.52759660196076,7.3227865425425,1,2
1,17,58,7.97553792974056,2.64453581929929,4.37645770151008,6.30591581166243,7.03686047165898,1,2
1,17,62,7.97553792974056,2.64453581929929,6.23434430779807,5.9406000389925,7.52945515093596,1,2
1,17,63,7.97553792974056,2.64453581929929,5.75471435918948,6.23801335579481,7.18271719263987,1,2
1,17,65,7.97553792974056,2.64453581929929,6.94194424422428,6.23684727808181,7.62349463643002,1,2
1,17,66,7.97553792974056,2.64453581929929,6.0508320482441,6.58754059827045,7.3861744689042,1,2
1,17,68,7.97553792974056,2.64453581929929,3.23209058204099,4.88222347880009,6.96720886850947,1,2
1,17,71,7.97553792974056,2.64453581929929,5.94086697332917,5.819164663084,7.18943969867726,1,2
1,17,72,7.97553792974056,2.64453581929929,3.22795353091092,6.28778396877328,7.05032269968157,1,2
1,17,73,7.97553792974056,2.64453581929929,4.43693358968909,6.08859554242817,7.07863257759528,1,2
1,17,74,7.97553792974056,2.64453581929929,5.76988943590732,5.59491222791683,7.35023836808525,1,2
1,17,77,7.97553792974056,2.64453581929929,5.67908446752103,6.71104185352384,7.6849545763214,1,2
1,17,78,7.97553792974056,2.64453581929929,4.45095899276478,6.79981214989457,7.28036316120916,1,2
1,17,80,7.97553792974056,2.64453581929929,5.23948786412423,5.27688831200012,6.76845712026253,1,2
1,18,3,7.97553792974056,2.64453581929929,5.95676741273497,5.24045222027131,7.446492678364,1,2
1,18,4,7.97553792974056,2.64453581929929,3.13325561156979,6.47962140949293,7.39939090054451,1,2
1,18,5,7.97553792974056,2.64453581929929,3.80474415618327,5.82058681489545,7.12440998260106,1,2
1,18,6,7.97553792974056,2.64453581929929,5.29650546424797,5.79105806884674,7.55857783061946,1,2
1,18,8,7.97553792974056,2.64453581929929,4.8373840566041,4.79514112955059,6.87429962702844,1,2
1,18,11,7.97553792974056,2.64453581929929,5.08304956601148,5.89314293648549,7.14230539999851,1,2
1,18,16,7.97553792974056,2.64453581929929,5.23552604682049,6.28136023562478,7.48269586081107,1,2
1,18,17,7.97553792974056,2.64453581929929,3.98201108621073,6.92332445350484,7.14272014509843,1,2
1,18,18,7.97553792974056,2.64453581929929,5.69476781064109,5.44788484125874,7.36569543443544,1,2
1,18,23,7.97553792974056,2.64453581929929,5.72702931582289,5.59663785005709,7.25672096541225,1,2
1,18,24,7.97553792974056,2.64453581929929,4.78665595877609,6.67579397272936,7.49118226543397,1,2
1,18,25,7.97553792974056,2.64453581929929,6.06114523413603,6.51602949437792,7.32207668496833,1,2
1,18,27,7.97553792974056,2.64453581929929,4.80100023004882,5.20481349497974,7.08184536178609,1,2
1,18,29,7.97553792974056,2.64453581929929,2.75856892647504,7.18789610193408,7.39136647002015,1,2
1,18,30,7.97553792974056,2.64453581929929,4.15958447093826,6.04763077407104,7.33707074933402,1,2
1,18,34,7.97553792974056,2.64453581929929,4.90266127298402,5.62481452804637,7.2261948378107,1,2
1,18,35,7.97553792974056,2.64453581929929,4.13393024334669,6.52322675544781,7.52625709865379,1,2
1,18,40,7.97553792974056,2.64453581929929,5.54058286061325,6.78968295345731,7.51597132893429,1,2
1,18,42,7.97553792974056,2.64453581929929,4.30142598824711,6.31101539597444,7.03399150289153,1,2
1,18,43,7.97553792974056,2.64453581929929,5.55996882591877,5.15829291490889,7.03967980144004,1,2
1,18,46,7.97553792974056,2.64453581929929,6.15760548454238,5.73068082325028,7.06439757223461,1,2
1,18,49,7.97553792974056,2.64453581929929,3.82899927234368,5.5866453090406,6.98491570297124,1,2
1,18,50,7.97553792974056,2.64453581929929,6.95554220567943,5.21527163084532,7.29267368000705,1,2
1,18,51,7.97553792974056,2.64453581929929,3.94612210185494,5.59811619925697,7.20032314873629,1,2
1,18,52,7.97553792974056,2.64453581929929,4.08687611077508,6.03850569836956,7.28012173038158,1,2
1,18,55,7.97553792974056,2.64453581929929,4.54163652648183,6.19600645630234,7.46528939028922,1,2
1,18,58,7.97553792974056,2.64453581929929,4.26705782433868,6.32748257136905,7.0536265229305,1,2
1,18,63,7.97553792974056,2.64453581929929,4.24595514704937,5.96186419817983,7.29471394213102,1,2
1,18,67,7.97553792974056,2.64453581929929,5.04440522970417,5.69868633413736,7.29526533196829,1,2
1,18,69,7.97553792974056,2.64453581929929,4.0948240604205,6.55368551188033,7.59608066365051,1,2
1,18,72,7.97553792974056,2.64453581929929,3.95053927226941,5.81052956539415,7.25348626151246,1,2
1,18,75,7.97553792974056,2.64453581929929,6.63333230440577,5.95628268001705,7.08083091097122,1,2
1,18,76,7.97553792974056,2.64453581929929,4.55753383245388,6.16886249252888,7.32296596260127,1,2
1,18,77,7.97553792974056,2.64453581929929,6.09700364920077,6.12785708184106,7.4020214311874,1,2
1,18,78,7.97553792974056,2.64453581929929,4.716890237972,5.74683464860587,7.45388194882317,1,2
1,18,79,7.97553792974056,2.64453581929929,6.21857348235661,6.29005067266817,7.33807177850939,1,2
1,18,80,7.97553792974056,2.64453581929929,4.38865877557945,6.00075005213588,7.28192887696452,1,2
1,18,81,7.97553792974056,2.64453581929929,7.15000438914389,6.69690785437811,7.4112565517885,1,2
1,19,1,7.97553792974056,2.64453581929929,5.63664862123389,6.16854135839219,7.11900415026032,1,2
1,19,2,7.97553792974056,2.64453581929929,4.87622796470123,6.17691026980476,7.25930317543626,1,2
1,19,7,7.97553792974056,2.64453581929929,5.67893415464535,5.54921285230083,7.30974995136494,1,2
1,19,8,7.97553792974056,2.64453581929929,5.50058532838241,5.77363899515533,6.98701272278851,1,2
1,19,9,7.97553792974056,2.64453581929929,5.62752061954986,5.35018932119666,6.80562419204491,1,2
1,19,12,7.97553792974056,2.64453581929929,4.06151164714905,6.85131089288843,7.23001459522236,1,2
1,19,13,7.97553792974056,2.64453581929929,5.85745369915124,4.9663247416285,6.98580445472152,1,2
1,19,16,7.97553792974056,2.64453581929929,4.89455857848539,7.11266687864933,7.62058627801573,1,2
1,19,17,7.97553792974056,2.64453581929929,4.53223671702571,6.14932025332414,7.06053310077298,1,2
1,19,18,7.97553792974056,2.64453581929929,4.53075952244109,6.34393608904272,7.17532961162978,1,2
1,19,19,7.97553792974056,2.64453581929929,5.97726705919523,5.74556608999783,7.14165008752283,1,2
1,19,20,7.97553792974056,2.64453581929929,5.9004254666464,5.58550970569814,7.23027608517804,1,2
1,19,21,7.97553792974056,2.64453581929929,5.31424585132056,5.63193984301269,7.13088870701015,1,2
1,19,24,7.97553792974056,2.64453581929929,5.22820825158151,6.28979325000232,7.47181910089652,1,2
1,19,26,7.97553792974056,2.64453581929929,4.5158446756352,5.6473509139302,7.27823548932095,1,2
1,19,27,7.97553792974056,2.64453581929929,4.83770912190995,5.91288172198556,7.29781853662191,1,2
1,19,31,7.97553792974056,2.64453581929929,3.03407420158669,5.81495062007255,6.8402674549138,1,2
1,19,35,7.97553792974056,2.64453581929929,6.69184220046327,7.0379959666635,7.61559797566534,1,2
1,19,38,7.97553792974056,2.64453581929929,6.45315092178579,5.83259786062511,7.34922854959819,1,2
1,19,40,7.97553792974056,2.64453581929929,5.44084956250217,6.29294224451291,7.54861708307119,1,2
1,19,44,7.97553792974056,2.64453581929929,5.80465811901349,6.18113792748629,7.28853647509956,1,2
1,19,46,7.97553792974056,2.64453581929929,4.79136025151321,6.19555574097788,7.35727531465224,1,2
1,19,48,7.97553792974056,2.64453581929929,4.86764861335338,5.23169569387402,6.95029035853291,1,2
1,19,49,7.97553792974056,2.64453581929929,3.63549129449473,5.83850202549695,7.19068088403458,1,2
1,19,50,7.97553792974056,2.64453581929929,5.65996523134121,5.97126605575285,7.01505313771181,1,2
1,19,52,7.97553792974056,2.64453581929929,4.33232862481501,5.84731155781568,7.02102188737239,1,2
1,19,54,7.97553792974056,2.64453581929929,4.02904657310528,6.13926241514493,7.0610031328624,1,2
1,19,55,7.97553792974056,2.64453581929929,4.45376296113411,6.62041960515623,7.3278501882453,1,2
1,19,59,7.97553792974056,2.64453581929929,5.58615463076294,6.75421427319032,7.58005971897827,1,2
1,19,62,7.97553792974056,2.64453581929929,5.64242197186831,5.6997976959173,7.48220832178792,1,2
1,19,63,7.97553792974056,2.64453581929929,4.33424070764995,6.0952596341185,7.14674239642119,1,2
1,19,65,7.97553792974056,2.64453581929929,4.28465268153734,6.75950349527795,7.46532316813017,1,2
1,19,67,7.97553792974056,2.64453581929929,5.79193216180047,7.55822214561544,7.69578411945179,1,2
1,19,69,7.97553792974056,2.64453581929929,5.51896784739927,6.3629403416024,7.55453265393443,1,2
1,19,73,7.97553792974056,2.64453581929929,4.49952643616032,5.70835008871208,6.97239518544086,1,2
1,19,77,7.97553792974056,2.64453581929929,5.64990908237583,5.8675082168946,7.49708285608726,1,2
1,19,80,7.97553792974056,2.64453581929929,5.07403090420174,6.47074522301025,7.62281009929642,1,2
1,19,81,7.97553792974056,2.64453581929929,5.23862671441345,5.90566359184444,7.24883553709354,1,2
1,20,2,7.97553792974056,2.64453581929929,4.27042559871459,6.56413342613749,7.32101942425227,1,2
1,20,5,7.97553792974056,2.64453581929929,4.22459166854229,5.12493820866206,7.00108527795193,1,2
1,20,7,7.97553792974056,2.64453581929929,4.4223835466489,5.877229450411,6.98777945461268,1,2
1,20,12,7.97553792974056,2.64453581929929,4.67630045140493,6.19433663060336,7.5631052792088,1,2
1,20,15,7.97553792974056,2.64453581929929,4.7884625762707,5.71592262386379,7.19785806366694,1,2
1,20,16,7.97553792974056,2.64453581929929,5.18205890099652,6.00810680131217,7.39243263357875,1,2
1,20,17,7.97553792974056,2.64453581929929,5.56955480170736,6.50693814391596,7.17369361572666,1,2
1,20,19,7.97553792974056,2.64453581929929,3.59055829386561,5.51933567261525,7.462880327509,1,2
1,20,20,7.97553792974056,2.64453581929929,5.16644504249956,5.8241156653296,7.20623236357232,1,2
1,20,21,7.97553792974056,2.64453581929929,4.3679157531495,5.91110404082037,7.18530037714932,1,2
1,20,22,7.97553792974056,2.64453581929929,4.65621166848336,6.14595292671249,7.393375415404,1,2
1,20,23,7.97553792974056,2.64453581929929,4.78978455405109,5.8596900818711,7.33983374999415,1,2
1,20,24,7.97553792974056,2.64453581929929,3.87813363904679,5.50577848449691,7.10895196522457,1,2
1,20,26,7.97553792974056,2.64453581929929,4.70497950870565,6.09622740685322,7.32457543037544,1,2
1,20,27,7.97553792974056,2.64453581929929,6.64516826753488,5.89979514968686,7.85856382716336,1,2
1,20,28,7.97553792974056,2.64453581929929,4.18046307450693,6.8649122159236,7.63330192734877,1,2
1,20,32,7.97553792974056,2.64453581929929,4.48481023540766,5.8505456317373,7.6606423931428,1,2
1,20,33,7.97553792974056,2.64453581929929,6.29057546502385,5.9973633286009,7.28880777443735,1,2
1,20,36,7.97553792974056,2.64453581929929,4.16894285509825,5.09912939264417,6.90164074925278,1,2
1,20,38,7.97553792974056,2.64453581929929,5.36098823085121,5.93377026824035,7.06004580440286,1,2
1,20,40,7.97553792974056,2.64453581929929,5.41522439351573,5.4736179889848,7.47669568126568,1,2
1,20,44,7.97553792974056,2.64453581929929,4.79595645017451,5.77893619794065,7.34744600867685,1,2
1,20,45,7.97553792974056,2.64453581929929,5.13492539615626,6.14886168987983,7.40382211200186,1,2
1,20,48,7.97553792974056,2.64453581929929,4.79336568963576,6.0862042516375,7.4920971098825,1,2
1,20,49,7.97553792974056,2.64453581929929,3.9695619518223,6.53331955703159,7.18547174746652,1,2
1,20,50,7.97553792974056,2.64453581929929,5.57159969602261,6.93222266135292,7.43410710499416,1,2
1,20,51,7.97553792974056,2.64453581929929,5.71493932406675,5.47953410748413,7.39206264559949,1,2
1,20,54,7.97553792974056,2.64453581929929,5.30209985304796,5.9511839474009,7.37897413036771,1,2
1,20,56,7.97553792974056,2.64453581929929,4.24935449306942,6.72372079296872,7.50413467561772,1,2
1,20,57,7.97553792974056,2.64453581929929,5.91538333730936,4.98498121147625,7.44016481481508,1,2
1,20,58,7.97553792974056,2.64453581929929,6.17355997417483,5.86397840510763,7.06277748615378,1,2
1,20,61,7.97553792974056,2.64453581929929,2.44827163570676,6.20294750269509,7.43058489214073,1,2
1,20,64,7.97553792974056,2.64453581929929,5.23610782049811,6.73355851568722,7.37279316946928,1,2
1,21,1,7.97553792974056,2.64453581929929,7.22013320514418,5.84201070908911,7.63738504290209,1,2
1,21,2,7.97553792974056,2.64453581929929,4.92182939600666,6.27116951315621,7.75175708614934,1,2
1,21,4,7.97553792974056,2.64453581929929,5.71261835448932,5.30544634915638,7.51473594429275,1,2
1,21,5,7.97553792974056,2.64453581929929,4.50121537797527,6.00777402260974,7.64458896355506,1,2
1,21,8,7.97553792974056,2.64453581929929,4.49226523956688,5.98453683020647,7.36203507876039,1,2
1,21,10,7.97553792974056,2.64453581929929,7.13988000243181,6.14905936901958,7.82610552178751,1,2
1,21,14,7.97553792974056,2.64453581929929,4.45321635964478,6.01967157613843,7.70405359391473,1,2
1,21,16,7.97553792974056,2.64453581929929,4.53027311052256,6.34644397707291,7.59436836050973,1,2
1,21,18,7.97553792974056,2.64453581929929,5.10882448072108,5.70921207461193,7.15909203530711,1,2
1,21,19,7.97553792974056,2.64453581929929,6.01912878739793,4.88567760088665,7.00418533050012,1,2
1,21,20,7.97553792974056,2.64453581929929,4.92179367817477,6.5000782789355,7.4412631058973,1,2
1,21,22,7.97553792974056,2.64453581929929,5.49139706717143,6.10366292674279,7.58384562528161,1,2
1,21,23,7.97553792974056,2.64453581929929,5.48751694571809,5.45986451539401,7.53425302356687,1,2
1,21,24,7.97553792974056,2.64453581929929,6.48180418708928,6.40337549023901,7.86573690959352,1,2
1,21,25,7.97553792974056,2.64453581929929,5.0999254083027,7.07004846661691,7.50010292153507,1,2
1,21,26,7.97553792974056,2.64453581929929,3.93363174298216,6.8242472467561,7.65859952336431,1,2
1,21,27,7.97553792974056,2.64453581929929,5.3859088016641,6.6397246326757,8.06854311366329,1,2
1,21,28,7.97553792974056,2.64453581929929,4.86021952891495,5.91851212784162,7.61396451634719,1,2
1,21,31,7.97553792974056,2.64453581929929,3.190143591813,5.2774434430104,6.91031535965382,1,2
1,21,32,7.97553792974056,2.64453581929929,4.79609821298773,5.37337305447782,7.39690374167247,1,2
1,21,37,7.97553792974056,2.64453581929929,5.37644671701745,5.29491748374136,7.39031387702956,1,2
1,21,39,7.97553792974056,2.64453581929929,5.08337914371477,5.60916732096804,7.67139948823918,1,2
1,21,41,7.97553792974056,2.64453581929929,5.38292910194642,6.35243289798193,7.68759919437742,1,2
1,21,42,7.97553792974056,2.64453581929929,4.26078584874238,5.63227854332784,7.53329057399809,1,2
1,21,43,7.97553792974056,2.64453581929929,5.14578832432964,5.94608821393822,7.28470172762905,1,2
1,21,44,7.97553792974056,2.64453581929929,3.95058227161767,6.16237518225938,7.52758082079069,1,2
1,21,45,7.97553792974056,2.64453581929929,4.52834700777088,6.51364249650434,7.54553025820103,1,2
1,21,48,7.97553792974056,2.64453581929929,4.90066380995145,6.11932411811773,7.40945674266934,1,2
1,21,51,7.97553792974056,2.64453581929929,4.86962899824828,5.74846071390545,7.18169152819855,1,2
1,21,52,7.97553792974056,2.64453581929929,4.24645802876654,5.31638965327247,7.46911380952454,1,2
1,21,53,7.97553792974056,2.64453581929929,4.12983056940298,6.08907023114185,7.18673001107549,1,2
1,21,56,7.97553792974056,2.64453581929929,4.17459591063284,5.51121092239768,7.34714057206188,1,2
1,21,57,7.97553792974056,2.64453581929929,5.16254223412428,5.53019377226765,7.27511349015639,1,2
1,21,59,7.97553792974056,2.64453581929929,5.35753482834827,6.02414111188501,7.58424633677823,1,2
1,21,60,7.97553792974056,2.64453581929929,6.08242229707446,6.49819349203619,7.40032906961956,1,2
1,21,62,7.97553792974056,2.64453581929929,3.80308638866379,5.9030437943301,7.39888158890105,1,2
1,21,68,7.97553792974056,2.64453581929929,6.5712555751773,5.47819185551382,7.59027992572378,1,2
1,21,69,7.97553792974056,2.64453581929929,5.14650295377327,6.22332419188277,7.48422570393982,1,2
1,21,70,7.97553792974056,2.64453581929929,4.65165570409674,6.47894794975862,7.52147610608046,1,2
1,21,72,7.97553792974056,2.64453581929929,5.60231857000485,6.63428739819288,7.84349990532713,1,2
1,21,74,7.97553792974056,2.64453581929929,4.60105375206588,7.175251331791,7.49642576852035,1,2
1,21,78,7.97553792974056,2.64453581929929,4.5310398094873,6.50264177876552,7.55819708443032,1,2
1,21,81,7.97553792974056,2.64453581929929,4.3875825502275,5.85968958211854,7.70431977873353,1,2
1,21,82,7.97553792974056,2.64453581929929,5.63761301241309,6.28614727485491,7.50110435733959,1,2
1,21,84,7.97553792974056,2.64453581929929,5.77727358993383,6.04741784215623,7.80774580424985,1,2
1,21,86,7.97553792974056,2.64453581929929,4.0387643860753,5.84728311677037,7.38500523016989,1,2
1,21,87,7.97553792974056,2.64453581929929,5.43981222382336,6.7454317981264,7.88468723441319,1,2
1,21,88,7.97553792974056,2.64453581929929,5.32837784397337,5.54284191261517,7.16865078931557,1,2
1,21,90,7.97553792974056,2.64453581929929,4.84690216950071,5.70132040041847,7.57663468331411,1,2
1,21,93,7.97553792974056,2.64453581929929,6.63497341023268,5.45013209312978,7.63690584148778,1,2
1,21,95,7.97553792974056,2.64453581929929,6.12935185700492,5.46152523203892,7.56244248734502,1,2
1,22,2,7.97553792974056,2.64453581929929,3.67945668306728,6.15967627335362,7.5003810456387,1,2
1,22,3,7.97553792974056,2.64453581929929,5.61517887288849,6.52932608483356,7.89214041006614,1,2
1,22,4,7.97553792974056,2.64453581929929,6.15216418104545,5.46000012346835,7.24120347820806,1,2
1,22,5,7.97553792974056,2.64453581929929,6.02189172308597,5.99805813499048,7.95615868269527,1,2
1,22,6,7.97553792974056,2.64453581929929,3.24577749303162,6.06124153669329,7.90764538628504,1,2
1,22,10,7.97553792974056,2.64453581929929,6.33215859456517,5.83489585868069,7.72408651668272,1,2
1,22,12,7.97553792974056,2.64453581929929,5.55842819207207,5.47266969302907,8.16036565469115,1,2
1,22,14,7.97553792974056,2.64453581929929,4.16516999375776,6.35413202696775,7.76910374592687,1,2
1,22,15,7.97553792974056,2.64453581929929,5.15866014058593,4.8043401023339,7.52070093706294,1,2
1,22,19,7.97553792974056,2.64453581929929,6.36764640996911,6.26296938254434,7.96332749148825,1,2
1,22,20,7.97553792974056,2.64453581929929,4.10073428271925,5.78252618874365,7.78921444979664,1,2
1,22,21,7.97553792974056,2.64453581929929,4.9804992708712,5.76543888881026,7.61093430276096,1,2
1,22,22,7.97553792974056,2.64453581929929,4.98786829323351,6.20605464688482,7.93549550183826,1,2
1,22,23,7.97553792974056,2.64453581929929,3.88601853681173,6.18288843568168,7.73203592393931,1,2
1,22,24,7.97553792974056,2.64453581929929,7.02934936375682,6.30279422178475,8.28067896678117,1,2
1,22,27,7.97553792974056,2.64453581929929,6.64840125049451,5.60788366645546,7.90796703323527,1,2
1,22,28,7.97553792974056,2.64453581929929,2.89443264609545,6.25901444605009,7.39405469449409,1,2
1,22,29,7.97553792974056,2.64453581929929,3.88249507819901,6.27804989757534,7.97069497506802,1,2
1,22,33,7.97553792974056,2.64453581929929,4.40151002155283,5.93451269450102,7.80525696521327,1,2
1,22,35,7.97553792974056,2.64453581929929,4.6590782520118,6.82621167382331,7.80225441978919,1,2
1,22,36,7.97553792974056,2.64453581929929,3.45832174858382,6.50773889116204,7.56397161583522,1,2
1,22,39,7.97553792974056,2.64453581929929,5.54055281982187,6.38942351331578,7.83833439129705,1,2
1,22,41,7.97553792974056,2.64453581929929,4.2780389350098,6.4754425213444,8.05468856272225,1,2
1,22,42,7.97553792974056,2.64453581929929,4.71600995076181,6.25808885434699,8.05011764238893,1,2
1,22,43,7.97553792974056,2.64453581929929,6.88060579807972,6.06987517784361,7.79128237161927,1,2
1,22,45,7.97553792974056,2.64453581929929,5.24172371498416,5.78396967202487,7.9076963712679,1,2
1,22,52,7.97553792974056,2.64453581929929,4.64963530467905,6.77968725946872,7.74565998959674,1,2
1,22,53,7.97553792974056,2.64453581929929,4.16681651933486,5.80850400624488,7.88755714305241,1,2
1,22,54,7.97553792974056,2.64453581929929,4.0255807131823,5.30336426385107,7.67912335058766,1,2
1,22,60,7.97553792974056,2.64453581929929,6.25338918556516,5.75599291467871,7.82510254558384,1,2
1,22,65,7.97553792974056,2.64453581929929,6.5816762826228,5.82381601352175,7.99315073599133,1,2
1,22,68,7.97553792974056,2.64453581929929,4.38553038005951,6.31755935779666,7.6879449023351,1,2
1,22,73,7.97553792974056,2.64453581929929,6.05054016692982,6.19903328636689,7.587021384794,1,2
1,22,75,7.97553792974056,2.64453581929929,6.38877115295178,6.37670568424912,7.88033731726929,1,2
1,22,78,7.97553792974056,2.64453581929929,5.62445463743467,5.52140422130448,7.52772896201054,1,2
1,22,80,7.97553792974056,2.64453581929929,5.60975610350323,6.28911013864219,7.99260050503656,1,2
1,22,82,7.97553792974056,2.64453581929929,3.94332286038052,5.93272711293087,7.34512079899676,1,2
1,22,83,7.97553792974056,2.64453581929929,5.41519765319262,6.32891394101597,8.26237365453554,1,2
1,22,90,7.97553792974056,2.64453581929929,5.20301037038373,6.01974419983443,7.80302027582378,1,2
1,22,91,7.97553792974056,2.64453581929929,3.24085264354441,5.9359915499954,7.8982579403652,1,2
1,22,92,7.97553792974056,2.64453581929929,3.23995659744218,6.2148184676096,7.50773242236317,1,2
1,22,93,7.97553792974056,2.64453581929929,3.90603041375271,6.31426453625726,7.91000616930886,1,2
1,22,95,7.97553792974056,2.64453581929929,4.10049846414087,6.2595589482114,7.7962801217691,1,2
1,22,96,7.97553792974056,2.64453581929929,4.63840979059377,5.57332636673696,7.74315009755679,1,2
1,22,98,7.97553792974056,2.64453581929929,5.07197396565812,5.43274267319587,8.01510012952647,1,2
1,23,5,7.97553792974056,2.64453581929929,4.78975100207603,6.08189106642657,8.03185556915375,1,2
1,23,10,7.97553792974056,2.64453581929929,5.86186028135299,6.70095008901733,8.20390282613371,1,2
1,23,11,7.97553792974056,2.64453581929929,6.1208413135725,6.36985750783928,7.90920037202118,1,2
1,23,12,7.97553792974056,2.64453581929929,3.82018490439381,5.61698489812687,7.36554135650924,1,2
1,23,16,7.97553792974056,2.64453581929929,5.19837940251599,6.49897495002611,7.99565865977026,1,2
1,23,17,7.97553792974056,2.64453581929929,5.19560872258466,5.52475311777092,7.92128693026407,1,2
1,23,18,7.97553792974056,2.64453581929929,5.64472204584437,5.67484792091567,8.14693980672501,1,2
1,23,23,7.97553792974056,2.64453581929929,5.39659679224186,6.02894549169799,8.02677602796345,1,2
1,23,24,7.97553792974056,2.64453581929929,5.17615573914436,5.699553636823,7.9871951631518,1,2
1,23,27,7.97553792974056,2.64453581929929,4.21322248538595,6.8442652005449,8.01732574485407,1,2
1,23,29,7.97553792974056,2.64453581929929,4.17634797303579,6.72230105604286,7.692197210109,1,2
1,23,31,7.97553792974056,2.64453581929929,4.46333311236598,5.60839312748169,7.52640850130717,1,2
1,23,34,7.97553792974056,2.64453581929929,4.96097132922558,5.94316526184949,7.89542072496921,1,2
1,23,39,7.97553792974056,2.64453581929929,4.95719856355277,5.49619940449741,7.73090906729066,1,2
1,23,44,7.97553792974056,2.64453581929929,3.62446940291235,6.71829464568089,8.07922573377872,1,2
1,23,46,7.97553792974056,2.64453581929929,4.90939316623648,6.00543212446708,7.78499850906271,1,2
1,23,47,7.97553792974056,2.64453581929929,5.60931553556922,6.02271677881723,7.81145415495668,1,2
1,23,48,7.97553792974056,2.64453581929929,6.90162879591736,6.02210558715128,8.00165850151894,1,2
1,23,50,7.97553792974056,2.64453581929929,4.49145655513617,6.69311596909836,8.17145117758781,1,2
1,23,52,7.97553792974056,2.64453581929929,6.00598093279901,5.91914138512862,7.46972745768041,1,2
1,23,56,7.97553792974056,2.64453581929929,4.94546218124978,6.38089167609082,7.55769445950048,1,2
1,23,58,7.97553792974056,2.64453581929929,5.49306229144045,6.28892812981555,7.95362186909263,1,2
1,23,59,7.97553792974056,2.64453581929929,5.20886645220447,5.73540574432288,7.83793865864584,1,2
1,23,60,7.97553792974056,2.64453581929929,4.44403551677849,5.82631774897438,7.55295126274162,1,2
1,24,1,7.97553792974056,2.64453581929929,5.75206847017722,7.03629809854578,8.11237788592933,1,2
1,24,4,7.97553792974056,2.64453581929929,4.33617286798099,6.15459227019065,7.60896973100704,1,2
1,24,5,7.97553792974056,2.64453581929929,5.33802893297033,5.9753090402738,7.78956778326992,1,2
1,24,6,7.97553792974056,2.64453581929929,2.80907000531938,5.94120572858252,7.76155770468085,1,2
1,24,7,7.97553792974056,2.64453581929929,5.47069005549975,6.00329903401516,7.59394564929032,1,2
1,24,8,7.97553792974056,2.64453581929929,4.43106758149998,6.65357735391762,7.7610976750472,1,2
1,24,9,7.97553792974056,2.64453581929929,5.86648292608323,6.37097169845428,8.00395127532356,1,2
1,24,12,7.97553792974056,2.64453581929929,4.65736086177746,7.49454800356955,8.28813403143967,1,2
1,24,13,7.97553792974056,2.64453581929929,4.03692579536766,6.11578678451617,7.59861686191574,1,2
1,24,15,7.97553792974056,2.64453581929929,4.73564475065626,7.1397257755477,8.04103128843422,1,2
1,24,18,7.97553792974056,2.64453581929929,5.03983419116328,5.93835765228486,8.2734904428644,1,2
1,24,19,7.97553792974056,2.64453581929929,4.44232049042292,6.3744461029174,7.82433982926746,1,2
1,24,22,7.97553792974056,2.64453581929929,5.34260844823802,5.87809684540577,7.63810445460355,1,2
1,24,23,7.97553792974056,2.64453581929929,5.01617288711682,7.07294402003971,8.29098469100294,1,2
1,24,25,7.97553792974056,2.64453581929929,4.3777311699968,5.3855844932275,7.63000920933726,1,2
1,24,26,7.97553792974056,2.64453581929929,5.34842004517204,6.35922231158006,8.28952093919059,1,2
1,24,27,7.97553792974056,2.64453581929929,5.68682454800137,5.88952595778028,7.85670342940377,1,2
1,24,32,7.97553792974056,2.64453581929929,4.77678115849585,5.92029915053695,7.73333497330191,1,2
1,24,35,7.97553792974056,2.64453581929929,4.79902207930382,6.55140475423459,7.92193544453305,1,2
1,24,39,7.97553792974056,2.64453581929929,6.7343115576975,5.15357083429932,7.76367606552807,1,2
1,24,40,7.97553792974056,2.64453581929929,5.44426130146112,6.28363594013516,8.37065106015018,1,2
1,24,43,7.97553792974056,2.64453581929929,4.33665722766749,6.01267943997552,7.76810466284195,1,2
1,24,44,7.97553792974056,2.64453581929929,6.47516730599417,6.52714366266619,8.07633560491356,1,2
1,24,46,7.97553792974056,2.64453581929929,4.32972206148853,6.06079949621407,7.70899578553014,1,2
1,24,47,7.97553792974056,2.64453581929929,5.69753128562473,5.92311424136105,7.95497774418299,1,2
1,24,50,7.97553792974056,2.64453581929929,5.66557128242316,6.35377568447858,8.27743690263271,1,2
1,24,52,7.97553792974056,2.64453581929929,6.02902125497999,6.45139183895363,8.21716235364993,1,2
1,24,54,7.97553792974056,2.64453581929929,4.61188001864572,6.97413494327814,8.21776812818539,1,2
1,24,56,7.97553792974056,2.64453581929929,4.63777783323093,6.40484821051528,7.96709496407648,1,2
1,24,57,7.97553792974056,2.64453581929929,6.266198954497,4.57067122562864,7.23400343292658,1,2
1,24,58,7.97553792974056,2.64453581929929,5.40126152587893,5.69293233137426,7.8146909577228,1,2
1,24,59,7.97553792974056,2.64453581929929,4.16767132588736,5.37661118004929,7.50987288888043,1,2
1,24,60,7.97553792974056,2.64453581929929,5.6981947048613,5.18544279392058,7.84049283248723,1,2
1,24,62,7.97553792974056,2.64453581929929,5.0445926069214,5.47186671489174,7.41339364487917,1,2
1,24,65,7.97553792974056,2.64453581929929,4.50497230363352,6.6276294979065,7.61143591796217,1,2
1,24,69,7.97553792974056,2.64453581929929,3.62133986857297,6.15472126383906,7.87216029474044,1,2
1,24,70,7.97553792974056,2.64453581929929,4.80634347134186,6.05499891112599,7.83864468937798,1,2
1,24,76,7.97553792974056,2.64453581929929,4.33571593648393,5.32320019667984,7.74320989412877,1,2
1,25,1,7.97553792974056,2.64453581929929,5.1302607697417,5.79747847760244,7.8517019157966,1,2
1,25,5,7.97553792974056,2.64453581929929,3.07397985969361,6.4391702959863,7.97614919523505,1,2
1,25,7,7.97553792974056,2.64453581929929,4.7705451599819,5.13006364021195,7.60540765137765,1,2
1,25,9,7.97553792974056,2.64453581929929,4.90369672669878,5.92223430528601,7.81573523268373,1,2
1,25,11,7.97553792974056,2.64453581929929,5.07414330552137,6.79869395469141,7.92429266305357,1,2
1,25,14,7.97553792974056,2.64453581929929,3.23490041310092,5.30586548435511,7.19206729288312,1,2
1,25,15,7.97553792974056,2.64453581929929,3.6646044072007,6.54364496153358,7.52104831826432,1,2
1,25,17,7.97553792974056,2.64453581929929,3.84191739083864,5.75635822911082,7.69274039368172,1,2
1,25,18,7.97553792974056,2.64453581929929,6.74249368970969,6.1178058171431,7.78052730708625,1,2
1,25,22,7.97553792974056,2.64453581929929,4.40816013739104,5.73172768168735,7.79193316347704,1,2
1,25,23,7.97553792974056,2.64453581929929,3.6899002559797,5.17600766902194,7.46031819580371,1,2
1,25,24,7.97553792974056,2.64453581929929,4.79472100563445,6.11761789667428,7.74304209474039,1,2
1,25,28,7.97553792974056,2.64453581929929,6.29594615079046,5.8961229486195,7.81402375133167,1,2
1,25,29,7.97553792974056,2.64453581929929,6.07792726247724,6.03143849184337,8.17727009937228,1,2
1,25,30,7.97553792974056,2.64453581929929,5.03676361048448,6.71435802296019,7.89953765277816,1,2
1,25,35,7.97553792974056,2.64453581929929,5.97432658289865,5.96699939027035,7.78137908551507,1,2
1,25,41,7.97553792974056,2.64453581929929,4.88929613633846,6.48819650003806,7.63322699649854,1,2
1,25,42,7.97553792974056,2.64453581929929,4.25203355486683,6.6061023855955,7.7319846466842,1,2
1,25,43,7.97553792974056,2.64453581929929,3.80006931769884,5.53997335891442,8.08007998224758,1,2
1,25,47,7.97553792974056,2.64453581929929,4.33469059543876,4.78116577591886,7.67089489107064,1,2
1,25,49,7.97553792974056,2.64453581929929,4.0176487700244,5.69348999355756,7.35284755276028,1,2
1,25,50,7.97553792974056,2.64453581929929,6.31977764175559,5.88179267046212,7.7948383654254,1,2
1,25,51,7.97553792974056,2.64453581929929,3.34311891695423,7.06954630250558,7.73169055327554,1,2
1,25,53,7.97553792974056,2.64453581929929,4.75091524246214,5.69554430645927,7.71059274411376,1,2
1,25,54,7.97553792974056,2.64453581929929,4.51177523363286,5.07205142874045,7.44758870032612,1,2
1,25,55,7.97553792974056,2.64453581929929,6.66032568541621,6.34290165561641,7.80724702889867,1,2
1,25,58,7.97553792974056,2.64453581929929,4.8226359330356,6.47825684003405,8.019858158093,1,2
1,25,61,7.97553792974056,2.64453581929929,6.45744960555314,6.8091472199192,8.06364144392273,1,2
1,25,63,7.97553792974056,2.64453581929929,4.9722325700299,6.43612593742526,8.01873442307911,1,2
1,25,68,7.97553792974056,2.64453581929929,4.77733481547628,5.5287132525736,7.9794794422049,1,2
1,25,70,7.97553792974056,2.64453581929929,4.66062789028926,6.68075077309227,7.51990889206347,1,2
1,25,72,7.97553792974056,2.64453581929929,6.45699410370196,5.90049725344883,8.06626341972549,1,2
1,25,73,7.97553792974056,2.64453581929929,4.28568587644713,5.81924176359011,7.77668410022851,1,2
1,25,74,7.97553792974056,2.64453581929929,5.33961177338228,5.56694710856406,7.51960734913945,1,2
1,25,76,7.97553792974056,2.64453581929929,3.74549292773293,5.42897327890531,7.87113659811459,1,2
1,25,79,7.97553792974056,2.64453581929929,4.66759481039566,6.89754574777571,7.92415741478649,1,2
1,25,80,7.97553792974056,2.64453581929929,5.64853083204438,5.50926124170336,7.8105581917978,1,2
1,25,81,7.97553792974056,2.64453581929929,3.96581642335916,6.2738890579995,7.77000135420638,1,2
1,25,82,7.97553792974056,2.64453581929929,6.48385525134581,4.87563613376354,7.94367858453793,1,2
1,26,1,7.97553792974056,2.64453581929929,5.59364454111947,5.67481977242573,7.28315426503973,1,2
1,26,2,7.97553792974056,2.64453581929929,5.32508838544813,5.65774189278036,7.40183998602854,1,2
1,26,4,7.97553792974056,2.64453581929929,4.59182720758399,6.52885647838701,7.67977549605112,1,2
1,26,5,7.97553792974056,2.64453581929929,4.94334900294661,5.30901574819313,7.71368599980681,1,2
1,26,7,7.97553792974056,2.64453581929929,3.89479254174651,5.49774489327285,7.49191496166035,1,2
1,26,8,7.97553792974056,2.64453581929929,5.38517779302897,6.65162346123652,7.89581693821302,1,2
1,26,9,7.97553792974056,2.64453581929929,3.78212095825106,5.7349328403469,7.71383519241289,1,2
1,26,10,7.97553792974056,2.64453581929929,4.31697088464512,6.33182799773374,7.74350130207384,1,2
1,26,13,7.97553792974056,2.64453581929929,4.74387967981609,6.17161488200014,7.61333506754297,1,2
1,26,14,7.97553792974056,2.64453581929929,6.57204559385449,6.02571503022042,7.82876389102415,1,2
1,26,15,7.97553792974056,2.64453581929929,7.942004141167,5.33307205729339,7.88025606877604,1,2
1,26,16,7.97553792974056,2.64453581929929,4.13953910224036,6.37973735704593,7.92008630353526,1,2
1,26,19,7.97553792974056,2.64453581929929,3.23018695381224,5.55675752220809,7.11645479244703,1,2
1,26,20,7.97553792974056,2.64453581929929,3.99889901485558,6.23166767262039,8.15298269889783,1,2
1,26,22,7.97553792974056,2.64453581929929,3.72292228760941,5.28243806612843,7.6710367517917,1,2
1,26,25,7.97553792974056,2.64453581929929,4.5772598185187,6.27964020969659,7.73991114180951,1,2
1,26,28,7.97553792974056,2.64453581929929,6.26386463843174,5.88080310560055,7.79040923972904,1,2
1,26,32,7.97553792974056,2.64453581929929,6.02968099730274,6.10135272913569,8.34921863117477,1,2
1,26,34,7.97553792974056,2.64453581929929,3.24803072595138,7.07949709998461,7.54366800781074,1,2
1,26,35,7.97553792974056,2.64453581929929,3.42343043563265,6.47583832136605,7.57144818252023,1,2
1,26,37,7.97553792974056,2.64453581929929,6.04640441450288,5.99995042839783,8.18715443728096,1,2
1,26,39,7.97553792974056,2.64453581929929,4.98591419256369,4.93080435705092,7.65133658461252,1,2
1,26,41,7.97553792974056,2.64453581929929,3.97803515106293,6.45374308773284,7.64539274459547,1,2
1,26,43,7.97553792974056,2.64453581929929,5.04447990242799,6.44654524493848,7.98654880200673,1,2
1,26,48,7.97553792974056,2.64453581929929,5.38064783160004,6.33496515971506,8.18014326508137,1,2
1,26,49,7.97553792974056,2.64453581929929,3.92466831499943,6.7751282203702,8.03989007590281,1,2
1,26,51,7.97553792974056,2.64453581929929,4.40636704612302,5.64973117282389,7.27268826453161,1,2
1,26,52,7.97553792974056,2.64453581929929,6.6272408010889,5.98385767239134,8.1137620025467,1,2
1,26,54,7.97553792974056,2.64453581929929,4.89555979788033,5.83563032289237,8.03817895174337,1,2
1,26,55,7.97553792974056,2.64453581929929,4.67003340906255,6.37925106203122,7.77950889628224,1,2
1,26,57,7.97553792974056,2.64453581929929,3.69499077093504,6.05521546028441,7.57192308675093,1,2
1,26,59,7.97553792974056,2.64453581929929,6.60415682909243,6.4260206149502,7.62298105588723,1,2
1,26,62,7.97553792974056,2.64453581929929,3.67516014410246,5.29891425340738,8.09067101637835,1,2
1,26,63,7.97553792974056,2.64453581929929,6.25885511039919,5.51046936478269,7.50186036937141,1,2
1,26,64,7.97553792974056,2.64453581929929,4.55331651333625,6.14295885203163,7.9684562003961,1,2
1,26,65,7.97553792974056,2.64453581929929,5.67505844568798,6.04803423705771,7.67882458228331,1,2
1,26,67,7.97553792974056,2.64453581929929,3.59377814360452,5.17199898476535,7.51640671780375,1,2
1,26,68,7.97553792974056,2.64453581929929,6.13120085188266,5.40256010347917,7.90570997434862,1,2
1,26,72,7.97553792974056,2.64453581929929,4.98254206144162,5.77560658373661,7.84221781943372,1,2
1,26,74,7.97553792974056,2.64453581929929,3.98617334332948,6.13564722237125,7.49885618551643,1,2
1,26,78,7.97553792974056,2.64453581929929,5.20612038811992,6.2499023365863,7.78736082947924,1,2
1,26,80,7.97553792974056,2.64453581929929,5.35186980166646,7.14415608210665,8.03056456460227,1,2
1,26,82,7.97553792974056,2.64453581929929,3.82158794047963,5.6375033973076,7.9648185902358,1,2
1,26,83,7.97553792974056,2.64453581929929,6.26206982395949,5.27666854415866,7.73363020941921,1,2
1,27,1,7.97553792974056,2.64453581929929,5.56096866968684,5.92576605736458,7.95575094397988,1,2
1,27,3,7.97553792974056,2.64453581929929,4.41322287227861,5.66573662123759,8.42567052421457,1,2
1,27,4,7.97553792974056,2.64453581929929,4.45570497152976,6.33627522668758,8.14212079069317,1,2
1,27,5,7.97553792974056,2.64453581929929,6.44591127134143,6.00301213865878,8.37452362641237,1,2
1,27,6,7.97553792974056,2.64453581929929,7.70489165514408,5.5549498772128,8.42657888382832,1,2
1,27,7,7.97553792974056,2.64453581929929,5.55358799406832,6.15218386260349,8.05726877901574,1,2
1,27,8,7.97553792974056,2.64453581929929,5.07135236333292,6.00739033325321,7.99998268210358,1,2
1,27,10,7.97553792974056,2.64453581929929,3.76889761817192,6.21760182235221,8.3341470012773,1,2
1,27,13,7.97553792974056,2.64453581929929,4.34899477444261,5.21388844321307,7.82089556159866,1,2
1,27,15,7.97553792974056,2.64453581929929,4.34709266582489,5.94234473509006,8.11273958193946,1,2
1,27,16,7.97553792974056,2.64453581929929,5.75581173898395,5.5719176404529,8.01062754695856,1,2
1,27,23,7.97553792974056,2.64453581929929,5.25397492037957,5.87740566756242,8.4575654623904,1,2
1,27,24,7.97553792974056,2.64453581929929,4.70815583248087,5.81059997313555,8.16221655506684,1,2
1,27,25,7.97553792974056,2.64453581929929,4.04584724288085,5.45885482702546,8.07343654246166,1,2
1,27,27,7.97553792974056,2.64453581929929,4.79464710980837,5.54668163625754,8.19145391584545,1,2
1,27,28,7.97553792974056,2.64453581929929,5.71179878573306,5.51653561449568,8.1608393353858,1,2
1,27,31,7.97553792974056,2.64453581929929,5.23822393077144,5.35736021141328,7.97673710389099,1,2
1,27,33,7.97553792974056,2.64453581929929,4.18982152471548,6.47308373341726,8.37903194463053,1,2
1,27,34,7.97553792974056,2.64453581929929,4.10829434310301,6.141452623457,7.88644029683461,1,2
1,27,38,7.97553792974056,2.64453581929929,4.23785416856539,5.76183785626177,7.6979900345864,1,2
1,27,39,7.97553792974056,2.64453581929929,4.98677750396582,5.67910935887999,8.12247201841607,1,2
1,27,40,7.97553792974056,2.64453581929929,5.17523291429686,5.45395678692208,8.18623245669678,1,2
1,27,41,7.97553792974056,2.64453581929929,5.6184389794893,6.75627932354307,8.11739449231953,1,2
1,27,43,7.97553792974056,2.64453581929929,3.74850661748448,6.36813500566327,8.18564177641053,1,2
1,27,44,7.97553792974056,2.64453581929929,3.30916285006626,6.31768306300755,7.80800869645498,1,2
1,27,45,7.97553792974056,2.64453581929929,5.00975544693556,5.19365627216357,8.15559846055998,1,2
1,27,46,7.97553792974056,2.64453581929929,4.76880429269903,6.11192915892963,8.11029768106169,1,2
1,27,51,7.97553792974056,2.64453581929929,4.61713045577064,5.56466629894252,7.81371838733136,1,2
1,27,52,7.97553792974056,2.64453581929929,5.28059697094784,6.01241228186406,8.00404126646988,1,2
1,27,53,7.97553792974056,2.64453581929929,3.70940625699534,6.95397710795511,7.93725787919643,1,2
1,27,54,7.97553792974056,2.64453581929929,5.2538908702283,5.92219457503593,8.28051202682803,1,2
1,27,55,7.97553792974056,2.64453581929929,4.55187082231307,5.54916981466404,7.93256458241428,1,2
1,27,56,7.97553792974056,2.64453581929929,3.01153489525816,5.63696757230636,7.8346447132092,1,2
1,27,57,7.97553792974056,2.64453581929929,6.6282360713789,6.22234039160016,8.55406494581883,1,2
1,27,58,7.97553792974056,2.64453581929929,6.54786123146374,5.3085194280175,8.44813199581998,1,2
1,27,59,7.97553792974056,2.64453581929929,4.72245692930406,4.96021124976007,7.76347092054003,1,2
1,27,60,7.97553792974056,2.64453581929929,3.61963544868154,6.0319480654317,7.96366438123597,1,2
1,27,67,7.97553792974056,2.64453581929929,3.98994440161037,5.18903006684261,7.69261710275679,1,2
1,27,68,7.97553792974056,2.64453581929929,4.08870331764407,6.02282022582385,7.9168502670742,1,2
1,27,69,7.97553792974056,2.64453581929929,4.43997274210541,6.02586637494838,7.75907025751681,1,2
1,27,70,7.97553792974056,2.64453581929929,5.30129388875367,6.56215653050152,8.38063266879388,1,2
1,27,71,7.97553792974056,2.64453581929929,7.47549053925768,6.60553576343415,8.40562609738737,1,2
1,27,73,7.97553792974056,2.64453581929929,6.72402816212144,5.68219847412655,8.02647220292639,1,2
1,27,74,7.97553792974056,2.64453581929929,3.97824521215951,6.40254614196757,8.26018073977282,1,2
1,27,75,7.97553792974056,2.64453581929929,4.58305320742649,5.30003412253198,7.8201713969879,1,2
1,27,80,7.97553792974056,2.64453581929929,7.79971241784954,6.35187269942075,8.51033687713363,1,2
1,27,82,7.97553792974056,2.64453581929929,4.92304403836451,6.1282520464553,8.43329744591051,1,2
1,27,84,7.97553792974056,2.64453581929929,4.84420841661569,5.95267703827377,8.24162962340114,1,2
1,27,85,7.97553792974056,2.64453581929929,4.94169893226432,5.62638359048834,8.32577853819799,1,2
1,28,3,7.97553792974056,2.64453581929929,6.9935664152958,5.98717029816706,8.19169508871031,1,2
1,28,4,7.97553792974056,2.64453581929929,3.63268983076484,5.91357624065673,7.65755676241469,1,2
1,28,5,7.97553792974056,2.64453581929929,4.55087141944078,6.82186725135454,8.30255526765462,1,2
1,28,8,7.97553792974056,2.64453581929929,5.18471948304016,5.40860199231443,8.29425108351135,1,2
1,28,10,7.97553792974056,2.64453581929929,4.89319315719218,5.94758555933934,8.07691644497239,1,2
1,28,11,7.97553792974056,2.64453581929929,3.04680977437976,5.26643540694125,7.77717269640752,1,2
1,28,12,7.97553792974056,2.64453581929929,3.94374048552398,5.43684262843757,7.96009589169876,1,2
1,28,15,7.97553792974056,2.64453581929929,7.31591277637096,6.06201830894107,8.54002542070514,1,2
1,28,16,7.97553792974056,2.64453581929929,3.53489722737932,4.75068154847776,8.09121085819215,1,2
1,28,28,7.97553792974056,2.64453581929929,6.27483007025785,5.81607085259191,8.25473407275403,1,2
1,28,29,7.97553792974056,2.64453581929929,5.04481089755822,5.22596592616594,7.32675390541706,1,2
1,28,31,7.97553792974056,2.64453581929929,4.000188501079,5.40245725462262,8.06660427565799,1,2
1,28,32,7.97553792974056,2.64453581929929,5.77984809543462,6.44261617019192,7.78613501952932,1,2
1,28,34,7.97553792974056,2.64453581929929,4.54493692480751,7.02093072876773,7.97288639274419,1,2
1,28,36,7.97553792974056,2.64453581929929,4.20313270030443,6.49352005612737,8.07427066313983,1,2
1,28,39,7.97553792974056,2.64453581929929,3.15898316345316,6.39230559333922,8.11894082484707,1,2
1,28,41,7.97553792974056,2.64453581929929,5.96986006993581,5.71423189053859,8.40653730055496,1,2
1,28,43,7.97553792974056,2.64453581929929,4.77210493314655,6.54467392246845,8.5816921081263,1,2
1,28,44,7.97553792974056,2.64453581929929,3.7816326863561,6.15552674969415,8.23015010930459,1,2
1,28,47,7.97553792974056,2.64453581929929,6.00108678017783,5.68245850105565,8.17816930794742,1,2
1,28,51,7.97553792974056,2.64453581929929,5.06265774530674,6.04037089739967,8.39560655403882,1,2
1,28,52,7.97553792974056,2.64453581929929,4.20436248066902,5.31613986057228,8.06909788447577,1,2
1,28,55,7.97553792974056,2.64453581929929,4.18988637632106,4.95828637122409,7.86681671106695,1,2
1,28,56,7.97553792974056,2.64453581929929,4.32467671194835,5.99968666356705,8.05504882683761,1,2
1,28,57,7.97553792974056,2.64453581929929,3.13254440260633,5.2027115038779,7.92088681237793,1,2
1,28,58,7.97553792974056,2.64453581929929,4.53473399146872,6.11731507123835,8.27693518467905,1,2
1,28,60,7.97553792974056,2.64453581929929,6.73572927654143,5.6493792106741,8.0514735665331,1,2
1,28,64,7.97553792974056,2.64453581929929,5.37879386548359,6.40157131578065,7.88917707578986,1,2
1,28,66,7.97553792974056,2.64453581929929,5.62091525111016,6.11167100881387,8.48777829660886,1,2
1,28,67,7.97553792974056,2.64453581929929,3.78862735483466,5.9005437306071,7.82936688019014,1,2
1,28,68,7.97553792974056,2.64453581929929,3.91373218647002,5.59567824690844,7.64967823780475,1,2
1,28,69,7.97553792974056,2.64453581929929,5.46954521406125,6.6220542671211,8.25880055134499,1,2
1,28,72,7.97553792974056,2.64453581929929,4.43292524717263,5.43734199056328,8.260849748676,1,2
1,28,74,7.97553792974056,2.64453581929929,3.10436309824437,5.39793031898335,7.58010241849815,1,2
1,28,75,7.97553792974056,2.64453581929929,5.97993169425505,5.55831472528036,8.03310483098274,1,2
1,28,79,7.97553792974056,2.64453581929929,5.10436098381958,5.29280223949062,8.05711486664557,1,2
1,28,81,7.97553792974056,2.64453581929929,4.78499563193692,6.3175022681209,8.18022469492873,1,2
1,28,84,7.97553792974056,2.64453581929929,5.64157990016768,5.8905224551425,8.06702588673357,1,2
1,28,85,7.97553792974056,2.64453581929929,5.04896519961324,4.92707747269899,8.06065280830965,1,2
1,29,2,7.97553792974056,2.64453581929929,5.39099050677709,5.39693948630681,7.84494302488223,1,2
1,29,6,7.97553792974056,2.64453581929929,4.45497002444478,5.67149185608642,8.51747184714275,1,2
1,29,8,7.97553792974056,2.64453581929929,3.45224446659618,6.14922616315568,8.37466177496123,1,2
1,29,13,7.97553792974056,2.64453581929929,4.28355462155683,6.49592598595663,8.26097036313932,1,2
1,29,15,7.97553792974056,2.64453581929929,3.74631614294227,6.44973216722126,8.23092102713788,1,2
1,29,16,7.97553792974056,2.64453581929929,3.56415656454644,6.33069511430113,8.01886864025442,1,2
1,29,19,7.97553792974056,2.64453581929929,4.9205337567274,6.44736682916514,7.83031255123145,1,2
1,29,20,7.97553792974056,2.64453581929929,4.47112131380468,5.38023043536008,8.10619557858193,1,2
1,29,21,7.97553792974056,2.64453581929929,4.40212775580658,4.83723701235435,7.89426222745611,1,2
1,29,22,7.97553792974056,2.64453581929929,5.84786838770226,6.35247314243435,7.87530495360717,1,2
1,29,23,7.97553792974056,2.64453581929929,5.56845900765972,6.18458787452742,7.97421109315045,1,2
1,29,25,7.97553792974056,2.64453581929929,6.57270560443473,6.58585420510491,8.26570137944806,1,2
1,29,27,7.97553792974056,2.64453581929929,4.78264501130103,6.1194218187843,7.89810998928489,1,2
1,29,28,7.97553792974056,2.64453581929929,4.54820818343785,5.88442349112463,8.52163720345402,1,2
1,29,29,7.97553792974056,2.64453581929929,7.51938218812895,5.68155645519153,8.25187152364756,1,2
1,29,31,7.97553792974056,2.64453581929929,4.85128939807672,5.67323123983432,8.05024662084123,1,2
1,29,32,7.97553792974056,2.64453581929929,7.1301573528102,6.21088493798223,8.62752464545028,1,2
1,29,33,7.97553792974056,2.64453581929929,5.84551081165519,5.8599949440189,8.56601027912049,1,2
1,29,34,7.97553792974056,2.64453581929929,4.28101528925418,6.43986418625332,8.26913397739368,1,2
1,29,35,7.97553792974056,2.64453581929929,5.29220225565615,6.61936075425309,8.02633669932796,1,2
1,29,36,7.97553792974056,2.64453581929929,6.28456148139127,5.4169150812416,8.22880806168644,1,2
1,29,38,7.97553792974056,2.64453581929929,6.38895023054693,5.94141316005331,8.16597466884789,1,2
1,29,39,7.97553792974056,2.64453581929929,5.75360968626476,6.41534313948378,8.51492703679216,1,2
1,29,42,7.97553792974056,2.64453581929929,5.75149447764405,5.4597456927046,8.68097002361211,1,2
1,29,43,7.97553792974056,2.64453581929929,6.03019826577562,5.54611129733208,8.25253855678372,1,2
1,29,46,7.97553792974056,2.64453581929929,5.00503146002668,6.06127280197872,8.46227852948995,1,2
1,29,47,7.97553792974056,2.64453581929929,4.13667793913914,6.19261897763134,8.47367277928186,1,2
1,29,49,7.97553792974056,2.64453581929929,5.34553265321933,6.03353540314657,8.20172792537165,1,2
1,29,50,7.97553792974056,2.64453581929929,4.88505244759527,6.71679608726595,7.74509247804825,1,2
1,29,52,7.97553792974056,2.64453581929929,5.03360563079044,6.76502077468498,8.31801117868812,1,2
1,29,55,7.97553792974056,2.64453581929929,5.79766162766535,6.6138831091804,8.81107232537931,1,2
1,29,56,7.97553792974056,2.64453581929929,2.96826887860448,5.88987438822341,7.77045552769765,1,2
1,29,57,7.97553792974056,2.64453581929929,5.80574026434293,6.39465341590396,8.14717096083438,1,2
1,29,61,7.97553792974056,2.64453581929929,4.82612384042766,5.71056101357515,8.33075918211067,1,2
1,29,63,7.97553792974056,2.64453581929929,4.88904736728336,5.79590320614426,7.72333136179484,1,2
1,29,65,7.97553792974056,2.64453581929929,5.67986519881272,5.76984764154088,8.35768678975318,1,2
1,29,66,7.97553792974056,2.64453581929929,3.95691782057177,6.0566879736549,8.26506557553413,1,2
1,29,67,7.97553792974056,2.64453581929929,6.44435299329313,6.91779891852736,8.6538199880473,1,2
1,29,69,7.97553792974056,2.64453581929929,5.59621901561476,5.43861778193024,8.3718575408721,1,2
1,29,70,7.97553792974056,2.64453581929929,5.47507522906115,6.00097520106202,7.85741054071353,1,2
1,29,71,7.97553792974056,2.64453581929929,6.4817824634452,6.43976970906134,8.36175177393776,1,2
1,29,73,7.97553792974056,2.64453581929929,5.02403079811835,5.76787902991412,8.49661387012711,1,2
1,29,74,7.97553792974056,2.64453581929929,4.76775990830721,6.47111039954418,7.79832533119956,1,2
1,29,75,7.97553792974056,2.64453581929929,4.4484578694895,5.39096567287968,7.7947850558974,1,2
1,30,9,7.97553792974056,2.64453581929929,5.07164616104481,6.57736290387447,8.7416423497542,1,2
1,30,10,7.97553792974056,2.64453581929929,4.04855316672987,5.90188570459327,7.87756483619343,1,2
1,30,12,7.97553792974056,2.64453581929929,5.34659989738098,6.11318559641198,8.76382464275066,1,2
1,30,14,7.97553792974056,2.64453581929929,6.30345497688835,5.75219875535239,8.22700437584442,1,2
1,30,15,7.97553792974056,2.64453581929929,4.55355822913192,6.98711020178764,8.07343131636962,1,2
1,30,18,7.97553792974056,2.64453581929929,5.81674679497096,5.49773605562946,8.01507727387756,1,2
1,30,19,7.97553792974056,2.64453581929929,5.19611694451599,6.26601529890275,8.28041620744673,1,2
1,30,20,7.97553792974056,2.64453581929929,5.73692050643226,6.48180733989437,8.57566580778245,1,2
1,30,22,7.97553792974056,2.64453581929929,4.26068354221916,6.44846390020665,8.51641142078452,1,2
1,30,24,7.97553792974056,2.64453581929929,5.89574703199586,5.98281697139806,8.21519048113003,1,2
1,30,25,7.97553792974056,2.64453581929929,4.35725451085974,5.74588549000991,8.51103577200433,1,2
1,30,26,7.97553792974056,2.64453581929929,5.00492615723099,6.82324522381095,8.31573518622905,1,2
1,30,27,7.97553792974056,2.64453581929929,4.45902071538654,4.96292807859426,8.21832161023797,1,2
1,30,29,7.97553792974056,2.64453581929929,4.63067730352106,6.09738335265066,8.47138042649666,1,2
1,30,32,7.97553792974056,2.64453581929929,6.45349004765673,6.13744174787634,8.36359456609066,1,2
1,30,37,7.97553792974056,2.64453581929929,5.02740411160817,6.05490138202696,8.03426602313248,1,2
1,30,38,7.97553792974056,2.64453581929929,6.19468704403129,7.35556196736851,8.30229896205817,1,2
1,30,41,7.97553792974056,2.64453581929929,5.36463628416749,6.26957969790046,8.37787254964384,1,2
1,30,45,7.97553792974056,2.64453581929929,4.75606533765062,6.33356533668602,8.08807896017965,1,2
1,30,48,7.97553792974056,2.64453581929929,5.10984916927613,6.3586859004529,8.25302859748621,1,2
1,30,53,7.97553792974056,2.64453581929929,4.63007197016624,6.44766319053472,8.08539988000947,1,2
1,30,61,7.97553792974056,2.64453581929929,4.40467542228109,5.76039498134126,8.30242054518863,1,2
1,30,62,7.97553792974056,2.64453581929929,4.95629250790052,6.14239659958896,8.6029650080744,1,2
1,30,64,7.97553792974056,2.64453581929929,5.67178649051205,6.26123637184545,8.66978629563145,1,2
1,30,67,7.97553792974056,2.64453581929929,4.54365279542091,6.18769382029068,7.89415233795527,1,2
1,30,68,7.97553792974056,2.64453581929929,4.36532467781065,6.33045257366794,8.15031496506432,1,2
1,30,70,7.97553792974056,2.64453581929929,5.94294095567164,6.09679289011399,7.86524738007816,1,2
1,30,71,7.97553792974056,2.64453581929929,4.75808316920297,6.33820698558216,7.83171031763083,1,2
1,30,72,7.97553792974056,2.64453581929929,4.83887548690733,6.17189443943288,7.80639471698314,1,2
1,30,73,7.97553792974056,2.64453581929929,5.10364913898517,6.15601569765506,8.27745249796644,1,2
1,30,74,7.97553792974056,2.64453581929929,4.99870660529634,5.17143239877683,8.10744319049064,1,2
1,30,77,7.97553792974056,2.64453581929929,4.12502788401078,5.86682341060059,8.54032204854285,1,2
1,30,78,7.97553792974056,2.64453581929929,4.22507252140235,5.60552427096253,8.33070520793036,1,2
1,30,79,7.97553792974056,2.64453581929929,3.09761940418164,5.87632525967509,7.62244483097676,1,2
1,30,81,7.97553792974056,2.64453581929929,4.56407877708234,6.17994364451918,8.2842546425701,1,2
1,30,84,7.97553792974056,2.64453581929929,4.05074021983443,6.37843738422934,8.09010633880304,1,2
1,30,85,7.97553792974056,2.64453581929929,5.81761926305141,6.19253147019699,8.46737314187178,1,2
1,30,90,7.97553792974056,2.64453581929929,5.50236095614441,5.21496568735555,8.4496927104091,1,2
1,30,91,7.97553792974056,2.64453581929929,4.28758303542937,5.76992021736287,8.32819957596817,1,2
1,30,94,7.97553792974056,2.64453581929929,4.90466305696329,6.48507411822826,7.95496690419502,1,2
1,30,96,7.97553792974056,2.64453581929929,3.21956208237526,5.94739188628611,8.06723394307665,1,2
1,30,97,7.97553792974056,2.64453581929929,5.5368151445955,5.56754998508335,8.23815963459741,1,2
1,31,1,7.97553792974056,2.64453581929929,3.72626068162326,6.0789868349118,8.42815549433635,1,2
1,31,2,7.97553792974056,2.64453581929929,6.30170704518323,5.33205335449452,8.24609017859631,1,2
1,31,3,7.97553792974056,2.64453581929929,5.61002342103931,5.98544094424085,8.1925217389263,1,2
1,31,4,7.97553792974056,2.64453581929929,5.45441269609639,5.47061435388591,8.56813902572303,1,2
1,31,6,7.97553792974056,2.64453581929929,4.97082244536878,5.3284217773537,8.16773638698114,1,2
1,31,7,7.97553792974056,2.64453581929929,5.17087763916471,5.85886895312234,8.65690297049327,1,2
1,31,9,7.97553792974056,2.64453581929929,7.92332978071413,5.42475126480455,8.89975593367391,1,2
1,31,10,7.97553792974056,2.64453581929929,5.7457679617946,5.37296843305352,8.2160651322427,1,2
1,31,16,7.97553792974056,2.64453581929929,5.18723703778378,6.53310566344146,8.72340579312596,1,2
1,31,20,7.97553792974056,2.64453581929929,5.57206180861381,4.77971854580019,8.51728505878511,1,2
1,31,23,7.97553792974056,2.64453581929929,4.93042208680075,6.86237585319894,8.74367019202185,1,2
1,31,25,7.97553792974056,2.64453581929929,4.31244771420144,6.00247555422806,8.60554466493131,1,2
1,31,27,7.97553792974056,2.64453581929929,5.58183912462992,6.0785158131941,8.90256170544178,1,2
1,31,33,7.97553792974056,2.64453581929929,5.8240714844958,5.95883426387977,8.49302604623813,1,2
1,31,34,7.97553792974056,2.64453581929929,3.06450156140947,5.48056543470299,8.29017916028667,1,2
1,31,35,7.97553792974056,2.64453581929929,6.49311858721858,6.45503293026314,8.47778771212164,1,2
1,31,36,7.97553792974056,2.64453581929929,7.1502121674098,6.60050543021993,8.77893868496538,1,2
1,31,40,7.97553792974056,2.64453581929929,3.05234365824472,6.45705940199839,8.58483175992226,1,2
1,31,42,7.97553792974056,2.64453581929929,4.59522778611211,5.37052271370858,8.72278604880465,1,2
1,31,43,7.97553792974056,2.64453581929929,6.09864738370401,6.45989442102504,8.44098845089343,1,2
1,31,46,7.97553792974056,2.64453581929929,5.61243827732543,6.47138764624003,8.67118365462176,1,2
1,31,49,7.97553792974056,2.64453581929929,4.28290464623137,6.49070899533453,8.57652157219786,1,2
1,31,51,7.97553792974056,2.64453581929929,5.58397658032719,5.99786096325602,8.22018372976219,1,2
1,31,53,7.97553792974056,2.64453581929929,5.88184073409194,5.81859247532277,9.02602359525802,1,2
1,31,54,7.97553792974056,2.64453581929929,5.9092097036835,6.30526332074374,8.50642313980612,1,2
1,31,55,7.97553792974056,2.64453581929929,3.41535526388112,5.57646017571456,8.05152832680158,1,2
1,31,56,7.97553792974056,2.64453581929929,4.91935457347314,6.58881423088442,8.90004801912621,1,2
1,31,57,7.97553792974056,2.64453581929929,4.72618290981968,6.31034488033462,8.44121303288727,1,2
1,31,62,7.97553792974056,2.64453581929929,6.44529032675427,6.64945739597091,8.49499477417645,1,2
1,31,63,7.97553792974056,2.64453581929929,7.33315224693639,6.17011725696808,8.74512337281728,1,2
1,31,64,7.97553792974056,2.64453581929929,5.28911537250599,5.80369295081158,8.06102618781557,1,2
1,31,65,7.97553792974056,2.64453581929929,4.48799718530724,5.8858257724867,8.06559586586014,1,2
1,31,66,7.97553792974056,2.64453581929929,6.09522467678438,5.42547609248895,8.5810515920509,1,2
1,31,68,7.97553792974056,2.64453581929929,5.60223414251603,6.52869626975119,8.5014958326152,1,2
1,31,73,7.97553792974056,2.64453581929929,4.70212891044787,6.16083075807528,8.8893420318596,1,2
1,31,78,7.97553792974056,2.64453581929929,4.68781252608134,6.58880082661832,8.87535530102638,1,2
1,31,79,7.97553792974056,2.64453581929929,4.01873401568808,6.62308834144854,8.3987711149495,1,2
1,31,83,7.97553792974056,2.64453581929929,3.88570989463726,5.73411860975066,8.68032427533786,1,2
1,31,85,7.97553792974056,2.64453581929929,5.95765962273608,6.82928239351942,8.83368507028241,1,2
1,31,88,7.97553792974056,2.64453581929929,3.65485131505339,5.77225274558229,8.67230288485445,1,2
1,31,89,7.97553792974056,2.64453581929929,5.62672019233513,5.97196469516076,8.30927524931781,1,2
1,31,92,7.97553792974056,2.64453581929929,5.13500412579242,5.6532291290425,8.13932123625151,1,2
1,31,94,7.97553792974056,2.64453581929929,4.87826253297874,6.24057836974765,8.10566225327235,1,2
1,32,3,7.97553792974056,2.64453581929929,5.04293774481516,5.91419680600054,8.11546784629144,1,2
1,32,4,7.97553792974056,2.64453581929929,5.25742198579462,5.90314300790468,8.15750618729496,1,2
1,32,5,7.97553792974056,2.64453581929929,4.88976299406302,5.41042758936628,8.50511811805026,1,2
1,32,6,7.97553792974056,2.64453581929929,7.08175114406232,5.93556390933918,8.62334006161251,1,2
1,32,7,7.97553792974056,2.64453581929929,5.50474407445179,6.6374777678958,8.41336959808844,1,2
1,32,9,7.97553792974056,2.64453581929929,7.38545485835236,6.33676977392418,8.81696634034309,1,2
1,32,10,7.97553792974056,2.64453581929929,5.36081266283748,5.77861565812147,8.43971328645823,1,2
1,32,11,7.97553792974056,2.64453581929929,4.04940433370383,6.36447165022793,8.39947795999841,1,2
1,32,13,7.97553792974056,2.64453581929929,5.68109252282278,5.30946877222639,8.43347092456755,1,2
1,32,14,7.97553792974056,2.64453581929929,5.0440400446219,5.92663930986563,8.78008428814039,1,2
1,32,15,7.97553792974056,2.64453581929929,4.84682518894473,6.36703120536537,8.84529527434541,1,2
1,32,20,7.97553792974056,2.64453581929929,3.49996829052272,6.75846647777685,8.64711398552479,1,2
1,32,22,7.97553792974056,2.64453581929929,4.63905970280252,6.27499972189845,8.77230209267731,1,2
1,32,24,7.97553792974056,2.64453581929929,4.10805084891366,5.84024142308393,8.1545130776273,1,2
1,32,25,7.97553792974056,2.64453581929929,5.22703534589037,5.55076567020319,8.30334096568962,1,2
1,32,27,7.97553792974056,2.64453581929929,7.15029667033573,6.00319603589099,8.41320191868712,1,2
1,32,31,7.97553792974056,2.64453581929929,5.53186196952183,6.64239433966355,8.40933361454724,1,2
1,32,32,7.97553792974056,2.64453581929929,5.24115768180031,5.8839495914514,8.41935813098877,1,2
1,32,33,7.97553792974056,2.64453581929929,6.07514086858752,6.26818557971451,8.54215129030632,1,2
1,32,38,7.97553792974056,2.64453581929929,5.99856803888234,6.54046064933891,8.4731826421616,1,2
1,32,39,7.97553792974056,2.64453581929929,6.4922047175477,5.42306008763696,8.53513365643989,1,2
1,32,40,7.97553792974056,2.64453581929929,4.46748991345507,6.32850922538504,8.81008199061529,1,2
1,32,41,7.97553792974056,2.64453581929929,5.97227362571244,5.18405138699352,8.35457275764576,1,2
1,32,42,7.97553792974056,2.64453581929929,6.46825689320048,6.37247341834232,8.36838016077221,1,2
1,32,43,7.97553792974056,2.64453581929929,4.45604699144933,5.95493347720041,8.12498584213702,1,2
1,32,45,7.97553792974056,2.64453581929929,4.85135179336953,5.28234255661358,8.32877240012846,1,2
1,32,46,7.97553792974056,2.64453581929929,3.57878644598046,6.31437614076191,8.83210897234726,1,2
1,32,47,7.97553792974056,2.64453581929929,4.90033669505904,5.46855599394217,8.66209943750162,1,2
1,32,48,7.97553792974056,2.64453581929929,4.44658980126182,6.64917872965494,8.67005002915592,1,2
1,32,52,7.97553792974056,2.64453581929929,4.82253552188462,6.37423968717818,8.94627332471177,1,2
1,32,53,7.97553792974056,2.64453581929929,5.0776877865216,5.26941920786667,8.31059873521301,1,2
1,32,55,7.97553792974056,2.64453581929929,4.05441527707941,5.8584669233389,8.01023721690019,1,2
1,32,58,7.97553792974056,2.64453581929929,5.65972214493802,6.1855149935703,8.41441405487641,1,2
1,32,59,7.97553792974056,2.64453581929929,5.98599448717803,5.68732177791267,8.47858054952235,1,2
1,32,60,7.97553792974056,2.64453581929929,6.61648314429062,6.24149598712731,8.39551714136392,1,2
1,32,61,7.97553792974056,2.64453581929929,4.53681284191653,5.51013443247527,8.48415820474576,1,2
1,32,62,7.97553792974056,2.64453581929929,6.54661600686459,5.78561770610433,8.89936579752125,1,2
1,32,63,7.97553792974056,2.64453581929929,5.50866943956602,6.32435327213235,8.8084700856547,1,2
1,32,66,7.97553792974056,2.64453581929929,4.09089708414517,6.17087029790585,8.41867265904653,1,2
1,32,67,7.97553792974056,2.64453581929929,4.01903084971461,5.981057846588,8.63705344808151,1,2
1,32,70,7.97553792974056,2.64453581929929,3.5742611537735,5.8054655718639,8.56977283425788,1,2
1,32,72,7.97553792974056,2.64453581929929,4.25932616714776,6.95097015969291,8.27957810307453,1,2
1,32,73,7.97553792974056,2.64453581929929,5.03855247319652,5.96598729505432,8.75974188059074,1,2
1,32,76,7.97553792974056,2.64453581929929,4.61535272635095,5.81581488639079,8.31315288031191,1,2
1,32,77,7.97553792974056,2.64453581929929,3.95434560712483,7.06615286631636,8.03913639884893,1,2
1,32,80,7.97553792974056,2.64453581929929,5.57502399022464,6.25243394360911,8.54102294794343,1,2
1,32,81,7.97553792974056,2.64453581929929,7.35208251031111,6.10806700977455,8.87189320640705,1,2
1,32,82,7.97553792974056,2.64453581929929,4.76125931475004,6.85929029509821,8.94581591147671,1,2
1,32,85,7.97553792974056,2.64453581929929,5.02341462330398,6.36267864424112,8.33165369120478,1,2
1,32,90,7.97553792974056,2.64453581929929,4.81643221434666,5.39628823419796,8.63333172130541,1,2
1,32,93,7.97553792974056,2.64453581929929,5.50903907920591,6.29614888306274,8.72144211335657,1,2
1,32,94,7.97553792974056,2.64453581929929,5.23227160198094,5.30450979340614,8.35386274560795,1,2
1,33,1,7.97553792974056,2.64453581929929,4.96326549831939,6.6664949022906,8.8922291527794,1,2
1,33,2,7.97553792974056,2.64453581929929,4.80508874464999,6.89834232868031,8.30568905004876,1,2
1,33,4,7.97553792974056,2.64453581929929,4.09459302490586,5.97155663045495,8.76595402227863,1,2
1,33,5,7.97553792974056,2.64453581929929,4.72946304217042,5.78038181495158,8.91145312781552,1,2
1,33,6,7.97553792974056,2.64453581929929,5.81665321598587,6.15284194595992,8.91588489013765,1,2
1,33,11,7.97553792974056,2.64453581929929,4.32712818859311,5.9921986029035,8.36318381944279,1,2
1,33,12,7.97553792974056,2.64453581929929,4.08347034153397,5.9218404179508,8.27160696267616,1,2
1,33,13,7.97553792974056,2.64453581929929,6.49265325391364,5.80996002693899,8.92374397742823,1,2
1,33,14,7.97553792974056,2.64453581929929,5.31305207407073,6.40465347292119,9.26095002634444,1,2
1,33,15,7.97553792974056,2.64453581929929,4.37978052321273,6.22341726258802,8.98967401470956,1,2
1,33,18,7.97553792974056,2.64453581929929,4.18239331598672,6.31551269794626,8.11914199466645,1,2
1,33,20,7.97553792974056,2.64453581929929,5.81887215836669,7.4067636270801,8.8705444221873,1,2
1,33,22,7.97553792974056,2.64453581929929,5.62500565735279,6.09298101856813,8.33686012590969,1,2
1,33,23,7.97553792974056,2.64453581929929,4.66234369361319,5.84761203447679,8.35896394327814,1,2
1,33,25,7.97553792974056,2.64453581929929,3.30570564996111,6.25203255659291,8.32250773586485,1,2
1,33,26,7.97553792974056,2.64453581929929,4.51950699790383,5.28533211301944,8.52382809197536,1,2
1,33,29,7.97553792974056,2.64453581929929,6.73104881856637,6.00593891749493,8.81905890341191,1,2
1,33,30,7.97553792974056,2.64453581929929,6.72234972079434,5.51882827927435,8.47481157546492,1,2
1,33,31,7.97553792974056,2.64453581929929,6.01252346647542,5.60701534396769,8.63929469493166,1,2
1,33,36,7.97553792974056,2.64453581929929,6.08221871311718,5.28662513408613,8.67608273484779,1,2
1,33,38,7.97553792974056,2.64453581929929,6.34229125422176,5.96705552673903,8.45771452611499,1,2
1,33,39,7.97553792974056,2.64453581929929,4.19716246401762,5.99960507659452,8.41254237723667,1,2
1,33,40,7.97553792974056,2.64453581929929,6.59197582170375,6.31914775395704,8.75921236176561,1,2
1,33,41,7.97553792974056,2.64453581929929,4.2022773918806,5.01363307924247,8.53754172877997,1,2
1,33,46,7.97553792974056,2.64453581929929,6.74098974427219,5.73243838356272,8.63115510277908,1,2
1,33,49,7.97553792974056,2.64453581929929,4.26946373177898,5.34066826050631,8.00470745902044,1,2
1,33,50,7.97553792974056,2.64453581929929,6.10263229240423,6.07679651418755,8.35293371516349,1,2
1,33,51,7.97553792974056,2.64453581929929,4.88242435993347,5.37813466161973,8.5613314203262,1,2
1,33,53,7.97553792974056,2.64453581929929,4.18025231527537,5.38731265019563,8.44264468884475,1,2
1,33,54,7.97553792974056,2.64453581929929,5.22672270374454,4.46191303672704,8.49236291829595,1,2
1,33,56,7.97553792974056,2.64453581929929,4.38985756574121,5.83209986772774,8.20079826906635,1,2
1,33,57,7.97553792974056,2.64453581929929,5.61411516516879,5.52568631664948,8.63113301391157,1,2
1,33,58,7.97553792974056,2.64453581929929,3.89025834206736,5.69626767142868,8.73228825378699,1,2
1,33,59,7.97553792974056,2.64453581929929,5.49065693148461,7.2905610304987,8.53797957022157,1,2
1,34,1,7.97553792974056,2.64453581929929,5.16647899317078,5.63976412978379,8.70087203551574,1,2
1,34,2,7.97553792974056,2.64453581929929,6.9266872166867,6.63500468130542,8.71168736965825,1,2
1,34,6,7.97553792974056,2.64453581929929,4.79826552604839,6.4539426671612,8.93081642340787,1,2
1,34,7,7.97553792974056,2.64453581929929,5.74651017937028,5.79071569730714,8.88968944165638,1,2
1,34,10,7.97553792974056,2.64453581929929,2.47443680954563,5.13634643016529,8.99252823679273,1,2
1,34,11,7.97553792974056,2.64453581929929,4.45071325159125,5.00206375182592,8.55486717601416,1,2
1,34,12,7.97553792974056,2.64453581929929,5.38224322322831,5.48118065685575,8.74285109144991,1,2
1,34,14,7.97553792974056,2.64453581929929,3.35104408964649,5.70369063450264,8.84386402612122,1,2
1,34,16,7.97553792974056,2.64453581929929,5.80104401056966,6.7205422118284,9.44633635485661,1,2
1,34,17,7.97553792974056,2.64453581929929,4.72397270022376,6.32694195966301,8.56064930594086,1,2
1,34,19,7.97553792974056,2.64453581929929,6.36531862618022,6.07932518402472,9.49087285447785,1,2
1,34,23,7.97553792974056,2.64453581929929,5.99116455802432,6.72361763154642,9.46451876680118,1,2
1,34,25,7.97553792974056,2.64453581929929,4.663166513008,5.95318565531542,8.87690536763888,1,2
1,34,27,7.97553792974056,2.64453581929929,5.35722612841098,6.97312002865915,9.37775601666721,1,2
1,34,29,7.97553792974056,2.64453581929929,5.42978325865747,5.55080372426181,8.396363759948,1,2
1,34,31,7.97553792974056,2.64453581929929,6.05947661854427,6.3471602115604,8.92322986280089,1,2
1,34,33,7.97553792974056,2.64453581929929,3.94213656870288,5.82864327410633,8.45216360887276,1,2
1,34,34,7.97553792974056,2.64453581929929,4.84636207851847,5.96857223136033,8.62410722657484,1,2
1,34,36,7.97553792974056,2.64453581929929,4.59023319551789,5.87118497094712,8.31550901142751,1,2
1,34,38,7.97553792974056,2.64453581929929,4.62324034785405,5.48200990042261,8.70107556664487,1,2
1,34,39,7.97553792974056,2.64453581929929,5.60107429791986,5.04966034627347,8.26898745224876,1,2
1,34,41,7.97553792974056,2.64453581929929,6.17001549165883,5.93526322630637,9.03823805880841,1,2
1,34,42,7.97553792974056,2.64453581929929,4.20522334687281,5.71629176377485,8.40176020252915,1,2
1,34,44,7.97553792974056,2.64453581929929,4.53127729352179,5.71420335160662,8.30337234815266,1,2
1,34,48,7.97553792974056,2.64453581929929,4.60965441518948,5.65105509308682,8.54001832716829,1,2
1,34,49,7.97553792974056,2.64453581929929,4.44375713687593,5.94850399565823,8.90019458911623,1,2
1,34,50,7.97553792974056,2.64453581929929,5.76792418048142,6.13861879445926,8.73409156711431,1,2
1,34,53,7.97553792974056,2.64453581929929,6.3351017815102,5.79288465494596,9.04975723676636,1,2
1,34,56,7.97553792974056,2.64453581929929,3.83926230570192,6.12751779632247,8.82436714529723,1,2
1,34,61,7.97553792974056,2.64453581929929,6.27909538347792,5.62684974121295,9.0063090973623,1,2
1,34,62,7.97553792974056,2.64453581929929,5.41455459676698,5.79640997534951,9.02118689951863,1,2
1,34,63,7.97553792974056,2.64453581929929,5.61707755852726,5.56236046787622,9.0538285918005,1,2
1,34,64,7.97553792974056,2.64453581929929,4.86059173977981,5.37386328791808,8.56098617150889,1,2
1,34,66,7.97553792974056,2.64453581929929,4.65011913369079,5.6458427625268,8.71638979693167,1,2
1,34,67,7.97553792974056,2.64453581929929,4.71919438317428,5.29842975681907,8.24796137006812,1,2
1,34,68,7.97553792974056,2.64453581929929,1.6585095839114,5.83316009779401,8.68514632323376,1,2
1,34,70,7.97553792974056,2.64453581929929,2.89044171560991,6.46439783722915,8.72289147444516,1,2
1,34,73,7.97553792974056,2.64453581929929,5.17735772651678,5.05520134745235,8.67548921695092,1,2
1,34,75,7.97553792974056,2.64453581929929,3.87945377786405,5.67260777913761,8.86797778005394,1,2
1,34,76,7.97553792974056,2.64453581929929,4.55596600463719,7.05182828585863,8.68131580746957,1,2
1,34,80,7.97553792974056,2.64453581929929,5.57062101038163,4.65601574210232,9.0723782391917,1,2
1,34,81,7.97553792974056,2.64453581929929,4.98013005582545,6.16737805993348,8.49434683676511,1,2
1,34,82,7.97553792974056,2.64453581929929,4.56465534932268,5.79203646157435,8.85884120321031,1,2
1,34,89,7.97553792974056,2.64453581929929,4.88430237841529,5.81697605570429,8.10921842345202,1,2
1,34,91,7.97553792974056,2.64453581929929,7.83039958574772,5.97409930174537,8.98510688169812,1,2
1,34,92,7.97553792974056,2.64453581929929,3.74006486136836,5.99299959459252,8.88540174383196,1,2
1,34,93,7.97553792974056,2.64453581929929,4.20104364382799,5.45540921666058,8.64995522122042,1,2
1,35,1,7.97553792974056,2.64453581929929,5.61920685811339,5.81605300113796,8.67582485568264,1,2
1,35,2,7.97553792974056,2.64453581929929,4.90067109017466,6.34094631248612,8.65318695482262,1,2
1,35,3,7.97553792974056,2.64453581929929,4.52878655730326,5.92437618913799,8.77801411188743,1,2
1,35,4,7.97553792974056,2.64453581929929,5.17588102411622,6.82328079280963,8.74035755680251,1,2
1,35,6,7.97553792974056,2.64453581929929,6.32683918429878,7.02461891147233,9.0513756489898,1,2
1,35,12,7.97553792974056,2.64453581929929,4.22196488384968,5.61217506327783,8.53755131858635,1,2
1,35,14,7.97553792974056,2.64453581929929,6.46111630015708,6.48641597602344,9.31605009968191,1,2
1,35,17,7.97553792974056,2.64453581929929,5.46992226590463,5.49896131946195,8.85218701853457,1,2
1,35,18,7.97553792974056,2.64453581929929,5.61814427615161,5.31287708960957,9.01018069740392,1,2
1,35,20,7.97553792974056,2.64453581929929,4.40836811265628,5.64979533421862,8.29977264602355,1,2
1,35,21,7.97553792974056,2.64453581929929,4.05256092795658,6.26705675952114,8.0834333349644,1,2
1,35,23,7.97553792974056,2.64453581929929,6.78598469438497,6.50888053070658,8.84824325305161,1,2
1,35,25,7.97553792974056,2.64453581929929,4.32445940370839,5.62925301072971,8.92860517684184,1,2
1,35,26,7.97553792974056,2.64453581929929,4.40755628790962,5.90490750097821,9.10471260503962,1,2
1,35,30,7.97553792974056,2.64453581929929,4.82971665044608,5.17260151455849,8.972744598741,1,2
1,35,31,7.97553792974056,2.64453581929929,4.21225593621024,5.83667793235631,8.84816419579596,1,2
1,35,32,7.97553792974056,2.64453581929929,3.5428935538935,6.44740897738545,8.4903681772699,1,2
1,35,33,7.97553792974056,2.64453581929929,5.5152876762283,6.14091591151445,8.2189515296497,1,2
1,35,34,7.97553792974056,2.64453581929929,4.69826929391824,6.4026063901005,8.8348310738503,1,2
1,35,35,7.97553792974056,2.64453581929929,3.78941826031316,5.82863099123428,8.96609461661453,1,2
1,35,37,7.97553792974056,2.64453581929929,5.40077538693004,5.33529625943092,8.78822151199643,1,2
1,35,38,7.97553792974056,2.64453581929929,4.47143939535811,6.05686257423902,8.35192863599876,1,2
1,35,39,7.97553792974056,2.64453581929929,5.00828031204158,5.95211362674016,8.7405112925856,1,2
1,35,49,7.97553792974056,2.64453581929929,3.44259336451674,5.7826120138414,8.49211821788752,1,2
1,35,50,7.97553792974056,2.64453581929929,4.91877206549657,5.95558994848025,8.88071683679782,1,2
1,35,51,7.97553792974056,2.64453581929929,4.70042667581281,6.3429709776306,8.93695770018647,1,2
1,35,53,7.97553792974056,2.64453581929929,5.6095526318126,5.9855963678908,9.0078529929713,1,2
1,35,58,7.97553792974056,2.64453581929929,4.13358299900349,6.44839201119725,8.47259741209347,1,2
1,35,59,7.97553792974056,2.64453581929929,5.22688572279907,5.78936533745624,9.18373568408922,1,2
1,35,62,7.97553792974056,2.64453581929929,5.61409262014205,6.04240928654126,8.8632878686497,1,2
1,35,64,7.97553792974056,2.64453581929929,5.20360110635586,5.31205181288813,8.76006507781725,1,2
1,35,65,7.97553792974056,2.64453581929929,4.14805792129955,5.62745360450609,8.78523191902553,1,2
1,35,66,7.97553792974056,2.64453581929929,5.61142098440409,5.5325354688046,8.92191711928528,1,2
1,35,67,7.97553792974056,2.64453581929929,7.10037225859306,5.51298909074666,8.96696217032665,1,2
1,35,68,7.97553792974056,2.64453581929929,4.62918262650674,5.78308724354745,8.46713542354792,1,2
1,35,70,7.97553792974056,2.64453581929929,3.33396410893699,5.90091482734651,8.99385639942521,1,2
1,35,71,7.97553792974056,2.64453581929929,6.82775304386251,5.83387017560285,8.62969712903953,1,2
1,35,73,7.97553792974056,2.64453581929929,5.6097762133615,5.56339902058728,8.93054491108385,1,2
1,35,76,7.97553792974056,2.64453581929929,6.88712073951444,6.2125612508856,8.97401582821433,1,2
1,35,77,7.97553792974056,2.64453581929929,3.87354410222675,6.41341763940523,9.13899739033393,1,2
1,35,81,7.97553792974056,2.64453581929929,6.88192555983514,6.27119618335312,9.06712567618822,1,2
1,35,82,7.97553792974056,2.64453581929929,4.31501176544323,5.30883576077561,8.87520808493444,1,2
1,35,83,7.97553792974056,2.64453581929929,3.82334616651168,5.44974455671075,8.94611830270596,1,2
1,35,84,7.97553792974056,2.64453581929929,4.61208120988854,5.2888383891797,8.52450703572413,1,2
1,35,86,7.97553792974056,2.64453581929929,4.30959714093636,5.69910112271873,8.91859857685228,1,2
1,35,88,7.97553792974056,2.64453581929929,4.96232069708518,6.06049066227268,8.46731220174534,1,2
1,35,90,7.97553792974056,2.64453581929929,6.00559661063262,5.59838272262747,8.70182239102933,1,2
1,35,92,7.97553792974056,2.64453581929929,5.13482319459536,6.31265417196039,8.98092196091722,1,2
1,36,1,7.97553792974056,2.64453581929929,5.69276957394468,5.90665164129051,8.72930537618963,1,2
1,36,3,7.97553792974056,2.64453581929929,5.37984692461815,6.14521092702114,9.20655864706389,1,2
1,36,5,7.97553792974056,2.64453581929929,6.49590637333061,6.08048082688778,9.11649054184803,1,2
1,36,6,7.97553792974056,2.64453581929929,3.5708785758317,5.50334886585376,8.40953030559803,1,2
1,36,7,7.97553792974056,2.64453581929929,6.19665741009629,4.99306741198266,8.90933667686667,1,2
1,36,11,7.97553792974056,2.64453581929929,3.38164156072625,5.32693332943672,8.17580462015864,1,2
1,36,16,7.97553792974056,2.64453581929929,4.65676182526584,6.51518201226014,8.48203394265896,1,2
1,36,17,7.97553792974056,2.64453581929929,4.21222441520463,5.51932357531377,8.16125196363925,1,2
1,36,21,7.97553792974056,2.64453581929929,4.72478240671914,6.36914344511688,8.60088252226629,1,2
1,36,22,7.97553792974056,2.64453581929929,6.02147203392662,6.21865501110915,9.06212760682828,1,2
1,36,24,7.97553792974056,2.64453581929929,4.73923817294701,6.3805398524556,8.94600711373676,1,2
1,36,28,7.97553792974056,2.64453581929929,5.63561783287258,6.10605038387358,8.41269371627337,1,2
1,36,29,7.97553792974056,2.64453581929929,6.32547817993608,6.70785771337013,8.9475091609843,1,2
1,36,31,7.97553792974056,2.64453581929929,4.22567340374013,6.12624960491092,8.58412464951934,1,2
1,36,33,7.97553792974056,2.64453581929929,4.71473889240702,5.63464669606505,9.25635255779114,1,2
1,36,34,7.97553792974056,2.64453581929929,5.45113468330793,5.73213267362877,9.0669928108752,1,2
1,36,35,7.97553792974056,2.64453581929929,3.27744426124756,5.28160308826061,8.76333778445386,1,2
1,36,36,7.97553792974056,2.64453581929929,5.63949222033284,6.10865734965319,8.33592951420376,1,2
1,36,37,7.97553792974056,2.64453581929929,4.32701132719655,6.68073789340197,9.21788605024851,1,2
1,36,38,7.97553792974056,2.64453581929929,5.90046539061007,6.45907463022915,8.82425008466166,1,2
1,36,39,7.97553792974056,2.64453581929929,4.59716763796017,5.3428654345805,8.73601042144227,1,2
1,36,40,7.97553792974056,2.64453581929929,5.80337901036472,6.41795704506713,8.70930779576834,1,2
1,36,42,7.97553792974056,2.64453581929929,5.37317608674076,6.56677327695269,8.9173433222197,1,2
1,36,45,7.97553792974056,2.64453581929929,3.91102774503454,6.7897278459073,8.81594165718931,1,2
1,36,46,7.97553792974056,2.64453581929929,6.05043198898675,5.4215221652678,9.19463533209573,1,2
1,36,47,7.97553792974056,2.64453581929929,5.51465391641489,5.79660566084307,8.83128294728982,1,2
1,36,48,7.97553792974056,2.64453581929929,4.80451899687899,5.64210512234935,8.51989162959689,1,2
1,36,49,7.97553792974056,2.64453581929929,6.08183498127443,6.13932878238288,8.65088236729846,1,2
1,36,54,7.97553792974056,2.64453581929929,5.57970768465176,6.80357498305225,8.77535320782945,1,2
1,36,55,7.97553792974056,2.64453581929929,6.92040652388376,5.77554306189692,8.26909414527201,1,2
1,36,57,7.97553792974056,2.64453581929929,6.46585225043119,5.89400223451463,8.86560652717837,1,2
1,36,58,7.97553792974056,2.64453581929929,3.26128378628073,6.31522093895914,8.73086254770404,1,2
1,36,59,7.97553792974056,2.64453581929929,5.09116999726758,5.63455013393008,8.42753094984218,1,2
1,36,61,7.97553792974056,2.64453581929929,5.02809105364038,5.8821854608623,8.32043367595389,1,2
1,36,62,7.97553792974056,2.64453581929929,5.11386884053685,6.24264451127194,8.41864973579831,1,2
1,36,63,7.97553792974056,2.64453581929929,3.47568694022964,6.5043263206516,8.50769380578594,1,2
1,36,64,7.97553792974056,2.64453581929929,4.49347209698359,5.18221217617653,8.00243690275085,1,2
1,36,65,7.97553792974056,2.64453581929929,4.42699663307566,5.73785728677414,8.91178405974969,1,2
1,36,66,7.97553792974056,2.64453581929929,4.92080720475066,5.50561650065014,8.67929524382057,1,2
1,36,70,7.97553792974056,2.64453581929929,5.18642482438746,7.15044773318125,8.71985496060668,1,2
1,36,72,7.97553792974056,2.64453581929929,4.86277296523432,5.96001718377778,8.51866771840128,1,2
1,36,73,7.97553792974056,2.64453581929929,6.56143219319685,5.79369187570988,8.74504630601783,1,2
1,36,75,7.97553792974056,2.64453581929929,5.15254773583415,6.54851686945509,8.52023118483207,1,2
1,36,78,7.97553792974056,2.64453581929929,5.11590809916372,5.386953639759,8.48569145274885,1,2
1,36,81,7.97553792974056,2.64453581929929,4.33495292020771,6.24727511464439,8.89064087184715,1,2
1,36,83,7.97553792974056,2.64453581929929,3.2253793999559,5.93554424179151,8.12880567626337,1,2
1,36,85,7.97553792974056,2.64453581929929,5.16381165015372,5.50766388710531,8.97224791960399,1,2
1,36,86,7.97553792974056,2.64453581929929,5.13580004112617,5.95011161733515,8.81767285256868,1,2
1,36,87,7.97553792974056,2.64453581929929,4.82037510214536,6.19686614687489,8.46620401944981,1,2
1,36,89,7.97553792974056,2.64453581929929,6.81211660561656,6.41931988164969,8.95143628153003,1,2
1,36,91,7.97553792974056,2.64453581929929,4.58610860708078,6.11352972970793,8.90488636873786,1,2
1,37,1,7.97553792974056,2.64453581929929,6.68595671624596,5.46999534418911,9.0053228930059,1,2
1,37,2,7.97553792974056,2.64453581929929,6.44791045319004,6.44573143919363,8.48720146286316,1,2
1,37,7,7.97553792974056,2.64453581929929,4.10278030230628,5.82575038260992,8.51490001800811,1,2
1,37,18,7.97553792974056,2.64453581929929,3.57406313245323,5.75582282163449,8.53876067007547,1,2
1,37,19,7.97553792974056,2.64453581929929,6.41541147506376,5.30190639955176,8.5237587652194,1,2
1,37,20,7.97553792974056,2.64453581929929,4.51318782119178,5.55175561717941,8.78452086951631,1,2
1,37,23,7.97553792974056,2.64453581929929,5.59432924278561,5.15724752888634,8.691937585327,1,2
1,37,25,7.97553792974056,2.64453581929929,8.10249309790692,6.49622912626327,9.0520273312959,1,2
1,37,29,7.97553792974056,2.64453581929929,5.22708347376893,6.76568705426899,8.68310394118255,1,2
1,37,30,7.97553792974056,2.64453581929929,5.12600310713348,6.13058883662354,8.88769175828995,1,2
1,37,32,7.97553792974056,2.64453581929929,4.8843950762183,5.72324149397013,8.51534849741428,1,2
1,37,34,7.97553792974056,2.64453581929929,5.28624426215266,6.34966319089729,9.13464620099082,1,2
1,37,35,7.97553792974056,2.64453581929929,4.71950675435786,5.79720802665163,8.64501131064279,1,2
1,37,36,7.97553792974056,2.64453581929929,5.25444800542048,5.8196608368268,8.9099117011132,1,2
1,37,38,7.97553792974056,2.64453581929929,3.99389863139257,6.36635270730835,8.83634053712544,1,2
1,37,46,7.97553792974056,2.64453581929929,4.36138733105282,6.41598417353516,8.44707375895576,1,2
1,37,51,7.97553792974056,2.64453581929929,4.02545196155402,4.79906397155057,8.65132899756484,1,2
1,37,52,7.97553792974056,2.64453581929929,3.90823758108615,5.74774571627489,8.00051473552444,1,2
1,37,53,7.97553792974056,2.64453581929929,7.72255211044105,6.2549076217978,8.90854847264014,1,2
1,37,55,7.97553792974056,2.64453581929929,5.02855593162693,6.17878351544464,8.90137987409,1,2
1,37,56,7.97553792974056,2.64453581929929,5.82981967339675,6.24737741394913,9.05351882898095,1,2
1,37,58,7.97553792974056,2.64453581929929,5.3785010192288,6.43229982903166,9.11519462567552,1,2
1,37,60,7.97553792974056,2.64453581929929,5.464145599178,5.08062328569657,9.05274797275356,1,2
1,37,62,7.97553792974056,2.64453581929929,4.28547329989806,5.28927862583433,9.17451833909528,1,2
1,37,64,7.97553792974056,2.64453581929929,4.12938368743433,5.49160666534616,8.37113336387829,1,2
1,38,1,7.97553792974056,2.64453581929929,4.83226804888026,6.07094021194683,8.28997409219067,1,2
1,38,5,7.97553792974056,2.64453581929929,5.10123100169282,5.83958281914409,8.88411230888254,1,2
1,38,6,7.97553792974056,2.64453581929929,4.54460219389842,5.87720180081077,8.57765535045365,1,2
1,38,7,7.97553792974056,2.64453581929929,4.72100885196049,4.78699290496149,8.82820469901629,1,2
1,38,8,7.97553792974056,2.64453581929929,4.37716609313307,6.16208223925776,8.9020362722235,1,2
1,38,9,7.97553792974056,2.64453581929929,3.05250902294993,6.23128337450617,8.60453343430984,1,2
1,38,12,7.97553792974056,2.64453581929929,4.6718854480623,5.54843336347915,8.58230109761161,1,2
1,38,14,7.97553792974056,2.64453581929929,5.08051292840937,5.58967032859677,8.01323195482443,1,2
1,38,15,7.97553792974056,2.64453581929929,5.24520269348631,5.30258456584112,8.6599631198698,1,2
1,38,16,7.97553792974056,2.64453581929929,4.60281692948948,6.38901364679824,8.72885583821781,1,2
1,38,18,7.97553792974056,2.64453581929929,3.7585524730725,6.15147599244706,8.58629882840764,1,2
1,38,19,7.97553792974056,2.64453581929929,5.42754390668191,5.96587229941882,8.57994255281917,1,2
1,38,21,7.97553792974056,2.64453581929929,5.04246588574321,5.03998814301645,8.67815743929804,1,2
1,38,23,7.97553792974056,2.64453581929929,5.87812877296611,5.99154796177333,8.84218682439995,1,2
1,38,24,7.97553792974056,2.64453581929929,4.72852111710345,5.94744262151071,9.03828507131559,1,2
1,38,25,7.97553792974056,2.64453581929929,5.1283170721884,5.39427155951297,9.28297730432359,1,2
1,38,29,7.97553792974056,2.64453581929929,7.08893972155451,5.6417940037654,8.81081386374601,1,2
1,38,31,7.97553792974056,2.64453581929929,4.91930550808776,6.32542145377195,9.05179735660915,1,2
1,38,32,7.97553792974056,2.64453581929929,5.51871217469181,5.18198802590216,8.44433831960971,1,2
1,38,33,7.97553792974056,2.64453581929929,4.08756132477247,6.23147977993293,8.84917705688905,1,2
1,38,36,7.97553792974056,2.64453581929929,6.97600152573996,6.6793523611447,9.05572846473105,1,2
1,38,39,7.97553792974056,2.64453581929929,5.13855120279229,6.12512833888411,8.46122297605432,1,2
1,38,41,7.97553792974056,2.64453581929929,3.95441281057524,5.41811468835927,8.46731782031233,1,2
1,38,44,7.97553792974056,2.64453581929929,3.53170050522338,5.67846484404502,8.69628066552062,1,2
1,38,45,7.97553792974056,2.64453581929929,5.69493698291491,6.20313693105789,8.67529823905767,1,2
1,38,48,7.97553792974056,2.64453581929929,3.15181795889489,6.89754665329385,9.0466580059132,1,2
1,38,49,7.97553792974056,2.64453581929929,5.68572844794293,5.32121456510171,8.89224402525912,1,2
1,38,57,7.97553792974056,2.64453581929929,5.63788336994741,6.03419365500549,8.43427755078526,1,2
1,38,58,7.97553792974056,2.64453581929929,2.58339786132224,6.55576431478913,8.51700419526186,1,2
1,38,60,7.97553792974056,2.64453581929929,4.5160405084385,6.53822204597193,8.50929041977499,1,2
1,38,64,7.97553792974056,2.64453581929929,5.90272624683982,5.83913179011529,8.82330814168279,1,2
1,38,66,7.97553792974056,2.64453581929929,4.19062608122471,5.47666683910726,8.5741098662244,1,2
1,38,67,7.97553792974056,2.64453581929929,4.60075015012232,6.13709090136774,8.53732926374233,1,2
1,38,68,7.97553792974056,2.64453581929929,4.86907867337188,6.2549958461053,8.71322142190291,1,2
1,38,70,7.97553792974056,2.64453581929929,4.35395465481574,6.12439529561024,8.81607411041554,1,2
1,38,71,7.97553792974056,2.64453581929929,5.50798060432952,5.97813360506102,8.72939192417357,1,2
1,38,76,7.97553792974056,2.64453581929929,4.20813961898358,6.5803012322968,9.13937055098959,1,2
1,38,78,7.97553792974056,2.64453581929929,5.04234999489344,5.99225538515596,9.34079619474767,1,2
1,38,79,7.97553792974056,2.64453581929929,4.79441562219156,5.70869559743642,8.7449872510297,1,2
1,38,81,7.97553792974056,2.64453581929929,4.89043684096759,6.56721543854843,9.01094367075271,1,2
1,38,82,7.97553792974056,2.64453581929929,2.89593413138795,5.96102480767159,8.29428177055002,1,2
1,38,84,7.97553792974056,2.64453581929929,5.40424300853945,5.97653779181954,8.80789599345813,1,2
1,38,85,7.97553792974056,2.64453581929929,5.55996755148661,5.78691804474171,9.25553132366088,1,2
1,38,90,7.97553792974056,2.64453581929929,5.28527011435143,5.30623698773199,8.63985574977587,1,2
1,38,92,7.97553792974056,2.64453581929929,4.49870339952605,5.64288930436654,8.95659245873198,1,2
1,38,95,7.97553792974056,2.64453581929929,5.03219432208702,5.70018520883569,8.08616000159037,1,2
1,39,4,7.97553792974056,2.64453581929929,4.52666636785885,6.16549539277043,8.7646101559839,1,2
1,39,5,7.97553792974056,2.64453581929929,4.14489538764652,5.26673035626775,9.21107268669423,1,2
1,39,7,7.97553792974056,2.64453581929929,4.55265478964573,5.95748370086132,9.58171265047538,1,2
1,39,8,7.97553792974056,2.64453581929929,4.58631642430304,6.52135394109145,9.1581832726435,1,2
1,39,11,7.97553792974056,2.64453581929929,4.80271265156275,6.06635623787465,8.98680997271839,1,2
1,39,15,7.97553792974056,2.64453581929929,5.99260337024045,6.63711664960134,8.95876704982094,1,2
1,39,18,7.97553792974056,2.64453581929929,3.61394462129167,5.42551172390148,8.56659637954126,1,2
1,39,20,7.97553792974056,2.64453581929929,5.91396724049524,5.60604584133423,9.59143035393839,1,2
1,39,22,7.97553792974056,2.64453581929929,5.53914817961873,5.96860244365621,8.52776147442775,1,2
1,39,23,7.97553792974056,2.64453581929929,3.91025461732557,5.71832752093992,9.16433376458366,1,2
1,39,24,7.97553792974056,2.64453581929929,3.29486335742587,5.38725891464174,9.79888734828017,1,2
1,39,30,7.97553792974056,2.64453581929929,4.26558169551249,6.1791048683232,8.53139766930909,1,2
1,39,32,7.97553792974056,2.64453581929929,4.38204831809916,5.57916073999691,9.41880174187151,1,2
1,39,33,7.97553792974056,2.64453581929929,6.45377913238664,5.3969004844208,9.40754316865778,1,2
1,39,34,7.97553792974056,2.64453581929929,5.18761409191721,5.40680390748506,8.9745681935335,1,2
1,39,35,7.97553792974056,2.64453581929929,5.0361416514874,5.7480434266311,8.74710601428428,1,2
1,39,36,7.97553792974056,2.64453581929929,4.05013554172675,6.00672159878423,9.22442732503312,1,2
1,39,41,7.97553792974056,2.64453581929929,5.36518648975566,6.68086701237242,8.97448376633812,1,2
1,39,42,7.97553792974056,2.64453581929929,5.96377056378634,6.67269706655948,9.2222457357801,1,2
1,39,43,7.97553792974056,2.64453581929929,4.82757648180612,5.9386779487046,8.87718033126228,1,2
1,39,46,7.97553792974056,2.64453581929929,4.04519228022861,5.76100272979467,8.73387147098813,1,2
1,39,47,7.97553792974056,2.64453581929929,3.83030048953599,5.64726236890705,8.81437755486014,1,2
1,39,50,7.97553792974056,2.64453581929929,4.32492335435535,6.50765610643378,8.74566680318079,1,2
1,39,52,7.97553792974056,2.64453581929929,5.12665402333117,6.7036172066156,9.06611644046729,1,2
1,39,53,7.97553792974056,2.64453581929929,2.52085917925285,5.41316508617818,8.64130614270714,1,2
1,39,55,7.97553792974056,2.64453581929929,5.68742182086699,5.49972356766241,9.14906961247209,1,2
1,39,60,7.97553792974056,2.64453581929929,5.04970117051667,5.46398109641799,8.818368661627,1,2
1,39,62,7.97553792974056,2.64453581929929,4.78963656064524,6.90039225964376,8.74898516700526,1,2
1,39,66,7.97553792974056,2.64453581929929,5.59766513703293,7.11566182686185,9.25645412276439,1,2
1,39,68,7.97553792974056,2.64453581929929,6.28562244732987,4.99114178513685,8.74599882363793,1,2
1,39,69,7.97553792974056,2.64453581929929,6.14977337514329,5.69457828636443,8.83220563499562,1,2
1,39,72,7.97553792974056,2.64453581929929,3.99009647953843,6.55048670449637,9.0435560234405,1,2
1,39,74,7.97553792974056,2.64453581929929,4.64003329221485,6.26866818576007,8.08659797551149,1,2
1,39,75,7.97553792974056,2.64453581929929,5.13181036721105,5.43620603619503,8.6518658350535,1,2
1,39,76,7.97553792974056,2.64453581929929,5.54260653195864,6.08296430674222,8.50372800051789,1,2
1,39,80,7.97553792974056,2.64453581929929,4.25064547358169,6.35226408068076,8.7184608385787,1,2
1,39,86,7.97553792974056,2.64453581929929,6.60365993479013,5.43211640049461,9.52801513281337,1,2
1,39,88,7.97553792974056,2.64453581929929,5.94034713498051,5.49667401747227,8.84758017879047,1,2
1,39,90,7.97553792974056,2.64453581929929,5.32175699823755,5.93918571932439,8.7930646074648,1,2
1,39,91,7.97553792974056,2.64453581929929,5.47056783850628,5.90580974950496,8.6742666073797,1,2
1,39,92,7.97553792974056,2.64453581929929,4.66374131743031,6.25658304555939,9.26252929274002,1,2
1,40,1,7.97553792974056,2.64453581929929,5.41083406709569,5.68239745989887,8.97110222823135,1,2
1,40,3,7.97553792974056,2.64453581929929,4.1231387249626,4.83082649251478,9.0335140286149,1,2
1,40,12,7.97553792974056,2.64453581929929,5.63791490756005,7.08609233234807,9.13798664217782,1,2
1,40,13,7.97553792974056,2.64453581929929,5.98482216828529,5.92564453758219,9.60245899336757,1,2
1,40,15,7.97553792974056,2.64453581929929,5.62585948135238,5.81529998237143,9.24614191747284,1,2
1,40,16,7.97553792974056,2.64453581929929,5.51935370165363,5.5928529986068,9.23304042568554,1,2
1,40,17,7.97553792974056,2.64453581929929,4.61887598136643,5.5807926684905,8.76825378005142,1,2
1,40,18,7.97553792974056,2.64453581929929,4.34687897905602,5.46615734220516,8.96389979226808,1,2
1,40,20,7.97553792974056,2.64453581929929,5.01118815817111,6.2604802427575,8.97822959267855,1,2
1,40,21,7.97553792974056,2.64453581929929,6.59404798745163,6.78786988057006,8.98352077997588,1,2
1,40,23,7.97553792974056,2.64453581929929,2.56390255521742,6.30595958146967,8.3014958337974,1,2
1,40,24,7.97553792974056,2.64453581929929,4.43683348002179,6.56804826790624,8.78693103202901,1,2
1,40,25,7.97553792974056,2.64453581929929,4.82502363213716,5.95865721696247,8.88032711805976,1,2
1,40,26,7.97553792974056,2.64453581929929,3.83382595581582,5.52659458461132,9.25551588190957,1,2
1,40,28,7.97553792974056,2.64453581929929,4.64515613608644,5.16397500679254,9.16206947299533,1,2
1,40,30,7.97553792974056,2.64453581929929,6.27912449462815,6.23972251263747,9.29013417094042,1,2
1,40,32,7.97553792974056,2.64453581929929,4.40967904286104,6.273291583931,8.85966166670246,1,2
1,40,33,7.97553792974056,2.64453581929929,3.74841073203424,6.74340436367878,8.72421431740013,1,2
1,40,35,7.97553792974056,2.64453581929929,4.72415389726849,6.4278804288423,8.96724763799001,1,2
1,40,36,7.97553792974056,2.64453581929929,3.87993621335732,6.16684762537692,8.82397619984076,1,2
1,40,37,7.97553792974056,2.64453581929929,3.18797430452035,5.76261944747747,8.59408284487281,1,2
1,40,38,7.97553792974056,2.64453581929929,3.01555339666539,5.34856768065686,8.51624449085819,1,2
1,40,39,7.97553792974056,2.64453581929929,4.19885949417638,6.44085928148444,8.74209785801993,1,2
1,40,43,7.97553792974056,2.64453581929929,4.27944150683094,5.7671079153443,8.899349483785,1,2
1,40,44,7.97553792974056,2.64453581929929,4.31172449207549,5.84230113276173,8.74727811129444,1,2
1,40,46,7.97553792974056,2.64453581929929,3.81993903170777,5.53288112841163,8.63281495254009,1,2
1,40,47,7.97553792974056,2.64453581929929,4.32566328661086,5.95727903582776,9.03101552003459,1,2
1,40,54,7.97553792974056,2.64453581929929,5.18834569289723,7.87404603191768,9.01555043910888,1,2
1,40,56,7.97553792974056,2.64453581929929,3.60814164840983,5.55485701034069,9.19168749086528,1,2
1,40,57,7.97553792974056,2.64453581929929,3.10213854016675,5.15210091548317,8.86938203747402,1,2
1,40,58,7.97553792974056,2.64453581929929,4.80366658465119,6.0985075465622,9.01461118565898,1,2
1,40,59,7.97553792974056,2.64453581929929,2.77599878812464,5.60871482300236,8.85746100103444,1,2
1,40,62,7.97553792974056,2.64453581929929,4.48685861093534,5.90556617475479,8.19010281536678,1,2
1,40,63,7.97553792974056,2.64453581929929,4.4428290044864,6.33691370034985,9.25185454831234,1,2
1,40,65,7.97553792974056,2.64453581929929,6.71143928998607,5.63968575396522,8.8666226751578,1,2
1,40,66,7.97553792974056,2.64453581929929,5.04681260150542,6.04319694469344,8.87221547515802,1,2
1,40,67,7.97553792974056,2.64453581929929,4.9062562789142,5.50917206893024,9.08404942588804,1,2
1,40,68,7.97553792974056,2.64453581929929,4.60357342194047,5.93299979068438,9.04457981747658,1,2
1,40,69,7.97553792974056,2.64453581929929,5.26643734632417,5.66236894913692,8.75341493185331,1,2
1,40,72,7.97553792974056,2.64453581929929,5.08878750749258,6.6242816164726,8.51527858817736,1,2
1,41,1,7.97553792974056,2.64453581929929,3.86795694934629,6.26658348761811,11.0830752052296,1,2
1,41,2,7.97553792974056,2.64453581929929,6.13525575249735,6.04651782766593,11.1874600544882,1,2
1,41,4,7.97553792974056,2.64453581929929,3.35401663257694,5.82967160212752,10.2138988462188,1,2
1,41,7,7.97553792974056,2.64453581929929,3.92751385876765,6.16022117421929,11.1525932206058,1,2
1,41,8,7.97553792974056,2.64453581929929,4.91577579508084,6.35657102861521,10.7487246705775,1,2
1,41,10,7.97553792974056,2.64453581929929,3.68446074475333,5.34384032910803,10.5224371154594,1,2
1,41,12,7.97553792974056,2.64453581929929,4.40366871619799,6.30682454309051,11.5423799262687,1,2
1,41,15,7.97553792974056,2.64453581929929,4.73840331378123,6.53718166642678,10.8052575508977,1,2
1,41,16,7.97553792974056,2.64453581929929,4.74467723397782,5.56299479689484,10.8411171864359,1,2
1,41,18,7.97553792974056,2.64453581929929,3.32456736971372,6.95549892993491,10.8379609875492,1,2
1,41,21,7.97553792974056,2.64453581929929,3.81081957771007,5.77806685207899,10.9287735717352,1,2
1,41,22,7.97553792974056,2.64453581929929,4.27732286566865,6.48053742151626,10.7456746936203,1,2
1,41,23,7.97553792974056,2.64453581929929,5.10393921753033,5.68877905782492,10.6501856237291,1,2
1,41,24,7.97553792974056,2.64453581929929,4.80592893665678,5.79555975335659,10.980664236173,1,2
1,41,25,7.97553792974056,2.64453581929929,4.64048020116129,5.48745257524836,11.5398663537271,1,2
1,41,26,7.97553792974056,2.64453581929929,5.48494956440416,6.58937409908022,11.3750319539831,1,2
1,41,27,7.97553792974056,2.64453581929929,4.30877800900513,5.94455577514958,10.8563627721395,1,2
1,41,30,7.97553792974056,2.64453581929929,2.39708615347624,5.00871660200757,10.4384244131775,1,2
1,41,33,7.97553792974056,2.64453581929929,2.96665257787301,6.81255285349888,10.7921305244348,1,2
1,41,34,7.97553792974056,2.64453581929929,4.38544879069205,5.98082833332324,11.0764665280346,1,2
1,41,35,7.97553792974056,2.64453581929929,2.86951587117616,5.66973138265614,10.4738512432587,1,2
1,41,39,7.97553792974056,2.64453581929929,3.58868224005733,5.83477893200115,10.8460235025575,1,2
1,41,42,7.97553792974056,2.64453581929929,5.10779536265305,6.31091015615537,10.9065106373221,1,2
1,41,43,7.97553792974056,2.64453581929929,4.78205886908245,5.51454013103342,11.2560873754146,1,2
1,41,45,7.97553792974056,2.64453581929929,4.39913264733911,5.98167507483459,10.9573848543342,1,2
1,41,47,7.97553792974056,2.64453581929929,3.22904999448232,6.51220877022721,10.6778532620223,1,2
1,41,49,7.97553792974056,2.64453581929929,5.37894548494538,5.92120244342305,11.9503398690322,1,2
1,41,50,7.97553792974056,2.64453581929929,4.14243003901181,6.27602021545908,11.0564868565735,1,2
1,41,53,7.97553792974056,2.64453581929929,6.16286094204024,6.28669484132133,11.0625548782519,1,2
1,41,55,7.97553792974056,2.64453581929929,4.04430429707048,6.46340094164782,10.9413122968239,1,2
1,41,56,7.97553792974056,2.64453581929929,2.68126135429676,6.25660059017278,10.6778237463003,1,2
1,41,60,7.97553792974056,2.64453581929929,4.46457895130478,5.80657013333529,10.9385639075913,1,2
1,41,61,7.97553792974056,2.64453581929929,5.06770803270898,5.8122803485847,11.5990628026792,1,2
1,41,62,7.97553792974056,2.64453581929929,3.44102067119432,5.10432195450678,11.1287503056994,1,2
1,41,63,7.97553792974056,2.64453581929929,3.38870699644284,6.00410325288283,11.0485621070181,1,2
1,41,64,7.97553792974056,2.64453581929929,5.07565388565394,6.28883161510917,11.0359070723247,1,2
1,41,66,7.97553792974056,2.64453581929929,4.16693765797636,5.28191131812025,11.2397645664468,1,2
1,41,68,7.97553792974056,2.64453581929929,3.79752110249221,6.03160886385252,11.0318004706653,1,2
1,41,73,7.97553792974056,2.64453581929929,4.90512140214553,5.32269697250094,10.9384692667029,1,2
1,41,77,7.97553792974056,2.64453581929929,3.97576066583504,6.16252555229685,11.5412299968386,1,2
1,41,79,7.97553792974056,2.64453581929929,3.60611735836195,6.12799735896565,10.5187444711185,1,2
1,41,80,7.97553792974056,2.64453581929929,4.41771413445444,5.28442755337263,11.1946455125139,1,2
1,41,84,7.97553792974056,2.64453581929929,5.84430020478633,5.55805247747005,11.1195536697953,1,2
1,41,85,7.97553792974056,2.64453581929929,4.72485633922188,5.68835424883489,10.9469774123814,1,2
1,41,86,7.97553792974056,2.64453581929929,6.55685717274265,5.67893360524576,11.2038237660111,1,2
1,41,88,7.97553792974056,2.64453581929929,4.63189059221179,5.82826500967055,11.0984450488955,1,2
1,41,89,7.97553792974056,2.64453581929929,4.8419048395009,5.1804912142099,10.4673541103124,1,2
1,41,90,7.97553792974056,2.64453581929929,5.37321084598076,5.27103059932309,11.0274820088761,1,2
1,41,92,7.97553792974056,2.64453581929929,4.85405535759056,6.91497816251623,11.0363141540544,1,2
1,41,94,7.97553792974056,2.64453581929929,3.7192073373178,5.58879330013516,10.9454923679732,1,2
1,41,95,7.97553792974056,2.64453581929929,5.60057256880791,5.95416575054847,11.6280151913212,1,2
2,1,2,7.63742145788285,3.26818527079726,6.09146465505767,5.26924086998877,2.09526112041287,1,2
2,1,4,7.63742145788285,3.26818527079726,4.74270191189982,5.16727645907282,2.03995250813377,1,2
2,1,5,7.63742145788285,3.26818527079726,5.31060004372443,6.19514766698415,2.43145452275425,1,2
2,1,9,7.63742145788285,3.26818527079726,6.75055221690465,6.80358745250711,2.80908492967528,1,2
2,1,10,7.63742145788285,3.26818527079726,5.24927396767074,4.90022846511621,1.73319686768218,1,2
2,1,11,7.63742145788285,3.26818527079726,3.53277436629041,6.13936705940432,2.33358679250114,1,2
2,1,13,7.63742145788285,3.26818527079726,5.95425150229988,5.15725954858281,1.89321521684074,1,2
2,1,17,7.63742145788285,3.26818527079726,4.98791567774408,6.2960186348516,2.26277002652241,1,2
2,1,18,7.63742145788285,3.26818527079726,5.69890623479803,5.60909679864724,2.23868036531595,1,2
2,1,20,7.63742145788285,3.26818527079726,5.46441501435756,6.43610235599018,2.47861200660307,1,2
2,1,21,7.63742145788285,3.26818527079726,4.04372745329947,7.10522149649873,2.68348166901742,1,2
2,1,25,7.63742145788285,3.26818527079726,4.1684069153739,6.06025010405039,2.38485159600327,1,2
2,1,29,7.63742145788285,3.26818527079726,4.98977477634995,4.79622127432196,1.79397133655746,1,2
2,1,30,7.63742145788285,3.26818527079726,5.33375262070616,5.81417235152076,2.2984741400382,1,2
2,1,33,7.63742145788285,3.26818527079726,4.3665856512827,6.41305674146858,2.58883485821904,1,2
2,1,35,7.63742145788285,3.26818527079726,5.63870295392286,6.15688368217268,2.36726303556662,1,2
2,1,36,7.63742145788285,3.26818527079726,5.98599483112686,5.84823396000019,2.26971911405294,1,2
2,1,38,7.63742145788285,3.26818527079726,5.6775035951482,5.73978806874431,2.30718171636672,1,2
2,1,40,7.63742145788285,3.26818527079726,4.21130377529933,6.06818484850786,2.30707493965232,1,2
2,1,41,7.63742145788285,3.26818527079726,5.22539172804014,5.8910990569685,2.32956845405734,1,2
2,1,43,7.63742145788285,3.26818527079726,5.32370973559818,6.36525359670179,2.48377866767727,1,2
2,1,44,7.63742145788285,3.26818527079726,4.64376021174792,6.84762611783235,2.76123223870094,1,2
2,1,45,7.63742145788285,3.26818527079726,5.75984302660895,6.3398621683222,2.4156659787256,1,2
2,1,46,7.63742145788285,3.26818527079726,5.63198724794544,5.01743023273338,1.94841062225425,1,2
2,1,50,7.63742145788285,3.26818527079726,5.12087788782835,5.48036432187629,2.16320994975267,1,2
2,1,51,7.63742145788285,3.26818527079726,4.94640815986816,5.24082200070728,2.02850228790847,1,2
2,1,53,7.63742145788285,3.26818527079726,5.31204583464494,5.56454455408148,2.13238679884265,1,2
2,1,54,7.63742145788285,3.26818527079726,5.68049322589608,5.56396943851654,2.25380109987171,1,2
2,1,57,7.63742145788285,3.26818527079726,4.0074698011882,6.54928131075345,2.50419226203108,1,2
2,1,58,7.63742145788285,3.26818527079726,3.81811222774813,6.36695059406682,2.59860711492457,1,2
2,1,61,7.63742145788285,3.26818527079726,5.19903377636234,6.45247411387591,2.58183114613957,1,2
2,2,3,7.63742145788285,3.26818527079726,5.33816292680778,5.89928556240905,3.48613434324023,1,2
2,2,4,7.63742145788285,3.26818527079726,5.49962435655407,6.6221935336965,3.74769906145821,1,2
2,2,6,7.63742145788285,3.26818527079726,3.97333475571581,5.90641951953535,3.47960703972318,1,2
2,2,7,7.63742145788285,3.26818527079726,6.52386802949463,6.08994055494126,3.46158668915606,1,2
2,2,8,7.63742145788285,3.26818527079726,4.82831428018875,5.89619639633359,3.41431262947712,1,2
2,2,9,7.63742145788285,3.26818527079726,6.91499139763588,6.30859606324624,3.47431334730235,1,2
2,2,11,7.63742145788285,3.26818527079726,4.97839207036423,6.18074612712143,3.55620376427256,1,2
2,2,14,7.63742145788285,3.26818527079726,3.54195210532421,6.3637463265663,3.5091771716905,1,2
2,2,16,7.63742145788285,3.26818527079726,5.88322618254387,6.28471419502271,3.53124747082371,1,2
2,2,18,7.63742145788285,3.26818527079726,4.20080784708979,5.01657356795401,2.9626349970623,1,2
2,2,19,7.63742145788285,3.26818527079726,5.06724678754259,5.27851829427837,3.00061140726722,1,2
2,2,20,7.63742145788285,3.26818527079726,5.57827267366763,6.28671333388655,3.52622794638874,1,2
2,2,24,7.63742145788285,3.26818527079726,5.11640641628364,5.61396213018103,3.34290815897543,1,2
2,2,26,7.63742145788285,3.26818527079726,6.22176591512577,5.7391696853176,3.4660751007673,1,2
2,2,28,7.63742145788285,3.26818527079726,5.14979245442459,5.94146835048341,3.51199258271696,1,2
2,2,30,7.63742145788285,3.26818527079726,5.05688858475738,5.54423252034817,3.23663987207636,1,2
2,2,31,7.63742145788285,3.26818527079726,5.63811763055006,6.19717912305156,3.51355805273148,1,2
2,2,36,7.63742145788285,3.26818527079726,5.2050579216566,5.18355738105191,3.04960272145212,1,2
2,2,37,7.63742145788285,3.26818527079726,4.80187866989113,5.88201053161065,3.30421817485448,1,2
2,2,38,7.63742145788285,3.26818527079726,4.97104643885567,6.4847663000473,3.6442243933331,1,2
2,2,39,7.63742145788285,3.26818527079726,3.36803720144,6.2830660196536,3.56412775205955,1,2
2,2,42,7.63742145788285,3.26818527079726,5.93209966380409,5.58871553575251,3.32158153126491,1,2
2,2,43,7.63742145788285,3.26818527079726,2.58375852133109,5.93772631563992,3.10074274031354,1,2
2,2,44,7.63742145788285,3.26818527079726,5.28554035480185,6.94856359402059,3.87924153394291,1,2
2,2,51,7.63742145788285,3.26818527079726,4.38267097451126,5.69406811986187,3.26411617341321,1,2
2,2,53,7.63742145788285,3.26818527079726,3.99757927091229,6.67863736931917,3.62937248123534,1,2
2,2,54,7.63742145788285,3.26818527079726,4.84964348653552,5.16359005935385,3.2962796666693,1,2
2,2,56,7.63742145788285,3.26818527079726,5.17441692025838,5.60289913576826,3.28433192038154,1,2
2,2,57,7.63742145788285,3.26818527079726,3.77309180533209,5.63178017793556,3.17842619983608,1,2
2,2,60,7.63742145788285,3.26818527079726,7.41599822239913,5.91547390799661,3.43907702561959,1,2
2,2,62,7.63742145788285,3.26818527079726,4.29792215327353,5.8206817229603,3.37979847756357,1,2
2,2,64,7.63742145788285,3.26818527079726,4.19353455688013,6.28285459741617,3.54227681838712,1,2
2,2,66,7.63742145788285,3.26818527079726,5.6051344149408,6.23585973455545,3.67732015613676,1,2
2,2,67,7.63742145788285,3.26818527079726,4.40514354754886,7.10983605873526,3.82474170993891,1,2
2,2,68,7.63742145788285,3.26818527079726,5.11821268485527,5.94806660378938,3.36203614460533,1,2
2,2,69,7.63742145788285,3.26818527079726,4.79086113210366,5.91565107061348,3.36212542750838,1,2
2,2,70,7.63742145788285,3.26818527079726,4.78477628526284,5.49646900211643,3.13980748993602,1,2
2,2,71,7.63742145788285,3.26818527079726,6.05624545273621,6.44969937732343,3.55245787940894,1,2
2,2,73,7.63742145788285,3.26818527079726,3.93748010328738,6.56044843260989,3.50433351765141,1,2
2,2,74,7.63742145788285,3.26818527079726,3.32353650972179,5.91890780720275,3.5533459699079,1,2
2,2,75,7.63742145788285,3.26818527079726,6.34291241504884,5.86296980452752,3.27872731015846,1,2
2,2,78,7.63742145788285,3.26818527079726,4.41446858936805,6.45331522415179,3.63519430866696,1,2
2,2,80,7.63742145788285,3.26818527079726,4.822018600798,5.38707309094266,3.15904138053821,1,2
2,3,4,7.63742145788285,3.26818527079726,5.01486378452627,5.95065679125241,3.88097403496858,1,2
2,3,5,7.63742145788285,3.26818527079726,4.02391499409677,5.96754577287886,3.83484961901756,1,2
2,3,7,7.63742145788285,3.26818527079726,4.67498932849438,6.37082422833279,3.82438334240043,1,2
2,3,8,7.63742145788285,3.26818527079726,5.8364046379714,6.5467122490033,4.07375434185467,1,2
2,3,9,7.63742145788285,3.26818527079726,5.29829224404101,5.4814299433414,3.75514921103053,1,2
2,3,11,7.63742145788285,3.26818527079726,3.94719360226645,5.98179603916531,3.73060388578937,1,2
2,3,12,7.63742145788285,3.26818527079726,4.48268813498332,6.03374940080714,3.94749718652066,1,2
2,3,13,7.63742145788285,3.26818527079726,5.2039998429676,5.02027384796033,3.63912693151729,1,2
2,3,14,7.63742145788285,3.26818527079726,4.59760908184887,5.97657211059924,3.83671476882307,1,2
2,3,16,7.63742145788285,3.26818527079726,6.11711635687165,5.33751163377559,3.58122806091682,1,2
2,3,21,7.63742145788285,3.26818527079726,7.08491106529984,5.83823349778256,3.97921973646092,1,2
2,3,22,7.63742145788285,3.26818527079726,7.08542863425999,6.02670652087948,3.89979853106742,1,2
2,3,23,7.63742145788285,3.26818527079726,4.47139954094796,6.18761313238905,4.09170557117527,1,2
2,3,25,7.63742145788285,3.26818527079726,3.99811162491355,5.62985214871305,3.75940712517877,1,2
2,3,27,7.63742145788285,3.26818527079726,3.28402049310404,6.48299044646955,4.04847733462008,1,2
2,3,29,7.63742145788285,3.26818527079726,5.75483925742637,6.44739864013342,4.0734103242161,1,2
2,3,31,7.63742145788285,3.26818527079726,6.28976473662579,5.4268716124318,3.73255527003787,1,2
2,3,32,7.63742145788285,3.26818527079726,4.4872781720275,6.04673374108871,3.960858934493,1,2
2,3,35,7.63742145788285,3.26818527079726,5.15420096532449,5.20573586224974,3.68578326710463,1,2
2,3,37,7.63742145788285,3.26818527079726,5.05226747874713,6.19522808848292,3.99963901903618,1,2
2,3,38,7.63742145788285,3.26818527079726,5.63882320331982,5.74768078065645,3.8103817819985,1,2
2,3,40,7.63742145788285,3.26818527079726,5.1363570207531,6.90808919012414,4.52229901738854,1,2
2,3,41,7.63742145788285,3.26818527079726,6.21255646775536,5.15150147413591,3.44809274830771,1,2
2,3,42,7.63742145788285,3.26818527079726,4.66823122888299,5.61180606789438,3.84715568984031,1,2
2,3,43,7.63742145788285,3.26818527079726,3.59001092543521,5.61625211429755,3.54117562727813,1,2
2,3,44,7.63742145788285,3.26818527079726,4.54809640469497,6.25583548192236,3.7963498369547,1,2
2,3,45,7.63742145788285,3.26818527079726,5.16561877965603,6.38233206277687,3.89668761573239,1,2
2,3,49,7.63742145788285,3.26818527079726,4.97139154950834,6.43420808714684,4.16319685933464,1,2
2,3,50,7.63742145788285,3.26818527079726,4.10364994400476,5.67675070641599,3.79362710710429,1,2
2,3,51,7.63742145788285,3.26818527079726,6.6320068350073,6.02432885190028,4.03853833101854,1,2
2,3,53,7.63742145788285,3.26818527079726,5.0969533232738,6.48064357941198,4.10118020523672,1,2
2,3,55,7.63742145788285,3.26818527079726,4.42792928915973,7.3104546435712,4.4137202120788,1,2
2,3,56,7.63742145788285,3.26818527079726,6.65273731552996,5.8156187727443,3.82253311959486,1,2
2,3,58,7.63742145788285,3.26818527079726,3.31821440556854,5.44096177341082,3.80746871635356,1,2
2,3,59,7.63742145788285,3.26818527079726,6.13391513438883,6.00725393429931,3.88968978041562,1,2
2,3,62,7.63742145788285,3.26818527079726,4.18294858730063,5.5118682566951,3.87414451065579,1,2
2,3,63,7.63742145788285,3.26818527079726,5.30429039117304,6.13749243704098,4.09787545935941,1,2
2,3,64,7.63742145788285,3.26818527079726,5.27562761166298,6.12809453131549,3.96172792697441,1,2
2,4,3,7.63742145788285,3.26818527079726,5.9283573113632,7.17423244608477,4.93115086278541,1,2
2,4,4,7.63742145788285,3.26818527079726,5.36502652420203,6.2386774743657,4.57109520972941,1,2
2,4,5,7.63742145788285,3.26818527079726,6.30594375848754,5.78107546445505,4.32112591168116,1,2
2,4,7,7.63742145788285,3.26818527079726,4.2833554482731,6.49696649351217,4.63611194857263,1,2
2,4,11,7.63742145788285,3.26818527079726,4.81801638867452,6.22273374272364,4.69083433849082,1,2
2,4,12,7.63742145788285,3.26818527079726,5.73784942961075,6.23740876212527,4.7062272917295,1,2
2,4,16,7.63742145788285,3.26818527079726,5.36613568020686,4.58930797391561,4.12788559141073,1,2
2,4,17,7.63742145788285,3.26818527079726,4.55184465138221,6.12670669242962,4.3918989324203,1,2
2,4,18,7.63742145788285,3.26818527079726,5.58571091665714,5.33526409509576,4.03842451237544,1,2
2,4,21,7.63742145788285,3.26818527079726,5.60126998515465,5.96003812602087,4.54152017930264,1,2
2,4,23,7.63742145788285,3.26818527079726,4.34902037813129,6.23852712717603,4.61242118891922,1,2
2,4,25,7.63742145788285,3.26818527079726,5.53673201023644,6.50412072792439,4.62487338183436,1,2
2,4,26,7.63742145788285,3.26818527079726,4.75447428026097,6.25947008737821,4.59146595263346,1,2
2,4,29,7.63742145788285,3.26818527079726,6.88368815900964,5.4060475222395,4.30358493270639,1,2
2,4,31,7.63742145788285,3.26818527079726,4.59101420829022,5.81633411112513,4.3515011852061,1,2
2,4,32,7.63742145788285,3.26818527079726,5.60006603435414,6.25011384973925,4.51005960904278,1,2
2,4,33,7.63742145788285,3.26818527079726,3.35282832794609,5.13568273126054,4.26814805178606,1,2
2,4,34,7.63742145788285,3.26818527079726,4.38842323008577,6.24732191877227,4.75101721910813,1,2
2,4,35,7.63742145788285,3.26818527079726,3.80164546732226,7.17598298912792,5.04890890737638,1,2
2,4,36,7.63742145788285,3.26818527079726,5.01418837571195,6.56230924928346,4.58158862235815,1,2
2,4,38,7.63742145788285,3.26818527079726,4.08355528412481,6.28692182183755,4.61273385316538,1,2
2,4,40,7.63742145788285,3.26818527079726,5.64441951005484,5.54908942034041,4.27241360559284,1,2
2,4,41,7.63742145788285,3.26818527079726,7.51620566526731,6.29832207523913,4.70000087171717,1,2
2,4,42,7.63742145788285,3.26818527079726,5.29601969338181,5.83756378674818,4.56394630636997,1,2
2,4,47,7.63742145788285,3.26818527079726,6.7089206995207,4.6241914603273,4.05588894117801,1,2
2,4,48,7.63742145788285,3.26818527079726,6.60156913354173,5.56216927404156,4.43556226735212,1,2
2,4,49,7.63742145788285,3.26818527079726,4.64079455633096,5.97217740133141,4.58919383803184,1,2
2,4,50,7.63742145788285,3.26818527079726,4.80389593049614,5.67726224614129,4.42585274503651,1,2
2,4,51,7.63742145788285,3.26818527079726,5.13502439337312,5.65946072670599,4.48518061326355,1,2
2,4,52,7.63742145788285,3.26818527079726,4.39930196571044,5.35601479283096,4.3785884302577,1,2
2,4,55,7.63742145788285,3.26818527079726,7.03228572072407,5.1715348260026,4.33053675015888,1,2
2,4,61,7.63742145788285,3.26818527079726,4.03557647452536,5.67975669738894,4.33368390897589,1,2
2,4,62,7.63742145788285,3.26818527079726,5.49534632011581,5.68134092746701,4.3151268063657,1,2
2,4,67,7.63742145788285,3.26818527079726,5.22575640342845,6.42486864093979,4.61461982539791,1,2
2,4,68,7.63742145788285,3.26818527079726,5.56919777809365,6.26482579886898,4.48062587154698,1,2
2,4,70,7.63742145788285,3.26818527079726,5.13273744761796,6.10708595676315,4.48557645970885,1,2
2,5,6,7.63742145788285,3.26818527079726,5.82206917981633,5.45272686379573,4.69392614106313,1,2
2,5,8,7.63742145788285,3.26818527079726,4.08584253813393,5.43928135705815,4.62105695559336,1,2
2,5,10,7.63742145788285,3.26818527079726,5.89957022983918,5.6571407776097,4.68544730628041,1,2
2,5,11,7.63742145788285,3.26818527079726,6.76945017420294,6.15227606351659,5.05377541220849,1,2
2,5,13,7.63742145788285,3.26818527079726,3.66013707050098,7.19780868822656,5.19394147099546,1,2
2,5,14,7.63742145788285,3.26818527079726,5.90233167789011,5.17069313429257,4.50456073230143,1,2
2,5,17,7.63742145788285,3.26818527079726,3.42526183094889,6.4149995536898,5.0321215864958,1,2
2,5,19,7.63742145788285,3.26818527079726,4.83182091560718,6.0318735105964,4.78567507346679,1,2
2,5,21,7.63742145788285,3.26818527079726,4.53952319002532,6.16625734596537,4.79345320145629,1,2
2,5,22,7.63742145788285,3.26818527079726,5.27978652991638,5.83312805722746,4.83001184081424,1,2
2,5,23,7.63742145788285,3.26818527079726,5.14610060936218,6.17988101458093,4.94744204294621,1,2
2,5,24,7.63742145788285,3.26818527079726,5.43663873528206,5.95720409574261,4.91214156111013,1,2
2,5,25,7.63742145788285,3.26818527079726,5.65195588304087,7.20913515765127,5.11287504481296,1,2
2,5,26,7.63742145788285,3.26818527079726,6.98630550642718,6.23387783133626,5.02136686120579,1,2
2,5,27,7.63742145788285,3.26818527079726,4.0505260667628,6.42386205373975,4.85359116736006,1,2
2,5,28,7.63742145788285,3.26818527079726,3.55226152837291,6.91942803488662,5.20691306069988,1,2
2,5,32,7.63742145788285,3.26818527079726,4.6688523999059,5.54537679752294,4.7225086258119,1,2
2,5,33,7.63742145788285,3.26818527079726,5.21833735731054,5.81151807096529,4.80527409886391,1,2
2,5,36,7.63742145788285,3.26818527079726,4.1811148296984,5.55419825705885,4.76435706067555,1,2
2,5,37,7.63742145788285,3.26818527079726,4.90098417306851,5.74843759352377,4.70756340341558,1,2
2,5,38,7.63742145788285,3.26818527079726,6.62804298225903,6.07605119701383,4.92446182486476,1,2
2,5,40,7.63742145788285,3.26818527079726,5.72728851309118,5.9585046491348,4.90179466770136,1,2
2,5,46,7.63742145788285,3.26818527079726,3.31410098782265,6.30253698046049,4.79601244328978,1,2
2,5,48,7.63742145788285,3.26818527079726,5.22463596208255,5.79963330862044,4.75580757277959,1,2
2,5,51,7.63742145788285,3.26818527079726,4.7033492288736,5.78672964869301,4.6823648332444,1,2
2,5,52,7.63742145788285,3.26818527079726,4.50986813910199,6.58320479260151,5.04579792713927,1,2
2,5,54,7.63742145788285,3.26818527079726,3.88111642201405,6.44700205575005,5.00457810359106,1,2
2,5,55,7.63742145788285,3.26818527079726,5.10552617104556,5.40420748519207,4.59799169109965,1,2
2,5,56,7.63742145788285,3.26818527079726,4.75877829956993,6.47880808395933,5.09536051316307,1,2
2,5,57,7.63742145788285,3.26818527079726,6.57385867001934,6.21604954549183,5.05590662272829,1,2
2,5,58,7.63742145788285,3.26818527079726,5.17650377563362,6.18614997905538,4.8681233432997,1,2
2,5,59,7.63742145788285,3.26818527079726,3.49792967412658,5.98454711393338,4.64378123189943,1,2
2,5,64,7.63742145788285,3.26818527079726,5.4634819105553,5.92909849077986,4.78260724525329,1,2
2,5,70,7.63742145788285,3.26818527079726,5.36365922131427,6.76928483050086,5.17063152811529,1,2
2,5,72,7.63742145788285,3.26818527079726,5.50762450199689,6.23184790173849,4.91087518610791,1,2
2,5,73,7.63742145788285,3.26818527079726,2.90235578004473,5.08363585675942,4.45426231943488,1,2
2,5,74,7.63742145788285,3.26818527079726,4.05704354792586,5.58968186626914,4.70575092642593,1,2
2,5,75,7.63742145788285,3.26818527079726,3.16471107268166,6.91860973380578,4.98694915457176,1,2
2,5,76,7.63742145788285,3.26818527079726,7.29197699635455,6.14350515480423,4.9258323201408,1,2
2,5,77,7.63742145788285,3.26818527079726,4.1111751701498,5.75359396204275,4.80174802007954,1,2
2,5,78,7.63742145788285,3.26818527079726,5.48241261606448,6.23285627349435,4.99816437894883,1,2
2,5,80,7.63742145788285,3.26818527079726,4.29801962477132,6.18809528856869,4.89409148234076,1,2
2,5,81,7.63742145788285,3.26818527079726,4.25345558746217,5.47898121353595,4.68163325109906,1,2
2,5,84,7.63742145788285,3.26818527079726,4.3998359891777,6.04992969385833,4.76785016272468,1,2
2,5,88,7.63742145788285,3.26818527079726,3.60126225646304,6.38652399158861,4.83303469485494,1,2
2,6,3,7.63742145788285,3.26818527079726,3.9562946913423,6.0057748381016,5.26417361660446,1,2
2,6,4,7.63742145788285,3.26818527079726,5.25253926881296,6.25307222552304,5.49668090934561,1,2
2,6,6,7.63742145788285,3.26818527079726,6.15573545763545,5.65835755709159,5.20115846205556,1,2
2,6,9,7.63742145788285,3.26818527079726,3.85762389668157,5.64048007682677,5.10639718225573,1,2
2,6,11,7.63742145788285,3.26818527079726,5.44190576063563,5.10249566102823,5.14925186881886,1,2
2,6,15,7.63742145788285,3.26818527079726,5.47778522432226,5.98916390217046,5.24773152340703,1,2
2,6,16,7.63742145788285,3.26818527079726,4.86613828956935,6.32896658872022,5.34895204959146,1,2
2,6,19,7.63742145788285,3.26818527079726,4.40511362406655,6.19211304209173,5.44219029089159,1,2
2,6,21,7.63742145788285,3.26818527079726,5.2903151221265,5.63057452909158,5.15572471459996,1,2
2,6,23,7.63742145788285,3.26818527079726,5.86158483162062,6.10793695303636,5.29570952846914,1,2
2,6,25,7.63742145788285,3.26818527079726,3.17430457226276,5.8853135889358,5.26125454977509,1,2
2,6,28,7.63742145788285,3.26818527079726,3.90908613344154,6.97154829479656,5.69015619197395,1,2
2,6,30,7.63742145788285,3.26818527079726,6.6674838157902,6.09555412015554,5.23068505736201,1,2
2,6,33,7.63742145788285,3.26818527079726,5.26678474608271,4.82964459370708,4.92712526545767,1,2
2,6,35,7.63742145788285,3.26818527079726,2.73476420537979,6.27124597617292,5.38886421477829,1,2
2,6,36,7.63742145788285,3.26818527079726,3.9144041402974,6.28546441741654,5.33255086796873,1,2
2,6,37,7.63742145788285,3.26818527079726,4.05234241289069,5.87535083241576,5.36463599624809,1,2
2,6,39,7.63742145788285,3.26818527079726,5.65212330810775,6.42812469824546,5.2402211657652,1,2
2,6,40,7.63742145788285,3.26818527079726,5.8498129109962,5.7033186018213,5.1659607949525,1,2
2,6,44,7.63742145788285,3.26818527079726,4.30633816546864,5.17842395794635,4.95963694042843,1,2
2,6,45,7.63742145788285,3.26818527079726,6.61794448935583,5.3630833684737,5.20583250785777,1,2
2,6,46,7.63742145788285,3.26818527079726,5.73170410010489,6.01597396388735,5.45271633822166,1,2
2,6,47,7.63742145788285,3.26818527079726,4.36260946946638,6.30077565836385,5.38726927289026,1,2
2,6,48,7.63742145788285,3.26818527079726,6.12045261888642,5.69918081857604,5.18782003325804,1,2
2,6,50,7.63742145788285,3.26818527079726,5.06753159738198,6.65140461005682,5.60375703405327,1,2
2,6,52,7.63742145788285,3.26818527079726,5.86609801021955,6.43207819487197,5.39360214425345,1,2
2,6,53,7.63742145788285,3.26818527079726,4.0709447725143,6.82494252488613,5.73150955976186,1,2
2,6,55,7.63742145788285,3.26818527079726,4.31849127893029,6.49837232408796,5.36422612014311,1,2
2,6,57,7.63742145788285,3.26818527079726,5.38941309689712,7.07529383373898,5.93105361844259,1,2
2,6,61,7.63742145788285,3.26818527079726,7.20148877054105,5.63692387519741,5.36998135981605,1,2
2,6,62,7.63742145788285,3.26818527079726,5.36092820122801,4.88769682504047,4.92072288672278,1,2
2,6,64,7.63742145788285,3.26818527079726,3.89946701249953,5.8084977141227,5.28911369911222,1,2
2,6,65,7.63742145788285,3.26818527079726,5.59675586824649,5.6162132056229,5.24961878981352,1,2
2,6,67,7.63742145788285,3.26818527079726,5.21980303357348,5.78971760795719,5.37076201961032,1,2
2,7,2,7.63742145788285,3.26818527079726,3.26767250202553,5.22156363683046,5.24224364172977,1,2
2,7,3,7.63742145788285,3.26818527079726,4.8687100035316,5.54673477047419,5.48345650929472,1,2
2,7,8,7.63742145788285,3.26818527079726,5.0370162213605,6.87272980626794,6.05159588053568,1,2
2,7,10,7.63742145788285,3.26818527079726,4.32026883567574,6.61331591126899,5.66095753553736,1,2
2,7,11,7.63742145788285,3.26818527079726,6.08209881331042,6.65003927345514,5.7281379661823,1,2
2,7,23,7.63742145788285,3.26818527079726,3.67051156750024,6.3709016273991,5.72289579556626,1,2
2,7,25,7.63742145788285,3.26818527079726,4.91028445619766,6.20941872209643,5.62457585561653,1,2
2,7,26,7.63742145788285,3.26818527079726,5.04636675953854,6.49452734006373,5.8550615975665,1,2
2,7,27,7.63742145788285,3.26818527079726,6.23557579997,6.19395774834985,5.68554895204663,1,2
2,7,29,7.63742145788285,3.26818527079726,4.52643895396568,6.98929384647792,5.96806710561479,1,2
2,7,33,7.63742145788285,3.26818527079726,5.75858328054968,6.98005884405888,5.89363052836455,1,2
2,7,34,7.63742145788285,3.26818527079726,5.17401098615212,6.75240067243565,5.90089504739167,1,2
2,7,35,7.63742145788285,3.26818527079726,3.41961026266768,6.21993780423598,5.58870294690576,1,2
2,7,36,7.63742145788285,3.26818527079726,6.16894234204584,6.25171228790295,5.82059118063898,1,2
2,7,37,7.63742145788285,3.26818527079726,5.61728012257851,6.50695858275511,5.77731798194895,1,2
2,7,38,7.63742145788285,3.26818527079726,6.34499518409188,5.60641794523591,5.45164135448507,1,2
2,7,39,7.63742145788285,3.26818527079726,6.09267511886033,5.68038320466679,5.4798968565269,1,2
2,7,40,7.63742145788285,3.26818527079726,6.32097717285753,6.25492810509331,5.92433842113279,1,2
2,7,41,7.63742145788285,3.26818527079726,4.90232964233335,6.11501361122987,5.82035953127573,1,2
2,7,44,7.63742145788285,3.26818527079726,5.41661040914869,5.391954899433,5.56189954043369,1,2
2,7,46,7.63742145788285,3.26818527079726,5.64109023083246,5.29350561279237,5.24461094048583,1,2
2,7,48,7.63742145788285,3.26818527079726,4.77463821504165,6.13081355231523,5.56538608825361,1,2
2,7,49,7.63742145788285,3.26818527079726,6.44581237521467,5.62719653822775,5.43970630007726,1,2
2,7,51,7.63742145788285,3.26818527079726,4.15599102598215,6.21264350248014,5.56887976227323,1,2
2,7,53,7.63742145788285,3.26818527079726,3.70145608085044,5.99571243409701,5.57024459987938,1,2
2,7,56,7.63742145788285,3.26818527079726,5.34069847958459,6.24816658421719,5.95376367989613,1,2
2,7,61,7.63742145788285,3.26818527079726,6.07024259154714,6.28993013121791,5.66573239024885,1,2
2,7,62,7.63742145788285,3.26818527079726,6.0225539871618,5.81777731421469,5.78198226592171,1,2
2,7,63,7.63742145788285,3.26818527079726,3.12700599764056,6.34618056055736,5.6145671597132,1,2
2,7,64,7.63742145788285,3.26818527079726,4.42082468001497,6.09559366787686,5.51738305430263,1,2
2,7,65,7.63742145788285,3.26818527079726,4.75596778189843,6.36731880085582,5.69518540151083,1,2
2,7,66,7.63742145788285,3.26818527079726,2.82590756308544,6.57866141659846,5.8011556263021,1,2
2,7,67,7.63742145788285,3.26818527079726,4.31571153051416,5.51054932137743,5.64179553828581,1,2
2,7,68,7.63742145788285,3.26818527079726,6.06505382354245,6.90315062680518,5.94324506665194,1,2
2,7,70,7.63742145788285,3.26818527079726,4.41428017951275,6.11594927643563,5.74357283675853,1,2
2,7,76,7.63742145788285,3.26818527079726,6.82236405175395,5.99680851960958,5.83176079618893,1,2
2,7,77,7.63742145788285,3.26818527079726,4.15934953030502,6.45156868044578,5.48138883705123,1,2
2,7,82,7.63742145788285,3.26818527079726,5.67670533396211,5.92651179503372,5.50324671342625,1,2
2,7,84,7.63742145788285,3.26818527079726,4.71967726101569,5.52369016209905,5.40360381117455,1,2
2,7,85,7.63742145788285,3.26818527079726,4.04023563295336,6.05003800172043,5.57190121117738,1,2
2,8,1,7.63742145788285,3.26818527079726,6.05545985064669,5.72734543345211,5.7259471939387,1,2
2,8,3,7.63742145788285,3.26818527079726,5.47645865461839,6.12666734744248,5.73436054501969,1,2
2,8,5,7.63742145788285,3.26818527079726,4.63258633909887,5.34190727880462,5.32612684477816,1,2
2,8,10,7.63742145788285,3.26818527079726,5.49693130920815,6.04663825502025,5.4740737515784,1,2
2,8,13,7.63742145788285,3.26818527079726,5.28574436565448,5.78643737118992,5.43485663622403,1,2
2,8,19,7.63742145788285,3.26818527079726,6.1906271025566,6.81958181919987,5.91876698178758,1,2
2,8,23,7.63742145788285,3.26818527079726,5.10378868547994,5.90494794034361,5.47954721677117,1,2
2,8,24,7.63742145788285,3.26818527079726,5.15330568286457,6.37732939831729,5.60077439707321,1,2
2,8,25,7.63742145788285,3.26818527079726,6.05320734922417,5.30335270465746,5.41877508190627,1,2
2,8,29,7.63742145788285,3.26818527079726,4.02213509344961,6.27810867412464,5.6803594917225,1,2
2,8,31,7.63742145788285,3.26818527079726,5.42724813406715,7.32796717258391,6.06337080809168,1,2
2,8,37,7.63742145788285,3.26818527079726,4.97650277857526,6.56137364274348,5.87635475555231,1,2
2,8,38,7.63742145788285,3.26818527079726,4.68747021376752,5.91466790257279,5.59199396518059,1,2
2,8,39,7.63742145788285,3.26818527079726,4.70090523984138,6.08480365005348,5.51774689663783,1,2
2,8,43,7.63742145788285,3.26818527079726,5.01735809137723,6.49273071887065,5.88728681402332,1,2
2,8,48,7.63742145788285,3.26818527079726,5.18003649568551,6.2804599962217,5.79386568052819,1,2
2,8,49,7.63742145788285,3.26818527079726,4.92801411885421,5.98591915561215,5.48644961310032,1,2
2,8,50,7.63742145788285,3.26818527079726,4.98477262158624,7.09431158269392,6.03847798965578,1,2
2,8,52,7.63742145788285,3.26818527079726,4.90461457470341,6.26206962133656,5.64454845736755,1,2
2,8,53,7.63742145788285,3.26818527079726,4.40352067042202,5.76351014278401,5.50146320763442,1,2
2,8,55,7.63742145788285,3.26818527079726,6.43335689187239,5.53174892131378,5.37077451860635,1,2
2,8,56,7.63742145788285,3.26818527079726,5.86481685466094,5.82628101240643,5.59961348150858,1,2
2,8,57,7.63742145788285,3.26818527079726,5.38019347124185,6.04198338721304,5.50854011203533,1,2
2,8,58,7.63742145788285,3.26818527079726,6.06808897168277,5.57165383159466,5.47081459134604,1,2
2,8,60,7.63742145788285,3.26818527079726,5.24030514743823,6.52602348463036,5.6952286959881,1,2
2,8,61,7.63742145788285,3.26818527079726,4.03496122814428,6.41585819371266,5.62133701666466,1,2
2,8,64,7.63742145788285,3.26818527079726,2.522206548384,6.15309230451797,5.3059120520315,1,2
2,8,68,7.63742145788285,3.26818527079726,4.0141998706064,5.9439699309468,5.6938472031931,1,2
2,8,69,7.63742145788285,3.26818527079726,6.05991796714729,5.90292252049104,5.56680149992131,1,2
2,8,72,7.63742145788285,3.26818527079726,5.33946088554991,6.39525124298503,5.60110513086954,1,2
2,8,76,7.63742145788285,3.26818527079726,5.94518869216714,6.93558296181343,5.8796074714993,1,2
2,9,2,7.63742145788285,3.26818527079726,3.92101450813708,5.72325687686221,5.61353067438782,1,2
2,9,3,7.63742145788285,3.26818527079726,3.28842245958311,5.95099519590028,5.62035759247901,1,2
2,9,5,7.63742145788285,3.26818527079726,5.81748204631161,5.89550758486064,6.13617619409822,1,2
2,9,6,7.63742145788285,3.26818527079726,5.98050778543398,6.11583340515015,5.82425294607739,1,2
2,9,8,7.63742145788285,3.26818527079726,4.40135621846941,6.33117997725425,5.940020834913,1,2
2,9,13,7.63742145788285,3.26818527079726,3.86486124599674,6.40213321571474,5.74483528449257,1,2
2,9,14,7.63742145788285,3.26818527079726,4.34475143535829,5.85132951511522,5.82544554998414,1,2
2,9,16,7.63742145788285,3.26818527079726,4.99228154634943,5.72013854347587,5.85916186246035,1,2
2,9,17,7.63742145788285,3.26818527079726,2.93870145920836,5.44903224846567,5.53846605259512,1,2
2,9,18,7.63742145788285,3.26818527079726,4.07683963093128,6.03098034847497,5.49087979534183,1,2
2,9,20,7.63742145788285,3.26818527079726,4.96130619407109,6.18452336675103,5.84196362300358,1,2
2,9,21,7.63742145788285,3.26818527079726,4.09091468030087,5.43143157302078,5.75598616252812,1,2
2,9,22,7.63742145788285,3.26818527079726,3.60525254361749,5.48636591834157,5.57424635279285,1,2
2,9,23,7.63742145788285,3.26818527079726,4.04487056357807,5.63950732281252,5.61886375013548,1,2
2,9,25,7.63742145788285,3.26818527079726,5.57381021665135,6.35618860846069,5.97791102813366,1,2
2,9,26,7.63742145788285,3.26818527079726,5.13337129526693,5.7813480095377,5.77036779471146,1,2
2,9,27,7.63742145788285,3.26818527079726,3.00992393622276,5.75297534153208,5.63154064399092,1,2
2,9,30,7.63742145788285,3.26818527079726,2.02731820855169,5.85496909461801,5.741019461253,1,2
2,9,31,7.63742145788285,3.26818527079726,3.44656998420704,5.60031832810501,5.54031502215444,1,2
2,9,33,7.63742145788285,3.26818527079726,5.82844641195753,6.96893274583632,6.11601738349348,1,2
2,9,36,7.63742145788285,3.26818527079726,5.0686066210473,5.84682959679015,5.6957323770034,1,2
2,9,37,7.63742145788285,3.26818527079726,3.83345626603339,6.57025749784066,6.06185507332641,1,2
2,9,38,7.63742145788285,3.26818527079726,5.83126846627366,5.9770235290479,5.68208643859767,1,2
2,9,39,7.63742145788285,3.26818527079726,3.75092284045255,6.17392601126819,5.66063548621581,1,2
2,9,40,7.63742145788285,3.26818527079726,5.14731247270662,5.48142051174224,5.56848052568478,1,2
2,9,42,7.63742145788285,3.26818527079726,4.81996828342901,6.02368981317478,5.71770797835723,1,2
2,9,43,7.63742145788285,3.26818527079726,4.14105999318461,5.44553404694393,5.7414059311811,1,2
2,9,46,7.63742145788285,3.26818527079726,6.14103735313842,5.3383403088464,5.67167439889672,1,2
2,9,48,7.63742145788285,3.26818527079726,4.63211922150988,5.29713470455733,5.5757854781033,1,2
2,9,50,7.63742145788285,3.26818527079726,6.14694554744868,5.71905641052369,5.56599766681557,1,2
2,9,54,7.63742145788285,3.26818527079726,4.9076959986596,6.55522171231214,5.99559236513372,1,2
2,9,57,7.63742145788285,3.26818527079726,4.70153422545697,6.14807923400243,5.89040718379916,1,2
2,9,59,7.63742145788285,3.26818527079726,4.42732782479373,5.95048588002829,5.84955076369833,1,2
2,9,60,7.63742145788285,3.26818527079726,5.74019135189907,5.11457101859751,5.61794227745326,1,2
2,9,64,7.63742145788285,3.26818527079726,6.33892126833338,6.02110255406518,5.78388645173102,1,2
2,9,65,7.63742145788285,3.26818527079726,6.06656238010809,5.97757728500266,5.78203473497863,1,2
2,9,70,7.63742145788285,3.26818527079726,3.69169882622375,5.20133616763602,5.53036444675638,1,2
2,9,74,7.63742145788285,3.26818527079726,5.65979167104586,6.06919521043802,5.72467508169592,1,2
2,9,76,7.63742145788285,3.26818527079726,3.68715050172024,5.97473805664518,5.83007131986612,1,2
2,9,77,7.63742145788285,3.26818527079726,4.7914427995416,5.56047972435933,5.53748673579502,1,2
2,9,79,7.63742145788285,3.26818527079726,4.32687449705198,5.7477893022437,5.50789455059147,1,2
2,9,80,7.63742145788285,3.26818527079726,2.83543442508826,5.89565607035275,5.80054833578631,1,2
2,9,82,7.63742145788285,3.26818527079726,3.94037423487002,6.2290371298114,5.88244294509686,1,2
2,9,83,7.63742145788285,3.26818527079726,5.02652426795107,6.49989929444189,5.77195178833588,1,2
2,9,84,7.63742145788285,3.26818527079726,4.10426461220092,5.29086889775333,5.4082131481139,1,2
2,9,85,7.63742145788285,3.26818527079726,3.87789200921569,5.63473914511294,5.46329473190234,1,2
2,9,86,7.63742145788285,3.26818527079726,5.58106512000625,6.09264544538989,5.88765756465323,1,2
2,9,88,7.63742145788285,3.26818527079726,4.42975907527023,6.7420536608465,6.05098114918501,1,2
2,9,90,7.63742145788285,3.26818527079726,5.67370825904377,5.15421850210005,5.61572228314092,1,2
2,9,97,7.63742145788285,3.26818527079726,5.5914571570144,6.1073806248971,6.03358732004736,1,2
2,10,1,7.63742145788285,3.26818527079726,5.92891369578316,6.21305725654987,6.07540401444049,1,2
2,10,5,7.63742145788285,3.26818527079726,4.48390856381207,4.90974120312332,5.36643656710789,1,2
2,10,6,7.63742145788285,3.26818527079726,3.8996827283452,6.55918280994951,6.08819115054036,1,2
2,10,8,7.63742145788285,3.26818527079726,6.79662425024542,5.85217103130737,6.06892778475089,1,2
2,10,9,7.63742145788285,3.26818527079726,6.13281411987187,6.23539903002231,5.90330062890964,1,2
2,10,11,7.63742145788285,3.26818527079726,3.81007627538506,5.70211955085407,6.0487217764716,1,2
2,10,12,7.63742145788285,3.26818527079726,5.42439892704238,6.51248477631588,6.264909805199,1,2
2,10,14,7.63742145788285,3.26818527079726,5.37474014965161,7.06237433244273,6.21421156438756,1,2
2,10,18,7.63742145788285,3.26818527079726,3.26061359682202,5.20292221971772,5.76365599525659,1,2
2,10,19,7.63742145788285,3.26818527079726,6.87476407242097,5.74360908026216,6.05803364612641,1,2
2,10,20,7.63742145788285,3.26818527079726,4.77031954923109,6.19719640983894,6.11111731131855,1,2
2,10,21,7.63742145788285,3.26818527079726,6.77497945743407,6.54071291603019,6.19268472444919,1,2
2,10,22,7.63742145788285,3.26818527079726,5.08116106795554,6.18179679149741,5.87615769273693,1,2
2,10,23,7.63742145788285,3.26818527079726,6.16609379295839,5.74735751402412,5.82374221387258,1,2
2,10,26,7.63742145788285,3.26818527079726,5.90353547756569,6.3515237099341,6.07036644685908,1,2
2,10,29,7.63742145788285,3.26818527079726,5.9923366711637,6.04038715356651,6.23289533780062,1,2
2,10,30,7.63742145788285,3.26818527079726,6.37711605405297,5.73699438825731,5.80809193159632,1,2
2,10,32,7.63742145788285,3.26818527079726,4.0272810424454,6.31575507329454,6.1227437775331,1,2
2,10,35,7.63742145788285,3.26818527079726,6.38252102914622,6.11781838283644,6.24999452978192,1,2
2,10,36,7.63742145788285,3.26818527079726,4.56727446307001,6.74544099457154,6.06268472735348,1,2
2,10,37,7.63742145788285,3.26818527079726,4.32530052000945,4.99006294441514,5.86466698384384,1,2
2,10,38,7.63742145788285,3.26818527079726,2.63050234100212,5.44257173745612,5.67564097970331,1,2
2,10,40,7.63742145788285,3.26818527079726,3.65556718058206,5.69471680120572,5.81967665670948,1,2
2,10,42,7.63742145788285,3.26818527079726,5.46131712126286,5.33535426302385,5.67759680391022,1,2
2,10,45,7.63742145788285,3.26818527079726,5.4591166074052,6.20062109241975,6.20526374687522,1,2
2,10,48,7.63742145788285,3.26818527079726,4.53713395518354,6.72406200815182,6.23404019918449,1,2
2,10,49,7.63742145788285,3.26818527079726,5.65070815960922,5.56056264694374,5.86219582278755,1,2
2,10,50,7.63742145788285,3.26818527079726,5.78792166035685,6.16672606464028,6.19058432414261,1,2
2,10,51,7.63742145788285,3.26818527079726,3.5575027394364,5.76000678037502,5.71404984620123,1,2
2,10,53,7.63742145788285,3.26818527079726,4.92146087814729,5.47764558952944,5.7831576076337,1,2
2,10,54,7.63742145788285,3.26818527079726,6.40516983241815,5.66900195581439,5.7152040921983,1,2
2,10,56,7.63742145788285,3.26818527079726,5.13532159911164,6.89243371479818,6.25381762472065,1,2
2,10,58,7.63742145788285,3.26818527079726,5.26429656018818,6.17639395445034,5.79254627774481,1,2
2,10,60,7.63742145788285,3.26818527079726,6.34179467699153,6.15672334939738,6.06979985601819,1,2
2,10,61,7.63742145788285,3.26818527079726,5.46972077466121,5.5190982004398,5.99521032299686,1,2
2,10,63,7.63742145788285,3.26818527079726,6.20080551607803,5.43974786822265,5.91021856665043,1,2
2,10,65,7.63742145788285,3.26818527079726,5.98734341691075,6.69481516366549,6.20954696732078,1,2
2,10,66,7.63742145788285,3.26818527079726,4.97243314884022,6.29305787364158,6.07327528443245,1,2
2,10,68,7.63742145788285,3.26818527079726,3.66413388051984,5.1400181923147,5.60741027163847,1,2
2,10,69,7.63742145788285,3.26818527079726,3.80353814030489,6.73679072854008,5.95376905612855,1,2
2,10,71,7.63742145788285,3.26818527079726,4.25371503553692,5.77849454953461,5.84673831859267,1,2
2,10,72,7.63742145788285,3.26818527079726,6.29579533221894,5.8824162759204,5.97658509333255,1,2
2,11,1,7.63742145788285,3.26818527079726,5.79634217156712,6.14399177611246,6.28248219002551,1,2
2,11,4,7.63742145788285,3.26818527079726,8.01099829084597,6.0592056712181,6.49006176435652,1,2
2,11,5,7.63742145788285,3.26818527079726,2.93471988872939,5.55012155056666,5.89132810198971,1,2
2,11,6,7.63742145788285,3.26818527079726,5.68864804831755,6.61990377747237,6.51966216620747,1,2
2,11,7,7.63742145788285,3.26818527079726,5.91830491399796,6.24567580364088,6.25077862496435,1,2
2,11,10,7.63742145788285,3.26818527079726,4.47985889775295,5.83118586197147,6.31120940760684,1,2
2,11,11,7.63742145788285,3.26818527079726,5.66335026234912,5.81147008532871,6.07391346483289,1,2
2,11,12,7.63742145788285,3.26818527079726,4.05836949419682,6.46591098017093,6.47786945790598,1,2
2,11,13,7.63742145788285,3.26818527079726,5.64828521032864,5.81203878286926,6.33599076955466,1,2
2,11,16,7.63742145788285,3.26818527079726,4.59408841679627,6.0667901918337,6.06250190923911,1,2
2,11,18,7.63742145788285,3.26818527079726,3.49461105131633,5.90056663881321,6.310815906886,1,2
2,11,21,7.63742145788285,3.26818527079726,4.48864145163322,5.42455735819415,6.1015596057175,1,2
2,11,22,7.63742145788285,3.26818527079726,6.08410025531849,6.37274217195236,6.57110969455526,1,2
2,11,24,7.63742145788285,3.26818527079726,4.66661591541582,6.23112535928337,6.29075851827839,1,2
2,11,25,7.63742145788285,3.26818527079726,4.51214488145163,6.46959685383356,6.38569516751062,1,2
2,11,27,7.63742145788285,3.26818527079726,6.13456686799508,6.43900568976351,6.64163768897622,1,2
2,11,30,7.63742145788285,3.26818527079726,2.81765038972709,6.27045637311826,6.40634346582662,1,2
2,11,31,7.63742145788285,3.26818527079726,5.55508031310146,6.37161896906169,6.51462447564233,1,2
2,11,32,7.63742145788285,3.26818527079726,4.53232980099703,6.32043130921964,6.57626688689302,1,2
2,11,34,7.63742145788285,3.26818527079726,5.25392404824435,6.40222600484721,6.66377965919308,1,2
2,11,35,7.63742145788285,3.26818527079726,4.95804302331137,5.77679510448601,6.31700359852779,1,2
2,11,36,7.63742145788285,3.26818527079726,3.96667594269505,5.94061455405808,6.01054783943488,1,2
2,11,37,7.63742145788285,3.26818527079726,6.5929561664526,5.82857966461939,6.4615378851367,1,2
2,11,41,7.63742145788285,3.26818527079726,3.99322627099232,5.3052708010577,5.89325406897095,1,2
2,11,47,7.63742145788285,3.26818527079726,5.5434140286583,5.77643279395309,6.17356249594966,1,2
2,11,49,7.63742145788285,3.26818527079726,5.73817597996695,5.79300297723508,6.47613113073069,1,2
2,11,50,7.63742145788285,3.26818527079726,6.40881708801115,5.62996760023554,6.54036452024811,1,2
2,11,51,7.63742145788285,3.26818527079726,4.08757014996567,6.30388866259021,6.57836954096116,1,2
2,11,53,7.63742145788285,3.26818527079726,4.42440289701882,6.3091869665553,6.4134355036574,1,2
2,11,55,7.63742145788285,3.26818527079726,5.40380734400562,4.98538103714897,6.12925297297712,1,2
2,11,57,7.63742145788285,3.26818527079726,4.23061785547275,5.36953152716749,6.16155632258008,1,2
2,11,59,7.63742145788285,3.26818527079726,3.64057734874856,5.43854055020364,6.09839011873481,1,2
2,11,62,7.63742145788285,3.26818527079726,5.3844600707508,5.62875498417755,6.28432074204465,1,2
2,11,63,7.63742145788285,3.26818527079726,3.83122184105762,6.00724632324556,6.25568947683053,1,2
2,11,64,7.63742145788285,3.26818527079726,7.02118599799144,5.28552941225287,6.19632832297813,1,2
2,11,65,7.63742145788285,3.26818527079726,4.75909980712696,6.04628850212212,6.43441401827726,1,2
2,11,66,7.63742145788285,3.26818527079726,5.36335979583419,5.22099217611826,6.0929668198042,1,2
2,11,70,7.63742145788285,3.26818527079726,6.16394149536006,6.52381711717309,6.60308654534404,1,2
2,11,71,7.63742145788285,3.26818527079726,5.03640911586832,5.9450123661867,6.34079443291905,1,2
2,11,75,7.63742145788285,3.26818527079726,6.24060692249447,6.55080239726382,6.27894544668093,1,2
2,12,3,7.63742145788285,3.26818527079726,5.03539277693391,6.53689470963812,6.47198145186297,1,2
2,12,6,7.63742145788285,3.26818527079726,3.35081605692592,5.64346553444294,6.14580131584468,1,2
2,12,9,7.63742145788285,3.26818527079726,5.98554239105257,6.89978973557475,6.453335057155,1,2
2,12,12,7.63742145788285,3.26818527079726,6.00596050857307,5.96395390310554,6.36410390979686,1,2
2,12,14,7.63742145788285,3.26818527079726,4.67211774879784,6.59908481218016,6.41573564543521,1,2
2,12,15,7.63742145788285,3.26818527079726,5.21961210589065,6.36103558039474,6.54679424284592,1,2
2,12,18,7.63742145788285,3.26818527079726,4.92774463918219,5.21399260606603,6.06408095024028,1,2
2,12,19,7.63742145788285,3.26818527079726,5.54396595591734,5.71594952989321,6.21136256876547,1,2
2,12,22,7.63742145788285,3.26818527079726,5.38165346583802,6.93376453434276,6.49003952286744,1,2
2,12,23,7.63742145788285,3.26818527079726,4.42912508719138,6.22703695372345,6.3888263295242,1,2
2,12,24,7.63742145788285,3.26818527079726,4.42480999087423,5.16588402665874,6.03597916211666,1,2
2,12,25,7.63742145788285,3.26818527079726,3.66646004449897,6.37092881757878,6.37467958602957,1,2
2,12,26,7.63742145788285,3.26818527079726,4.293201906235,5.95132006788083,6.34955625072338,1,2
2,12,29,7.63742145788285,3.26818527079726,4.55372158933662,6.08285724788289,6.36915038227957,1,2
2,12,32,7.63742145788285,3.26818527079726,5.05850925788141,5.96602073186313,6.25922229092111,1,2
2,12,33,7.63742145788285,3.26818527079726,8.34683126070749,6.61682067365767,6.61647057825367,1,2
2,12,34,7.63742145788285,3.26818527079726,5.17052054466475,4.82357617686413,5.65446000046823,1,2
2,12,36,7.63742145788285,3.26818527079726,3.29169765945208,5.94745375751831,6.33395069327698,1,2
2,12,38,7.63742145788285,3.26818527079726,5.59885140873065,5.5078298158252,6.33355491898951,1,2
2,12,39,7.63742145788285,3.26818527079726,5.02914046876594,6.703009075202,6.44904533789827,1,2
2,12,45,7.63742145788285,3.26818527079726,3.12856002700852,4.97624332246351,5.85802556475455,1,2
2,12,46,7.63742145788285,3.26818527079726,4.93907526232457,5.83118491746351,6.06025609016601,1,2
2,12,47,7.63742145788285,3.26818527079726,4.04846581373527,6.30301395086619,6.41678971607826,1,2
2,12,48,7.63742145788285,3.26818527079726,5.56257422264337,5.71573656912125,6.34992449930357,1,2
2,12,50,7.63742145788285,3.26818527079726,5.02441075339335,5.79654725411545,6.37495785341069,1,2
2,12,51,7.63742145788285,3.26818527079726,4.04469819379519,6.62246736929925,6.61327103117736,1,2
2,12,52,7.63742145788285,3.26818527079726,5.48754489659817,6.28570188457314,6.40489222229163,1,2
2,12,55,7.63742145788285,3.26818527079726,4.44749716815346,5.72264671680443,6.2018681535989,1,2
2,12,57,7.63742145788285,3.26818527079726,4.26063488882314,5.20813023402595,5.99304438578488,1,2
2,12,58,7.63742145788285,3.26818527079726,3.51153299020834,6.55267336200178,6.71138256287248,1,2
2,12,61,7.63742145788285,3.26818527079726,4.80903774134511,6.19027761602822,6.4632140694224,1,2
2,12,65,7.63742145788285,3.26818527079726,3.20399097228012,6.13363554749222,6.08932456148901,1,2
2,12,66,7.63742145788285,3.26818527079726,5.65916534866331,5.7944034278099,6.28287547961817,1,2
2,12,70,7.63742145788285,3.26818527079726,2.95234722246215,5.77938526260363,6.08077002922085,1,2
2,13,4,7.63742145788285,3.26818527079726,5.8767118203181,5.96522919980649,6.78076258840016,1,2
2,13,6,7.63742145788285,3.26818527079726,2.57351306756454,6.20194162421325,6.80663466541803,1,2
2,13,10,7.63742145788285,3.26818527079726,5.75464687232592,6.07332256954987,6.85411705831075,1,2
2,13,14,7.63742145788285,3.26818527079726,5.44990460976397,6.6873376746303,7.05783091303682,1,2
2,13,15,7.63742145788285,3.26818527079726,5.7966794545262,5.93704218933741,6.71697146211172,1,2
2,13,16,7.63742145788285,3.26818527079726,5.17682765067545,6.14386627428063,6.76243497502637,1,2
2,13,17,7.63742145788285,3.26818527079726,4.16944648427224,6.39273874316631,6.98842052079826,1,2
2,13,19,7.63742145788285,3.26818527079726,3.27796541205673,6.45457643503724,6.65742148377423,1,2
2,13,20,7.63742145788285,3.26818527079726,4.80009875127519,5.5652686333377,6.44739548399241,1,2
2,13,22,7.63742145788285,3.26818527079726,6.36002719348189,5.38701444064349,6.65069585645625,1,2
2,13,26,7.63742145788285,3.26818527079726,4.72812804107574,6.299626415921,6.71786584230716,1,2
2,13,28,7.63742145788285,3.26818527079726,3.86786311490413,5.11176527289749,6.32656886165591,1,2
2,13,29,7.63742145788285,3.26818527079726,3.67309493868203,6.77925960915388,6.81381702137546,1,2
2,13,37,7.63742145788285,3.26818527079726,4.4613996638472,6.08981408480076,7.00290396446277,1,2
2,13,39,7.63742145788285,3.26818527079726,5.85608831099734,6.16579989359993,6.73470586847473,1,2
2,13,40,7.63742145788285,3.26818527079726,3.17699597596767,6.04835390569248,6.76973199559147,1,2
2,13,41,7.63742145788285,3.26818527079726,4.72964111428082,4.93974432211232,6.25272278945037,1,2
2,13,43,7.63742145788285,3.26818527079726,4.57378836696854,6.01436118953591,6.7557487854054,1,2
2,13,46,7.63742145788285,3.26818527079726,6.59250168471955,5.28943693139716,6.50471637708524,1,2
2,13,47,7.63742145788285,3.26818527079726,3.53547823943077,6.07245724731533,6.35023784624033,1,2
2,13,53,7.63742145788285,3.26818527079726,4.28561162169307,6.77756506323014,6.87364357611074,1,2
2,13,54,7.63742145788285,3.26818527079726,3.62376573646155,6.29490436901901,6.80578575563279,1,2
2,13,55,7.63742145788285,3.26818527079726,3.69242984082943,5.80108527069558,6.55064358000683,1,2
2,13,61,7.63742145788285,3.26818527079726,4.62945741304616,5.98684306571368,6.58494119185109,1,2
2,13,63,7.63742145788285,3.26818527079726,4.43694300231943,5.43404821931246,6.42615007017274,1,2
2,13,66,7.63742145788285,3.26818527079726,5.23869551365168,6.40080166722164,6.7611764019312,1,2
2,13,67,7.63742145788285,3.26818527079726,5.80699930805224,7.01156806173233,7.17113825440883,1,2
2,13,68,7.63742145788285,3.26818527079726,4.51792951963519,5.47143785958687,6.46515749557031,1,2
2,13,71,7.63742145788285,3.26818527079726,6.20607787389943,6.71013689276436,7.06368592826068,1,2
2,13,74,7.63742145788285,3.26818527079726,4.39145519859994,6.26450173693669,6.97186977022245,1,2
2,13,75,7.63742145788285,3.26818527079726,4.26621226541998,6.39077537167206,6.97947467702085,1,2
2,13,76,7.63742145788285,3.26818527079726,5.16673083465501,5.98375531518048,7.0153488312385,1,2
2,13,82,7.63742145788285,3.26818527079726,6.46854221065757,5.86266740863019,6.91259774105617,1,2
2,13,83,7.63742145788285,3.26818527079726,2.6792601786663,6.43806463434729,6.67856898991082,1,2
2,13,84,7.63742145788285,3.26818527079726,7.08464075667818,6.44939021813468,6.93216464146063,1,2
2,14,1,7.63742145788285,3.26818527079726,4.53636535663274,6.31900342144478,6.71661341835642,1,2
2,14,2,7.63742145788285,3.26818527079726,5.24924779042333,5.89181271822946,6.55483820905735,1,2
2,14,4,7.63742145788285,3.26818527079726,6.22295199479128,6.30379862877211,6.73136248620403,1,2
2,14,7,7.63742145788285,3.26818527079726,5.68210232379421,6.35639363601865,6.7519644696085,1,2
2,14,9,7.63742145788285,3.26818527079726,4.46356218526031,6.29491160378041,6.70006697481158,1,2
2,14,10,7.63742145788285,3.26818527079726,6.22281958844807,5.74916532332252,6.87515334401333,1,2
2,14,11,7.63742145788285,3.26818527079726,4.47111843917099,5.26157738100792,6.68037133468754,1,2
2,14,14,7.63742145788285,3.26818527079726,5.13986508857576,6.3290546122603,6.83054410064493,1,2
2,14,15,7.63742145788285,3.26818527079726,4.54539384742197,6.33065880764454,6.79501372602721,1,2
2,14,16,7.63742145788285,3.26818527079726,4.75406997176269,6.21108234189365,6.85192790592823,1,2
2,14,17,7.63742145788285,3.26818527079726,4.87080033720699,6.16984779687079,6.75523343919204,1,2
2,14,18,7.63742145788285,3.26818527079726,5.48356798661461,5.26510798686206,6.54431906467032,1,2
2,14,19,7.63742145788285,3.26818527079726,4.60259125803838,5.77641105904205,6.48091181215665,1,2
2,14,20,7.63742145788285,3.26818527079726,6.06152092276143,5.86088226252618,6.63201252505842,1,2
2,14,21,7.63742145788285,3.26818527079726,5.03812204034938,5.97217691932614,6.52144407725588,1,2
2,14,22,7.63742145788285,3.26818527079726,5.1521251100337,6.801590053844,6.9394502840544,1,2
2,14,23,7.63742145788285,3.26818527079726,2.9396477283533,5.64192515869066,6.53599054027277,1,2
2,14,24,7.63742145788285,3.26818527079726,4.90453373234667,6.96495926870421,6.93123788989594,1,2
2,14,25,7.63742145788285,3.26818527079726,6.06538587624801,5.88698578682569,6.59968576611346,1,2
2,14,26,7.63742145788285,3.26818527079726,4.85206992386649,5.84926495693315,6.48966428711069,1,2
2,14,28,7.63742145788285,3.26818527079726,3.69953712496209,6.08304689724286,6.48171256194606,1,2
2,14,31,7.63742145788285,3.26818527079726,5.26457185935385,5.67485917150088,6.74697195490057,1,2
2,14,33,7.63742145788285,3.26818527079726,5.99058084426285,4.64143908111035,6.36783421798775,1,2
2,14,34,7.63742145788285,3.26818527079726,4.85647598879622,6.22808015436082,6.94111981925427,1,2
2,14,35,7.63742145788285,3.26818527079726,4.922664735625,5.43956769456692,6.57172250370369,1,2
2,14,36,7.63742145788285,3.26818527079726,4.50431754428379,5.85137222560922,6.65752709018583,1,2
2,14,37,7.63742145788285,3.26818527079726,6.18831660890753,5.96274209888677,7.04273545622475,1,2
2,14,42,7.63742145788285,3.26818527079726,6.08836448219302,6.45303352758701,6.97212118221878,1,2
2,14,45,7.63742145788285,3.26818527079726,6.04361329461441,5.98836623559348,6.93252796462355,1,2
2,14,46,7.63742145788285,3.26818527079726,6.24020941396417,6.75929380325876,6.87433288698151,1,2
2,14,48,7.63742145788285,3.26818527079726,4.41070570180457,5.97208145882338,6.39143883248675,1,2
2,14,49,7.63742145788285,3.26818527079726,4.10284801746815,6.74947460067773,6.69720139229905,1,2
2,14,50,7.63742145788285,3.26818527079726,5.33368490764601,6.50578744117304,7.11575451679816,1,2
2,14,52,7.63742145788285,3.26818527079726,5.94417181987338,5.75150755235399,6.56150683094755,1,2
2,14,55,7.63742145788285,3.26818527079726,5.35755334663682,6.70057727289546,6.74765296845306,1,2
2,14,58,7.63742145788285,3.26818527079726,5.0311644705108,5.31225694317366,6.65126509596222,1,2
2,14,59,7.63742145788285,3.26818527079726,6.08671132586905,5.70737852441316,6.66977277103884,1,2
2,14,60,7.63742145788285,3.26818527079726,6.59502018096754,4.88452442087177,6.3376487645994,1,2
2,14,61,7.63742145788285,3.26818527079726,4.45947580513225,6.21184965938949,6.43047015923942,1,2
2,14,62,7.63742145788285,3.26818527079726,5.13856623991459,5.77756843729087,6.65212937041646,1,2
2,14,63,7.63742145788285,3.26818527079726,4.99585324106482,4.53725259391486,6.46087440127275,1,2
2,14,65,7.63742145788285,3.26818527079726,6.29564187611054,6.09195644375374,6.61963012779767,1,2
2,14,68,7.63742145788285,3.26818527079726,4.75221143247598,5.40729693708832,6.37637783422416,1,2
2,14,69,7.63742145788285,3.26818527079726,7.10108581699977,5.52982751191238,6.52176354958575,1,2
2,14,70,7.63742145788285,3.26818527079726,4.90799953670325,5.31207391081296,6.28875391551841,1,2
2,14,73,7.63742145788285,3.26818527079726,5.77402728531365,7.35862378520035,7.33672198509356,1,2
2,14,74,7.63742145788285,3.26818527079726,4.40254730592444,5.63424896953573,6.50974776456104,1,2
2,14,78,7.63742145788285,3.26818527079726,2.38912225091838,5.85586556784817,6.43396885926269,1,2
2,14,79,7.63742145788285,3.26818527079726,4.87614505195664,6.19559323729089,6.89895446135633,1,2
2,14,80,7.63742145788285,3.26818527079726,5.69557699088275,6.02161948203121,6.69513331841048,1,2
2,14,81,7.63742145788285,3.26818527079726,4.91314174725734,5.63201569771793,6.49964061542757,1,2
2,14,82,7.63742145788285,3.26818527079726,5.01413669496123,5.91943056871733,6.48535676099966,1,2
2,14,83,7.63742145788285,3.26818527079726,5.17083717443307,6.15705260495939,6.54895054540552,1,2
2,14,85,7.63742145788285,3.26818527079726,5.1185270948186,5.88655145962914,6.75420802619461,1,2
2,14,86,7.63742145788285,3.26818527079726,4.40423576047002,6.6209625474058,6.68902849683671,1,2
2,14,87,7.63742145788285,3.26818527079726,4.73151773956597,5.47880300953153,6.55582186121744,1,2
2,14,89,7.63742145788285,3.26818527079726,5.51190520549985,6.49493547302792,6.75114933342068,1,2
2,14,90,7.63742145788285,3.26818527079726,4.47259991654029,5.29405275163329,6.31204567731292,1,2
2,14,94,7.63742145788285,3.26818527079726,3.12516600509691,6.65212080329879,6.47476653921199,1,2
2,14,96,7.63742145788285,3.26818527079726,4.32216976245044,5.23568877216186,6.30311613577275,1,2
2,15,1,7.63742145788285,3.26818527079726,5.46148223877599,5.82084147277183,6.78974412423666,1,2
2,15,5,7.63742145788285,3.26818527079726,4.68492102232603,5.23480991380318,6.35204755306523,1,2
2,15,7,7.63742145788285,3.26818527079726,5.87629292558578,5.42631795997115,6.63047351346031,1,2
2,15,9,7.63742145788285,3.26818527079726,4.79144249052945,5.54706825600333,6.60794911866887,1,2
2,15,12,7.63742145788285,3.26818527079726,3.56025801564554,6.38518977470999,6.56146245191578,1,2
2,15,14,7.63742145788285,3.26818527079726,4.75017886990733,6.87883673484034,6.98455287982031,1,2
2,15,16,7.63742145788285,3.26818527079726,4.4462107835508,5.34042813273601,6.31560760237841,1,2
2,15,17,7.63742145788285,3.26818527079726,6.22347960291814,6.32741320664177,6.79932869931864,1,2
2,15,19,7.63742145788285,3.26818527079726,6.53721456975506,6.01199992665115,7.0050788086409,1,2
2,15,20,7.63742145788285,3.26818527079726,3.58914244185179,6.26736853081237,6.61435273620341,1,2
2,15,21,7.63742145788285,3.26818527079726,7.22502140733247,5.4243299766392,6.73767876006022,1,2
2,15,24,7.63742145788285,3.26818527079726,4.00558372071323,6.34296237255674,6.80241384945783,1,2
2,15,26,7.63742145788285,3.26818527079726,5.25502675613403,5.34818179211876,6.54941802436017,1,2
2,15,30,7.63742145788285,3.26818527079726,3.35467220465038,7.48848645537444,6.82196402181034,1,2
2,15,32,7.63742145788285,3.26818527079726,6.31875677782357,5.88135217590982,6.63266752305971,1,2
2,15,34,7.63742145788285,3.26818527079726,4.39773533875809,6.16661536611911,6.66458033436289,1,2
2,15,35,7.63742145788285,3.26818527079726,5.41881620785203,6.03984252942164,6.64696270725809,1,2
2,15,38,7.63742145788285,3.26818527079726,4.87978885791317,5.81676797157752,6.81757254842148,1,2
2,15,39,7.63742145788285,3.26818527079726,5.32700204397381,5.73617666126708,6.46653288546074,1,2
2,15,41,7.63742145788285,3.26818527079726,4.55746457771336,6.08134183512655,6.72937612805324,1,2
2,15,44,7.63742145788285,3.26818527079726,5.19446169570817,5.40110286210664,6.47499441777831,1,2
2,15,46,7.63742145788285,3.26818527079726,6.6570322871525,5.20621468748172,6.55376618312847,1,2
2,15,47,7.63742145788285,3.26818527079726,4.61337397292042,5.59866155245586,6.38894673747869,1,2
2,15,48,7.63742145788285,3.26818527079726,4.8010650523432,5.77822110097546,6.57035208831623,1,2
2,15,52,7.63742145788285,3.26818527079726,5.6288987808228,6.89758132206972,6.94926176891098,1,2
2,15,54,7.63742145788285,3.26818527079726,8.45728796661957,6.60829815370841,6.82430206279904,1,2
2,15,56,7.63742145788285,3.26818527079726,4.16641414933221,5.60105584781089,6.48960154568658,1,2
2,15,57,7.63742145788285,3.26818527079726,5.54124784949848,6.33448222833735,6.61331322513734,1,2
2,16,1,7.63742145788285,3.26818527079726,4.03567571895255,5.40683926821756,7.07871673485925,1,2
2,16,2,7.63742145788285,3.26818527079726,3.42974915423848,6.09669639836782,7.00759679103734,1,2
2,16,4,7.63742145788285,3.26818527079726,3.99569710642393,6.36331430792126,7.14133249250035,1,2
2,16,6,7.63742145788285,3.26818527079726,5.74796624181998,6.07336178047419,6.97450666294742,1,2
2,16,7,7.63742145788285,3.26818527079726,5.65120691534725,5.1026992026599,6.74251238105926,1,2
2,16,9,7.63742145788285,3.26818527079726,4.73401811610975,4.50630266414725,6.63574744353486,1,2
2,16,10,7.63742145788285,3.26818527079726,4.54813612765313,5.71875880133676,6.92886217409203,1,2
2,16,11,7.63742145788285,3.26818527079726,5.28378895775412,6.4423340305217,7.01660716823388,1,2
2,16,12,7.63742145788285,3.26818527079726,5.90152007186886,6.13814701636923,7.20614601562667,1,2
2,16,13,7.63742145788285,3.26818527079726,4.31367785420067,6.25940467125629,7.07017897899311,1,2
2,16,14,7.63742145788285,3.26818527079726,3.77501954515922,6.08463024136918,6.84953673827791,1,2
2,16,15,7.63742145788285,3.26818527079726,5.87674771278669,6.35283637867226,7.00292720133423,1,2
2,16,17,7.63742145788285,3.26818527079726,5.34127938442218,6.26163402181877,7.02777250295662,1,2
2,16,18,7.63742145788285,3.26818527079726,5.263016805386,6.39346512244135,7.15614422025864,1,2
2,16,19,7.63742145788285,3.26818527079726,4.39458393613046,5.44117547503826,6.81325258195652,1,2
2,16,23,7.63742145788285,3.26818527079726,5.10177145658371,5.57278391793313,7.07252275865838,1,2
2,16,24,7.63742145788285,3.26818527079726,5.21874526456479,5.79620940729268,7.22538873895368,1,2
2,16,26,7.63742145788285,3.26818527079726,4.88469826905118,6.3029139357177,6.95429590211173,1,2
2,16,29,7.63742145788285,3.26818527079726,3.75739881084145,5.91515671561233,7.04925013014222,1,2
2,16,30,7.63742145788285,3.26818527079726,5.81265651650874,5.62253157939862,7.35493170633306,1,2
2,16,31,7.63742145788285,3.26818527079726,5.46744676847905,6.66910521413262,7.25876028795229,1,2
2,16,33,7.63742145788285,3.26818527079726,6.47726713937811,6.0156970119006,7.12502590757566,1,2
2,16,36,7.63742145788285,3.26818527079726,6.97213397546996,7.44434950818152,7.27698982967915,1,2
2,16,37,7.63742145788285,3.26818527079726,6.35427696263329,6.24339894897642,6.99397135303743,1,2
2,16,38,7.63742145788285,3.26818527079726,4.2477676477537,6.8401572742544,7.08461625382717,1,2
2,16,39,7.63742145788285,3.26818527079726,5.31595660645277,5.98050322499987,6.93868352443741,1,2
2,16,40,7.63742145788285,3.26818527079726,4.70782313010352,5.24710660007508,7.05777002177231,1,2
2,16,47,7.63742145788285,3.26818527079726,5.20398063584615,5.5913101979348,6.89584663951641,1,2
2,16,48,7.63742145788285,3.26818527079726,6.38322891692898,5.72842735237539,6.74478131993223,1,2
2,16,49,7.63742145788285,3.26818527079726,5.14477084818339,5.81669950927915,7.1691869189398,1,2
2,16,50,7.63742145788285,3.26818527079726,5.68635985417498,6.80387350757918,7.26818822640148,1,2
2,16,52,7.63742145788285,3.26818527079726,3.24490699893663,6.1515443587802,7.07864428110132,1,2
2,16,53,7.63742145788285,3.26818527079726,5.19653055186428,5.59066034937972,6.52985627541759,1,2
2,16,54,7.63742145788285,3.26818527079726,5.18619712758835,6.04207477755045,7.12845714115163,1,2
2,16,55,7.63742145788285,3.26818527079726,5.8924715197238,6.72960511482653,7.46143709923473,1,2
2,16,56,7.63742145788285,3.26818527079726,3.34203944616002,6.55007611294614,7.1887247274324,1,2
2,16,57,7.63742145788285,3.26818527079726,4.29053938691574,5.91103605377636,6.75581019091334,1,2
2,16,58,7.63742145788285,3.26818527079726,3.97930905907984,7.01335269037769,7.20342324737764,1,2
2,17,4,7.63742145788285,3.26818527079726,6.15305544503097,5.59753766147038,6.70977100976637,1,2
2,17,6,7.63742145788285,3.26818527079726,4.20263394524222,6.74113627250145,6.93598270440318,1,2
2,17,10,7.63742145788285,3.26818527079726,6.16215164460773,7.09400233552445,7.36694573864418,1,2
2,17,16,7.63742145788285,3.26818527079726,4.03658444333966,6.24449886646836,6.90839615145954,1,2
2,17,17,7.63742145788285,3.26818527079726,4.76164720732192,5.39936177712635,6.90621138747242,1,2
2,17,18,7.63742145788285,3.26818527079726,4.81394081447055,6.28551332623607,7.16435640498225,1,2
2,17,21,7.63742145788285,3.26818527079726,2.81140975764205,6.90454037871404,6.9720511457766,1,2
2,17,25,7.63742145788285,3.26818527079726,5.15568343504862,6.49432053020135,6.96011719615481,1,2
2,17,26,7.63742145788285,3.26818527079726,6.84832331039026,5.91359636390014,7.15239519405082,1,2
2,17,30,7.63742145788285,3.26818527079726,3.81687837451207,6.10888513104215,7.04716026839402,1,2
2,17,31,7.63742145788285,3.26818527079726,5.58228823651715,6.54928563629231,7.0643381504011,1,2
2,17,32,7.63742145788285,3.26818527079726,4.80902597017692,6.26771983264416,6.85896024512172,1,2
2,17,34,7.63742145788285,3.26818527079726,4.73491945693059,6.15383128952672,7.16918750525973,1,2
2,17,39,7.63742145788285,3.26818527079726,5.46508314292448,6.19386398789776,6.81008045897641,1,2
2,17,40,7.63742145788285,3.26818527079726,4.09845734433445,5.50702727874972,6.83709748770662,1,2
2,17,44,7.63742145788285,3.26818527079726,5.16764182424912,5.64982062470262,6.69354880609283,1,2
2,17,48,7.63742145788285,3.26818527079726,5.57386710010293,5.65640946707708,7.30093789476812,1,2
2,17,49,7.63742145788285,3.26818527079726,2.77998258735673,5.9550062085622,6.51933311173242,1,2
2,17,50,7.63742145788285,3.26818527079726,5.6562640284274,5.75587928256877,6.73361405130596,1,2
2,17,52,7.63742145788285,3.26818527079726,4.96647674821457,6.14986919463976,6.93656762742665,1,2
2,17,53,7.63742145788285,3.26818527079726,5.55335319874686,5.83488567890528,6.84425661409682,1,2
2,17,54,7.63742145788285,3.26818527079726,4.19628287413679,5.78529916905034,6.9505830276967,1,2
2,17,58,7.63742145788285,3.26818527079726,3.67138385516208,5.58154565705664,6.63480430523313,1,2
2,17,60,7.63742145788285,3.26818527079726,6.94862261501369,5.44741909402458,7.13407933211469,1,2
2,17,64,7.63742145788285,3.26818527079726,4.93148174316158,6.54609571572655,7.10244630842294,1,2
2,17,65,7.63742145788285,3.26818527079726,3.63906865285705,5.97958291976627,7.07759161749416,1,2
2,17,66,7.63742145788285,3.26818527079726,5.17577473656698,5.40546628847589,6.6526527199893,1,2
2,18,2,7.63742145788285,3.26818527079726,5.96730936632759,6.67855022327551,7.5068080062094,1,2
2,18,3,7.63742145788285,3.26818527079726,6.05258802734394,6.12222618711512,7.28248939433235,1,2
2,18,4,7.63742145788285,3.26818527079726,3.66151406573371,6.2822949327147,6.9012579247778,1,2
2,18,7,7.63742145788285,3.26818527079726,7.35830131615636,6.64737464472047,7.42819954586238,1,2
2,18,8,7.63742145788285,3.26818527079726,5.11567029118766,6.12917946826306,6.95499696037692,1,2
2,18,9,7.63742145788285,3.26818527079726,6.23071549502394,5.32574702527807,7.12537306941846,1,2
2,18,10,7.63742145788285,3.26818527079726,4.74411002611569,6.14465810172319,7.06932408971562,1,2
2,18,11,7.63742145788285,3.26818527079726,4.63851045167566,4.81761195115094,6.55594590115101,1,2
2,18,12,7.63742145788285,3.26818527079726,4.45561455871611,7.11482939570201,6.81501656436826,1,2
2,18,13,7.63742145788285,3.26818527079726,2.29480820185373,7.35337925662625,7.70440100741273,1,2
2,18,15,7.63742145788285,3.26818527079726,4.8310953657645,4.9802264061357,6.8279698820231,1,2
2,18,16,7.63742145788285,3.26818527079726,4.44859768006098,6.79136117143697,7.37770153308998,1,2
2,18,17,7.63742145788285,3.26818527079726,3.67571143298307,6.70728007618142,7.22150997445807,1,2
2,18,22,7.63742145788285,3.26818527079726,5.56436540291823,6.39984895223217,7.01869737338002,1,2
2,18,23,7.63742145788285,3.26818527079726,4.80672995620123,6.11369077263653,7.0542165677256,1,2
2,18,24,7.63742145788285,3.26818527079726,4.13597129099215,5.99702220563085,6.87624737293338,1,2
2,18,25,7.63742145788285,3.26818527079726,5.62928449701547,5.82956363114337,7.07199556919813,1,2
2,18,26,7.63742145788285,3.26818527079726,6.72348677665455,6.71951533355808,7.10347665129351,1,2
2,18,27,7.63742145788285,3.26818527079726,4.76943406231042,6.42751859960227,7.34264970762689,1,2
2,18,29,7.63742145788285,3.26818527079726,4.60499083089445,5.80822498367558,6.64180664515776,1,2
2,18,30,7.63742145788285,3.26818527079726,3.81103363455709,5.76611633023028,6.7613105605212,1,2
2,18,34,7.63742145788285,3.26818527079726,3.49784813944505,5.79371289866172,7.44334468640112,1,2
2,18,35,7.63742145788285,3.26818527079726,4.90826932383585,6.30332105310802,7.14131481353368,1,2
2,18,36,7.63742145788285,3.26818527079726,3.76701944228755,5.54267923550075,6.86717002928408,1,2
2,18,37,7.63742145788285,3.26818527079726,4.01321633423421,4.72894868771699,6.65461178283197,1,2
2,18,39,7.63742145788285,3.26818527079726,6.02144390398575,6.02860263363391,7.15132913944877,1,2
2,18,41,7.63742145788285,3.26818527079726,4.83785825820371,5.24852091945058,6.89698931669844,1,2
2,18,44,7.63742145788285,3.26818527079726,4.71608713501942,5.0941246526364,7.14525782493375,1,2
2,18,45,7.63742145788285,3.26818527079726,4.28599922823295,5.40542428473735,6.99399227884455,1,2
2,18,47,7.63742145788285,3.26818527079726,5.42051243479054,6.28135760744889,7.33778484318071,1,2
2,18,48,7.63742145788285,3.26818527079726,5.83854301793597,6.30583361654862,7.05472777474288,1,2
2,18,51,7.63742145788285,3.26818527079726,5.31836135852567,6.8516771017404,7.53554948736361,1,2
2,18,52,7.63742145788285,3.26818527079726,2.87044998813887,5.87845367279083,7.04330756383056,1,2
2,18,53,7.63742145788285,3.26818527079726,5.26722379912861,4.97031822040391,6.57477743998712,1,2
2,18,54,7.63742145788285,3.26818527079726,3.59949830912759,6.04581261866444,6.80273525873269,1,2
2,18,58,7.63742145788285,3.26818527079726,5.90936461696684,5.41340179226932,6.95154155003546,1,2
2,18,62,7.63742145788285,3.26818527079726,4.78407229885775,5.6233874696896,7.20045342423537,1,2
2,18,63,7.63742145788285,3.26818527079726,6.02479487881659,5.93544903369395,7.19637939346166,1,2
2,18,66,7.63742145788285,3.26818527079726,3.49427127601306,6.41279680017178,7.04109820255214,1,2
2,18,68,7.63742145788285,3.26818527079726,4.50117879573144,6.05157298346108,7.03296618765625,1,2
2,18,72,7.63742145788285,3.26818527079726,6.63528308498892,6.11807075291625,7.28856950628897,1,2
2,18,74,7.63742145788285,3.26818527079726,3.95741127948882,6.28666404685627,7.09496148122524,1,2
2,18,75,7.63742145788285,3.26818527079726,5.35202557915388,6.18535321890576,7.03934231979958,1,2
2,18,78,7.63742145788285,3.26818527079726,6.1051256886337,6.0850652177577,7.18541830586977,1,2
2,18,80,7.63742145788285,3.26818527079726,5.49856519437897,6.31256491637311,7.63366637689781,1,2
2,18,81,7.63742145788285,3.26818527079726,5.85614194777968,6.7084655270377,7.44852932576898,1,2
2,19,1,7.63742145788285,3.26818527079726,4.17470751894944,6.46457384987545,7.21560069888113,1,2
2,19,6,7.63742145788285,3.26818527079726,4.81553443770841,5.55657074533028,6.84942144207017,1,2
2,19,13,7.63742145788285,3.26818527079726,5.7994715768739,5.17450777347346,6.91425459149056,1,2
2,19,15,7.63742145788285,3.26818527079726,5.94411131242814,5.63888726425437,6.96797935301273,1,2
2,19,16,7.63742145788285,3.26818527079726,6.20024692344776,6.0195832326584,7.27924354525782,1,2
2,19,18,7.63742145788285,3.26818527079726,6.40629182352038,6.52704556736804,7.34820286899428,1,2
2,19,23,7.63742145788285,3.26818527079726,5.57123663564513,5.63184302618252,6.99763947459678,1,2
2,19,27,7.63742145788285,3.26818527079726,5.06779428157387,6.22875518726831,7.05332638194905,1,2
2,19,31,7.63742145788285,3.26818527079726,5.60945511806516,6.1533031959484,7.21851109772258,1,2
2,19,32,7.63742145788285,3.26818527079726,5.15895902415649,6.1447731160722,7.07046671707301,1,2
2,19,33,7.63742145788285,3.26818527079726,5.9912697478549,6.40240493671111,7.41135726367902,1,2
2,19,39,7.63742145788285,3.26818527079726,6.48791499144771,5.39151500426716,6.81744207608393,1,2
2,19,41,7.63742145788285,3.26818527079726,5.82309799727043,5.90766800705199,7.33252097676697,1,2
2,19,43,7.63742145788285,3.26818527079726,3.96725042733221,6.78932010760294,7.22189051650933,1,2
2,19,48,7.63742145788285,3.26818527079726,5.99225084133336,5.99983979016337,7.02262504242387,1,2
2,19,49,7.63742145788285,3.26818527079726,4.65004734357309,6.20253191753104,7.02241222545755,1,2
2,19,52,7.63742145788285,3.26818527079726,5.30633801895159,5.56501316288182,7.00432812034186,1,2
2,19,53,7.63742145788285,3.26818527079726,4.52089538391675,6.3932499929732,7.10231479497308,1,2
2,19,55,7.63742145788285,3.26818527079726,4.19134481876734,5.64589980288334,7.04847858867268,1,2
2,19,59,7.63742145788285,3.26818527079726,5.25449526730204,5.19630506633119,6.89485381619138,1,2
2,19,61,7.63742145788285,3.26818527079726,5.3722320066353,6.27512838826747,7.04391857441735,1,2
2,19,62,7.63742145788285,3.26818527079726,6.52415204889607,6.07972901192666,7.0308758810994,1,2
2,20,1,7.63742145788285,3.26818527079726,5.51543691407092,6.46125075234004,7.55895469117187,1,2
2,20,3,7.63742145788285,3.26818527079726,5.57004588010058,5.89576275783648,7.78240967730782,1,2
2,20,6,7.63742145788285,3.26818527079726,4.36429035590259,6.2345352566419,7.3518055812517,1,2
2,20,8,7.63742145788285,3.26818527079726,4.8160035203455,5.90420753247102,7.6158026765727,1,2
2,20,9,7.63742145788285,3.26818527079726,5.35031991519193,6.71294947964499,7.61588167996927,1,2
2,20,14,7.63742145788285,3.26818527079726,5.22061648927727,5.89417944294436,7.33912778135628,1,2
2,20,16,7.63742145788285,3.26818527079726,4.64333518997269,6.49810137744608,7.4027435942706,1,2
2,20,17,7.63742145788285,3.26818527079726,3.8680393494611,6.26975549170725,7.22140168127642,1,2
2,20,18,7.63742145788285,3.26818527079726,5.17373345424934,6.65610970759271,7.64342298024608,1,2
2,20,19,7.63742145788285,3.26818527079726,5.33354225469397,6.7487340219036,7.65653497792653,1,2
2,20,20,7.63742145788285,3.26818527079726,3.57949971468953,6.14869291833012,6.82840539371228,1,2
2,20,22,7.63742145788285,3.26818527079726,6.70580645893697,5.80153026226699,7.27493578990208,1,2
2,20,23,7.63742145788285,3.26818527079726,4.35615858394656,5.3772432108629,7.46573857150746,1,2
2,20,25,7.63742145788285,3.26818527079726,4.77495190398381,5.88515961818066,7.47213122366995,1,2
2,20,26,7.63742145788285,3.26818527079726,5.65361471701234,6.22595844139424,7.65009176049804,1,2
2,20,27,7.63742145788285,3.26818527079726,5.15648902498124,5.87148796839575,7.49437536313881,1,2
2,20,30,7.63742145788285,3.26818527079726,5.23313855813874,5.9572991011546,7.51909551088382,1,2
2,20,37,7.63742145788285,3.26818527079726,4.02571732693246,7.21968695381708,7.59208175923992,1,2
2,20,40,7.63742145788285,3.26818527079726,4.18690798786507,6.68957538027102,7.77020932863013,1,2
2,20,41,7.63742145788285,3.26818527079726,5.14757991668998,6.17381606621781,7.97425872319778,1,2
2,20,44,7.63742145788285,3.26818527079726,5.47592927955971,6.3317703192584,7.58453765947767,1,2
2,20,46,7.63742145788285,3.26818527079726,4.52965303972732,5.93595959654918,7.13050175186113,1,2
2,20,47,7.63742145788285,3.26818527079726,5.10187520760063,5.34236061974311,7.52804927818339,1,2
2,20,48,7.63742145788285,3.26818527079726,3.92667748439823,5.73177702179334,7.33012126227752,1,2
2,20,49,7.63742145788285,3.26818527079726,7.22003158497669,5.25366997252147,7.45238327228829,1,2
2,20,51,7.63742145788285,3.26818527079726,5.11137867614086,6.9265175905299,7.64165916666053,1,2
2,20,52,7.63742145788285,3.26818527079726,5.93606545359224,6.73936999743092,7.57849718976037,1,2
2,20,53,7.63742145788285,3.26818527079726,3.27825261399742,6.53369775368819,7.37760694572451,1,2
2,20,54,7.63742145788285,3.26818527079726,4.73368064870196,5.54680418508182,7.36534168719032,1,2
2,20,55,7.63742145788285,3.26818527079726,5.09101938101973,5.92682407404874,7.47879605385517,1,2
2,20,56,7.63742145788285,3.26818527079726,4.14497506627561,7.266839223854,7.61295293941385,1,2
2,20,57,7.63742145788285,3.26818527079726,7.16334789862324,5.29339533851417,7.48771674501561,1,2
2,20,60,7.63742145788285,3.26818527079726,6.73742380451452,6.49876930958289,7.47358058569471,1,2
2,20,61,7.63742145788285,3.26818527079726,5.48560450338488,7.06508230574445,8.0000281941406,1,2
2,20,63,7.63742145788285,3.26818527079726,5.4975618493215,5.52601046521658,7.64087770068293,1,2
2,20,64,7.63742145788285,3.26818527079726,2.74557573331596,6.24878723083259,7.01854066218274,1,2
2,20,67,7.63742145788285,3.26818527079726,4.28896674166965,6.36236606979182,7.41199595300475,1,2
2,20,74,7.63742145788285,3.26818527079726,5.46508467613965,6.00195900606317,7.18904856957976,1,2
2,20,75,7.63742145788285,3.26818527079726,3.72831726041371,5.7227997401533,7.4682932571792,1,2
2,20,77,7.63742145788285,3.26818527079726,4.22374732636192,6.56854513369489,7.7016628676867,1,2
2,20,78,7.63742145788285,3.26818527079726,7.61707113617903,5.51518927713375,7.5631438714526,1,2
2,20,79,7.63742145788285,3.26818527079726,3.54079050344955,6.5794343588071,7.42751930405191,1,2
2,20,80,7.63742145788285,3.26818527079726,6.34543459169384,5.82191345372158,7.39774647251436,1,2
2,20,83,7.63742145788285,3.26818527079726,3.99321196117118,5.92853897277222,7.21457779511539,1,2
2,20,84,7.63742145788285,3.26818527079726,5.79192173123791,5.93319704402015,7.30544894406269,1,2
2,20,89,7.63742145788285,3.26818527079726,4.23203294678703,5.79357461187747,7.28637279294848,1,2
2,20,93,7.63742145788285,3.26818527079726,4.80919592242774,5.2668998958458,7.7802303045541,1,2
2,20,98,7.63742145788285,3.26818527079726,3.92977027105282,5.88682992758116,7.55572831147236,1,2
2,21,3,7.63742145788285,3.26818527079726,5.1980340620499,6.20257816589432,7.7808050375048,1,2
2,21,5,7.63742145788285,3.26818527079726,5.75474525248878,6.33489220193395,7.60344426627716,1,2
2,21,9,7.63742145788285,3.26818527079726,6.29077738880619,6.66889467636668,7.9223216920163,1,2
2,21,10,7.63742145788285,3.26818527079726,6.97229070868029,5.64667463213018,7.96549316295165,1,2
2,21,12,7.63742145788285,3.26818527079726,4.14954063094387,5.38059409914035,7.4177557169884,1,2
2,21,15,7.63742145788285,3.26818527079726,5.37526953553262,5.32689418752197,7.66601269132247,1,2
2,21,16,7.63742145788285,3.26818527079726,3.79171728757916,5.56581615419538,7.79317471947564,1,2
2,21,17,7.63742145788285,3.26818527079726,5.8874729017023,6.21598991440356,7.6920191192565,1,2
2,21,18,7.63742145788285,3.26818527079726,4.63138219477879,5.97383069567782,7.5127682966683,1,2
2,21,19,7.63742145788285,3.26818527079726,5.91641545058547,5.62379356201113,7.35962845463426,1,2
2,21,21,7.63742145788285,3.26818527079726,7.05977415536049,5.92980375863976,7.55921177778314,1,2
2,21,24,7.63742145788285,3.26818527079726,7.23312828215831,5.6925227497534,7.72670473555766,1,2
2,21,30,7.63742145788285,3.26818527079726,5.07567917441031,5.20349223643912,7.34309283808035,1,2
2,21,31,7.63742145788285,3.26818527079726,4.96149789669379,7.27105251593499,7.57300914499257,1,2
2,21,34,7.63742145788285,3.26818527079726,6.12095348847874,5.91486739053924,7.88530022034863,1,2
2,21,37,7.63742145788285,3.26818527079726,4.60625679072948,6.50223359655099,8.0066767280239,1,2
2,21,39,7.63742145788285,3.26818527079726,5.64437399606177,6.52151585357313,7.78451255701468,1,2
2,21,40,7.63742145788285,3.26818527079726,4.71588832511941,5.94806675223386,7.39897022774351,1,2
2,21,43,7.63742145788285,3.26818527079726,4.02825676914683,5.28848182038769,7.2108810162317,1,2
2,21,45,7.63742145788285,3.26818527079726,6.1383722986122,6.25362492921761,7.40815915310805,1,2
2,21,46,7.63742145788285,3.26818527079726,4.68168244684309,6.53247251969291,7.76873356437967,1,2
2,21,48,7.63742145788285,3.26818527079726,5.19380460126969,6.0859574675551,7.55557497510917,1,2
2,21,49,7.63742145788285,3.26818527079726,5.6241637308851,6.98623609941273,8.15550549219419,1,2
2,21,53,7.63742145788285,3.26818527079726,4.19929879846373,7.00733429861927,7.44146462831014,1,2
2,21,56,7.63742145788285,3.26818527079726,5.59361615220285,6.19555039420107,7.37707953552542,1,2
2,21,58,7.63742145788285,3.26818527079726,2.72135118133593,5.38946217183208,7.38979464713586,1,2
2,21,59,7.63742145788285,3.26818527079726,4.39186428821801,5.37899588272067,7.45182161374054,1,2
2,21,63,7.63742145788285,3.26818527079726,4.99729745410088,6.29748978876882,7.8946527644803,1,2
2,21,66,7.63742145788285,3.26818527079726,3.24723391373771,6.0987033622769,7.44719082694241,1,2
2,21,67,7.63742145788285,3.26818527079726,4.03133749972045,6.18487646103331,7.39193775738523,1,2
2,22,1,7.63742145788285,3.26818527079726,4.74706800739232,5.22579374444845,7.83441698755672,1,2
2,22,5,7.63742145788285,3.26818527079726,3.37324555417768,5.40665311540707,7.35563216123337,1,2
2,22,10,7.63742145788285,3.26818527079726,4.6487363082571,5.51153701222974,7.57477534490096,1,2
2,22,17,7.63742145788285,3.26818527079726,5.18357682820463,5.92168303110978,7.76008227404842,1,2
2,22,19,7.63742145788285,3.26818527079726,5.0414438117396,5.81107058375903,7.53301207801938,1,2
2,22,21,7.63742145788285,3.26818527079726,5.41093040092608,6.08463126189616,7.62776464374785,1,2
2,22,22,7.63742145788285,3.26818527079726,5.22855768808905,5.80553102489752,7.84780904309577,1,2
2,22,25,7.63742145788285,3.26818527079726,5.0394343636638,5.63256262109844,7.75587713172573,1,2
2,22,26,7.63742145788285,3.26818527079726,3.86204634588521,4.83657787195836,7.64708231835402,1,2
2,22,29,7.63742145788285,3.26818527079726,4.91833766858709,6.12164496453748,7.92867465277624,1,2
2,22,31,7.63742145788285,3.26818527079726,6.37359787050147,5.86211362805039,7.21433641357355,1,2
2,22,33,7.63742145788285,3.26818527079726,4.85591263620977,6.60583268654746,7.90127914625642,1,2
2,22,34,7.63742145788285,3.26818527079726,5.02113831234155,6.09450840684825,7.81700199200291,1,2
2,22,36,7.63742145788285,3.26818527079726,2.95122070338341,6.19275690501066,7.75254020200037,1,2
2,22,44,7.63742145788285,3.26818527079726,4.79221080721197,6.29032895387512,7.72621119289945,1,2
2,22,45,7.63742145788285,3.26818527079726,4.94986769307738,5.90088782538086,7.45625188305671,1,2
2,22,46,7.63742145788285,3.26818527079726,4.98925585370726,5.62276166971548,7.70118939581734,1,2
2,22,49,7.63742145788285,3.26818527079726,4.29719634552746,5.46175452643491,7.55743694233796,1,2
2,22,51,7.63742145788285,3.26818527079726,6.68631164675803,5.46423860049069,7.6048774594836,1,2
2,22,52,7.63742145788285,3.26818527079726,5.38029584730814,6.11269270183016,7.50643726552506,1,2
2,22,54,7.63742145788285,3.26818527079726,5.65264439748886,5.82810308330057,7.48681595843174,1,2
2,22,55,7.63742145788285,3.26818527079726,4.10430276702747,5.31941104082496,7.43676931886226,1,2
2,22,58,7.63742145788285,3.26818527079726,6.08969635602759,5.71109034496737,7.34927700835997,1,2
2,22,61,7.63742145788285,3.26818527079726,6.26522786266428,6.35866840632906,7.56554926732137,1,2
2,22,62,7.63742145788285,3.26818527079726,6.80013378079067,7.00431035705081,7.94062401903667,1,2
2,22,66,7.63742145788285,3.26818527079726,4.63680033072329,5.58009162084186,7.66758864675528,1,2
2,22,67,7.63742145788285,3.26818527079726,4.51911021229196,7.00729411978773,7.83746771063312,1,2
2,22,68,7.63742145788285,3.26818527079726,4.02956432252201,5.41134306764405,7.35655221492766,1,2
2,22,69,7.63742145788285,3.26818527079726,6.20420085476655,5.50296103867408,7.43042931007758,1,2
2,22,70,7.63742145788285,3.26818527079726,4.31400786679051,5.07017515401028,7.56425597677653,1,2
2,22,71,7.63742145788285,3.26818527079726,7.40168821884453,6.03729304643719,7.58721148040834,1,2
2,22,73,7.63742145788285,3.26818527079726,3.39876734905223,6.23020576143596,7.52038683408386,1,2
2,22,76,7.63742145788285,3.26818527079726,5.29910580574559,5.31884585584419,7.73269103761166,1,2
2,22,77,7.63742145788285,3.26818527079726,5.39082461231164,6.61247497960766,7.71880416207718,1,2
2,22,78,7.63742145788285,3.26818527079726,6.2717399348181,5.75829764885626,7.92655096633216,1,2
2,22,79,7.63742145788285,3.26818527079726,6.40807581483539,6.34276906464458,7.63466688204892,1,2
2,22,80,7.63742145788285,3.26818527079726,5.15207776230104,6.10763101747626,7.7446727556971,1,2
2,22,84,7.63742145788285,3.26818527079726,3.61424307595434,6.53232164007892,7.89535557226946,1,2
2,22,85,7.63742145788285,3.26818527079726,4.22984161096745,4.90302404031796,7.48108155925791,1,2
2,22,86,7.63742145788285,3.26818527079726,4.03861656263944,6.52847309402158,7.76428306903536,1,2
2,22,87,7.63742145788285,3.26818527079726,2.71809024387927,6.11699345451324,7.57098276938381,1,2
2,22,88,7.63742145788285,3.26818527079726,4.57169115716564,5.93407129023174,7.46428756811202,1,2
2,23,2,7.63742145788285,3.26818527079726,5.33763680727245,6.22426222115587,8.09330186345408,1,2
2,23,3,7.63742145788285,3.26818527079726,6.84523009961576,6.78140719948791,8.18218724080882,1,2
2,23,4,7.63742145788285,3.26818527079726,4.45822855610067,5.08109029699483,7.77583860348089,1,2
2,23,7,7.63742145788285,3.26818527079726,3.49415035415695,4.98917739378673,7.58464335693779,1,2
2,23,8,7.63742145788285,3.26818527079726,5.38333252930526,6.83493349035811,7.98889149664578,1,2
2,23,9,7.63742145788285,3.26818527079726,6.54709397589141,5.5020853344256,7.74196498785847,1,2
2,23,13,7.63742145788285,3.26818527079726,4.89276154956451,5.34224474864875,7.70135379820297,1,2
2,23,16,7.63742145788285,3.26818527079726,4.93686294771638,5.47953663368913,7.97107003363847,1,2
2,23,18,7.63742145788285,3.26818527079726,8.05389127111491,6.52204867736237,8.06456372860846,1,2
2,23,19,7.63742145788285,3.26818527079726,6.07888312716687,5.48230764348078,7.87556758187429,1,2
2,23,20,7.63742145788285,3.26818527079726,7.02887062963184,5.49357362444136,7.70905528708927,1,2
2,23,21,7.63742145788285,3.26818527079726,4.86945139599155,6.30180849275372,7.90292092306316,1,2
2,23,22,7.63742145788285,3.26818527079726,4.8066139550932,5.63384969809933,7.54552708173131,1,2
2,23,25,7.63742145788285,3.26818527079726,5.44802758464349,6.35269773996261,7.69374367730849,1,2
2,23,26,7.63742145788285,3.26818527079726,4.63926182950976,6.24812878123184,7.55981609847579,1,2
2,23,27,7.63742145788285,3.26818527079726,4.85554647668194,6.21582169054579,7.73070080631169,1,2
2,23,28,7.63742145788285,3.26818527079726,6.46699222777425,5.91042797670378,7.7283549625758,1,2
2,23,33,7.63742145788285,3.26818527079726,4.97707295417893,5.15740603911562,7.68200252122362,1,2
2,23,35,7.63742145788285,3.26818527079726,6.0270933472503,5.77987341394487,7.58721505494393,1,2
2,23,38,7.63742145788285,3.26818527079726,3.11597741472532,6.09322401874421,7.70923264564481,1,2
2,23,39,7.63742145788285,3.26818527079726,5.38003694747125,6.40472580229114,7.88768123636656,1,2
2,23,42,7.63742145788285,3.26818527079726,6.00446970913158,5.53902949458898,8.13564809991469,1,2
2,23,45,7.63742145788285,3.26818527079726,6.43325648786913,5.40973902718397,7.75332125056118,1,2
2,23,46,7.63742145788285,3.26818527079726,4.71953541793032,5.97806387103145,7.57176229550538,1,2
2,23,47,7.63742145788285,3.26818527079726,5.19685702498697,6.42040102346729,7.99285310629308,1,2
2,23,50,7.63742145788285,3.26818527079726,4.96656369870686,5.35374344975448,7.93927007196523,1,2
2,23,51,7.63742145788285,3.26818527079726,4.95908534992972,5.48746201415534,7.89855345089554,1,2
2,23,52,7.63742145788285,3.26818527079726,6.7948361976654,5.54772485930263,8.08118139665229,1,2
2,23,54,7.63742145788285,3.26818527079726,5.14521466924321,5.69471170414905,7.61624327923356,1,2
2,23,57,7.63742145788285,3.26818527079726,4.98785686740016,5.36184543743094,7.64681926916792,1,2
2,23,60,7.63742145788285,3.26818527079726,5.61370015185962,5.59349594482119,7.89709402751323,1,2
2,23,62,7.63742145788285,3.26818527079726,5.79224062185253,6.21648890184906,8.04345697519036,1,2
2,23,64,7.63742145788285,3.26818527079726,5.81779587135211,5.14561118128347,7.44638307432076,1,2
2,23,66,7.63742145788285,3.26818527079726,4.70506734686048,5.50254726794024,7.26194879770611,1,2
2,23,68,7.63742145788285,3.26818527079726,4.8410842748495,5.56776620237669,7.79856299994306,1,2
2,23,70,7.63742145788285,3.26818527079726,4.38420484118665,7.07468863763296,8.1952347226206,1,2
2,23,71,7.63742145788285,3.26818527079726,6.76420542686139,6.08398595340446,8.0523778767513,1,2
2,24,5,7.63742145788285,3.26818527079726,4.78743000245053,6.14581626382268,8.46676821314327,1,2
2,24,7,7.63742145788285,3.26818527079726,4.95587264273595,6.09837566949564,7.67819227170267,1,2
2,24,8,7.63742145788285,3.26818527079726,5.30130228667143,5.06236973574309,7.84107603571419,1,2
2,24,9,7.63742145788285,3.26818527079726,5.49052606062578,6.61723416394583,8.24764411794024,1,2
2,24,10,7.63742145788285,3.26818527079726,3.93666491428169,6.47393792984436,8.05317630014081,1,2
2,24,11,7.63742145788285,3.26818527079726,5.37583965442382,5.0399353562211,7.73058551134351,1,2
2,24,12,7.63742145788285,3.26818527079726,5.03324299207065,6.23229730354543,7.99072394472268,1,2
2,24,16,7.63742145788285,3.26818527079726,4.02538447717802,6.63612447969247,8.03468278730483,1,2
2,24,18,7.63742145788285,3.26818527079726,6.44500007790284,5.70724507858646,8.02166265456937,1,2
2,24,19,7.63742145788285,3.26818527079726,4.36298279224139,6.98585447634779,8.26368392439526,1,2
2,24,21,7.63742145788285,3.26818527079726,6.88014916382623,5.6530138594056,8.28502616915942,1,2
2,24,24,7.63742145788285,3.26818527079726,2.79546475773898,5.85788959154683,7.69306504373961,1,2
2,24,25,7.63742145788285,3.26818527079726,3.75358556970035,5.30484653110931,7.24111646658214,1,2
2,24,27,7.63742145788285,3.26818527079726,5.10696193036707,6.03175177229081,7.82832331648159,1,2
2,24,28,7.63742145788285,3.26818527079726,2.47931982515727,6.30145711279543,7.76587890841052,1,2
2,24,35,7.63742145788285,3.26818527079726,3.17161795452665,5.15312039517953,7.52814115220216,1,2
2,24,36,7.63742145788285,3.26818527079726,5.05432062524324,6.01823100879046,8.22378508418465,1,2
2,24,37,7.63742145788285,3.26818527079726,3.83392809844743,5.69354959430731,8.14327234734603,1,2
2,24,38,7.63742145788285,3.26818527079726,4.90879046768297,6.14551497118326,7.67145012763324,1,2
2,24,39,7.63742145788285,3.26818527079726,4.10990635300112,7.16134532076368,8.26652063460768,1,2
2,24,40,7.63742145788285,3.26818527079726,5.57803919520892,6.30971684817393,8.20462353180388,1,2
2,24,41,7.63742145788285,3.26818527079726,6.10239493171665,5.62078492588579,7.88075727797606,1,2
2,24,44,7.63742145788285,3.26818527079726,4.52433664504793,6.04140881434427,7.99580462568996,1,2
2,24,45,7.63742145788285,3.26818527079726,4.52539226105232,5.59158951222587,7.514342793171,1,2
2,24,48,7.63742145788285,3.26818527079726,4.51843658013505,5.35607041843418,8.10327035926578,1,2
2,24,49,7.63742145788285,3.26818527079726,4.13568864205834,5.54668832268734,7.70065230554308,1,2
2,24,53,7.63742145788285,3.26818527079726,4.3625736834891,6.64346793861579,8.01257045669848,1,2
2,24,55,7.63742145788285,3.26818527079726,4.98811650353488,5.52960757002687,7.70861293190972,1,2
2,24,56,7.63742145788285,3.26818527079726,4.32537219057198,5.83181646201762,7.74932290843318,1,2
2,24,58,7.63742145788285,3.26818527079726,5.14142205072281,6.1043126478091,7.89868440067511,1,2
2,24,59,7.63742145788285,3.26818527079726,5.5665910966332,5.83549409604404,7.62804130907929,1,2
2,24,63,7.63742145788285,3.26818527079726,3.95168921140457,5.73942552648235,7.87356164693248,1,2
2,24,64,7.63742145788285,3.26818527079726,5.77655728546186,6.62078514967768,8.0102665792408,1,2
2,24,66,7.63742145788285,3.26818527079726,6.5478634639446,5.65795809165932,8.12020460277116,1,2
2,24,67,7.63742145788285,3.26818527079726,5.27143414866556,5.97691172397643,7.97732752940369,1,2
2,24,69,7.63742145788285,3.26818527079726,5.2977550774087,6.35193752740031,8.26908148852048,1,2
2,24,71,7.63742145788285,3.26818527079726,5.53687567985353,6.72452271246823,8.16924807616296,1,2
2,24,82,7.63742145788285,3.26818527079726,4.75640118424471,5.96338932679841,7.84191507986561,1,2
2,25,2,7.63742145788285,3.26818527079726,5.65693787503092,5.45684895920419,8.58303793174753,1,2
2,25,3,7.63742145788285,3.26818527079726,5.50620437366386,6.15558492146586,8.27869459183196,1,2
2,25,4,7.63742145788285,3.26818527079726,4.30090599226461,5.98183719736851,8.26823793793889,1,2
2,25,6,7.63742145788285,3.26818527079726,6.59125994967031,5.78269921325171,7.80053521574701,1,2
2,25,7,7.63742145788285,3.26818527079726,5.63025507684526,5.8302616568867,7.67330618371877,1,2
2,25,9,7.63742145788285,3.26818527079726,5.50312745054282,5.31804177336324,7.96684255182503,1,2
2,25,13,7.63742145788285,3.26818527079726,2.67761050375847,5.8553731054799,7.51358472472598,1,2
2,25,14,7.63742145788285,3.26818527079726,5.02670161055778,5.74901815810553,7.73251737893402,1,2
2,25,15,7.63742145788285,3.26818527079726,3.84049633886374,5.33044011111825,7.87587051088697,1,2
2,25,21,7.63742145788285,3.26818527079726,4.0320655895132,5.51435003624175,7.97933857129546,1,2
2,25,22,7.63742145788285,3.26818527079726,4.74728303987914,5.91397721085008,8.00855080513167,1,2
2,25,23,7.63742145788285,3.26818527079726,6.33161778329164,6.30962999864359,8.37812879048377,1,2
2,25,25,7.63742145788285,3.26818527079726,5.30095544592201,6.31143534413691,8.36136627343691,1,2
2,25,26,7.63742145788285,3.26818527079726,5.3085954691799,5.85786284726456,8.0680778834228,1,2
2,25,27,7.63742145788285,3.26818527079726,6.06661182731835,6.002184357555,7.7850441838944,1,2
2,25,28,7.63742145788285,3.26818527079726,4.82669029832705,6.11915682173923,8.458853416991,1,2
2,25,29,7.63742145788285,3.26818527079726,4.69055352961787,6.66991499157197,7.86754661035549,1,2
2,25,33,7.63742145788285,3.26818527079726,5.49264400813442,6.40503245367007,8.12018567946626,1,2
2,25,35,7.63742145788285,3.26818527079726,6.2322863903943,5.09513877683672,7.92171090855305,1,2
2,25,39,7.63742145788285,3.26818527079726,3.99905088866258,5.68704031999162,7.53733914136044,1,2
2,25,41,7.63742145788285,3.26818527079726,5.75010233868383,5.6948597208519,8.19920927515664,1,2
2,25,44,7.63742145788285,3.26818527079726,5.33648851664435,6.19078942667825,7.92737309538744,1,2
2,25,45,7.63742145788285,3.26818527079726,5.31168388666137,6.06784311874211,7.78102205576036,1,2
2,25,47,7.63742145788285,3.26818527079726,5.19341025953155,6.38824709198764,7.90489845999192,1,2
2,25,49,7.63742145788285,3.26818527079726,3.3415298414914,6.02263182790401,7.88276087944584,1,2
2,25,50,7.63742145788285,3.26818527079726,4.24866253421679,6.51020576360402,8.2768643196657,1,2
2,25,51,7.63742145788285,3.26818527079726,3.62529831815652,5.4905375837505,8.16446876504432,1,2
2,25,52,7.63742145788285,3.26818527079726,4.70352960576715,6.68891871824816,8.08014683494342,1,2
2,25,53,7.63742145788285,3.26818527079726,6.80759257489658,6.05413028886933,8.40897615463272,1,2
2,25,54,7.63742145788285,3.26818527079726,6.72427047756326,5.94367061429572,7.96085706808406,1,2
2,25,56,7.63742145788285,3.26818527079726,6.85063207102738,6.2806768697425,8.41204361965061,1,2
2,25,58,7.63742145788285,3.26818527079726,4.72649015766929,6.08638956553624,8.18654973138642,1,2
2,25,59,7.63742145788285,3.26818527079726,5.54398878071239,5.53543025924211,8.21930569980244,1,2
2,25,61,7.63742145788285,3.26818527079726,4.86985060772282,5.64841875176244,7.5474518883952,1,2
2,25,62,7.63742145788285,3.26818527079726,5.27039184190251,5.31108591228754,8.26950950009317,1,2
2,25,64,7.63742145788285,3.26818527079726,5.46918145474321,5.87260184931751,8.05050139083166,1,2
2,25,65,7.63742145788285,3.26818527079726,4.74920348484563,5.91130781045476,7.83464180766057,1,2
2,25,66,7.63742145788285,3.26818527079726,4.70633020694752,6.77314418650554,7.84937598970739,1,2
2,25,67,7.63742145788285,3.26818527079726,4.62550175053424,5.19033685619589,7.67512682152423,1,2
2,25,68,7.63742145788285,3.26818527079726,5.77523248997617,5.57208056613095,7.85485119927683,1,2
2,25,70,7.63742145788285,3.26818527079726,4.42263696806281,6.19962450268137,8.16415016062228,1,2
2,25,73,7.63742145788285,3.26818527079726,5.36186565393553,7.29838074622647,8.21262795422016,1,2
2,25,79,7.63742145788285,3.26818527079726,5.96494280528704,5.81323392905776,8.12563577654675,1,2
2,25,80,7.63742145788285,3.26818527079726,2.86992955222123,5.9324942745065,7.97134627186655,1,2
2,25,82,7.63742145788285,3.26818527079726,3.16446152983958,5.39435163308266,7.5912909975591,1,2
2,25,85,7.63742145788285,3.26818527079726,5.1883923887645,5.75825190112972,8.29581140927186,1,2
2,25,86,7.63742145788285,3.26818527079726,4.33042621345191,5.88486031103976,7.94501599899447,1,2
2,26,2,7.63742145788285,3.26818527079726,5.62071196477134,6.757324907667,8.23093967989745,1,2
2,26,3,7.63742145788285,3.26818527079726,5.71735413487582,5.48695753115332,8.18792100594808,1,2
2,26,4,7.63742145788285,3.26818527079726,5.14960371010408,5.73807861453735,7.84903855710654,1,2
2,26,5,7.63742145788285,3.26818527079726,6.03565542875927,5.78663344494972,8.32641655018752,1,2
2,26,7,7.63742145788285,3.26818527079726,5.26603395570505,5.52544874994645,7.87551435471405,1,2
2,26,9,7.63742145788285,3.26818527079726,5.07685155081163,5.60603678324869,8.16785709068427,1,2
2,26,10,7.63742145788285,3.26818527079726,5.02565147225201,6.01960871541933,8.15050940936191,1,2
2,26,12,7.63742145788285,3.26818527079726,5.77597837960247,6.52712858468861,7.95838488751818,1,2
2,26,13,7.63742145788285,3.26818527079726,4.33353967108762,5.99997092799598,8.14349447706031,1,2
2,26,14,7.63742145788285,3.26818527079726,5.2304884869411,6.32575013794581,8.1257403046782,1,2
2,26,15,7.63742145788285,3.26818527079726,4.6416469728611,6.1714168350666,8.14772773482947,1,2
2,26,16,7.63742145788285,3.26818527079726,4.14526185277642,5.96664629008284,7.58145672267207,1,2
2,26,19,7.63742145788285,3.26818527079726,5.3230976655243,5.21384439638218,7.9793964772663,1,2
2,26,21,7.63742145788285,3.26818527079726,5.72105768760282,5.91290945411031,7.85187901735299,1,2
2,26,22,7.63742145788285,3.26818527079726,3.60806517265139,5.91265309044696,7.98316786582666,1,2
2,26,23,7.63742145788285,3.26818527079726,6.19778368593759,5.99744534706434,7.81316691418434,1,2
2,26,25,7.63742145788285,3.26818527079726,4.75526180668978,5.70951393091539,7.71288100988687,1,2
2,26,26,7.63742145788285,3.26818527079726,5.71799318648337,6.18562435016284,8.26538493769219,1,2
2,26,28,7.63742145788285,3.26818527079726,5.35567909375343,7.01256125298335,8.52782028014175,1,2
2,26,29,7.63742145788285,3.26818527079726,5.58334427179278,5.98028512888451,8.38167416977319,1,2
2,26,30,7.63742145788285,3.26818527079726,4.71217599988928,6.71153191127615,8.3899349549764,1,2
2,26,31,7.63742145788285,3.26818527079726,5.0839356063371,5.36831114005417,7.99055619203655,1,2
2,26,32,7.63742145788285,3.26818527079726,4.64097075758406,5.71975377582885,8.22501235446452,1,2
2,26,34,7.63742145788285,3.26818527079726,5.05832650125531,6.37048134933455,8.05812914946214,1,2
2,26,35,7.63742145788285,3.26818527079726,5.60790465947947,5.51421619675272,7.62613018107617,1,2
2,26,36,7.63742145788285,3.26818527079726,5.56957506185011,5.85190046050418,8.21323355707689,1,2
2,26,40,7.63742145788285,3.26818527079726,3.97259824904894,6.29984478996209,8.23976008447571,1,2
2,26,42,7.63742145788285,3.26818527079726,5.48957659962226,6.48344172714434,8.13185502415515,1,2
2,26,45,7.63742145788285,3.26818527079726,3.91780262469603,5.46822626998873,7.84794021574362,1,2
2,26,46,7.63742145788285,3.26818527079726,4.97573256618876,6.58209629495072,8.21645456774239,1,2
2,26,47,7.63742145788285,3.26818527079726,5.60944869101544,5.54356479056939,8.0803227407796,1,2
2,26,48,7.63742145788285,3.26818527079726,5.04161674852322,6.60013979346938,8.25822580902883,1,2
2,26,53,7.63742145788285,3.26818527079726,4.89493065282322,5.45409857124503,7.76483464856738,1,2
2,26,54,7.63742145788285,3.26818527079726,5.06582630174453,6.08400993737266,8.07158192388784,1,2
2,26,55,7.63742145788285,3.26818527079726,6.34242173958225,5.83131706969144,7.96003693042884,1,2
2,26,62,7.63742145788285,3.26818527079726,5.95412951518763,5.99098050640819,8.41889678125483,1,2
2,26,63,7.63742145788285,3.26818527079726,5.33360038125989,5.64185279407247,7.88509210143938,1,2
2,26,64,7.63742145788285,3.26818527079726,4.62573197755283,6.51536184611072,8.13146861162385,1,2
2,26,65,7.63742145788285,3.26818527079726,2.93390237632555,5.06007211317932,7.89402057579655,1,2
2,26,66,7.63742145788285,3.26818527079726,5.83309165859972,6.48023957836336,8.35659626055064,1,2
2,26,68,7.63742145788285,3.26818527079726,4.73475106613903,6.23071239010479,7.96775585996413,1,2
2,26,69,7.63742145788285,3.26818527079726,5.44858252399699,6.10903963863134,8.40799903751615,1,2
2,26,71,7.63742145788285,3.26818527079726,5.04330220080094,5.97083837785173,8.04662848539873,1,2
2,26,74,7.63742145788285,3.26818527079726,5.61202109999502,6.19761079461549,8.16153650969661,1,2
2,26,78,7.63742145788285,3.26818527079726,5.65331197748149,6.32025783803601,8.19566594954788,1,2
2,26,79,7.63742145788285,3.26818527079726,4.14388612061684,5.48135272439207,7.93318668413466,1,2
2,27,1,7.63742145788285,3.26818527079726,4.65146355175985,5.87999928658932,8.51950041260083,1,2
2,27,2,7.63742145788285,3.26818527079726,6.37861426842203,5.94620804528542,8.25133953737841,1,2
2,27,5,7.63742145788285,3.26818527079726,5.26419433400044,6.24040134174891,8.46543368636877,1,2
2,27,6,7.63742145788285,3.26818527079726,4.99219684541492,6.38978841373785,7.82686103116115,1,2
2,27,8,7.63742145788285,3.26818527079726,3.82761312051212,5.03204885680517,7.81072131007301,1,2
2,27,11,7.63742145788285,3.26818527079726,5.19921697586242,7.11177902933079,8.55074632868281,1,2
2,27,16,7.63742145788285,3.26818527079726,3.71928746707367,6.03914713831715,8.0070664431594,1,2
2,27,21,7.63742145788285,3.26818527079726,5.83332617877657,6.77797675539812,8.35918991686275,1,2
2,27,23,7.63742145788285,3.26818527079726,6.87186974762597,5.84271460489508,8.31329417691123,1,2
2,27,24,7.63742145788285,3.26818527079726,6.31946346623408,5.87261949796356,8.31618622183579,1,2
2,27,27,7.63742145788285,3.26818527079726,5.24850171528293,5.93920474830905,8.10970759184392,1,2
2,27,29,7.63742145788285,3.26818527079726,4.50934447137208,6.32083670670061,8.46980939567518,1,2
2,27,30,7.63742145788285,3.26818527079726,4.86889870995821,6.96069151187575,8.04972073856054,1,2
2,27,34,7.63742145788285,3.26818527079726,3.38051727609476,5.33758675713768,7.8536481328828,1,2
2,27,36,7.63742145788285,3.26818527079726,3.9238167811801,6.3372081872973,8.06790887219584,1,2
2,27,37,7.63742145788285,3.26818527079726,6.59272693083697,6.06863317248983,8.50437401268566,1,2
2,27,40,7.63742145788285,3.26818527079726,4.58767536955301,6.34775455421053,8.01859886238781,1,2
2,27,45,7.63742145788285,3.26818527079726,3.74474453869663,6.43301341121741,8.32685834506967,1,2
2,27,46,7.63742145788285,3.26818527079726,3.51381123006967,5.42452956084303,8.04621943691033,1,2
2,27,53,7.63742145788285,3.26818527079726,4.33596269740595,5.90640829444781,8.0242865388129,1,2
2,27,54,7.63742145788285,3.26818527079726,5.42968800351381,6.27650499808375,8.37559423481281,1,2
2,27,57,7.63742145788285,3.26818527079726,6.00319700334972,7.22864131180503,8.53859293488867,1,2
2,27,58,7.63742145788285,3.26818527079726,5.31757513054917,6.28150393179529,8.50607132169677,1,2
2,27,59,7.63742145788285,3.26818527079726,3.25366119679737,6.55395792059717,7.82000998131002,1,2
2,27,64,7.63742145788285,3.26818527079726,4.55314491676113,5.61626308509801,7.84466260506837,1,2
2,27,65,7.63742145788285,3.26818527079726,6.07006974619679,6.37612136037106,7.97199109042172,1,2
2,27,66,7.63742145788285,3.26818527079726,5.93891694387697,5.88624485914148,8.14268952050995,1,2
2,27,69,7.63742145788285,3.26818527079726,6.52195290240107,6.58654231940917,8.71222228963791,1,2
2,27,70,7.63742145788285,3.26818527079726,3.41951205963899,5.51054642939426,7.84934720430263,1,2
2,27,71,7.63742145788285,3.26818527079726,6.21284919373629,5.95337986915895,8.3949847168023,1,2
2,27,72,7.63742145788285,3.26818527079726,6.01883291700016,5.38663830206677,8.47926246598408,1,2
2,27,73,7.63742145788285,3.26818527079726,4.29233067880422,5.31834594686802,8.06662284123181,1,2
2,27,76,7.63742145788285,3.26818527079726,6.05298127039227,6.00272241011512,8.70595461347433,1,2
2,27,77,7.63742145788285,3.26818527079726,4.41323197385582,5.99575235091589,7.89069856576744,1,2
2,27,78,7.63742145788285,3.26818527079726,5.00856991848357,5.2794087559667,7.7100618495524,1,2
2,28,1,7.63742145788285,3.26818527079726,4.11540204423272,6.63650054273693,8.78930942753498,1,2
2,28,7,7.63742145788285,3.26818527079726,3.50175336163458,5.8505234738828,8.23909136824897,1,2
2,28,10,7.63742145788285,3.26818527079726,6.98654003465417,5.54320803453905,8.43058737389821,1,2
2,28,11,7.63742145788285,3.26818527079726,5.98009963334639,5.62853127046363,8.13828086183774,1,2
2,28,12,7.63742145788285,3.26818527079726,5.82284589327224,6.62733378151046,8.62430577929059,1,2
2,28,14,7.63742145788285,3.26818527079726,4.32013917935077,6.53925382303976,8.09850201639235,1,2
2,28,15,7.63742145788285,3.26818527079726,4.99697939667348,6.56143333053512,8.17033400306489,1,2
2,28,16,7.63742145788285,3.26818527079726,4.22310930351978,6.11834621372527,8.80858457070745,1,2
2,28,19,7.63742145788285,3.26818527079726,5.59379477119779,5.99482586467748,8.99348205778022,1,2
2,28,20,7.63742145788285,3.26818527079726,6.7987186771318,6.8068758305797,8.57442837196319,1,2
2,28,21,7.63742145788285,3.26818527079726,6.21008899651111,6.49718775319038,8.80954836814637,1,2
2,28,24,7.63742145788285,3.26818527079726,4.89142324851773,5.84476645999107,8.50005744209341,1,2
2,28,25,7.63742145788285,3.26818527079726,6.42747659523434,6.34657540791389,8.54595695207005,1,2
2,28,26,7.63742145788285,3.26818527079726,5.71460184024456,5.72266346687547,8.43122475508233,1,2
2,28,27,7.63742145788285,3.26818527079726,5.30823725401299,4.79894490409969,8.3745841283532,1,2
2,28,33,7.63742145788285,3.26818527079726,4.07444100443327,5.34895265225275,8.46249218567625,1,2
2,28,34,7.63742145788285,3.26818527079726,4.90366227646088,6.17401766780831,8.23788493467472,1,2
2,28,35,7.63742145788285,3.26818527079726,3.70274817362392,6.05238900569435,8.46293228862394,1,2
2,28,37,7.63742145788285,3.26818527079726,3.59178554348519,5.73679419846987,8.11458425702819,1,2
2,28,41,7.63742145788285,3.26818527079726,4.99503187739843,6.2821864814498,8.19865896065504,1,2
2,28,42,7.63742145788285,3.26818527079726,4.8375610985012,5.26679546584439,8.75207919126185,1,2
2,28,44,7.63742145788285,3.26818527079726,3.7352422445523,5.91334338438762,8.80662245682183,1,2
2,28,48,7.63742145788285,3.26818527079726,6.54128850615196,5.49847989974321,8.23476351299598,1,2
2,28,52,7.63742145788285,3.26818527079726,5.56121841976223,5.81907458821458,8.14581523654503,1,2
2,28,55,7.63742145788285,3.26818527079726,4.97799078742052,6.36988493558761,8.74086053138003,1,2
2,28,57,7.63742145788285,3.26818527079726,4.74341735849166,5.79927105839925,8.25183633926129,1,2
2,28,60,7.63742145788285,3.26818527079726,3.94586074500368,5.82868284561411,8.57259582712993,1,2
2,28,62,7.63742145788285,3.26818527079726,5.4808569308896,5.59385688228335,8.11263175893497,1,2
2,28,64,7.63742145788285,3.26818527079726,5.7111915365709,5.98268304148614,8.40512636800557,1,2
2,28,67,7.63742145788285,3.26818527079726,5.7710601797026,6.16161627176388,8.09538153774359,1,2
2,29,1,7.63742145788285,3.26818527079726,3.94917752930904,6.51297491538502,8.70536255125451,1,2
2,29,2,7.63742145788285,3.26818527079726,6.27985259035,6.60621810520993,8.5824860378084,1,2
2,29,3,7.63742145788285,3.26818527079726,7.0640646994855,6.44002696607354,8.69834076529326,1,2
2,29,6,7.63742145788285,3.26818527079726,6.23008237799834,6.18457465857855,8.60148893083556,1,2
2,29,9,7.63742145788285,3.26818527079726,4.70872663270062,5.56634284860707,8.4974896951078,1,2
2,29,10,7.63742145788285,3.26818527079726,3.07321419688718,5.22962936873044,8.44460764289904,1,2
2,29,13,7.63742145788285,3.26818527079726,6.12150217153828,6.79907053742288,8.08966559406007,1,2
2,29,14,7.63742145788285,3.26818527079726,4.65165133276697,6.5225086096048,8.70503253615478,1,2
2,29,17,7.63742145788285,3.26818527079726,6.21310154330355,6.54496379283527,8.56516928343051,1,2
2,29,21,7.63742145788285,3.26818527079726,3.37487314968624,5.76007459433631,8.75319693912998,1,2
2,29,22,7.63742145788285,3.26818527079726,4.39978728908429,5.92107050405174,8.69933314753526,1,2
2,29,23,7.63742145788285,3.26818527079726,4.08422805488327,5.45298941761785,8.16445969463273,1,2
2,29,24,7.63742145788285,3.26818527079726,5.76271716805268,5.98542363454349,8.51612847200942,1,2
2,29,25,7.63742145788285,3.26818527079726,4.7973734238297,6.21118504109463,8.12143739775084,1,2
2,29,29,7.63742145788285,3.26818527079726,5.94191556354694,5.45102686732137,8.9522062389549,1,2
2,29,30,7.63742145788285,3.26818527079726,4.67846750639048,6.4602046402165,8.74194384281429,1,2
2,29,37,7.63742145788285,3.26818527079726,4.66037481385772,6.17877603691168,8.39957254713312,1,2
2,29,40,7.63742145788285,3.26818527079726,5.77283288998082,6.02718138747388,8.16003585987444,1,2
2,29,43,7.63742145788285,3.26818527079726,3.17356984937953,6.16946694627212,8.30057397441735,1,2
2,29,44,7.63742145788285,3.26818527079726,6.54181667996698,6.18621975821236,8.51860057219206,1,2
2,29,45,7.63742145788285,3.26818527079726,5.08073286373988,6.00227527807714,8.69550861580303,1,2
2,29,47,7.63742145788285,3.26818527079726,6.34677061704671,5.13502937486974,8.68382414858282,1,2
2,29,48,7.63742145788285,3.26818527079726,3.33540773150083,5.28173901488372,8.07214625171896,1,2
2,29,50,7.63742145788285,3.26818527079726,6.75282791351894,5.23549228494318,8.08733310387686,1,2
2,29,53,7.63742145788285,3.26818527079726,4.60839446564072,6.88235708199078,8.40110941925302,1,2
2,29,54,7.63742145788285,3.26818527079726,6.50904590401286,5.43880421621155,8.65762473161734,1,2
2,29,55,7.63742145788285,3.26818527079726,6.13847370336205,5.77846076937076,8.72045463299464,1,2
2,29,56,7.63742145788285,3.26818527079726,3.79120316620823,6.46609430637591,8.48565221220747,1,2
2,29,57,7.63742145788285,3.26818527079726,4.2805660860298,6.84517157682578,8.67162778287221,1,2
2,29,60,7.63742145788285,3.26818527079726,3.82577184483006,5.99008993759412,8.31553039731342,1,2
2,29,61,7.63742145788285,3.26818527079726,4.95316233947774,6.77431779204502,8.50208014842631,1,2
2,29,62,7.63742145788285,3.26818527079726,4.25888721189244,6.27717904893536,8.28410715606613,1,2
2,29,64,7.63742145788285,3.26818527079726,4.25046135468787,5.63602499773042,8.60009729592942,1,2
2,29,65,7.63742145788285,3.26818527079726,5.69451518524531,5.63608828323404,8.5206797303186,1,2
2,29,66,7.63742145788285,3.26818527079726,6.28417919865275,5.68928928020259,8.28707181815685,1,2
2,29,67,7.63742145788285,3.26818527079726,4.26900579878236,5.33710401755888,8.59561511659565,1,2
2,29,68,7.63742145788285,3.26818527079726,7.52083165990371,5.94519347432493,9.15126408221997,1,2
2,29,74,7.63742145788285,3.26818527079726,4.91031010173581,4.9157034354465,8.41483356003831,1,2
2,29,78,7.63742145788285,3.26818527079726,4.93148001960034,6.63281295295371,8.31542785708498,1,2
2,30,1,7.63742145788285,3.26818527079726,4.50337157511105,5.37201859647606,8.36107619603088,1,2
2,30,2,7.63742145788285,3.26818527079726,4.7890926341223,5.89153433342768,7.97046171657573,1,2
2,30,4,7.63742145788285,3.26818527079726,7.81785573831543,5.0136330420182,8.27128642473547,1,2
2,30,5,7.63742145788285,3.26818527079726,5.58727577322515,6.27047232209787,8.63046735820812,1,2
2,30,6,7.63742145788285,3.26818527079726,5.18070534432217,6.67030207174456,8.72386964700967,1,2
2,30,8,7.63742145788285,3.26818527079726,4.20881484449946,5.9473144571061,8.80195647759874,1,2
2,30,10,7.63742145788285,3.26818527079726,5.05271109359594,6.21648143594363,8.45358944276241,1,2
2,30,13,7.63742145788285,3.26818527079726,3.86978650824675,6.1966072546849,8.27415155299121,1,2
2,30,14,7.63742145788285,3.26818527079726,6.29319413807635,5.95535857182019,8.44675306159947,1,2
2,30,15,7.63742145788285,3.26818527079726,5.524307304745,6.53559306461276,7.92870405376673,1,2
2,30,16,7.63742145788285,3.26818527079726,4.15002505484308,5.99837111339521,8.6271411862485,1,2
2,30,20,7.63742145788285,3.26818527079726,5.1061399765262,5.56795577540205,8.09304631183832,1,2
2,30,22,7.63742145788285,3.26818527079726,6.76804432891764,4.68851299927739,8.45640545682405,1,2
2,30,23,7.63742145788285,3.26818527079726,3.73072587697256,6.88111658336508,8.66754478720382,1,2
2,30,25,7.63742145788285,3.26818527079726,4.26340881916224,4.83739372193651,8.31116292268594,1,2
2,30,31,7.63742145788285,3.26818527079726,4.00813886144542,5.37165343910515,8.05617286173146,1,2
2,30,34,7.63742145788285,3.26818527079726,5.55379904483131,6.18509844245869,8.55094214847504,1,2
2,30,36,7.63742145788285,3.26818527079726,5.52109392299577,5.20324662130079,8.31023425011013,1,2
2,30,40,7.63742145788285,3.26818527079726,5.64225231105189,6.52432110492704,8.56403574287941,1,2
2,30,42,7.63742145788285,3.26818527079726,4.78225126419558,6.15800129250144,8.3829591511707,1,2
2,30,45,7.63742145788285,3.26818527079726,6.02401871763104,5.83546569401262,8.42846384854911,1,2
2,30,46,7.63742145788285,3.26818527079726,6.9194813786772,6.89929528872413,8.61245725532778,1,2
2,30,48,7.63742145788285,3.26818527079726,6.36265275283683,6.0895154792524,8.45274832998823,1,2
2,30,56,7.63742145788285,3.26818527079726,4.6492117165014,6.258095407102,8.60553766233008,1,2
2,30,58,7.63742145788285,3.26818527079726,5.37604704086982,5.44346886174704,8.26074144551501,1,2
2,30,61,7.63742145788285,3.26818527079726,5.72080930619045,5.64281775838061,8.46231587451903,1,2
2,30,63,7.63742145788285,3.26818527079726,4.61609148036896,6.21249970633723,8.37301001076028,1,2
2,30,65,7.63742145788285,3.26818527079726,6.15937204030139,5.18786168124212,8.19509083179196,1,2
2,30,66,7.63742145788285,3.26818527079726,5.17856922493273,6.04888765354596,8.70865144821885,1,2
2,30,67,7.63742145788285,3.26818527079726,5.25429007358854,6.01791635389578,8.08400370737222,1,2
2,30,69,7.63742145788285,3.26818527079726,3.65816846311284,6.98930507236615,8.76947968505647,1,2
2,30,70,7.63742145788285,3.26818527079726,3.00311689214468,6.45222585747145,8.22589240170996,1,2
2,30,75,7.63742145788285,3.26818527079726,2.68410752715936,5.99015813973755,8.25509887694825,1,2
2,30,76,7.63742145788285,3.26818527079726,5.71341605756714,6.49122714885294,8.91176468535474,1,2
2,30,77,7.63742145788285,3.26818527079726,6.94320893844729,5.78973725822316,8.48727251000393,1,2
2,30,80,7.63742145788285,3.26818527079726,4.45633465403761,6.43881261650636,8.39536184617067,1,2
2,30,82,7.63742145788285,3.26818527079726,5.39607169719945,5.4900649301946,8.39598087915609,1,2
2,30,84,7.63742145788285,3.26818527079726,4.64283845627664,5.60334741130474,8.22199349688192,1,2
2,30,85,7.63742145788285,3.26818527079726,5.11452584310952,6.50685096599908,8.90769912173601,1,2
2,30,86,7.63742145788285,3.26818527079726,3.8670775244463,6.21687782983319,8.38884225518563,1,2
2,31,3,7.63742145788285,3.26818527079726,3.65686862684397,6.08428273365864,8.7607197916588,1,2
2,31,7,7.63742145788285,3.26818527079726,4.99499780340161,6.34599895394136,9.09102987818805,1,2
2,31,13,7.63742145788285,3.26818527079726,4.95843752062195,6.15750025664754,8.41246687993066,1,2
2,31,15,7.63742145788285,3.26818527079726,3.54374997861634,5.78885747207162,8.03085933242357,1,2
2,31,17,7.63742145788285,3.26818527079726,4.77015127284299,5.39853175579836,9.12817325628818,1,2
2,31,25,7.63742145788285,3.26818527079726,4.18208383342897,5.28257236126285,8.31467769674087,1,2
2,31,26,7.63742145788285,3.26818527079726,4.03237129564204,6.61627943685752,8.52927395426833,1,2
2,31,27,7.63742145788285,3.26818527079726,5.71195440199349,6.08807041968936,8.89010069036459,1,2
2,31,28,7.63742145788285,3.26818527079726,4.98091630315482,6.21965861703044,8.93818676195357,1,2
2,31,29,7.63742145788285,3.26818527079726,4.04613134124627,5.59550026040551,8.7092110704342,1,2
2,31,30,7.63742145788285,3.26818527079726,5.06940897970854,6.5950096400028,8.75736986149103,1,2
2,31,34,7.63742145788285,3.26818527079726,4.48427724864316,6.52678814470587,8.44507872523706,1,2
2,31,36,7.63742145788285,3.26818527079726,4.65292081659216,5.42566634906877,8.6944712781678,1,2
2,31,40,7.63742145788285,3.26818527079726,5.8212436227666,6.15433847979873,8.62578264536728,1,2
2,31,43,7.63742145788285,3.26818527079726,5.00339006370562,6.09779322350199,8.96086779871536,1,2
2,31,44,7.63742145788285,3.26818527079726,5.56456247737774,4.95604224489173,8.80004107664435,1,2
2,31,49,7.63742145788285,3.26818527079726,6.41289064759033,6.74311650979392,8.865743240094,1,2
2,31,50,7.63742145788285,3.26818527079726,4.07922948642819,5.17385287473701,8.38868027113399,1,2
2,31,51,7.63742145788285,3.26818527079726,4.62201755485052,5.79620775365851,8.44072387489702,1,2
2,31,56,7.63742145788285,3.26818527079726,5.48806941499159,5.68460930555433,8.74792148046047,1,2
2,31,58,7.63742145788285,3.26818527079726,4.74500370871225,5.73853928568848,8.8484669404185,1,2
2,31,62,7.63742145788285,3.26818527079726,5.13363849432304,6.06251109264326,8.88602083189122,1,2
2,31,64,7.63742145788285,3.26818527079726,4.51491783821316,5.88140138613218,8.66510554303273,1,2
2,31,65,7.63742145788285,3.26818527079726,5.20467233872815,5.58951737111002,8.99472085706315,1,2
2,31,67,7.63742145788285,3.26818527079726,4.01920316571406,6.12005371840536,8.81936062132873,1,2
2,31,70,7.63742145788285,3.26818527079726,3.59451405916408,6.12857225772998,7.81117773635354,1,2
2,31,71,7.63742145788285,3.26818527079726,6.01478790175154,6.79485894129422,8.67469403833773,1,2
2,31,72,7.63742145788285,3.26818527079726,7.38571927269319,5.65995534494576,8.68969277142191,1,2
2,31,74,7.63742145788285,3.26818527079726,5.14362467863289,6.10110619367273,8.47379946724012,1,2
2,31,75,7.63742145788285,3.26818527079726,5.63084119776431,6.41723698085925,8.79451135034979,1,2
2,31,77,7.63742145788285,3.26818527079726,3.92122524605612,6.11735301048388,8.62801678640996,1,2
2,31,78,7.63742145788285,3.26818527079726,5.03372934526104,5.11287911957037,8.430735486383,1,2
2,31,80,7.63742145788285,3.26818527079726,5.54284246729519,6.207352467884,8.91708833005477,1,2
2,31,81,7.63742145788285,3.26818527079726,6.22387147611732,7.10688087700222,9.56809099686604,1,2
2,31,82,7.63742145788285,3.26818527079726,4.83906660265948,6.14933257118967,9.10733882466796,1,2
2,31,85,7.63742145788285,3.26818527079726,5.49773879174828,6.40590036974141,8.83828497251897,1,2
2,31,86,7.63742145788285,3.26818527079726,4.12781054485471,6.27913929386569,8.74792772064096,1,2
2,31,87,7.63742145788285,3.26818527079726,5.84689267252393,5.8559260971512,9.06335125017744,1,2
2,31,88,7.63742145788285,3.26818527079726,5.93721919789345,5.36976329152278,8.76972285823638,1,2
2,32,3,7.63742145788285,3.26818527079726,5.79428718898777,6.32779584137728,9.00401663534682,1,2
2,32,4,7.63742145788285,3.26818527079726,3.48756563304972,6.02268652607847,8.99340722099946,1,2
2,32,6,7.63742145788285,3.26818527079726,4.59501666080811,6.17066291458044,8.79446187183857,1,2
2,32,7,7.63742145788285,3.26818527079726,6.53652618714549,5.24115640068015,8.96124191916357,1,2
2,32,9,7.63742145788285,3.26818527079726,6.21007407709461,6.37919249639346,8.82589294843671,1,2
2,32,10,7.63742145788285,3.26818527079726,4.12086665859525,6.47061976105963,8.47360188074778,1,2
2,32,14,7.63742145788285,3.26818527079726,6.9649697167371,6.32286661295484,8.68384169250499,1,2
2,32,16,7.63742145788285,3.26818527079726,4.38945486001969,6.27946497707448,8.64061397991128,1,2
2,32,17,7.63742145788285,3.26818527079726,4.90698659893458,4.93038237766182,8.89444134210071,1,2
2,32,34,7.63742145788285,3.26818527079726,5.18537519878692,6.22356017875043,8.91687100222841,1,2
2,32,37,7.63742145788285,3.26818527079726,4.59975764851255,6.36247007412698,8.70287013364248,1,2
2,32,42,7.63742145788285,3.26818527079726,5.56886753459936,5.98001445037341,8.6151238437755,1,2
2,32,44,7.63742145788285,3.26818527079726,3.89965328871776,6.42396754345078,8.71387362709629,1,2
2,32,47,7.63742145788285,3.26818527079726,4.65470203972478,5.77930863441914,8.57648483603319,1,2
2,32,48,7.63742145788285,3.26818527079726,4.06713406985015,6.45829679096349,9.16253079448155,1,2
2,32,50,7.63742145788285,3.26818527079726,3.96309129556035,5.58522119057685,8.74460464746063,1,2
2,32,52,7.63742145788285,3.26818527079726,5.08735034182112,5.17093608749623,8.3860909619478,1,2
2,32,54,7.63742145788285,3.26818527079726,5.58912565918988,5.84719883239682,8.78298148624586,1,2
2,32,57,7.63742145788285,3.26818527079726,6.24239628312959,5.81317004470023,8.94622975712875,1,2
2,32,58,7.63742145788285,3.26818527079726,4.89661105981471,6.96175668566038,8.52813066048323,1,2
2,32,60,7.63742145788285,3.26818527079726,6.03194065620478,5.68428256351096,8.88439977791555,1,2
2,32,62,7.63742145788285,3.26818527079726,4.24458655664308,6.65144861903569,9.03710228285288,1,2
2,32,63,7.63742145788285,3.26818527079726,4.83521980267591,5.73149298572845,8.5230591926677,1,2
2,32,65,7.63742145788285,3.26818527079726,3.68793353309734,5.92295010677258,8.86559466824175,1,2
2,32,66,7.63742145788285,3.26818527079726,3.71656985642571,7.01103436774886,8.22748584803611,1,2
2,32,68,7.63742145788285,3.26818527079726,5.61618766900536,5.90558140030239,8.88560943996177,1,2
2,32,71,7.63742145788285,3.26818527079726,2.71844690662828,6.07084177000287,8.55467615211577,1,2
2,32,72,7.63742145788285,3.26818527079726,5.93956988766021,5.73644007570631,9.02352924966714,1,2
2,32,75,7.63742145788285,3.26818527079726,5.92833424262301,5.74910941223822,8.42660997541478,1,2
2,32,78,7.63742145788285,3.26818527079726,5.57144183398469,5.31734655353215,9.26748044647079,1,2
2,32,79,7.63742145788285,3.26818527079726,4.18292664889014,6.23939710893653,8.62048463848685,1,2
2,32,81,7.63742145788285,3.26818527079726,4.20060949969357,6.48612066105327,8.95282628422825,1,2
2,32,82,7.63742145788285,3.26818527079726,5.20249451065419,7.0604364557818,8.56792776516314,1,2
2,32,83,7.63742145788285,3.26818527079726,5.24262808273359,5.94049044606578,8.48200212902497,1,2
2,32,84,7.63742145788285,3.26818527079726,3.97674758662813,6.68271299081823,8.92324065067818,1,2
2,32,86,7.63742145788285,3.26818527079726,6.94124433618335,5.93868265462979,8.2296926127501,1,2
2,32,89,7.63742145788285,3.26818527079726,6.3811302663905,5.45677815683978,8.5718930717481,1,2
2,32,93,7.63742145788285,3.26818527079726,6.011244267174,6.13255710601266,8.47085757953906,1,2
2,32,97,7.63742145788285,3.26818527079726,5.87129283181764,5.81293709927627,8.86937627096,1,2
2,33,1,7.63742145788285,3.26818527079726,5.90753832728208,5.86215390508072,8.81101985351005,1,2
2,33,2,7.63742145788285,3.26818527079726,5.40148812447145,6.48742492520962,9.35119108462862,1,2
2,33,3,7.63742145788285,3.26818527079726,4.49849664354941,5.66707015394181,8.80366659160507,1,2
2,33,4,7.63742145788285,3.26818527079726,4.91134467164544,6.0991913524072,8.90661191914997,1,2
2,33,9,7.63742145788285,3.26818527079726,4.17527661865038,5.97641757308102,8.91543509127991,1,2
2,33,10,7.63742145788285,3.26818527079726,5.3433328221506,5.27413174280708,8.75883567639507,1,2
2,33,16,7.63742145788285,3.26818527079726,5.25101539338392,7.04365686688305,9.32021369726247,1,2
2,33,17,7.63742145788285,3.26818527079726,4.70326557437832,5.66589232077827,8.83072654834775,1,2
2,33,20,7.63742145788285,3.26818527079726,3.50421503261342,6.56540020828071,8.81687404766347,1,2
2,33,21,7.63742145788285,3.26818527079726,3.87979360459035,5.76474697926373,8.80442993992257,1,2
2,33,23,7.63742145788285,3.26818527079726,4.69159618122359,6.16489747615196,8.78061683059317,1,2
2,33,25,7.63742145788285,3.26818527079726,5.54371914819312,5.56446645193251,9.27062334567982,1,2
2,33,26,7.63742145788285,3.26818527079726,5.57684288255656,5.98214424100001,9.32084141128219,1,2
2,33,27,7.63742145788285,3.26818527079726,4.71441649421411,6.30807918638366,9.51037510220234,1,2
2,33,28,7.63742145788285,3.26818527079726,4.43679868937186,5.91966887349968,9.34490957716906,1,2
2,33,30,7.63742145788285,3.26818527079726,4.83763580013236,5.70185419204892,8.97438929155205,1,2
2,33,31,7.63742145788285,3.26818527079726,4.85384877711261,6.13171771566271,8.94680842782564,1,2
2,33,32,7.63742145788285,3.26818527079726,4.20942188166714,6.02264440111202,9.0817042007601,1,2
2,33,33,7.63742145788285,3.26818527079726,5.21430190899913,5.93539550331246,9.06021000395344,1,2
2,33,34,7.63742145788285,3.26818527079726,4.40256250111536,6.57973718323108,8.83336192502517,1,2
2,33,36,7.63742145788285,3.26818527079726,4.73183519186994,5.57890796142375,8.88587622473882,1,2
2,33,37,7.63742145788285,3.26818527079726,4.92446143098104,6.21065386758167,9.70590794989626,1,2
2,33,40,7.63742145788285,3.26818527079726,4.65407598266896,6.02716903537991,8.19911321738891,1,2
2,33,41,7.63742145788285,3.26818527079726,6.23729731801108,5.24952431948603,9.32583360036029,1,2
2,33,42,7.63742145788285,3.26818527079726,7.24491165449814,5.29003554020594,8.87706392480569,1,2
2,33,44,7.63742145788285,3.26818527079726,5.19031473771957,5.45212879782914,8.98227351570945,1,2
2,33,46,7.63742145788285,3.26818527079726,4.66915390911382,5.48608312210691,9.17520503736414,1,2
2,33,47,7.63742145788285,3.26818527079726,2.94197663181724,5.53792222330855,8.50481363136199,1,2
2,33,50,7.63742145788285,3.26818527079726,3.43692858015115,6.07643391354734,9.21113786969718,1,2
2,33,53,7.63742145788285,3.26818527079726,3.85652877341936,5.70316721198454,8.66813589777105,1,2
2,33,55,7.63742145788285,3.26818527079726,4.58469344604382,5.25105239377014,8.81166560909835,1,2
2,33,57,7.63742145788285,3.26818527079726,3.26215824493252,5.89090544945893,8.72095441927222,1,2
2,33,58,7.63742145788285,3.26818527079726,6.70570528110638,5.71778095346997,9.28333803219943,1,2
2,33,59,7.63742145788285,3.26818527079726,4.08140835139928,6.25869119207981,8.58158345270319,1,2
2,33,63,7.63742145788285,3.26818527079726,5.18648890597219,5.17515687474177,9.21480408859894,1,2
2,33,65,7.63742145788285,3.26818527079726,5.00954504136938,6.85804896336562,9.26344718881083,1,2
2,33,66,7.63742145788285,3.26818527079726,4.06924495801381,5.67247575545599,9.08434199593089,1,2
2,33,67,7.63742145788285,3.26818527079726,5.41382305704795,6.27473770763464,8.6637029260062,1,2
2,33,68,7.63742145788285,3.26818527079726,4.62661537791397,6.46928370145175,9.06400729009018,1,2
2,34,4,7.63742145788285,3.26818527079726,4.62625689274626,5.97355992538283,9.12624581073535,1,2
2,34,8,7.63742145788285,3.26818527079726,3.60447049511165,5.74374447634234,8.18490538899906,1,2
2,34,10,7.63742145788285,3.26818527079726,5.914368892036,6.75439219218247,9.15316731038887,1,2
2,34,13,7.63742145788285,3.26818527079726,4.08243187798895,5.90330136233412,8.48123393626306,1,2
2,34,16,7.63742145788285,3.26818527079726,6.21244080804442,5.53675641534927,8.76779433685778,1,2
2,34,19,7.63742145788285,3.26818527079726,3.53181355641274,5.97593780145565,9.05217408729899,1,2
2,34,23,7.63742145788285,3.26818527079726,4.81662048895338,5.41208752335214,8.53604311358673,1,2
2,34,24,7.63742145788285,3.26818527079726,4.79280156534012,5.61573493557907,8.6055568126517,1,2
2,34,28,7.63742145788285,3.26818527079726,4.81655451152647,6.52453959918478,8.83132652995286,1,2
2,34,32,7.63742145788285,3.26818527079726,3.65723639589166,5.36984919217073,8.11832455542181,1,2
2,34,34,7.63742145788285,3.26818527079726,4.87384520256811,6.3697497051745,8.6720232524017,1,2
2,34,36,7.63742145788285,3.26818527079726,3.29209514804816,5.95081472026025,8.60853476589015,1,2
2,34,37,7.63742145788285,3.26818527079726,2.6178536713385,6.20669196120562,8.70645739787876,1,2
2,34,39,7.63742145788285,3.26818527079726,4.54838637549218,5.51065941436233,8.43654949100285,1,2
2,34,40,7.63742145788285,3.26818527079726,6.68362735241902,6.43163497081536,9.18929647629472,1,2
2,34,41,7.63742145788285,3.26818527079726,6.59799394289153,5.24027249747349,9.28140968372431,1,2
2,34,42,7.63742145788285,3.26818527079726,5.82298945889936,6.07279444003362,9.23816736574629,1,2
2,34,44,7.63742145788285,3.26818527079726,5.29216291025062,6.47442590383844,8.54955292464138,1,2
2,34,46,7.63742145788285,3.26818527079726,6.70532568869171,6.28001149230463,8.89535870532763,1,2
2,34,48,7.63742145788285,3.26818527079726,4.41707798460012,5.67913077190566,8.79635022935419,1,2
2,34,52,7.63742145788285,3.26818527079726,4.40962354687831,5.53382478359403,8.99863929752909,1,2
2,34,54,7.63742145788285,3.26818527079726,5.85526759946518,6.61276727088695,8.61074233646017,1,2
2,34,55,7.63742145788285,3.26818527079726,2.78373789885385,5.63807372301645,8.70314200988937,1,2
2,34,56,7.63742145788285,3.26818527079726,4.94163972714665,7.23396848787486,9.36987727448283,1,2
2,34,59,7.63742145788285,3.26818527079726,5.94906179879529,6.78842443757187,9.19274555270982,1,2
2,34,61,7.63742145788285,3.26818527079726,4.82301082646826,5.37951824219172,8.77062986077104,1,2
2,34,62,7.63742145788285,3.26818527079726,5.41543883636479,5.89154943485108,8.8686683269125,1,2
2,34,63,7.63742145788285,3.26818527079726,3.50283709106398,6.22767679401042,8.50143595540481,1,2
2,34,64,7.63742145788285,3.26818527079726,5.74247670205215,5.05511911734474,9.18158553411137,1,2
2,34,65,7.63742145788285,3.26818527079726,4.00970218869132,5.76706531108256,9.25461477498801,1,2
2,34,66,7.63742145788285,3.26818527079726,4.86736025364534,5.83744911992453,8.58112751248813,1,2
2,34,67,7.63742145788285,3.26818527079726,3.73034433317969,5.43638778356043,9.05855120976402,1,2
2,34,69,7.63742145788285,3.26818527079726,5.90496123473649,5.17389299384,8.50720335570687,1,2
2,34,73,7.63742145788285,3.26818527079726,3.51914169808254,5.99420736510149,8.65766983888248,1,2
2,34,76,7.63742145788285,3.26818527079726,4.08364019569287,6.69393273511371,8.54217849639804,1,2
2,34,77,7.63742145788285,3.26818527079726,5.43214415930585,5.5066302750657,8.6380395970382,1,2
2,34,78,7.63742145788285,3.26818527079726,4.58687485274975,7.12042629414351,8.80731952285862,1,2
2,34,79,7.63742145788285,3.26818527079726,4.91213057003167,6.15065769464548,8.58828626637295,1,2
2,34,81,7.63742145788285,3.26818527079726,6.00500777636049,5.38678680058996,9.02217811691344,1,2
2,35,2,7.63742145788285,3.26818527079726,6.985924154215,6.08837124508797,8.80538590003005,1,2
2,35,3,7.63742145788285,3.26818527079726,4.57250222637808,5.22449380183932,8.8264592143168,1,2
2,35,4,7.63742145788285,3.26818527079726,6.1305010464658,5.99805003275278,8.58175754609214,1,2
2,35,8,7.63742145788285,3.26818527079726,6.28325925295513,6.38284333383401,9.02378994356428,1,2
2,35,9,7.63742145788285,3.26818527079726,7.15434309473934,5.72584419177118,9.50503211200411,1,2
2,35,11,7.63742145788285,3.26818527079726,4.26271244947023,6.10854548970368,9.41286808568772,1,2
2,35,12,7.63742145788285,3.26818527079726,5.15688165211206,7.06859370981621,9.19607848285281,1,2
2,35,13,7.63742145788285,3.26818527079726,6.51547464458922,5.84049224351725,9.22530028296046,1,2
2,35,15,7.63742145788285,3.26818527079726,4.69179299734835,5.9044395499606,8.79018574636246,1,2
2,35,23,7.63742145788285,3.26818527079726,5.90291883138277,6.85747921260594,9.35614288488144,1,2
2,35,24,7.63742145788285,3.26818527079726,6.86391642619627,6.0766938808759,9.21130711330343,1,2
2,35,25,7.63742145788285,3.26818527079726,4.70707446118163,6.17358666166968,9.16858816431333,1,2
2,35,26,7.63742145788285,3.26818527079726,3.37308618295231,6.01265072105669,8.38643845059785,1,2
2,35,30,7.63742145788285,3.26818527079726,4.90050944678851,5.79306639795621,9.01303943142413,1,2
2,35,31,7.63742145788285,3.26818527079726,3.72932505251153,6.36651099447871,9.05615570669639,1,2
2,35,33,7.63742145788285,3.26818527079726,4.11302337143088,6.39229443699227,8.88646711155848,1,2
2,35,34,7.63742145788285,3.26818527079726,6.68557520675319,5.11846891164648,9.55237232502023,1,2
2,35,35,7.63742145788285,3.26818527079726,3.45971959619347,5.54501141660422,8.77038825957376,1,2
2,35,38,7.63742145788285,3.26818527079726,6.18102588406241,6.19046341958387,9.68847240342815,1,2
2,35,42,7.63742145788285,3.26818527079726,3.61670160354955,6.53492529684756,8.44874716405223,1,2
2,35,43,7.63742145788285,3.26818527079726,5.44537680551073,5.91471924738665,9.4664682701344,1,2
2,35,44,7.63742145788285,3.26818527079726,4.71984894264922,5.20125620403459,8.68998169520174,1,2
2,35,46,7.63742145788285,3.26818527079726,6.05256145351108,5.79621069257906,9.04449076763252,1,2
2,35,48,7.63742145788285,3.26818527079726,6.79229346951347,6.02869787939553,9.13169306176712,1,2
2,35,49,7.63742145788285,3.26818527079726,5.29913707942188,6.65350280315705,9.16088451552523,1,2
2,35,50,7.63742145788285,3.26818527079726,5.43878206578442,6.3290295053146,8.8450205174121,1,2
2,35,51,7.63742145788285,3.26818527079726,4.39297784475089,5.72795988637041,8.84820925242185,1,2
2,35,53,7.63742145788285,3.26818527079726,6.79052927824244,6.76499864473072,9.22427445476778,1,2
2,35,54,7.63742145788285,3.26818527079726,4.86585280166543,6.78225315284802,8.89521709736978,1,2
2,35,55,7.63742145788285,3.26818527079726,4.16221477422815,5.75419771647021,9.05473784522838,1,2
2,35,60,7.63742145788285,3.26818527079726,5.35870539990079,5.70202176291273,8.89240429918082,1,2
2,35,64,7.63742145788285,3.26818527079726,5.47190540215167,5.89173917392897,8.82459410274693,1,2
2,35,65,7.63742145788285,3.26818527079726,6.56178963442657,5.81228997445586,8.90421277299945,1,2
2,35,66,7.63742145788285,3.26818527079726,4.8296986356512,7.26696632604659,9.13577335826764,1,2
2,35,67,7.63742145788285,3.26818527079726,4.80339318025328,5.67936081836158,8.69766884868853,1,2
2,36,1,7.63742145788285,3.26818527079726,6.55507966164625,5.15000126731943,9.71195230180992,1,2
2,36,2,7.63742145788285,3.26818527079726,4.42969209911304,5.97942096748251,9.08065489824525,1,2
2,36,4,7.63742145788285,3.26818527079726,5.26773169485356,6.28332215817562,8.90333924485168,1,2
2,36,10,7.63742145788285,3.26818527079726,2.77108796010574,6.40908294882594,8.47379153593985,1,2
2,36,11,7.63742145788285,3.26818527079726,5.16142645193374,6.27826013501624,9.10886648403989,1,2
2,36,12,7.63742145788285,3.26818527079726,4.69318594093437,5.63594308079086,8.74835117782583,1,2
2,36,16,7.63742145788285,3.26818527079726,4.65143942875672,5.19628209273567,8.85568776076194,1,2
2,36,17,7.63742145788285,3.26818527079726,1.86964339279728,5.83626848390396,8.47666384265992,1,2
2,36,22,7.63742145788285,3.26818527079726,5.53130134216537,5.95335504034067,8.54903922740325,1,2
2,36,25,7.63742145788285,3.26818527079726,3.75409668022061,6.5438617951302,8.51005743311487,1,2
2,36,28,7.63742145788285,3.26818527079726,3.31223224236072,5.12830879440278,8.76297983659205,1,2
2,36,29,7.63742145788285,3.26818527079726,4.71539033604602,5.7219296466372,8.83880747382163,1,2
2,36,30,7.63742145788285,3.26818527079726,4.86898779717045,5.75671479047599,9.3342382948849,1,2
2,36,34,7.63742145788285,3.26818527079726,4.21993921979619,5.16731701648172,9.13394338901053,1,2
2,36,36,7.63742145788285,3.26818527079726,5.49788148407975,5.66473923733398,9.39152550216524,1,2
2,36,37,7.63742145788285,3.26818527079726,4.43089717419075,5.68833442514249,9.2234095031447,1,2
2,36,38,7.63742145788285,3.26818527079726,3.55726845731869,6.25487429757822,8.482090153977,1,2
2,36,39,7.63742145788285,3.26818527079726,4.91388811395673,6.20840977072087,8.95777658648701,1,2
2,36,40,7.63742145788285,3.26818527079726,5.51242298590478,5.35439530753168,8.69640787106097,1,2
2,36,42,7.63742145788285,3.26818527079726,5.19006837793982,6.27753988990933,8.85949332732603,1,2
2,36,44,7.63742145788285,3.26818527079726,3.53760310008233,5.99852329304247,9.416455187037,1,2
2,36,45,7.63742145788285,3.26818527079726,4.42042637787407,6.23380342187445,8.85886282978149,1,2
2,36,46,7.63742145788285,3.26818527079726,3.29718258191837,6.47851900162604,8.82171990638073,1,2
2,36,47,7.63742145788285,3.26818527079726,3.6969407442509,5.91332997498697,9.24637080428794,1,2
2,36,49,7.63742145788285,3.26818527079726,4.97715848321541,6.01560454191848,9.69447012510566,1,2
2,36,50,7.63742145788285,3.26818527079726,2.20639160361989,6.11653759526567,8.37341256991606,1,2
2,36,51,7.63742145788285,3.26818527079726,4.95744283558637,5.85790770730843,8.71162352583985,1,2
2,36,53,7.63742145788285,3.26818527079726,4.70020919373026,5.97599559232514,9.00980871426968,1,2
2,36,54,7.63742145788285,3.26818527079726,5.29215194594051,5.58377088085511,8.96509632137845,1,2
2,36,56,7.63742145788285,3.26818527079726,5.05313152842643,6.29979606523487,8.70360567622871,1,2
2,36,59,7.63742145788285,3.26818527079726,4.24081674004581,6.21467942135943,9.30053660650815,1,2
2,36,63,7.63742145788285,3.26818527079726,4.6417194292603,5.70516810541636,8.92263795141072,1,2
2,36,68,7.63742145788285,3.26818527079726,5.84721854671672,6.35611445715936,8.8780490574861,1,2
2,36,69,7.63742145788285,3.26818527079726,5.25130949200139,6.75861616724526,9.2676563262998,1,2
2,36,71,7.63742145788285,3.26818527079726,6.34985494844404,6.16224405198833,9.13214852152146,1,2
2,36,72,7.63742145788285,3.26818527079726,5.18299897538666,5.85675005806815,9.45880526728345,1,2
2,36,74,7.63742145788285,3.26818527079726,5.62866503819138,5.55493234423573,9.06849221127469,1,2
2,36,77,7.63742145788285,3.26818527079726,7.0313346255329,5.10419205605445,9.26588725242083,1,2
2,36,82,7.63742145788285,3.26818527079726,3.37023417098654,5.84945691987407,8.69305258035393,1,2
2,36,84,7.63742145788285,3.26818527079726,5.69384552470922,6.50587463462891,9.14960623963758,1,2
2,36,85,7.63742145788285,3.26818527079726,6.66071036659666,6.11031156269808,9.21431854843298,1,2
2,36,88,7.63742145788285,3.26818527079726,6.2162489753405,6.22333849108365,8.94173356405934,1,2
2,37,3,7.63742145788285,3.26818527079726,4.3547189805768,5.6698655634942,9.08948710226976,1,2
2,37,4,7.63742145788285,3.26818527079726,5.22289445236289,5.96228438147219,9.57390132668598,1,2
2,37,8,7.63742145788285,3.26818527079726,3.17102174664889,5.30140250090904,8.74370381262613,1,2
2,37,10,7.63742145788285,3.26818527079726,5.23557234087893,5.82142013475691,8.865313810127,1,2
2,37,14,7.63742145788285,3.26818527079726,4.21526752604485,5.54707445222859,8.92353895989771,1,2
2,37,16,7.63742145788285,3.26818527079726,6.02419359763222,5.76742839618639,9.29413292634125,1,2
2,37,17,7.63742145788285,3.26818527079726,4.16397742423666,6.08403165254832,9.32658852056616,1,2
2,37,18,7.63742145788285,3.26818527079726,4.47271490967574,5.7196426148895,9.28243663501481,1,2
2,37,19,7.63742145788285,3.26818527079726,3.95585072920608,6.66568609230814,8.5924405115614,1,2
2,37,21,7.63742145788285,3.26818527079726,4.47692600946786,5.22301219386565,8.67631966883532,1,2
2,37,26,7.63742145788285,3.26818527079726,4.91539693945651,5.62395660128455,9.37478723664342,1,2
2,37,27,7.63742145788285,3.26818527079726,5.6111543665724,6.15233158040086,9.2715027897686,1,2
2,37,29,7.63742145788285,3.26818527079726,5.00645122270147,6.28279405933371,8.91511939540621,1,2
2,37,31,7.63742145788285,3.26818527079726,5.10605326957306,6.45998563803953,9.02663149931151,1,2
2,37,32,7.63742145788285,3.26818527079726,6.12734833078543,5.97079719190226,9.70113781598121,1,2
2,37,33,7.63742145788285,3.26818527079726,5.49146967802209,6.54440025234863,9.28414126652347,1,2
2,37,34,7.63742145788285,3.26818527079726,6.2608131811241,6.92709486484525,9.54274234908682,1,2
2,37,36,7.63742145788285,3.26818527079726,5.26914029526875,6.65500921040344,9.2731394089116,1,2
2,37,39,7.63742145788285,3.26818527079726,3.44993835075221,6.18171929864628,8.54389374988237,1,2
2,37,42,7.63742145788285,3.26818527079726,5.61896250281121,5.5267806325395,9.59020109638392,1,2
2,37,43,7.63742145788285,3.26818527079726,4.12273321888025,5.92600932526511,9.41400188731333,1,2
2,37,45,7.63742145788285,3.26818527079726,4.7561983952575,5.92004882219672,9.33876081995126,1,2
2,37,46,7.63742145788285,3.26818527079726,4.41290574433547,5.98895118112287,9.53564549019673,1,2
2,37,47,7.63742145788285,3.26818527079726,5.26558999571605,6.2254311422919,9.38190320238897,1,2
2,37,48,7.63742145788285,3.26818527079726,5.02536318717495,5.70357181283667,9.1346290996897,1,2
2,37,49,7.63742145788285,3.26818527079726,5.76824933102134,6.10524018275953,9.30910272358532,1,2
2,37,51,7.63742145788285,3.26818527079726,5.19703104697779,6.71097977119062,9.17655241061316,1,2
2,37,52,7.63742145788285,3.26818527079726,6.94186584147596,5.4863500040144,9.41045405441096,1,2
2,37,54,7.63742145788285,3.26818527079726,4.44413126953731,6.31162121530239,9.34366374907364,1,2
2,37,56,7.63742145788285,3.26818527079726,4.25348449430465,6.01037824352782,9.37848200581662,1,2
2,37,57,7.63742145788285,3.26818527079726,6.55584497745922,6.05064693759306,9.73542625461605,1,2
2,37,58,7.63742145788285,3.26818527079726,3.63598711063175,5.59700625035873,9.17633033162919,1,2
2,37,61,7.63742145788285,3.26818527079726,4.51458760133541,6.67249071417807,8.79238515028277,1,2
2,37,63,7.63742145788285,3.26818527079726,3.74612385637247,6.32220310060207,8.93429815798961,1,2
2,37,64,7.63742145788285,3.26818527079726,4.14242550153083,7.25090345998728,9.0576835195583,1,2
2,37,65,7.63742145788285,3.26818527079726,5.39089961635691,5.61510932869906,9.51581514224232,1,2
2,37,66,7.63742145788285,3.26818527079726,5.06757547034076,5.496504891368,9.51737845258173,1,2
2,37,67,7.63742145788285,3.26818527079726,5.63841467819754,6.46294705976379,9.01360936576476,1,2
2,37,68,7.63742145788285,3.26818527079726,2.86656326738291,6.49214762506693,8.63910629933596,1,2
2,38,4,7.63742145788285,3.26818527079726,4.38363925311851,6.72115873503355,9.40295231633497,1,2
2,38,5,7.63742145788285,3.26818527079726,4.4227284538695,4.84697187569033,8.770461858871,1,2
2,38,6,7.63742145788285,3.26818527079726,5.25636748029238,6.37347789070185,9.65514126802507,1,2
2,38,7,7.63742145788285,3.26818527079726,7.00863467462869,5.72888380006915,9.80200732970273,1,2
2,38,8,7.63742145788285,3.26818527079726,6.96355608885962,5.60226733074324,8.69140251413072,1,2
2,38,11,7.63742145788285,3.26818527079726,5.70270658792175,6.29838317127664,8.93139372525341,1,2
2,38,12,7.63742145788285,3.26818527079726,4.60081668857879,6.45074975531888,9.25942099830246,1,2
2,38,13,7.63742145788285,3.26818527079726,4.70848301764568,6.08506027273911,9.65935737244187,1,2
2,38,16,7.63742145788285,3.26818527079726,4.84252564177655,5.73310103056604,9.24509373308547,1,2
2,38,18,7.63742145788285,3.26818527079726,3.55974368586129,6.63230745076652,8.96979153118346,1,2
2,38,19,7.63742145788285,3.26818527079726,5.86953616016742,6.27052416433284,9.00443149654047,1,2
2,38,20,7.63742145788285,3.26818527079726,5.18805067344815,6.1345988351279,9.36682695268156,1,2
2,38,22,7.63742145788285,3.26818527079726,4.94292345520229,5.31823984689313,8.54151504600392,1,2
2,38,23,7.63742145788285,3.26818527079726,4.84742566534771,5.32386719036363,9.55004528067743,1,2
2,38,25,7.63742145788285,3.26818527079726,4.13537803055834,6.04043092134059,9.37150536746475,1,2
2,38,27,7.63742145788285,3.26818527079726,5.4415732217035,6.32000038246348,9.16420470823221,1,2
2,38,29,7.63742145788285,3.26818527079726,6.51616764528373,7.25369766973149,9.24194750007053,1,2
2,38,33,7.63742145788285,3.26818527079726,6.17812010816609,5.66675408738185,8.95349605355381,1,2
2,38,35,7.63742145788285,3.26818527079726,5.91190441236013,6.08439938374611,9.32421741150384,1,2
2,38,36,7.63742145788285,3.26818527079726,5.6294026233929,5.46680656519316,9.12863931778215,1,2
2,38,37,7.63742145788285,3.26818527079726,6.32351780961442,6.27802689096482,9.27598412336119,1,2
2,38,38,7.63742145788285,3.26818527079726,3.19988917673456,6.41355641192978,8.91851793180775,1,2
2,38,40,7.63742145788285,3.26818527079726,5.71562538740343,6.73800185315205,9.04926075048385,1,2
2,38,42,7.63742145788285,3.26818527079726,6.61884078701294,6.82929919958644,9.40025483377877,1,2
2,38,43,7.63742145788285,3.26818527079726,5.94786143439885,5.34978605281006,9.07336841009798,1,2
2,38,45,7.63742145788285,3.26818527079726,2.37215937851952,5.83817663591311,8.59054950731647,1,2
2,38,47,7.63742145788285,3.26818527079726,2.69916412074553,5.56100111784795,8.75187652559525,1,2
2,38,48,7.63742145788285,3.26818527079726,4.4397569586078,6.55948200638758,9.25170089050324,1,2
2,38,49,7.63742145788285,3.26818527079726,5.40389386106464,6.14232128942621,9.38223135047797,1,2
2,38,50,7.63742145788285,3.26818527079726,4.3161985602784,5.59691136925168,9.02274215414073,1,2
2,38,51,7.63742145788285,3.26818527079726,4.43778126647697,5.88408950103552,8.50508234675858,1,2
2,38,53,7.63742145788285,3.26818527079726,4.82749226618836,5.63245301368662,9.46863490786634,1,2
2,38,55,7.63742145788285,3.26818527079726,5.41873628698328,5.89782326265438,9.30598960186832,1,2
2,38,57,7.63742145788285,3.26818527079726,5.4160715077157,5.32126177900685,9.18952186195768,1,2
2,38,58,7.63742145788285,3.26818527079726,4.21713163081268,5.92171643946104,8.90594481729183,1,2
2,38,59,7.63742145788285,3.26818527079726,5.71363456015489,6.42989940140101,9.17876240107577,1,2
2,38,62,7.63742145788285,3.26818527079726,5.52661550763798,4.75622213774495,8.77639846691779,1,2
2,38,64,7.63742145788285,3.26818527079726,6.47167460053012,5.83980231233129,9.24585901821902,1,2
2,38,71,7.63742145788285,3.26818527079726,5.74420130966206,5.72496356882165,9.19646297557212,1,2
2,38,72,7.63742145788285,3.26818527079726,4.62674109961974,5.23111838263426,9.09958075324392,1,2
2,38,75,7.63742145788285,3.26818527079726,4.34549116559497,5.81807448193079,9.31793012107565,1,2
2,38,79,7.63742145788285,3.26818527079726,5.7328364692013,6.55104602318977,9.67737037766654,1,2
2,38,83,7.63742145788285,3.26818527079726,3.92688296901264,6.917412291097,8.8135760618844,1,2
2,38,85,7.63742145788285,3.26818527079726,4.96193016095627,5.11673224129143,8.76470224683442,1,2
2,38,87,7.63742145788285,3.26818527079726,3.67466013719861,5.15268785862644,8.98557035678106,1,2
2,39,1,7.63742145788285,3.26818527079726,5.05331334066969,5.9780043346827,9.27053528020486,1,2
2,39,3,7.63742145788285,3.26818527079726,4.49038354721537,6.00490201518641,8.93735517365935,1,2
2,39,5,7.63742145788285,3.26818527079726,6.35453711940515,5.56834309658148,9.8553605483925,1,2
2,39,7,7.63742145788285,3.26818527079726,6.05815151986207,6.8731184038816,9.32312083052512,1,2
2,39,10,7.63742145788285,3.26818527079726,3.9830227485689,4.96064451724252,9.31742488134523,1,2
2,39,12,7.63742145788285,3.26818527079726,4.83731582962655,6.88386235496633,8.99121151556304,1,2
2,39,13,7.63742145788285,3.26818527079726,4.69487348964827,6.49032972829155,9.34591048957335,1,2
2,39,19,7.63742145788285,3.26818527079726,5.54396014946702,6.27296300071456,9.59003389584195,1,2
2,39,21,7.63742145788285,3.26818527079726,5.60442004168822,6.94650574881377,9.44570582099061,1,2
2,39,25,7.63742145788285,3.26818527079726,3.4715655947,5.43798422579557,9.1296984616826,1,2
2,39,27,7.63742145788285,3.26818527079726,5.80609183029545,5.80547777593032,9.30730884504919,1,2
2,39,28,7.63742145788285,3.26818527079726,2.85570711846538,5.30303329077344,8.98128789448452,1,2
2,39,32,7.63742145788285,3.26818527079726,5.46172958548033,5.84875209064389,9.65024436800045,1,2
2,39,34,7.63742145788285,3.26818527079726,5.29163358194126,5.38694422652198,10.0731500791557,1,2
2,39,35,7.63742145788285,3.26818527079726,6.77892611656296,5.88689174484712,9.65040611850652,1,2
2,39,38,7.63742145788285,3.26818527079726,3.88078141982644,6.63978786957942,9.41666125661996,1,2
2,39,40,7.63742145788285,3.26818527079726,7.57287749327873,5.73789999623735,9.61765631342499,1,2
2,39,41,7.63742145788285,3.26818527079726,4.21748663870456,6.0247392331224,9.34815145248176,1,2
2,39,43,7.63742145788285,3.26818527079726,4.68393619121514,6.21179878912516,10.2467384784739,1,2
2,39,44,7.63742145788285,3.26818527079726,4.53861128655123,6.12308235389973,9.75138462606438,1,2
2,39,45,7.63742145788285,3.26818527079726,5.21668678410496,5.88269929546165,8.84837007753962,1,2
2,39,46,7.63742145788285,3.26818527079726,4.92349847316661,5.96000891310485,9.48752850999649,1,2
2,39,47,7.63742145788285,3.26818527079726,5.61150256839003,5.8683320906695,9.12790490714803,1,2
2,39,52,7.63742145788285,3.26818527079726,4.50579285757112,6.1783766383419,9.2780174887409,1,2
2,39,54,7.63742145788285,3.26818527079726,6.03462650650177,6.22512197000543,9.65505137005676,1,2
2,39,56,7.63742145788285,3.26818527079726,5.24767576733874,6.00178220493932,9.74062346790884,1,2
2,39,60,7.63742145788285,3.26818527079726,5.75875169563918,6.09029028694767,9.47929126835124,1,2
2,39,65,7.63742145788285,3.26818527079726,4.19203905258319,6.17985474605638,9.15605006258534,1,2
2,39,66,7.63742145788285,3.26818527079726,5.72758660529834,5.73906447274172,9.71328221902326,1,2
2,39,69,7.63742145788285,3.26818527079726,5.6153917593216,5.51031716720366,9.11976006695298,1,2
2,39,71,7.63742145788285,3.26818527079726,4.5042811695138,5.85303563740188,9.41921127646195,1,2
2,39,73,7.63742145788285,3.26818527079726,5.39600012268871,6.66615476624164,9.84289122238226,1,2
2,39,75,7.63742145788285,3.26818527079726,5.35406590964464,5.12755256649041,9.63215380855622,1,2
2,39,76,7.63742145788285,3.26818527079726,5.3441976850787,5.89937128758188,9.52640228983253,1,2
2,39,77,7.63742145788285,3.26818527079726,4.94645634095998,5.43596820797695,9.83484170529016,1,2
2,39,80,7.63742145788285,3.26818527079726,5.03881975308254,6.40878249115635,9.61418774435132,1,2
2,39,81,7.63742145788285,3.26818527079726,3.07439008303076,7.16542117632403,9.67224671698972,1,2
2,40,2,7.63742145788285,3.26818527079726,4.68775714112284,6.61730731542808,9.56246680284502,1,2
2,40,5,7.63742145788285,3.26818527079726,5.85788145565633,5.40700204486358,9.25278742511307,1,2
2,40,6,7.63742145788285,3.26818527079726,6.73005961581637,5.95979590683424,9.68690163149917,1,2
2,40,8,7.63742145788285,3.26818527079726,5.33991441415026,5.39253855528065,9.31034087089487,1,2
2,40,10,7.63742145788285,3.26818527079726,5.7478531619807,6.85590587676304,9.72855052508948,1,2
2,40,11,7.63742145788285,3.26818527079726,4.53448925014592,6.13566284571057,9.45632153087025,1,2
2,40,12,7.63742145788285,3.26818527079726,4.96557671593089,6.31262223393301,9.61009387650426,1,2
2,40,13,7.63742145788285,3.26818527079726,5.73357013146936,7.03848099785875,9.28367220195134,1,2
2,40,14,7.63742145788285,3.26818527079726,6.88312620884233,5.99044413272968,9.41955878699852,1,2
2,40,16,7.63742145788285,3.26818527079726,5.27509697924671,5.6402670634922,9.60411884101911,1,2
2,40,17,7.63742145788285,3.26818527079726,4.75760644646724,6.26743477737911,9.46875756772982,1,2
2,40,18,7.63742145788285,3.26818527079726,6.30164785054581,5.5232165168464,9.75731063432824,1,2
2,40,21,7.63742145788285,3.26818527079726,4.69518219129862,6.42380443254698,9.61299496217798,1,2
2,40,30,7.63742145788285,3.26818527079726,3.2449057555436,5.98054521640901,9.00233597805749,1,2
2,40,31,7.63742145788285,3.26818527079726,4.52869290543519,5.77770480002534,9.5038711715128,1,2
2,40,32,7.63742145788285,3.26818527079726,5.64243179930739,5.97759719022358,9.92388003112069,1,2
2,40,35,7.63742145788285,3.26818527079726,7.64349280188957,5.68262207360828,9.76365153712704,1,2
2,40,36,7.63742145788285,3.26818527079726,6.08002530149009,6.18030624436921,9.3489650626295,1,2
2,40,42,7.63742145788285,3.26818527079726,3.82015301228111,5.46397498879054,9.0633946788284,1,2
2,40,43,7.63742145788285,3.26818527079726,3.45145196266166,6.15024242827957,8.95431587982409,1,2
2,40,44,7.63742145788285,3.26818527079726,6.77735664846161,5.86657118731888,10.0906711041436,1,2
2,40,47,7.63742145788285,3.26818527079726,4.39813682078091,5.9846476329543,9.64949278150893,1,2
2,40,48,7.63742145788285,3.26818527079726,6.46386139102902,5.86905894262647,9.03620670734088,1,2
2,40,50,7.63742145788285,3.26818527079726,4.01514616658882,5.99375593326715,9.23851780659354,1,2
2,40,51,7.63742145788285,3.26818527079726,5.87204204689164,5.76493044498293,9.60337615989245,1,2
2,40,53,7.63742145788285,3.26818527079726,5.75057422831976,5.60396451306496,10.161358711252,1,2
2,40,54,7.63742145788285,3.26818527079726,5.01280059850749,5.67485350108807,8.91711810637522,1,2
2,40,56,7.63742145788285,3.26818527079726,5.65142746129353,6.8802920410882,9.62499105730944,1,2
2,40,58,7.63742145788285,3.26818527079726,5.49703713178398,5.16473581634821,8.72465511753283,1,2
2,40,61,7.63742145788285,3.26818527079726,2.97630139658132,6.18803544141862,9.20164308164765,1,2
2,40,63,7.63742145788285,3.26818527079726,3.46591179549992,5.78313811011954,9.03734321623518,1,2
2,40,72,7.63742145788285,3.26818527079726,6.94465085395281,5.35601047293909,9.65827025678112,1,2
2,40,80,7.63742145788285,3.26818527079726,4.5041238647252,6.11757388129183,9.14356689111822,1,2
2,40,81,7.63742145788285,3.26818527079726,5.77507255560297,5.89883284514035,9.49074052299629,1,2
2,40,82,7.63742145788285,3.26818527079726,5.49008534029049,6.5415258022115,9.5216765513046,1,2
2,41,1,7.63742145788285,3.26818527079726,4.87666552756456,5.95834515603525,9.70570218825308,1,2
2,41,2,7.63742145788285,3.26818527079726,4.53926193636832,6.0825268172079,9.95454270137862,1,2
2,41,3,7.63742145788285,3.26818527079726,4.6352926910429,5.1523361977896,9.55610797659667,1,2
2,41,4,7.63742145788285,3.26818527079726,4.41806321712035,5.90339638887282,8.51984473553262,1,2
2,41,5,7.63742145788285,3.26818527079726,3.6587135674575,6.10458364735459,9.44635113201799,1,2
2,41,6,7.63742145788285,3.26818527079726,3.13204954325807,6.39550141109685,8.72330148423088,1,2
2,41,7,7.63742145788285,3.26818527079726,6.11736713853962,6.80864802387748,9.60365271989408,1,2
2,41,9,7.63742145788285,3.26818527079726,6.44017601273617,6.04351723321252,9.37443847955958,1,2
2,41,10,7.63742145788285,3.26818527079726,5.69648983000128,6.65954178956921,9.56710267954276,1,2
2,41,12,7.63742145788285,3.26818527079726,6.55558716776201,5.32608736160328,9.75321250825559,1,2
2,41,13,7.63742145788285,3.26818527079726,5.06078374762993,5.91544987535422,9.26361477248165,1,2
2,41,16,7.63742145788285,3.26818527079726,5.74701181553033,6.32081734761657,9.15451194536147,1,2
2,41,19,7.63742145788285,3.26818527079726,6.88129777387703,5.30954248992131,9.38625338135191,1,2
2,41,20,7.63742145788285,3.26818527079726,3.97819626835336,5.40804586848665,9.23818637336413,1,2
2,41,22,7.63742145788285,3.26818527079726,4.68078368788085,6.43650623345,8.49266590118308,1,2
2,41,25,7.63742145788285,3.26818527079726,6.17314003737391,6.32498177356019,9.43586866754725,1,2
2,41,26,7.63742145788285,3.26818527079726,4.77515058142901,5.36116480780905,9.53786382972142,1,2
2,41,28,7.63742145788285,3.26818527079726,3.85729643521013,6.80784797141197,9.03154973420421,1,2
2,41,29,7.63742145788285,3.26818527079726,3.18011792835643,5.70526551032525,8.77220057165716,1,2
2,41,30,7.63742145788285,3.26818527079726,6.01213849597251,6.73344352258616,8.95456612494712,1,2
2,41,33,7.63742145788285,3.26818527079726,3.64201162901395,5.92136014410974,9.79744352699518,1,2
2,41,34,7.63742145788285,3.26818527079726,4.58300169065386,5.74438158296899,9.39532351963092,1,2
2,41,35,7.63742145788285,3.26818527079726,4.46842548838103,6.63047938803358,9.07691895026164,1,2
2,41,36,7.63742145788285,3.26818527079726,6.0457112788232,6.40658140028307,9.39277820568716,1,2
2,41,37,7.63742145788285,3.26818527079726,4.90075722747744,6.73350289075296,9.23154783774423,1,2
2,41,38,7.63742145788285,3.26818527079726,3.92955650561233,6.08343678482303,9.26029715642787,1,2
2,41,43,7.63742145788285,3.26818527079726,3.34251006134803,6.2839389486888,9.15324164858765,1,2
2,41,45,7.63742145788285,3.26818527079726,5.84688678457607,5.69632657237795,9.25565695053881,1,2
2,41,46,7.63742145788285,3.26818527079726,5.52603339843792,7.17025128778065,9.08282268394331,1,2
2,41,47,7.63742145788285,3.26818527079726,4.97498557806383,5.94510858060918,9.47906952866433,1,2
2,41,48,7.63742145788285,3.26818527079726,4.86323779559385,6.12108838976816,9.72820609794867,1,2
2,41,49,7.63742145788285,3.26818527079726,4.95543385676376,6.57851922615918,9.84909161109836,1,2
2,41,52,7.63742145788285,3.26818527079726,5.33391568435755,6.73338929050471,9.03078611930791,1,2
2,41,53,7.63742145788285,3.26818527079726,4.32944011323979,6.71279934452082,8.81274312675662,1,2
2,41,56,7.63742145788285,3.26818527079726,4.43436282716058,6.69653850056494,9.41099438990405,1,2
2,41,57,7.63742145788285,3.26818527079726,2.2273320860331,6.1377557689624,8.77798222448551,1,2
2,41,64,7.63742145788285,3.26818527079726,3.50737178408701,6.22767828059902,9.16608315902598,1,2
2,41,66,7.63742145788285,3.26818527079726,6.38930055377412,5.13042962338323,9.94685256722145,1,2
2,41,67,7.63742145788285,3.26818527079726,3.8047613455135,6.20326119254806,8.74419733539318,1,2
2,41,69,7.63742145788285,3.26818527079726,4.92623805589162,5.79734949412602,9.58964972968833,1,2
2,41,71,7.63742145788285,3.26818527079726,5.92604255604562,6.27902176164638,8.9215878190671,1,2
2,41,72,7.63742145788285,3.26818527079726,5.45279823687243,5.47205755054812,9.70132861713791,1,2
2,41,73,7.63742145788285,3.26818527079726,5.91199218718776,5.98619066958217,9.99396029857471,1,2
2,41,74,7.63742145788285,3.26818527079726,4.0519379755939,5.85381100674559,9.56602167376155,1,2
2,41,77,7.63742145788285,3.26818527079726,6.30742710494696,6.56224191230482,9.82062732464506,1,2
2,41,79,7.63742145788285,3.26818527079726,4.75972677790462,5.70417726701965,9.20994182689127,1,2
2,41,82,7.63742145788285,3.26818527079726,4.76208480323336,6.29459574289509,9.74000106729428,1,2
2,41,83,7.63742145788285,3.26818527079726,6.15910611607392,5.60488530836486,9.63034094836713,1,2
2,41,85,7.63742145788285,3.26818527079726,5.66921352517491,5.88271030157348,9.26875639572303,1,2
2,41,87,7.63742145788285,3.26818527079726,5.64921843435434,5.70322245809457,9.29875535765667,1,2
2,41,89,7.63742145788285,3.26818527079726,5.42553841994468,6.19216042134091,9.63254686703328,1,2
2,41,91,7.63742145788285,3.26818527079726,4.00148882610957,6.43750988724406,9.76227777294181,1,2
2,41,93,7.63742145788285,3.26818527079726,5.61483586730644,6.54003627779196,9.39669555072927,1,2
2,41,94,7.63742145788285,3.26818527079726,4.2395866390005,5.79459586393631,8.98060732544076,1,2
3,1,1,7.43330412722438,3.16140921296698,6.72946062390608,5.22342835017698,2.3332360318416,1,2
3,1,4,7.43330412722438,3.16140921296698,4.62506559142065,6.28101517732319,2.99645349877779,1,2
3,1,5,7.43330412722438,3.16140921296698,5.0769971195764,6.07831812418744,2.80910726768202,1,2
3,1,8,7.43330412722438,3.16140921296698,5.77107052712976,6.91903681199021,3.05992900069165,1,2
3,1,11,7.43330412722438,3.16140921296698,7.27246607588068,6.2973175698446,2.85313826117911,1,2
3,1,14,7.43330412722438,3.16140921296698,4.55211514595109,5.31356832340276,2.33844367820556,1,2
3,1,16,7.43330412722438,3.16140921296698,5.91429452672696,5.5916754122046,2.55946479342849,1,2
3,1,17,7.43330412722438,3.16140921296698,4.09461679786725,6.55223854332012,2.94749095185586,1,2
3,1,19,7.43330412722438,3.16140921296698,4.71936989055228,5.94432002183535,2.63455999679759,1,2
3,1,23,7.43330412722438,3.16140921296698,6.56027391245014,5.61550977039511,2.54639279634607,1,2
3,1,26,7.43330412722438,3.16140921296698,4.0493527471099,6.98988921513667,2.96336070783355,1,2
3,1,27,7.43330412722438,3.16140921296698,5.48440241265574,6.50889758261359,2.97576363443805,1,2
3,1,28,7.43330412722438,3.16140921296698,5.51135214999617,5.93009555448158,2.44941597690392,1,2
3,1,29,7.43330412722438,3.16140921296698,4.92356047567305,6.03885511608708,2.2713302486634,1,2
3,1,31,7.43330412722438,3.16140921296698,5.20050301133788,6.3900861478908,2.81693512879979,1,2
3,1,33,7.43330412722438,3.16140921296698,4.09017132103172,6.17748864238124,2.62002937907372,1,2
3,1,37,7.43330412722438,3.16140921296698,4.19185199408961,5.52377204518592,2.57175633112457,1,2
3,1,38,7.43330412722438,3.16140921296698,6.40860704802634,5.51544821308286,2.54094943787576,1,2
3,1,39,7.43330412722438,3.16140921296698,6.61864997630003,6.79119227919628,2.92938265503921,1,2
3,1,40,7.43330412722438,3.16140921296698,3.61402818210189,5.44895941361368,2.4585071222921,1,2
3,1,41,7.43330412722438,3.16140921296698,5.30297753633342,6.24895686139324,2.78170864453449,1,2
3,1,42,7.43330412722438,3.16140921296698,4.97730724206508,6.25206144548485,2.9791486035978,1,2
3,1,45,7.43330412722438,3.16140921296698,6.41674918722953,6.56694286895663,3.06162512738632,1,2
3,1,47,7.43330412722438,3.16140921296698,5.26582101231075,5.69392647415727,2.56313035165249,1,2
3,1,48,7.43330412722438,3.16140921296698,2.94424910762933,6.66286544127242,2.91800861957933,1,2
3,1,50,7.43330412722438,3.16140921296698,6.63291544905289,6.02019348402279,2.69159415010392,1,2
3,1,52,7.43330412722438,3.16140921296698,3.56342527517595,5.08025249609271,2.19524242178421,1,2
3,1,54,7.43330412722438,3.16140921296698,5.60797288016883,5.80998744381768,2.58492377077678,1,2
3,1,55,7.43330412722438,3.16140921296698,4.99362960220403,6.11770166909649,2.65390071008155,1,2
3,1,56,7.43330412722438,3.16140921296698,2.54432439918242,7.08565495463555,3.15880598769271,1,2
3,1,61,7.43330412722438,3.16140921296698,4.92083129420109,5.56249134166428,2.5215179030863,1,2
3,1,64,7.43330412722438,3.16140921296698,5.67472623081382,5.71799828635415,2.45034366155173,1,2
3,1,66,7.43330412722438,3.16140921296698,3.79731267155224,6.08248638706857,2.65302129534499,1,2
3,1,67,7.43330412722438,3.16140921296698,3.879634042563,5.71273022439914,2.60642532435012,1,2
3,1,68,7.43330412722438,3.16140921296698,4.04168754953475,5.69995755779856,2.55579017884459,1,2
3,1,71,7.43330412722438,3.16140921296698,6.14623365057649,5.88644800636633,2.64423432238603,1,2
3,1,74,7.43330412722438,3.16140921296698,4.20587653315971,5.68857896004669,2.62281857639368,1,2
3,1,77,7.43330412722438,3.16140921296698,6.16469266633132,7.19756413445731,3.14841241494539,1,2
3,2,4,7.43330412722438,3.16140921296698,5.59483461691898,6.78898508227453,4.05320050517479,1,2
3,2,6,7.43330412722438,3.16140921296698,4.36966401181419,5.21511918423444,3.46859686579376,1,2
3,2,7,7.43330412722438,3.16140921296698,2.83296778824481,5.84643148158755,3.84646843734144,1,2
3,2,9,7.43330412722438,3.16140921296698,6.50962746153682,6.06713929138345,3.98628704827471,1,2
3,2,10,7.43330412722438,3.16140921296698,5.56430040467176,5.40743383403534,3.64998589939831,1,2
3,2,15,7.43330412722438,3.16140921296698,4.14614917456272,5.70092407748671,3.62473892648635,1,2
3,2,17,7.43330412722438,3.16140921296698,5.87091468346991,6.42769868603928,3.9687477240909,1,2
3,2,19,7.43330412722438,3.16140921296698,4.6169402837547,6.23284392092772,3.93313367468173,1,2
3,2,21,7.43330412722438,3.16140921296698,4.67162391954338,5.95000506037953,3.98617761043005,1,2
3,2,23,7.43330412722438,3.16140921296698,6.46842226721111,6.13282370721956,3.8848053510006,1,2
3,2,24,7.43330412722438,3.16140921296698,5.69710667750153,5.89524687796746,3.94641066228537,1,2
3,2,25,7.43330412722438,3.16140921296698,4.8455435453852,5.7147452881215,3.76290885815983,1,2
3,2,28,7.43330412722438,3.16140921296698,3.6452147556973,6.01826114899566,3.78549043673561,1,2
3,2,29,7.43330412722438,3.16140921296698,4.3576124422112,5.85116497226903,3.85091997490905,1,2
3,2,30,7.43330412722438,3.16140921296698,5.16127714634988,6.38679008027273,3.88039080686497,1,2
3,2,34,7.43330412722438,3.16140921296698,3.15558759057255,5.2608972993659,3.51492530870568,1,2
3,2,35,7.43330412722438,3.16140921296698,5.10872074989162,6.55545370204145,4.03186151831333,1,2
3,2,36,7.43330412722438,3.16140921296698,3.90601321602928,5.50764677615412,3.54019131905114,1,2
3,2,38,7.43330412722438,3.16140921296698,4.05023016508762,5.38592232246802,3.5391144583423,1,2
3,2,39,7.43330412722438,3.16140921296698,4.60718234514173,6.23280713804075,3.88617933126343,1,2
3,2,43,7.43330412722438,3.16140921296698,5.79840950114817,5.58545633050483,3.56321857758178,1,2
3,2,44,7.43330412722438,3.16140921296698,3.99598727817887,6.58020265129686,3.93268796125131,1,2
3,2,46,7.43330412722438,3.16140921296698,4.52108636886653,5.83586329922343,3.73326724451683,1,2
3,2,49,7.43330412722438,3.16140921296698,4.5897810184711,5.52469195300204,3.36318652025388,1,2
3,2,51,7.43330412722438,3.16140921296698,4.76952441074102,6.18971958770185,3.97835926610314,1,2
3,2,56,7.43330412722438,3.16140921296698,4.43104074270631,6.23100137739792,3.85474696783447,1,2
3,2,57,7.43330412722438,3.16140921296698,5.57621297440277,6.05671515180818,3.64286302131092,1,2
3,2,59,7.43330412722438,3.16140921296698,3.65803838156555,5.33317334274234,3.59996452856027,1,2
3,2,63,7.43330412722438,3.16140921296698,4.70243941627659,5.59186639157165,3.64499120183046,1,2
3,2,64,7.43330412722438,3.16140921296698,4.86616732083606,6.19726773634903,3.84109312713702,1,2
3,2,65,7.43330412722438,3.16140921296698,4.36984523028887,6.08103453148207,3.90660176950322,1,2
3,2,67,7.43330412722438,3.16140921296698,5.62651880061813,6.09088266701212,4.03898017212563,1,2
3,2,69,7.43330412722438,3.16140921296698,5.42735810846767,6.17439146109366,3.91617472582234,1,2
3,2,70,7.43330412722438,3.16140921296698,6.3047906465144,6.239944290456,3.84860178959172,1,2
3,2,71,7.43330412722438,3.16140921296698,6.71771301925796,5.64090850523362,3.70616888911885,1,2
3,2,72,7.43330412722438,3.16140921296698,7.13546335550238,6.64084645690838,4.11197986607479,1,2
3,2,76,7.43330412722438,3.16140921296698,5.85871076108265,6.16330708102596,3.81460741628874,1,2
3,2,82,7.43330412722438,3.16140921296698,4.30453990265365,5.91735041105635,3.85153582359119,1,2
3,2,83,7.43330412722438,3.16140921296698,4.57326527310644,6.27827997910871,3.89683019298396,1,2
3,2,87,7.43330412722438,3.16140921296698,6.77855397066916,6.38631340228508,3.9243440201904,1,2
3,2,89,7.43330412722438,3.16140921296698,5.77911132168027,5.44343466138622,3.7827675752791,1,2
3,3,1,7.43330412722438,3.16140921296698,4.6064416545023,6.89228632974531,4.70715258261986,1,2
3,3,4,7.43330412722438,3.16140921296698,4.59627531572329,6.01633250896348,4.30809456525891,1,2
3,3,10,7.43330412722438,3.16140921296698,5.76669347270994,5.66186913867227,4.18041756511342,1,2
3,3,12,7.43330412722438,3.16140921296698,5.33848173974343,5.3748881206978,3.99030145793151,1,2
3,3,13,7.43330412722438,3.16140921296698,6.0595595035894,6.83722905420394,4.56974722584269,1,2
3,3,18,7.43330412722438,3.16140921296698,2.99847011232328,6.53315159188048,4.51854052024601,1,2
3,3,22,7.43330412722438,3.16140921296698,6.08516730962853,5.35504768840607,4.28572220076112,1,2
3,3,23,7.43330412722438,3.16140921296698,5.27904410699741,6.23918676632444,4.4828647407776,1,2
3,3,24,7.43330412722438,3.16140921296698,3.93143499139832,5.54361619673313,4.19269094813686,1,2
3,3,28,7.43330412722438,3.16140921296698,6.38223673320675,5.33694303267884,4.03588495380053,1,2
3,3,29,7.43330412722438,3.16140921296698,5.92265897050984,5.64855376525762,4.26973517293536,1,2
3,3,30,7.43330412722438,3.16140921296698,4.72058823816202,6.13064612446062,4.48122225759675,1,2
3,3,35,7.43330412722438,3.16140921296698,4.6598532300542,5.07185915188616,3.91333837272003,1,2
3,3,37,7.43330412722438,3.16140921296698,7.35676527447438,7.14032741301076,4.90835546966043,1,2
3,3,39,7.43330412722438,3.16140921296698,4.37254243884426,6.06711309398068,4.28827158947189,1,2
3,3,40,7.43330412722438,3.16140921296698,6.07496527869434,5.19113562880052,3.92707982964591,1,2
3,3,42,7.43330412722438,3.16140921296698,2.47856857282306,6.25869102960549,4.55015820301256,1,2
3,3,45,7.43330412722438,3.16140921296698,4.89557694232326,6.54763828778997,4.46958111844156,1,2
3,3,46,7.43330412722438,3.16140921296698,4.03704824523933,6.07727950556721,4.60508324630693,1,2
3,3,49,7.43330412722438,3.16140921296698,4.47207855657788,6.75601241184642,4.69168192298463,1,2
3,3,50,7.43330412722438,3.16140921296698,5.60744961536672,5.80612345399247,4.18660208950548,1,2
3,3,52,7.43330412722438,3.16140921296698,5.75148182434695,6.20951179956477,4.42467709470055,1,2
3,3,53,7.43330412722438,3.16140921296698,3.75743780608253,6.26946278155916,4.54562112380219,1,2
3,3,57,7.43330412722438,3.16140921296698,5.76569651039245,6.31006777750558,4.43145276890633,1,2
3,3,58,7.43330412722438,3.16140921296698,4.4917083181276,5.84385510235031,4.22325420930739,1,2
3,3,62,7.43330412722438,3.16140921296698,5.13320630537021,6.64439787388654,4.65064429376435,1,2
3,3,64,7.43330412722438,3.16140921296698,4.32966220721634,7.07185694031597,4.81924585792783,1,2
3,3,65,7.43330412722438,3.16140921296698,5.96514360562957,5.64998894658887,4.41848397870219,1,2
3,3,69,7.43330412722438,3.16140921296698,5.54179039267806,6.24391178775565,4.60686824889616,1,2
3,3,71,7.43330412722438,3.16140921296698,5.57673562714564,4.60121306335566,3.82744609262655,1,2
3,3,74,7.43330412722438,3.16140921296698,6.66372049051723,5.20521907707162,4.03696414939079,1,2
3,3,75,7.43330412722438,3.16140921296698,4.42291194916487,6.50631158974201,4.69540657059736,1,2
3,3,76,7.43330412722438,3.16140921296698,4.80471201110278,5.86823572412659,4.31710246704288,1,2
3,3,78,7.43330412722438,3.16140921296698,6.60083821794556,7.09404122695174,4.7292961996148,1,2
3,3,79,7.43330412722438,3.16140921296698,5.6341971253699,5.85343050224142,4.43523007105805,1,2
3,3,80,7.43330412722438,3.16140921296698,5.88601779838955,5.52620548157745,4.04680586317587,1,2
3,3,82,7.43330412722438,3.16140921296698,4.30431889019436,5.46552676171042,4.21215445298411,1,2
3,3,83,7.43330412722438,3.16140921296698,5.01631844513868,6.18732073413331,4.46876370629408,1,2
3,3,84,7.43330412722438,3.16140921296698,3.52219243270557,5.01563850449454,3.81136755315611,1,2
3,3,87,7.43330412722438,3.16140921296698,5.46421917101947,6.75954707697857,4.64414323325537,1,2
3,3,88,7.43330412722438,3.16140921296698,4.68670521037064,5.54815362029036,4.18107365509968,1,2
3,3,89,7.43330412722438,3.16140921296698,4.86157496711957,6.10662561594042,4.40590456640246,1,2
3,3,90,7.43330412722438,3.16140921296698,5.99611624118007,6.68107351592835,4.6131604545857,1,2
3,3,92,7.43330412722438,3.16140921296698,5.74275376079914,5.77833105352229,4.43002579725404,1,2
3,3,93,7.43330412722438,3.16140921296698,6.45325959179491,5.57448953547006,4.20189773588596,1,2
3,3,97,7.43330412722438,3.16140921296698,5.2586326966586,5.72532501076963,4.16538701323578,1,2
3,3,98,7.43330412722438,3.16140921296698,5.63489951695081,6.55612006082142,4.71597231674121,1,2
3,4,5,7.43330412722438,3.16140921296698,5.34178712362451,6.25265314282072,4.90070904055064,1,2
3,4,6,7.43330412722438,3.16140921296698,4.90335080345346,5.78760174561088,4.86568815468267,1,2
3,4,7,7.43330412722438,3.16140921296698,4.40933502513994,6.50297559645823,5.06540050280772,1,2
3,4,8,7.43330412722438,3.16140921296698,3.88834977837374,6.05388953105035,4.84834008681431,1,2
3,4,11,7.43330412722438,3.16140921296698,6.20608786622243,6.1799142826037,4.77108708935097,1,2
3,4,17,7.43330412722438,3.16140921296698,4.51848101966834,5.60878247464912,4.55037312620429,1,2
3,4,18,7.43330412722438,3.16140921296698,5.49822664865866,6.85871238532601,5.15259525195446,1,2
3,4,20,7.43330412722438,3.16140921296698,6.00633350003047,6.19384250846013,5.14099078263447,1,2
3,4,21,7.43330412722438,3.16140921296698,4.39073067338851,6.43209701258701,5.08495317025442,1,2
3,4,23,7.43330412722438,3.16140921296698,5.17721414025972,6.03986798171051,4.95974526341378,1,2
3,4,26,7.43330412722438,3.16140921296698,2.40366580642894,6.17132140072397,4.70678437775587,1,2
3,4,33,7.43330412722438,3.16140921296698,4.10191596200363,6.23747683567017,5.1648981231645,1,2
3,4,34,7.43330412722438,3.16140921296698,4.8433167546658,6.73637950863555,5.13310081111312,1,2
3,4,36,7.43330412722438,3.16140921296698,5.11090262592055,6.70072541779361,4.97175823723327,1,2
3,4,38,7.43330412722438,3.16140921296698,5.12702105626616,6.016155714087,4.86939797380055,1,2
3,4,42,7.43330412722438,3.16140921296698,5.19575951997748,6.21632107021628,5.079418094273,1,2
3,4,43,7.43330412722438,3.16140921296698,3.36506618395269,7.80667249102672,5.67617211826279,1,2
3,4,44,7.43330412722438,3.16140921296698,4.42964162582968,6.01064329980382,4.94635528302342,1,2
3,4,45,7.43330412722438,3.16140921296698,3.96337241825445,6.44994841210407,4.9656278195903,1,2
3,4,46,7.43330412722438,3.16140921296698,7.2755080644079,5.84930987627199,4.83215278763449,1,2
3,4,50,7.43330412722438,3.16140921296698,4.79928691477745,6.5359430315192,5.03161150542829,1,2
3,4,51,7.43330412722438,3.16140921296698,5.54570780317765,5.93290943672907,4.67855488541711,1,2
3,4,53,7.43330412722438,3.16140921296698,4.76124787387905,6.08755475728151,4.77873131488524,1,2
3,4,54,7.43330412722438,3.16140921296698,5.8974218356994,6.09582472232094,4.78926676487899,1,2
3,4,56,7.43330412722438,3.16140921296698,5.41514763309235,5.63836434004647,4.69540044958819,1,2
3,4,63,7.43330412722438,3.16140921296698,6.86739818339337,4.82336810937078,4.29013550679982,1,2
3,4,64,7.43330412722438,3.16140921296698,5.69296926274798,5.35629697547727,4.55157529486686,1,2
3,4,67,7.43330412722438,3.16140921296698,3.95731677059041,5.33348375346362,4.57972405581257,1,2
3,4,68,7.43330412722438,3.16140921296698,6.32327880545862,6.61596794994678,5.18225358934575,1,2
3,4,69,7.43330412722438,3.16140921296698,3.89232062853287,6.94505226101229,5.15862807992887,1,2
3,4,71,7.43330412722438,3.16140921296698,4.62540513450505,5.60056485527698,4.64948680166518,1,2
3,4,72,7.43330412722438,3.16140921296698,4.60778658617616,5.92335469670883,4.85247781470018,1,2
3,4,73,7.43330412722438,3.16140921296698,5.18263247423851,5.68766128347461,4.70442685320762,1,2
3,5,4,7.43330412722438,3.16140921296698,3.48521237765786,6.05464353192862,4.88669840561492,1,2
3,5,5,7.43330412722438,3.16140921296698,4.40855275846147,6.41341772472058,4.89803424096018,1,2
3,5,7,7.43330412722438,3.16140921296698,3.96801686514424,6.42252736550825,4.83868647878995,1,2
3,5,9,7.43330412722438,3.16140921296698,5.36128996244697,5.61034704885605,4.8230083652571,1,2
3,5,10,7.43330412722438,3.16140921296698,6.04438017282011,7.10127524457298,5.1337093465593,1,2
3,5,14,7.43330412722438,3.16140921296698,6.29133580242239,6.44427220901418,5.11525612875345,1,2
3,5,15,7.43330412722438,3.16140921296698,4.72296071346477,6.46795575205682,4.82869881504766,1,2
3,5,16,7.43330412722438,3.16140921296698,5.81628767754525,6.24632295601722,5.01291289900417,1,2
3,5,18,7.43330412722438,3.16140921296698,5.04612512702325,5.47559654009398,4.51576709999012,1,2
3,5,19,7.43330412722438,3.16140921296698,5.29211018642949,5.48372229141255,4.79727244007058,1,2
3,5,23,7.43330412722438,3.16140921296698,4.14720384890842,5.66722008509489,4.74230430673075,1,2
3,5,26,7.43330412722438,3.16140921296698,5.67138187294619,6.04237413318715,4.77223883552279,1,2
3,5,29,7.43330412722438,3.16140921296698,4.80860859724027,6.0059826070402,4.90025428411504,1,2
3,5,31,7.43330412722438,3.16140921296698,5.9170798301623,6.06534392217456,4.77218318450873,1,2
3,5,33,7.43330412722438,3.16140921296698,4.54415448281959,6.43780719829135,4.84973047167917,1,2
3,5,36,7.43330412722438,3.16140921296698,4.5736776379838,5.62547220050819,4.54603563745686,1,2
3,5,38,7.43330412722438,3.16140921296698,4.10337680649331,6.39376228974997,4.79672515042356,1,2
3,5,42,7.43330412722438,3.16140921296698,4.80477661199595,5.96472127188698,4.88085274266956,1,2
3,5,43,7.43330412722438,3.16140921296698,7.65018715408723,6.22951550853959,4.99061847544872,1,2
3,5,45,7.43330412722438,3.16140921296698,5.95683134538883,7.23958147779494,5.24790148785063,1,2
3,5,46,7.43330412722438,3.16140921296698,6.18899414648262,5.8240502572068,4.61890488564245,1,2
3,5,48,7.43330412722438,3.16140921296698,4.13112525430481,5.97346348824566,4.94170864575326,1,2
3,5,51,7.43330412722438,3.16140921296698,5.77852080776875,5.82397436500599,4.71669872773957,1,2
3,5,52,7.43330412722438,3.16140921296698,4.21954668697592,6.03508045465576,4.71235873042875,1,2
3,5,54,7.43330412722438,3.16140921296698,5.82105138375569,6.08037641254329,4.82088170261863,1,2
3,5,55,7.43330412722438,3.16140921296698,4.82472487706552,5.89634785606888,4.73616969244481,1,2
3,5,60,7.43330412722438,3.16140921296698,4.60293835484385,5.96394589017622,4.82623785026841,1,2
3,5,62,7.43330412722438,3.16140921296698,6.22487725826397,5.77329360434632,4.91178471495665,1,2
3,5,63,7.43330412722438,3.16140921296698,4.80103340612568,6.21029783295034,4.81006149805232,1,2
3,5,66,7.43330412722438,3.16140921296698,3.55341450456517,6.45823942168906,5.07814392181803,1,2
3,5,67,7.43330412722438,3.16140921296698,6.49074299824567,5.89049397486826,4.92095397466164,1,2
3,5,68,7.43330412722438,3.16140921296698,4.52528679037711,5.76914539744259,4.68448410456237,1,2
3,5,69,7.43330412722438,3.16140921296698,4.80564007541701,6.6568701842387,5.10542369625671,1,2
3,5,74,7.43330412722438,3.16140921296698,6.29379795545622,6.27684368595764,5.01182058793517,1,2
3,5,75,7.43330412722438,3.16140921296698,2.04896494048932,5.70555630562382,4.63982281857593,1,2
3,5,77,7.43330412722438,3.16140921296698,4.49580344663965,6.52749659464713,5.21357030998367,1,2
3,5,78,7.43330412722438,3.16140921296698,2.54418342272329,5.58420032151645,4.82684160261381,1,2
3,5,79,7.43330412722438,3.16140921296698,4.12241239953594,5.91414442368002,4.63315772239596,1,2
3,5,80,7.43330412722438,3.16140921296698,4.00279665283348,5.92804267044577,4.86570744444258,1,2
3,5,81,7.43330412722438,3.16140921296698,4.02688890097206,6.18576393608801,4.81199335865781,1,2
3,5,83,7.43330412722438,3.16140921296698,5.09088477924508,5.0536026522568,4.44123001637323,1,2
3,5,85,7.43330412722438,3.16140921296698,4.82958886020704,6.2723639765858,5.09935788306632,1,2
3,5,87,7.43330412722438,3.16140921296698,2.45747487385461,6.38359034071098,5.11327560824732,1,2
3,5,88,7.43330412722438,3.16140921296698,5.4767145635956,5.69036567424404,4.81030402861091,1,2
3,5,90,7.43330412722438,3.16140921296698,7.63835530332239,5.51974425084308,4.58992602400435,1,2
3,6,2,7.43330412722438,3.16140921296698,6.94243405961097,6.02518786757399,5.19598347244041,1,2
3,6,3,7.43330412722438,3.16140921296698,5.79184465481904,5.80738396383355,5.24835005679737,1,2
3,6,7,7.43330412722438,3.16140921296698,5.58607013223114,6.33695895109195,5.41724338214575,1,2
3,6,8,7.43330412722438,3.16140921296698,4.41753744250009,6.42134819380579,5.42851083175469,1,2
3,6,9,7.43330412722438,3.16140921296698,6.31593913439125,6.46175046285922,5.3513859059452,1,2
3,6,10,7.43330412722438,3.16140921296698,5.00496817697372,5.91153030829249,5.30782014052901,1,2
3,6,12,7.43330412722438,3.16140921296698,5.22782257173644,5.75519160810408,5.18307223585072,1,2
3,6,14,7.43330412722438,3.16140921296698,3.57909108233217,5.77148140327506,5.17180616333663,1,2
3,6,15,7.43330412722438,3.16140921296698,5.45554714343147,5.8221054091602,5.19178693769487,1,2
3,6,17,7.43330412722438,3.16140921296698,2.55820701628147,5.47211654842757,5.00604566813848,1,2
3,6,19,7.43330412722438,3.16140921296698,5.90984216822119,6.43468983924816,5.37973181396949,1,2
3,6,20,7.43330412722438,3.16140921296698,3.64507657660542,4.839110669551,4.77385581026508,1,2
3,6,21,7.43330412722438,3.16140921296698,4.91119376424309,5.48266735299724,5.23445816751605,1,2
3,6,23,7.43330412722438,3.16140921296698,4.91285152448407,6.48333065869492,5.53867011366301,1,2
3,6,27,7.43330412722438,3.16140921296698,5.0278213637795,5.9573998831532,5.22254524421553,1,2
3,6,30,7.43330412722438,3.16140921296698,5.89559372992838,7.0831740327418,5.71352840313086,1,2
3,6,32,7.43330412722438,3.16140921296698,5.33697056055294,6.31144846315408,5.44774620817651,1,2
3,6,35,7.43330412722438,3.16140921296698,5.6448753397557,5.7650240360503,5.1015314442536,1,2
3,6,36,7.43330412722438,3.16140921296698,4.92485142892086,6.10377438651471,5.22238097476367,1,2
3,6,37,7.43330412722438,3.16140921296698,7.60379997391238,5.76786023023056,5.28261209265257,1,2
3,6,38,7.43330412722438,3.16140921296698,3.35919049176393,6.97040552819891,5.51397378621164,1,2
3,6,39,7.43330412722438,3.16140921296698,5.23970690980044,6.09466735279643,5.30332906559957,1,2
3,6,41,7.43330412722438,3.16140921296698,4.18358011986242,5.02148294812414,4.73581370377131,1,2
3,6,42,7.43330412722438,3.16140921296698,5.04270350641804,5.2775677223264,5.00661864186663,1,2
3,6,44,7.43330412722438,3.16140921296698,5.2986401270418,5.9413265690291,5.29325201043477,1,2
3,6,45,7.43330412722438,3.16140921296698,4.36283396662795,5.09218960822701,5.00120983803489,1,2
3,6,46,7.43330412722438,3.16140921296698,5.74318108721573,5.87053679980336,5.29706952003474,1,2
3,6,48,7.43330412722438,3.16140921296698,2.90846859388222,5.71908001563974,5.00843352514457,1,2
3,6,50,7.43330412722438,3.16140921296698,5.12483343545094,5.90500801631719,5.18968843712097,1,2
3,6,51,7.43330412722438,3.16140921296698,5.18086595898761,5.34440800353546,5.01623699573876,1,2
3,6,52,7.43330412722438,3.16140921296698,4.94882083335773,6.09043266523518,5.34046877142005,1,2
3,6,53,7.43330412722438,3.16140921296698,5.97356116618362,5.59216811248212,5.22352857349797,1,2
3,6,55,7.43330412722438,3.16140921296698,4.73152441018648,5.62377510457846,5.1998036951508,1,2
3,6,57,7.43330412722438,3.16140921296698,3.49956657617289,6.03051097598584,5.19482944183451,1,2
3,6,60,7.43330412722438,3.16140921296698,6.09691175098072,5.64325704627903,5.06288374467675,1,2
3,6,62,7.43330412722438,3.16140921296698,5.9012950670769,6.53060818699029,5.49950440107522,1,2
3,6,64,7.43330412722438,3.16140921296698,4.12157038235618,5.28414293180513,5.04414324917263,1,2
3,6,65,7.43330412722438,3.16140921296698,4.04967428252806,5.72911513743614,5.1228422539994,1,2
3,6,66,7.43330412722438,3.16140921296698,4.57194185834218,6.67917731531625,5.27855234253272,1,2
3,7,3,7.43330412722438,3.16140921296698,5.4561413523702,6.71243418918924,5.93125356327303,1,2
3,7,4,7.43330412722438,3.16140921296698,5.41320146852726,6.05509538891728,5.58786988965157,1,2
3,7,5,7.43330412722438,3.16140921296698,4.41855824286247,5.59017133307254,5.17314593780044,1,2
3,7,6,7.43330412722438,3.16140921296698,5.13223889239767,5.20033418084071,5.50845647192981,1,2
3,7,10,7.43330412722438,3.16140921296698,5.03950882969245,6.28574379182959,5.64470804230567,1,2
3,7,12,7.43330412722438,3.16140921296698,5.04477577051079,5.40831587431461,5.33749011885344,1,2
3,7,13,7.43330412722438,3.16140921296698,6.21850483832614,5.30989793100553,5.09082056648398,1,2
3,7,14,7.43330412722438,3.16140921296698,5.90151302808766,6.76808929522075,5.64867381466348,1,2
3,7,16,7.43330412722438,3.16140921296698,5.71809193885364,6.03013881970797,5.70127356521043,1,2
3,7,18,7.43330412722438,3.16140921296698,5.59248682100577,6.17643772438083,5.44198049722892,1,2
3,7,19,7.43330412722438,3.16140921296698,4.7705573543295,5.93164731813761,5.30049699339884,1,2
3,7,30,7.43330412722438,3.16140921296698,5.20227343466107,6.50888571231565,5.69835432977956,1,2
3,7,31,7.43330412722438,3.16140921296698,4.72856215373027,6.33276375879628,5.74882655187274,1,2
3,7,32,7.43330412722438,3.16140921296698,5.67906310195687,5.09783945690536,5.38536025160984,1,2
3,7,33,7.43330412722438,3.16140921296698,5.17738460560069,6.68770121071071,5.80690804776435,1,2
3,7,37,7.43330412722438,3.16140921296698,6.01476059534689,5.9070970249187,5.55793222541893,1,2
3,7,38,7.43330412722438,3.16140921296698,4.50145810506458,6.48689854772628,5.76163625607864,1,2
3,7,41,7.43330412722438,3.16140921296698,3.70378741185996,5.96097399293852,5.53445704173582,1,2
3,7,42,7.43330412722438,3.16140921296698,4.77549981712797,6.01743973869479,5.41213205146204,1,2
3,7,43,7.43330412722438,3.16140921296698,5.68341126254405,6.28169182819121,5.61786892356588,1,2
3,7,45,7.43330412722438,3.16140921296698,6.16911979269937,6.92802222091764,5.9682122316243,1,2
3,7,50,7.43330412722438,3.16140921296698,4.56363310077252,5.20812741859133,5.18879531578226,1,2
3,7,53,7.43330412722438,3.16140921296698,4.4285285036545,6.20746986265205,5.61384490225685,1,2
3,7,54,7.43330412722438,3.16140921296698,4.57749940941361,5.9270449761673,5.44921267068525,1,2
3,7,55,7.43330412722438,3.16140921296698,4.00171635146447,6.29020459634349,5.53987738649147,1,2
3,7,56,7.43330412722438,3.16140921296698,6.46025029542391,5.46500179980983,5.46286717474406,1,2
3,7,58,7.43330412722438,3.16140921296698,4.11225679335844,6.07952182360237,5.45103056131929,1,2
3,7,59,7.43330412722438,3.16140921296698,3.98718216942641,5.7739502242975,5.46918181772077,1,2
3,7,60,7.43330412722438,3.16140921296698,4.11270051866974,5.17347879384599,5.2448411377398,1,2
3,7,61,7.43330412722438,3.16140921296698,4.55311319806659,6.1701004402083,5.37771918578753,1,2
3,7,64,7.43330412722438,3.16140921296698,4.43507414971556,5.87679480959096,5.4578130818656,1,2
3,7,67,7.43330412722438,3.16140921296698,5.12849852592849,5.22957775084209,5.2422294217621,1,2
3,8,1,7.43330412722438,3.16140921296698,6.4538323580052,6.62161802893498,5.90414577227827,1,2
3,8,2,7.43330412722438,3.16140921296698,5.7384217541013,6.31821553791324,5.7760845555296,1,2
3,8,3,7.43330412722438,3.16140921296698,3.9155089484738,6.0394332341279,5.69966213948078,1,2
3,8,4,7.43330412722438,3.16140921296698,4.31820788042277,6.51557045661229,6.08822468389764,1,2
3,8,5,7.43330412722438,3.16140921296698,3.91499167866269,5.72375037989696,5.73005421266074,1,2
3,8,6,7.43330412722438,3.16140921296698,6.12426377607973,6.91168884149085,5.98160039171886,1,2
3,8,8,7.43330412722438,3.16140921296698,6.31362796898487,5.90272151901116,5.88537833299967,1,2
3,8,10,7.43330412722438,3.16140921296698,4.26527197537835,6.05548844759247,6.01193124445324,1,2
3,8,11,7.43330412722438,3.16140921296698,4.77922756409426,6.30692499864173,5.93306963610316,1,2
3,8,12,7.43330412722438,3.16140921296698,4.66249867802309,5.95734340688177,5.99652058204848,1,2
3,8,13,7.43330412722438,3.16140921296698,5.42940500864085,5.85695742392195,5.62723739278625,1,2
3,8,15,7.43330412722438,3.16140921296698,4.96511412858091,5.96966288399037,5.67868992831094,1,2
3,8,17,7.43330412722438,3.16140921296698,5.00897359609514,5.57274289362494,5.86988295195748,1,2
3,8,18,7.43330412722438,3.16140921296698,5.922491175157,5.55001143918042,5.83167657793598,1,2
3,8,19,7.43330412722438,3.16140921296698,4.27053970333204,4.94874436847894,5.31534834278001,1,2
3,8,21,7.43330412722438,3.16140921296698,2.56431821264552,6.68826211116102,5.90461573475178,1,2
3,8,25,7.43330412722438,3.16140921296698,4.91393366890181,5.95268056823486,5.7188233585871,1,2
3,8,26,7.43330412722438,3.16140921296698,2.97450315424312,6.21570323209845,5.785751110318,1,2
3,8,27,7.43330412722438,3.16140921296698,3.91357878864518,5.91209430599417,5.5933026826982,1,2
3,8,31,7.43330412722438,3.16140921296698,3.82533635271705,5.85775213441254,5.65416417572424,1,2
3,8,35,7.43330412722438,3.16140921296698,5.14266050886397,5.51542741154527,5.48282753237825,1,2
3,8,36,7.43330412722438,3.16140921296698,3.97569945783361,6.03437655679179,5.70982574256552,1,2
3,8,37,7.43330412722438,3.16140921296698,3.32648153736553,6.7508095029275,6.13683568620138,1,2
3,8,38,7.43330412722438,3.16140921296698,4.63011288182508,6.34448936228445,5.81697009304579,1,2
3,8,40,7.43330412722438,3.16140921296698,5.75068581458543,5.50279551973186,5.6966205288701,1,2
3,8,41,7.43330412722438,3.16140921296698,4.35207906451944,5.38536643187064,5.71150252611239,1,2
3,8,42,7.43330412722438,3.16140921296698,5.20818492027644,7.13181728804033,6.14364843043,1,2
3,8,45,7.43330412722438,3.16140921296698,4.73572851831675,4.66196084715071,5.48191998006916,1,2
3,8,46,7.43330412722438,3.16140921296698,4.44310850511771,6.11672001730577,5.71706566521529,1,2
3,8,48,7.43330412722438,3.16140921296698,3.83195927191108,5.45241890117438,5.64838527943376,1,2
3,8,49,7.43330412722438,3.16140921296698,3.84428190924729,6.5785501813669,5.96794362467989,1,2
3,8,51,7.43330412722438,3.16140921296698,4.85954017094345,5.69018741134169,5.73314284233721,1,2
3,8,53,7.43330412722438,3.16140921296698,5.82688919655428,6.51113370702911,6.15285589260287,1,2
3,8,55,7.43330412722438,3.16140921296698,4.10763190584142,5.06510854222037,5.47960263774889,1,2
3,8,56,7.43330412722438,3.16140921296698,6.57543364935027,6.20105788000519,5.86534526621387,1,2
3,8,59,7.43330412722438,3.16140921296698,5.46522097981269,6.99458840343123,6.22576490388531,1,2
3,8,61,7.43330412722438,3.16140921296698,6.27052944069026,6.38573581466993,5.95466769994104,1,2
3,8,63,7.43330412722438,3.16140921296698,4.36982047787491,5.4920925781683,5.57977945934464,1,2
3,9,6,7.43330412722438,3.16140921296698,5.60653620881256,6.16003924875804,5.92853235842267,1,2
3,9,8,7.43330412722438,3.16140921296698,4.21165114591695,6.16156921968795,5.6749141485187,1,2
3,9,11,7.43330412722438,3.16140921296698,5.79127611163636,6.41786149161512,5.85119495803582,1,2
3,9,12,7.43330412722438,3.16140921296698,4.79407078052828,5.32207336922566,5.56064138553814,1,2
3,9,16,7.43330412722438,3.16140921296698,6.50630628665595,5.13975252341411,5.70077450881603,1,2
3,9,17,7.43330412722438,3.16140921296698,5.01872306918552,5.77037822738022,5.95857288609852,1,2
3,9,18,7.43330412722438,3.16140921296698,2.50423436756102,6.01489801356518,5.77741996631556,1,2
3,9,22,7.43330412722438,3.16140921296698,4.9310738355807,5.74725042135523,5.87078953371461,1,2
3,9,23,7.43330412722438,3.16140921296698,6.7711076122008,6.74720691486512,6.15099057333807,1,2
3,9,24,7.43330412722438,3.16140921296698,5.90641063026373,6.33097864889789,5.85034517624919,1,2
3,9,25,7.43330412722438,3.16140921296698,3.60104367475306,5.32475281895633,5.50125998012788,1,2
3,9,30,7.43330412722438,3.16140921296698,4.03909314711414,6.78964938223844,6.03818445397234,1,2
3,9,36,7.43330412722438,3.16140921296698,5.86058169324306,5.97714692405767,5.76539461711156,1,2
3,9,38,7.43330412722438,3.16140921296698,5.41922621906472,6.30367641309775,5.73018820632137,1,2
3,9,39,7.43330412722438,3.16140921296698,4.98340673387151,6.25612050337878,5.83593183342744,1,2
3,9,40,7.43330412722438,3.16140921296698,4.22935598544564,6.21446018079404,5.94382546773098,1,2
3,9,43,7.43330412722438,3.16140921296698,5.47273114449855,5.22511588535739,5.77232296825988,1,2
3,9,45,7.43330412722438,3.16140921296698,5.0984043954656,6.00454438903818,5.78639736105939,1,2
3,9,46,7.43330412722438,3.16140921296698,4.95118695571693,5.68955911334228,5.69732361321848,1,2
3,9,47,7.43330412722438,3.16140921296698,4.54292230030423,5.78911413829051,5.66536042868808,1,2
3,9,49,7.43330412722438,3.16140921296698,3.80047057307915,6.48355024439431,5.95066941603347,1,2
3,9,50,7.43330412722438,3.16140921296698,4.16063103676305,6.62172771922945,5.98835990686375,1,2
3,9,51,7.43330412722438,3.16140921296698,5.27180953672676,6.2358852928506,5.86550009837665,1,2
3,9,52,7.43330412722438,3.16140921296698,3.2444553228798,6.2340298698642,5.85139885206843,1,2
3,9,54,7.43330412722438,3.16140921296698,5.84160907824766,6.88905831243909,6.17653467871526,1,2
3,9,55,7.43330412722438,3.16140921296698,4.09358049747301,5.98879107901331,5.77470668112957,1,2
3,9,56,7.43330412722438,3.16140921296698,4.87954518976528,5.67879305355552,5.61810650856926,1,2
3,9,57,7.43330412722438,3.16140921296698,3.99239337314813,5.08104357731632,5.46670955398844,1,2
3,9,58,7.43330412722438,3.16140921296698,3.99125577275234,6.01221133080741,5.75691995253373,1,2
3,9,61,7.43330412722438,3.16140921296698,5.9555557165067,5.67110836959123,5.94656710319639,1,2
3,9,62,7.43330412722438,3.16140921296698,3.3691045176543,6.177783409953,5.78860758906145,1,2
3,9,63,7.43330412722438,3.16140921296698,4.36979473385016,5.94119908458751,6.00591465899094,1,2
3,9,65,7.43330412722438,3.16140921296698,4.79230005035328,5.80557387891798,5.59409804001662,1,2
3,9,66,7.43330412722438,3.16140921296698,4.42343556600351,6.20041516853061,5.96498159456694,1,2
3,9,67,7.43330412722438,3.16140921296698,6.42506750327038,5.59880913479959,5.63192196990843,1,2
3,9,70,7.43330412722438,3.16140921296698,4.68348078800151,6.07319804581555,5.8330696473161,1,2
3,9,72,7.43330412722438,3.16140921296698,5.06140100086525,5.60033034265821,5.68750917727177,1,2
3,9,73,7.43330412722438,3.16140921296698,4.68979529770486,5.99301261945819,5.79782875441745,1,2
3,10,1,7.43330412722438,3.16140921296698,3.89734279645399,5.67241706691967,6.02346728688299,1,2
3,10,3,7.43330412722438,3.16140921296698,5.2699932601386,5.56832052282903,6.41966320588366,1,2
3,10,4,7.43330412722438,3.16140921296698,3.8492839202215,5.43001559661343,6.05382766782621,1,2
3,10,7,7.43330412722438,3.16140921296698,5.74660408537861,5.51462188924709,6.07684948378738,1,2
3,10,10,7.43330412722438,3.16140921296698,4.95398235910322,5.82944256012704,6.46268693679807,1,2
3,10,11,7.43330412722438,3.16140921296698,3.82698018450018,5.88519569810555,6.26142648432706,1,2
3,10,12,7.43330412722438,3.16140921296698,5.48241599699667,5.88591341744002,6.48744638794888,1,2
3,10,18,7.43330412722438,3.16140921296698,4.83988989734533,6.31291025699405,6.55572987640721,1,2
3,10,19,7.43330412722438,3.16140921296698,4.19212115213776,6.05225610725177,6.35420126721923,1,2
3,10,20,7.43330412722438,3.16140921296698,5.91172569418223,6.07086115581184,6.37011672822299,1,2
3,10,22,7.43330412722438,3.16140921296698,5.81739156516054,5.7989822217297,6.4375587022932,1,2
3,10,23,7.43330412722438,3.16140921296698,4.47590781878288,6.28583930755971,6.61264045898403,1,2
3,10,24,7.43330412722438,3.16140921296698,4.85248194668149,5.4979550448712,5.94385284879141,1,2
3,10,26,7.43330412722438,3.16140921296698,5.68411371779794,6.21247456690504,6.36863068082212,1,2
3,10,27,7.43330412722438,3.16140921296698,4.21056514733644,6.32880684155856,6.28020004601907,1,2
3,10,28,7.43330412722438,3.16140921296698,4.06113620979532,6.24887046791679,6.51293703354762,1,2
3,10,35,7.43330412722438,3.16140921296698,6.78081864760782,6.02357044670785,6.48001231003824,1,2
3,10,36,7.43330412722438,3.16140921296698,5.47034918983191,5.36645786837066,6.36766811497028,1,2
3,10,45,7.43330412722438,3.16140921296698,5.0219969620698,6.71846614741389,6.63673565596041,1,2
3,10,47,7.43330412722438,3.16140921296698,5.55043931176381,6.60658954526782,6.71014791089682,1,2
3,10,48,7.43330412722438,3.16140921296698,5.77785860077132,6.08061868143704,6.53654778877982,1,2
3,10,50,7.43330412722438,3.16140921296698,4.12104010425504,5.92901069607543,6.31448275911717,1,2
3,10,54,7.43330412722438,3.16140921296698,2.56477236704212,5.13330397623647,6.04375425302055,1,2
3,10,55,7.43330412722438,3.16140921296698,3.31719315022102,6.84712845353511,6.5928363318731,1,2
3,10,57,7.43330412722438,3.16140921296698,5.30815331565002,5.7939156550757,6.35153881919809,1,2
3,10,58,7.43330412722438,3.16140921296698,6.88158696512914,6.80452026343484,7.01759687239991,1,2
3,10,59,7.43330412722438,3.16140921296698,4.97363734879047,5.55156068871967,6.16171048347621,1,2
3,10,61,7.43330412722438,3.16140921296698,6.09397168711953,6.32320821470452,6.5911971355042,1,2
3,10,63,7.43330412722438,3.16140921296698,2.2495827025212,5.565149401866,6.35611497062343,1,2
3,10,64,7.43330412722438,3.16140921296698,4.98310874425758,4.85663580156538,6.15986365340042,1,2
3,10,67,7.43330412722438,3.16140921296698,3.94240353455675,5.6575101470875,6.16473151463108,1,2
3,10,68,7.43330412722438,3.16140921296698,4.88976115510483,5.8773542398401,6.14600709608985,1,2
3,10,69,7.43330412722438,3.16140921296698,4.71658815131939,5.13983591218478,6.05444157713289,1,2
3,10,72,7.43330412722438,3.16140921296698,5.13576144394857,5.97468536339409,6.45877502857967,1,2
3,11,1,7.43330412722438,3.16140921296698,5.88052293733467,6.01883133173376,6.46158834700916,1,2
3,11,5,7.43330412722438,3.16140921296698,5.4311259086517,5.9354746730831,6.33741635682611,1,2
3,11,6,7.43330412722438,3.16140921296698,4.80305069719364,5.44155505486138,6.30740343998835,1,2
3,11,7,7.43330412722438,3.16140921296698,6.32863145300632,5.92546259972497,6.51532266831281,1,2
3,11,13,7.43330412722438,3.16140921296698,4.152711713268,7.34437893600505,6.85427596453715,1,2
3,11,14,7.43330412722438,3.16140921296698,5.24592017161609,5.88230737819195,6.24549436572299,1,2
3,11,15,7.43330412722438,3.16140921296698,7.10227601596469,6.549515968226,6.43643029512357,1,2
3,11,17,7.43330412722438,3.16140921296698,5.06300417468358,5.95349540135892,6.50234610876424,1,2
3,11,20,7.43330412722438,3.16140921296698,3.86536863191872,5.43604451841714,5.85040747601741,1,2
3,11,22,7.43330412722438,3.16140921296698,6.17886156501771,6.41586554277866,6.47047051010735,1,2
3,11,25,7.43330412722438,3.16140921296698,4.88321143589938,6.03256263076208,6.38255967413883,1,2
3,11,26,7.43330412722438,3.16140921296698,4.44875137676074,5.87128135893677,6.32589363869162,1,2
3,11,27,7.43330412722438,3.16140921296698,4.21087548536389,6.6742765197326,6.55037626027133,1,2
3,11,32,7.43330412722438,3.16140921296698,5.10947913538063,5.82947195763565,6.37031761974453,1,2
3,11,33,7.43330412722438,3.16140921296698,6.45783508332928,6.08780329145141,6.28570572187374,1,2
3,11,36,7.43330412722438,3.16140921296698,6.37909446326813,6.12840680948844,6.2456985138866,1,2
3,11,38,7.43330412722438,3.16140921296698,5.19842050393511,5.92611085855876,6.32897425509987,1,2
3,11,39,7.43330412722438,3.16140921296698,4.49688914972023,6.1886804892734,6.3644196932239,1,2
3,11,40,7.43330412722438,3.16140921296698,6.36839173296169,5.95654416384999,6.36741588449648,1,2
3,11,44,7.43330412722438,3.16140921296698,4.60989956346784,5.57738484746015,6.16313098656602,1,2
3,11,47,7.43330412722438,3.16140921296698,4.97799777192128,5.27621073015498,6.05023589311636,1,2
3,11,48,7.43330412722438,3.16140921296698,4.57538644280617,5.67371144390335,6.25570125441283,1,2
3,11,52,7.43330412722438,3.16140921296698,6.08600823781545,6.25209210569324,6.36789715529061,1,2
3,11,55,7.43330412722438,3.16140921296698,4.78438007130396,6.17120906702907,6.49490857499071,1,2
3,11,56,7.43330412722438,3.16140921296698,6.37990934869493,5.90949098197502,6.55961315258532,1,2
3,11,58,7.43330412722438,3.16140921296698,4.88563718901712,6.11487517541528,6.26869654003899,1,2
3,11,60,7.43330412722438,3.16140921296698,5.67628762301333,5.92195646301269,6.50038225914451,1,2
3,11,61,7.43330412722438,3.16140921296698,5.55572234862219,5.22579390487605,5.98420215252456,1,2
3,11,65,7.43330412722438,3.16140921296698,5.58859662426448,6.38414496059198,6.24199318937368,1,2
3,11,68,7.43330412722438,3.16140921296698,6.70390062031333,6.15893654539734,6.35584259588277,1,2
3,11,72,7.43330412722438,3.16140921296698,5.99124147507197,5.76116270511902,6.30228433536925,1,2
3,12,4,7.43330412722438,3.16140921296698,3.35117922681452,6.41857858105329,6.27971367100991,1,2
3,12,5,7.43330412722438,3.16140921296698,2.31918843578097,7.14814723301621,6.3071895064261,1,2
3,12,6,7.43330412722438,3.16140921296698,6.83131060425552,6.59197366330608,6.61167304436971,1,2
3,12,7,7.43330412722438,3.16140921296698,4.54791626427608,5.98275155959309,6.13867618192818,1,2
3,12,8,7.43330412722438,3.16140921296698,5.89396604685993,6.5003747333753,6.46040059679112,1,2
3,12,9,7.43330412722438,3.16140921296698,3.7339178404786,6.08304750434841,6.16586295068432,1,2
3,12,10,7.43330412722438,3.16140921296698,5.18380423809126,5.66033849829428,6.41483770264022,1,2
3,12,11,7.43330412722438,3.16140921296698,5.89003860035454,5.72614049147224,6.22778732008052,1,2
3,12,13,7.43330412722438,3.16140921296698,5.74826156072932,7.06841149904822,6.68975068857711,1,2
3,12,14,7.43330412722438,3.16140921296698,5.9550529329773,5.93758589956606,6.29534989921642,1,2
3,12,22,7.43330412722438,3.16140921296698,6.03496806285844,5.43651157147989,5.89673636761739,1,2
3,12,27,7.43330412722438,3.16140921296698,2.62864133823917,5.98526187373685,6.07032541020097,1,2
3,12,29,7.43330412722438,3.16140921296698,4.91148285971671,6.05554464320231,6.09584399192551,1,2
3,12,30,7.43330412722438,3.16140921296698,5.33716765020367,6.87530080086387,6.66232176245405,1,2
3,12,31,7.43330412722438,3.16140921296698,4.42804471834604,6.1048647910688,6.12855141009721,1,2
3,12,32,7.43330412722438,3.16140921296698,4.35591582046559,6.34387851636094,6.45898543650465,1,2
3,12,35,7.43330412722438,3.16140921296698,3.92925704709209,6.42116317604578,6.34726333141045,1,2
3,12,37,7.43330412722438,3.16140921296698,3.87062125170289,6.06084608484405,6.25159050633109,1,2
3,12,39,7.43330412722438,3.16140921296698,6.37139578618765,5.64195598468836,5.94910903082224,1,2
3,12,40,7.43330412722438,3.16140921296698,3.71554137441045,6.82177191425057,6.47470221250044,1,2
3,12,51,7.43330412722438,3.16140921296698,3.93548835956244,5.74583244937207,6.05880346590795,1,2
3,12,54,7.43330412722438,3.16140921296698,4.97053950572391,5.61818731488298,6.17596298954985,1,2
3,12,57,7.43330412722438,3.16140921296698,4.09382619756008,6.33577316032476,6.23627048939074,1,2
3,12,58,7.43330412722438,3.16140921296698,5.5371380123992,6.9551130147634,6.35406317657634,1,2
3,12,59,7.43330412722438,3.16140921296698,4.2696136442138,5.28571990654084,5.81833330922958,1,2
3,12,63,7.43330412722438,3.16140921296698,4.53386341716759,5.82835731983969,6.29727431988885,1,2
3,12,67,7.43330412722438,3.16140921296698,4.8212663765907,6.53129511128952,6.37942271891386,1,2
3,12,69,7.43330412722438,3.16140921296698,4.49890694461339,6.02174588661262,6.34865168346387,1,2
3,12,72,7.43330412722438,3.16140921296698,5.45411541876976,6.13216970513392,6.23890344597223,1,2
3,12,73,7.43330412722438,3.16140921296698,5.8238992227412,5.98726868530033,6.45257616191458,1,2
3,12,74,7.43330412722438,3.16140921296698,5.59914464618437,6.87699310234194,6.48026665417584,1,2
3,13,1,7.43330412722438,3.16140921296698,7.49686580298458,6.20214356831331,6.64738963406085,1,2
3,13,5,7.43330412722438,3.16140921296698,4.74516153066273,6.2307741843445,6.67005016707444,1,2
3,13,7,7.43330412722438,3.16140921296698,5.63468986390563,6.02048339713254,6.49209989960025,1,2
3,13,9,7.43330412722438,3.16140921296698,4.02183704314004,5.39551160991216,6.29336688691112,1,2
3,13,13,7.43330412722438,3.16140921296698,5.59207121861941,6.69642596488855,6.66172719193439,1,2
3,13,14,7.43330412722438,3.16140921296698,4.57233279243542,5.80423562358797,6.08301167076163,1,2
3,13,15,7.43330412722438,3.16140921296698,4.43597149483164,5.78922049021489,6.19886667351983,1,2
3,13,17,7.43330412722438,3.16140921296698,5.92399056634352,6.06908941696872,6.68757745269621,1,2
3,13,19,7.43330412722438,3.16140921296698,5.82827471677136,5.99530324522383,6.5033579109758,1,2
3,13,21,7.43330412722438,3.16140921296698,5.16946457414708,6.21150785515517,6.49967009952851,1,2
3,13,25,7.43330412722438,3.16140921296698,3.85512990869696,6.43161166702767,6.55970644220137,1,2
3,13,26,7.43330412722438,3.16140921296698,2.75611881165193,6.65913989171594,6.51157363544,1,2
3,13,27,7.43330412722438,3.16140921296698,6.27278459356289,6.47094652641034,6.91860670354916,1,2
3,13,28,7.43330412722438,3.16140921296698,4.67072587520914,6.07622435894689,6.35515923496994,1,2
3,13,30,7.43330412722438,3.16140921296698,5.60595565520389,5.80671680985375,6.57900335875196,1,2
3,13,31,7.43330412722438,3.16140921296698,5.04103155839026,6.90468782436772,6.66190724434059,1,2
3,13,32,7.43330412722438,3.16140921296698,5.94172444290177,6.86715859755319,6.79608306475938,1,2
3,13,35,7.43330412722438,3.16140921296698,4.17970506741862,5.74794614515946,6.56304674798132,1,2
3,13,39,7.43330412722438,3.16140921296698,4.15985924597073,6.5239078292682,6.60045258497462,1,2
3,13,42,7.43330412722438,3.16140921296698,4.50955795602764,6.08073515519901,6.59467642844438,1,2
3,13,43,7.43330412722438,3.16140921296698,4.63279334982172,6.09184868551525,6.45453644733722,1,2
3,13,45,7.43330412722438,3.16140921296698,4.74633627945119,5.61151487199052,6.54634892496898,1,2
3,13,48,7.43330412722438,3.16140921296698,6.09455684091527,6.11018960321986,6.49638854929577,1,2
3,13,49,7.43330412722438,3.16140921296698,5.40418602872694,5.76504710854445,6.38230731993997,1,2
3,13,50,7.43330412722438,3.16140921296698,5.45473691528622,7.1749448018779,6.46655497812331,1,2
3,13,51,7.43330412722438,3.16140921296698,3.88613517527183,6.04120074161062,6.34115701491392,1,2
3,13,52,7.43330412722438,3.16140921296698,3.2272325411587,6.34579600807995,6.63164346463122,1,2
3,13,53,7.43330412722438,3.16140921296698,5.05026271523678,5.19172117332832,6.34849520898268,1,2
3,13,55,7.43330412722438,3.16140921296698,6.72699176624834,5.72749322852076,6.62824401970592,1,2
3,13,58,7.43330412722438,3.16140921296698,4.78805258998646,5.24957035040696,6.26834631422602,1,2
3,13,60,7.43330412722438,3.16140921296698,3.22940675426837,5.88593478841442,6.34727697069578,1,2
3,13,63,7.43330412722438,3.16140921296698,7.71046204739709,5.26685883720516,6.48046631199214,1,2
3,13,64,7.43330412722438,3.16140921296698,4.58795684991571,5.8469016471023,6.31469516795843,1,2
3,13,65,7.43330412722438,3.16140921296698,4.98522894273566,6.38981106162962,6.35722473203542,1,2
3,13,66,7.43330412722438,3.16140921296698,6.15406080378303,5.63422951452113,6.44750753303704,1,2
3,13,67,7.43330412722438,3.16140921296698,3.4433751913392,6.33482680053861,6.49518419004878,1,2
3,13,68,7.43330412722438,3.16140921296698,4.60281527288517,6.47078658964605,6.53881417882827,1,2
3,13,69,7.43330412722438,3.16140921296698,4.93286052838218,5.99334534212706,6.67916354302421,1,2
3,13,71,7.43330412722438,3.16140921296698,6.55354301564754,6.42416973327687,6.74281202999646,1,2
3,14,2,7.43330412722438,3.16140921296698,3.9626477587361,5.98020436281031,6.85389567039744,1,2
3,14,3,7.43330412722438,3.16140921296698,4.69795978777545,6.08658283463049,6.52900263264971,1,2
3,14,6,7.43330412722438,3.16140921296698,5.34730668994014,6.19379257883464,6.3576309915193,1,2
3,14,8,7.43330412722438,3.16140921296698,7.3902053963071,5.95557251872232,6.7350746981921,1,2
3,14,9,7.43330412722438,3.16140921296698,4.91297462129773,6.31056918233731,6.78238626664797,1,2
3,14,10,7.43330412722438,3.16140921296698,5.05444241133527,6.27476635314268,6.84401451186973,1,2
3,14,11,7.43330412722438,3.16140921296698,3.85745275783591,5.21267054026412,6.5717749137073,1,2
3,14,13,7.43330412722438,3.16140921296698,4.24909328651909,5.43962024647413,6.52260813131992,1,2
3,14,23,7.43330412722438,3.16140921296698,5.66038699452381,5.85432725135273,6.72786827676499,1,2
3,14,26,7.43330412722438,3.16140921296698,3.78299217404023,5.27835168762544,6.44586137424644,1,2
3,14,29,7.43330412722438,3.16140921296698,6.11753456405647,6.47207105861915,6.99600149231304,1,2
3,14,35,7.43330412722438,3.16140921296698,5.69163255555004,5.45487579897138,6.55720499999777,1,2
3,14,36,7.43330412722438,3.16140921296698,5.26858290329619,6.37179041630891,6.84744489193179,1,2
3,14,37,7.43330412722438,3.16140921296698,5.12495756125134,5.72354639261571,6.40857899991624,1,2
3,14,38,7.43330412722438,3.16140921296698,4.56229506785449,5.76434169032067,6.49797111745556,1,2
3,14,40,7.43330412722438,3.16140921296698,4.73958010096782,5.94456327119403,6.78382160375833,1,2
3,14,41,7.43330412722438,3.16140921296698,3.87905518881658,6.20122209072801,6.36832886985938,1,2
3,14,42,7.43330412722438,3.16140921296698,3.8831523216354,5.57304042116582,6.66009675064454,1,2
3,14,44,7.43330412722438,3.16140921296698,6.17555450288227,5.6222620758876,6.43743816295963,1,2
3,14,45,7.43330412722438,3.16140921296698,5.69740456147359,5.83031961014985,6.91953657838186,1,2
3,14,48,7.43330412722438,3.16140921296698,5.13115906853787,6.13716262176622,6.59517109890781,1,2
3,14,50,7.43330412722438,3.16140921296698,4.16071523361279,6.60068413303624,6.75846974960904,1,2
3,14,54,7.43330412722438,3.16140921296698,4.64769131858512,5.97024744909729,6.67494243096137,1,2
3,14,57,7.43330412722438,3.16140921296698,5.11866982817204,5.88361083326813,6.69719486429193,1,2
3,14,59,7.43330412722438,3.16140921296698,4.02853541184664,6.02373290781095,6.51967739403663,1,2
3,14,61,7.43330412722438,3.16140921296698,3.70339125803547,6.01831561615614,6.61044374743649,1,2
3,14,62,7.43330412722438,3.16140921296698,5.72230343106959,5.22905348230181,6.70196980834676,1,2
3,14,63,7.43330412722438,3.16140921296698,4.71004363460399,5.93619531019248,6.52721647601653,1,2
3,14,67,7.43330412722438,3.16140921296698,5.2456747699745,5.37436483255878,6.73963477905688,1,2
3,14,68,7.43330412722438,3.16140921296698,5.70006806543197,6.04800976284216,6.81033422286921,1,2
3,14,70,7.43330412722438,3.16140921296698,5.56939530867672,5.62220212247317,6.54546903935346,1,2
3,14,73,7.43330412722438,3.16140921296698,4.56532724529531,6.06382401525827,6.70293236609698,1,2
3,14,74,7.43330412722438,3.16140921296698,3.3366277680568,6.64316241692584,6.74262505999889,1,2
3,14,75,7.43330412722438,3.16140921296698,4.76660884197523,5.54346832073368,6.48329761712494,1,2
3,15,3,7.43330412722438,3.16140921296698,3.89675685385464,6.26217294719637,6.81580401213709,1,2
3,15,9,7.43330412722438,3.16140921296698,3.15662891707025,5.98806845667948,6.94607667534559,1,2
3,15,11,7.43330412722438,3.16140921296698,3.94584008456412,5.93541617832329,6.94533108681333,1,2
3,15,15,7.43330412722438,3.16140921296698,4.68328971445127,5.35189652941465,6.67592509102629,1,2
3,15,18,7.43330412722438,3.16140921296698,4.75122126020691,5.18767232916646,6.45928480147954,1,2
3,15,22,7.43330412722438,3.16140921296698,4.92629621273098,6.171154869973,6.75426951569234,1,2
3,15,24,7.43330412722438,3.16140921296698,6.32472865687026,6.4441631468714,7.08559670280526,1,2
3,15,26,7.43330412722438,3.16140921296698,3.77196014877778,5.48482610714616,6.60279868585626,1,2
3,15,28,7.43330412722438,3.16140921296698,4.9570139473802,5.83697126551601,6.86025027328731,1,2
3,15,33,7.43330412722438,3.16140921296698,3.71045493503704,5.33326449174383,6.65181629237033,1,2
3,15,34,7.43330412722438,3.16140921296698,4.87209970254515,5.29034272222288,6.59321985370867,1,2
3,15,36,7.43330412722438,3.16140921296698,5.82142131725788,6.07425609401044,6.81052705666849,1,2
3,15,37,7.43330412722438,3.16140921296698,3.4830506460566,6.8286382143222,7.03070828910549,1,2
3,15,38,7.43330412722438,3.16140921296698,4.8415084894153,5.53277054634992,6.90839999234741,1,2
3,15,40,7.43330412722438,3.16140921296698,6.66924263511282,5.5346541349439,6.67415059993259,1,2
3,15,41,7.43330412722438,3.16140921296698,5.79177318154069,5.79432531679611,7.10439934604597,1,2
3,15,46,7.43330412722438,3.16140921296698,4.83885075432439,6.16693366943621,6.92243133537052,1,2
3,15,49,7.43330412722438,3.16140921296698,5.48978277524148,6.49783626534665,7.03099603478859,1,2
3,15,50,7.43330412722438,3.16140921296698,4.93351856954431,6.00504005147657,6.89405915586237,1,2
3,15,51,7.43330412722438,3.16140921296698,3.23974424130429,5.07792913381045,6.55547391861589,1,2
3,15,52,7.43330412722438,3.16140921296698,4.7481663086736,5.71647962769918,6.81267708070813,1,2
3,15,53,7.43330412722438,3.16140921296698,4.7315344210095,6.50293645875257,6.95566368582821,1,2
3,15,57,7.43330412722438,3.16140921296698,6.30383115740249,6.48850668853087,7.18027496975222,1,2
3,15,58,7.43330412722438,3.16140921296698,4.92513045534824,6.22621144270348,6.98743969772938,1,2
3,15,59,7.43330412722438,3.16140921296698,4.72953618478681,7.01933553569628,7.16392629935613,1,2
3,15,63,7.43330412722438,3.16140921296698,4.00095821063918,6.79222597163049,6.69515364468977,1,2
3,15,65,7.43330412722438,3.16140921296698,4.26694994348454,6.74373383677562,6.79274228329552,1,2
3,15,66,7.43330412722438,3.16140921296698,3.19090174876055,5.70952362315732,6.6571450487348,1,2
3,15,68,7.43330412722438,3.16140921296698,4.05982816877811,5.76628800287904,6.72849145079589,1,2
3,15,69,7.43330412722438,3.16140921296698,5.08064723866331,6.16970350233516,7.13399740533149,1,2
3,15,76,7.43330412722438,3.16140921296698,5.18357852245534,7.12601462940942,7.14073772700051,1,2
3,15,78,7.43330412722438,3.16140921296698,4.83693196285667,5.97283923521605,7.08066433660623,1,2
3,15,79,7.43330412722438,3.16140921296698,4.12019998042536,5.71579328000451,6.77947446171795,1,2
3,15,81,7.43330412722438,3.16140921296698,5.60771102137785,5.95444217944297,7.0390767662462,1,2
3,15,84,7.43330412722438,3.16140921296698,4.53268236515263,5.69804030858278,6.97902972964816,1,2
3,15,85,7.43330412722438,3.16140921296698,7.26625966474467,5.18879617323718,6.74965185658893,1,2
3,15,87,7.43330412722438,3.16140921296698,5.25839731260494,4.98672068483583,6.65698654485172,1,2
3,15,90,7.43330412722438,3.16140921296698,5.83207980697548,5.58783911765756,6.71089104774492,1,2
3,16,1,7.43330412722438,3.16140921296698,7.96808296640641,6.12291160562835,7.66456409259983,1,2
3,16,3,7.43330412722438,3.16140921296698,5.25220567057083,5.16644292986664,7.01277988617136,1,2
3,16,5,7.43330412722438,3.16140921296698,3.9752458464455,6.32192704322267,7.15295367080752,1,2
3,16,6,7.43330412722438,3.16140921296698,4.13313783180112,6.26915847609076,7.122651853643,1,2
3,16,7,7.43330412722438,3.16140921296698,5.11302637925474,5.61452508253532,7.22733923174843,1,2
3,16,10,7.43330412722438,3.16140921296698,5.12021097012355,5.91183220035819,7.18041247328859,1,2
3,16,14,7.43330412722438,3.16140921296698,4.66404346156709,6.29106747571296,7.47587236071242,1,2
3,16,16,7.43330412722438,3.16140921296698,5.13265796791715,6.4676177981972,7.51239040725912,1,2
3,16,18,7.43330412722438,3.16140921296698,5.36326597313146,5.54670656465685,7.1021725216158,1,2
3,16,20,7.43330412722438,3.16140921296698,3.68615155993405,5.69100650615643,7.15935667351651,1,2
3,16,22,7.43330412722438,3.16140921296698,4.61452496609395,5.43445456450881,6.91117816375417,1,2
3,16,23,7.43330412722438,3.16140921296698,2.74092652314824,5.75611288592973,7.15156485614988,1,2
3,16,24,7.43330412722438,3.16140921296698,5.50315062802228,7.30497943766286,7.79660560777294,1,2
3,16,27,7.43330412722438,3.16140921296698,6.44687071455338,6.22501568202128,7.29464111356735,1,2
3,16,30,7.43330412722438,3.16140921296698,3.88689071462814,5.48950000682781,7.16427273571483,1,2
3,16,32,7.43330412722438,3.16140921296698,6.55414509313888,6.05415180397401,7.23053593452441,1,2
3,16,33,7.43330412722438,3.16140921296698,4.22484624678548,6.32060913384629,7.38219718143292,1,2
3,16,36,7.43330412722438,3.16140921296698,6.85186813549898,5.5732470514845,7.18216933105375,1,2
3,16,38,7.43330412722438,3.16140921296698,5.41697468371638,5.22212459540133,7.02110280117668,1,2
3,16,42,7.43330412722438,3.16140921296698,4.77468262205816,6.26582928336762,7.32808985673439,1,2
3,16,43,7.43330412722438,3.16140921296698,3.45948584684763,5.55163745024723,7.15144672253823,1,2
3,16,44,7.43330412722438,3.16140921296698,6.989143261733,6.36406008737389,7.69300758844213,1,2
3,16,45,7.43330412722438,3.16140921296698,5.39497898968709,4.70640119900567,7.15608055767132,1,2
3,16,46,7.43330412722438,3.16140921296698,2.23178217450455,6.42367544488037,7.04453170350015,1,2
3,16,48,7.43330412722438,3.16140921296698,3.84705109703425,5.34228752857353,7.11904849038562,1,2
3,16,49,7.43330412722438,3.16140921296698,4.27918043605874,5.40460705278325,6.7479009800991,1,2
3,16,50,7.43330412722438,3.16140921296698,5.7415806611339,6.5602228080397,7.43608966776366,1,2
3,16,52,7.43330412722438,3.16140921296698,5.69475954414177,6.28491666377945,7.38713211822439,1,2
3,16,53,7.43330412722438,3.16140921296698,4.39238104187163,6.6684198618785,7.31723295152879,1,2
3,16,59,7.43330412722438,3.16140921296698,4.43742559136972,5.36606241524954,7.06905152969889,1,2
3,16,61,7.43330412722438,3.16140921296698,4.79436556859172,6.54374058918028,7.3147868118878,1,2
3,16,62,7.43330412722438,3.16140921296698,5.68082404031371,5.5798547622816,7.24148461633461,1,2
3,16,63,7.43330412722438,3.16140921296698,5.28351098622283,5.70588466411266,7.33775053057533,1,2
3,16,70,7.43330412722438,3.16140921296698,5.30207624418703,7.01504994554726,7.46673921290589,1,2
3,16,71,7.43330412722438,3.16140921296698,5.46786442229362,6.16105183255024,7.1856416135323,1,2
3,17,4,7.43330412722438,3.16140921296698,3.60238505321181,6.4512466953297,7.22792036881452,1,2
3,17,5,7.43330412722438,3.16140921296698,6.25315644401725,6.18960551711981,7.30139943866216,1,2
3,17,6,7.43330412722438,3.16140921296698,4.08611260775929,6.80637188712668,7.62335133100151,1,2
3,17,8,7.43330412722438,3.16140921296698,6.87683389949293,6.15946355024565,7.47662265518122,1,2
3,17,9,7.43330412722438,3.16140921296698,6.0636202086469,5.27424830602865,7.25038352058568,1,2
3,17,12,7.43330412722438,3.16140921296698,4.19387763779114,6.89584383712876,7.58807702382938,1,2
3,17,16,7.43330412722438,3.16140921296698,3.59309406591202,6.41427131440981,7.51696115112417,1,2
3,17,18,7.43330412722438,3.16140921296698,4.72439522345325,5.94489922471866,7.17765031111716,1,2
3,17,20,7.43330412722438,3.16140921296698,4.65913569239962,7.15906733480093,7.57393088283692,1,2
3,17,22,7.43330412722438,3.16140921296698,4.18634092473403,6.31341912516328,7.48965453729398,1,2
3,17,25,7.43330412722438,3.16140921296698,4.76238353698992,6.29783532037515,7.15670339778878,1,2
3,17,27,7.43330412722438,3.16140921296698,4.70227654536172,6.36567858137282,7.0395083340279,1,2
3,17,30,7.43330412722438,3.16140921296698,3.27099038979353,5.57576663130886,6.94737390266303,1,2
3,17,31,7.43330412722438,3.16140921296698,5.58520075823297,6.67178335668945,7.56184869835285,1,2
3,17,32,7.43330412722438,3.16140921296698,5.65966770175864,6.5060458570014,7.27625993562523,1,2
3,17,39,7.43330412722438,3.16140921296698,4.82806330205878,5.34990756148346,7.12011619704186,1,2
3,17,41,7.43330412722438,3.16140921296698,6.16178430559226,5.84161699762533,7.30999781960794,1,2
3,17,42,7.43330412722438,3.16140921296698,6.5915227069615,6.57883175981165,7.62474431529633,1,2
3,17,44,7.43330412722438,3.16140921296698,6.48169148334605,5.48192720768197,6.77818894464027,1,2
3,17,46,7.43330412722438,3.16140921296698,4.71984453657959,5.41897457102154,7.12104908005334,1,2
3,17,47,7.43330412722438,3.16140921296698,5.45144601535045,6.04400530775468,7.41723474638052,1,2
3,17,48,7.43330412722438,3.16140921296698,5.7240755111698,5.82751727227278,7.18843521107896,1,2
3,17,50,7.43330412722438,3.16140921296698,4.22400169047519,6.06351597852667,7.30871550963627,1,2
3,17,51,7.43330412722438,3.16140921296698,4.34660564541392,5.41445270125427,6.96299147396946,1,2
3,17,53,7.43330412722438,3.16140921296698,4.7866533213102,6.26227507355984,7.28322179665418,1,2
3,17,54,7.43330412722438,3.16140921296698,3.1853514549102,6.67305980467216,7.22175777523151,1,2
3,17,55,7.43330412722438,3.16140921296698,4.68745669103761,6.62384012347517,7.53700111488671,1,2
3,17,58,7.43330412722438,3.16140921296698,5.25324380950836,4.42454358394294,6.92742720196095,1,2
3,17,60,7.43330412722438,3.16140921296698,5.61631452162315,6.78090404452455,7.32274443462799,1,2
3,17,61,7.43330412722438,3.16140921296698,4.98985892043732,5.70419913062277,7.43626420693678,1,2
3,17,62,7.43330412722438,3.16140921296698,6.38966449557975,6.31344855611349,7.30058435183015,1,2
3,17,63,7.43330412722438,3.16140921296698,6.18435097689613,6.01524481642984,7.57324271114105,1,2
3,17,67,7.43330412722438,3.16140921296698,3.84494390553105,6.73228904865318,7.66007557840078,1,2
3,17,70,7.43330412722438,3.16140921296698,6.42400776467709,5.84042386200335,7.03629721778897,1,2
3,17,71,7.43330412722438,3.16140921296698,4.34939978796067,5.81224436785069,7.18925042816435,1,2
3,17,72,7.43330412722438,3.16140921296698,6.11957388025823,5.84980563964215,7.37886793380202,1,2
3,17,73,7.43330412722438,3.16140921296698,6.74786319082738,4.839804319134,7.27284578224027,1,2
3,18,1,7.43330412722438,3.16140921296698,5.25855980333727,4.91559540562379,7.28378453484482,1,2
3,18,5,7.43330412722438,3.16140921296698,6.31577361541668,6.15447882081613,7.64924446393091,1,2
3,18,6,7.43330412722438,3.16140921296698,4.4617717170781,6.5755210113534,7.52119388110333,1,2
3,18,9,7.43330412722438,3.16140921296698,3.98154298539643,6.04115894929738,6.97537965725506,1,2
3,18,13,7.43330412722438,3.16140921296698,4.523373003368,6.82600129149161,7.54393273230637,1,2
3,18,15,7.43330412722438,3.16140921296698,6.03771139524872,5.78776994292663,7.20730839876411,1,2
3,18,17,7.43330412722438,3.16140921296698,4.16748023651431,6.17523965500995,7.50774290749036,1,2
3,18,18,7.43330412722438,3.16140921296698,2.70875198636703,5.86923713863777,7.17904936511147,1,2
3,18,19,7.43330412722438,3.16140921296698,5.72580496783058,6.69352430431369,7.45107110344908,1,2
3,18,23,7.43330412722438,3.16140921296698,5.58062851418335,6.5652404174188,7.63963910230075,1,2
3,18,24,7.43330412722438,3.16140921296698,7.03173812064486,5.76530396910264,7.36712584988705,1,2
3,18,26,7.43330412722438,3.16140921296698,4.08876307351162,5.58804901496268,7.46827038802451,1,2
3,18,29,7.43330412722438,3.16140921296698,3.68689945574231,6.07751854253558,7.18349027815462,1,2
3,18,31,7.43330412722438,3.16140921296698,4.67480212198286,6.33758976578678,7.4199984481563,1,2
3,18,32,7.43330412722438,3.16140921296698,4.03002920228582,6.16641985849989,7.51527520232904,1,2
3,18,35,7.43330412722438,3.16140921296698,3.41655306162654,5.41243419379924,6.91875182518671,1,2
3,18,36,7.43330412722438,3.16140921296698,3.69438645524213,6.34339505139059,7.21436894485064,1,2
3,18,38,7.43330412722438,3.16140921296698,4.25514320998554,5.92678422777742,7.36159450123575,1,2
3,18,40,7.43330412722438,3.16140921296698,4.65045138613859,5.81299726941256,6.96194855466243,1,2
3,18,41,7.43330412722438,3.16140921296698,5.60711388121929,6.39142159593285,7.3259722832887,1,2
3,18,42,7.43330412722438,3.16140921296698,5.95962708950536,6.18122675307895,7.42682185926407,1,2
3,18,43,7.43330412722438,3.16140921296698,2.86555160816235,4.98941371632488,6.87296638098792,1,2
3,18,46,7.43330412722438,3.16140921296698,4.91004477236732,5.86338987910681,7.25984229747203,1,2
3,18,47,7.43330412722438,3.16140921296698,4.90225757816834,5.67176880774501,7.17042653660663,1,2
3,18,48,7.43330412722438,3.16140921296698,5.81203418721791,5.86523795870852,7.54231626366235,1,2
3,18,49,7.43330412722438,3.16140921296698,6.54046685782324,6.26734424003429,7.45424892148528,1,2
3,18,50,7.43330412722438,3.16140921296698,4.32020357749564,5.85713190841135,7.24462989656519,1,2
3,18,51,7.43330412722438,3.16140921296698,3.46911524278126,5.45400275121603,6.93951459496633,1,2
3,18,52,7.43330412722438,3.16140921296698,6.46242724069202,6.03256030012302,7.2989319357499,1,2
3,18,53,7.43330412722438,3.16140921296698,5.47428895546253,5.63065252463284,6.98594427917477,1,2
3,18,55,7.43330412722438,3.16140921296698,4.52168486126941,6.28776925399738,7.62302563228489,1,2
3,18,60,7.43330412722438,3.16140921296698,3.72593767128326,4.846237507133,6.61780969719433,1,2
3,18,61,7.43330412722438,3.16140921296698,5.37642229552803,6.37861849631137,7.48684915595313,1,2
3,18,62,7.43330412722438,3.16140921296698,4.26886290984155,6.4816741899531,7.30646567386876,1,2
3,18,63,7.43330412722438,3.16140921296698,4.86002966932336,5.62556028076903,7.1905602606589,1,2
3,19,1,7.43330412722438,3.16140921296698,4.91487599099915,5.29215455030123,7.31842477483159,1,2
3,19,3,7.43330412722438,3.16140921296698,6.21742118788488,6.67253709768185,7.73156293098521,1,2
3,19,4,7.43330412722438,3.16140921296698,4.83905003220634,5.8883765541642,7.48965362344448,1,2
3,19,7,7.43330412722438,3.16140921296698,4.57982534844853,6.39515827888499,7.52621114681914,1,2
3,19,9,7.43330412722438,3.16140921296698,5.42527813820096,6.03481137161207,6.98251399229823,1,2
3,19,10,7.43330412722438,3.16140921296698,4.43971913752733,6.18636770786466,7.79301662321136,1,2
3,19,11,7.43330412722438,3.16140921296698,4.9224109857451,6.61697289707058,7.42821795896163,1,2
3,19,14,7.43330412722438,3.16140921296698,5.614561345855,6.24396599012699,7.3773526515419,1,2
3,19,18,7.43330412722438,3.16140921296698,5.27819088823855,6.44309647968036,7.44832766795316,1,2
3,19,22,7.43330412722438,3.16140921296698,4.35448509553791,6.38985720993453,7.34766327568357,1,2
3,19,25,7.43330412722438,3.16140921296698,6.78642071192328,6.98555986606906,7.81479474132101,1,2
3,19,27,7.43330412722438,3.16140921296698,4.91958094964345,5.64856142604278,7.50886926923597,1,2
3,19,28,7.43330412722438,3.16140921296698,5.53212111381836,6.73976687460464,7.59582262088061,1,2
3,19,29,7.43330412722438,3.16140921296698,5.68029399479034,5.76002398451685,7.20984775453258,1,2
3,19,30,7.43330412722438,3.16140921296698,4.64070677971154,6.01278276318802,7.3553627920069,1,2
3,19,31,7.43330412722438,3.16140921296698,5.27634894291907,6.18761147196859,7.54955950362689,1,2
3,19,32,7.43330412722438,3.16140921296698,4.94971972333552,5.30620143076378,7.43529708077462,1,2
3,19,35,7.43330412722438,3.16140921296698,5.65178505730369,6.73738423330893,7.49422680210581,1,2
3,19,36,7.43330412722438,3.16140921296698,4.47903875110582,5.09068848944597,6.89802830702832,1,2
3,19,37,7.43330412722438,3.16140921296698,6.13426329695352,5.7672051519682,7.51095269996768,1,2
3,19,38,7.43330412722438,3.16140921296698,4.66599764835002,5.63425962999926,7.2944042566219,1,2
3,19,39,7.43330412722438,3.16140921296698,6.97581191246958,5.48499626321252,7.57112101611556,1,2
3,19,42,7.43330412722438,3.16140921296698,5.14374083672007,6.98921664620302,7.53876872700037,1,2
3,19,44,7.43330412722438,3.16140921296698,4.63119665780646,6.12691385705045,7.58887154715026,1,2
3,19,45,7.43330412722438,3.16140921296698,5.29406800940852,6.21356751974256,7.2804399438205,1,2
3,19,46,7.43330412722438,3.16140921296698,4.95398559589813,5.59427902607051,7.08393580910689,1,2
3,19,47,7.43330412722438,3.16140921296698,5.22475914299152,5.81866637534197,7.48272641603765,1,2
3,19,48,7.43330412722438,3.16140921296698,5.21590954960492,5.56726443620653,7.17552100981222,1,2
3,19,50,7.43330412722438,3.16140921296698,5.83565851178096,7.15059486849002,7.61606748104975,1,2
3,19,53,7.43330412722438,3.16140921296698,4.52214939370945,6.06130896725789,7.37224528268295,1,2
3,19,54,7.43330412722438,3.16140921296698,5.16348506048866,6.56980242195868,7.46482247774742,1,2
3,19,55,7.43330412722438,3.16140921296698,5.3834075693945,6.3234533775723,7.28160416494402,1,2
3,19,59,7.43330412722438,3.16140921296698,5.60752121775501,6.48460573851982,7.65377351722421,1,2
3,19,60,7.43330412722438,3.16140921296698,3.90380206142578,6.31455595598385,7.28315017725019,1,2
3,19,61,7.43330412722438,3.16140921296698,3.82880191396652,6.65896885097575,7.56556838497984,1,2
3,19,63,7.43330412722438,3.16140921296698,5.12131708854239,6.01278205580076,7.37845887681268,1,2
3,19,65,7.43330412722438,3.16140921296698,5.27469606582757,5.71668981498422,7.16824150564587,1,2
3,19,66,7.43330412722438,3.16140921296698,4.36324542984473,6.08792485661261,6.98952585830652,1,2
3,19,67,7.43330412722438,3.16140921296698,5.39624026774639,6.49694372842544,7.62445975697903,1,2
3,19,68,7.43330412722438,3.16140921296698,4.68295178741586,6.95636936945186,7.60399111347501,1,2
3,19,69,7.43330412722438,3.16140921296698,5.00950565101747,6.06504417968745,7.28914435091723,1,2
3,19,70,7.43330412722438,3.16140921296698,5.03055701895594,6.60492678044595,7.46281492943295,1,2
3,19,74,7.43330412722438,3.16140921296698,3.46287864511484,5.67657625404287,7.15247506387881,1,2
3,19,77,7.43330412722438,3.16140921296698,3.77235997050632,5.66789303468943,7.53266458986065,1,2
3,19,79,7.43330412722438,3.16140921296698,3.28591059923922,5.51743964110921,7.50101274326242,1,2
3,19,80,7.43330412722438,3.16140921296698,3.98927097799795,6.24277534574251,7.13029394103301,1,2
3,19,83,7.43330412722438,3.16140921296698,5.69789018257966,6.7104608998969,7.52712096873123,1,2
3,19,84,7.43330412722438,3.16140921296698,5.95058008370021,6.282641061819,7.36398649806511,1,2
3,19,85,7.43330412722438,3.16140921296698,5.7789458818326,5.68000488658805,7.39845931600328,1,2
3,19,86,7.43330412722438,3.16140921296698,5.04997978516825,5.89953807503264,7.37870387977692,1,2
3,19,87,7.43330412722438,3.16140921296698,4.40176586831924,6.32543055246937,7.36347582219574,1,2
3,19,88,7.43330412722438,3.16140921296698,4.89536118359675,5.53214352299676,7.39275258076716,1,2
3,19,89,7.43330412722438,3.16140921296698,3.14478930064979,5.57860540736565,7.34565322321981,1,2
3,19,92,7.43330412722438,3.16140921296698,5.57012075212936,5.54889244169648,7.30596057550139,1,2
3,19,94,7.43330412722438,3.16140921296698,5.68455759648258,6.42147168435511,7.75280395336175,1,2
3,19,95,7.43330412722438,3.16140921296698,3.81504463150454,5.62163867308096,7.43089758700619,1,2
3,19,96,7.43330412722438,3.16140921296698,4.83148084565603,6.22035699508859,7.53119915304873,1,2
3,19,97,7.43330412722438,3.16140921296698,3.39292722796113,5.85817507647073,7.25174095273406,1,2
3,20,2,7.43330412722438,3.16140921296698,3.93967669317687,5.7653497143593,7.19681420484156,1,2
3,20,3,7.43330412722438,3.16140921296698,4.65271230220959,5.43796472861572,7.28192750846806,1,2
3,20,4,7.43330412722438,3.16140921296698,5.23772727556199,5.92046685787969,7.14800142340166,1,2
3,20,5,7.43330412722438,3.16140921296698,5.18128551294104,5.83163029819179,7.39873054360571,1,2
3,20,8,7.43330412722438,3.16140921296698,4.72078662425238,5.62083233755509,7.22872317779685,1,2
3,20,10,7.43330412722438,3.16140921296698,3.86393193520649,6.1696954213962,7.2909113902174,1,2
3,20,14,7.43330412722438,3.16140921296698,5.60442426853594,6.04677966375161,7.07368846805669,1,2
3,20,15,7.43330412722438,3.16140921296698,5.23930272372094,5.30205077303421,7.42111701378025,1,2
3,20,16,7.43330412722438,3.16140921296698,5.734517996219,6.06803262950054,7.53152489897304,1,2
3,20,17,7.43330412722438,3.16140921296698,4.76275263221303,6.01767717802816,7.43588723262071,1,2
3,20,24,7.43330412722438,3.16140921296698,6.02252722048003,5.96969285302916,7.47882009785866,1,2
3,20,26,7.43330412722438,3.16140921296698,6.17272497677573,6.3134322059815,7.45719031896461,1,2
3,20,28,7.43330412722438,3.16140921296698,4.58994475384125,6.02817878082712,7.28577751745911,1,2
3,20,30,7.43330412722438,3.16140921296698,5.17255061025203,5.29555554406087,7.3592732493079,1,2
3,20,37,7.43330412722438,3.16140921296698,4.3181773848871,4.87018771221544,7.33768514211125,1,2
3,20,42,7.43330412722438,3.16140921296698,3.60409726909978,6.13102532262739,7.56368129547925,1,2
3,20,43,7.43330412722438,3.16140921296698,4.14422148122644,5.96504971498229,7.2805797648599,1,2
3,20,46,7.43330412722438,3.16140921296698,4.4623140525827,6.27201250109927,7.4307133164712,1,2
3,20,51,7.43330412722438,3.16140921296698,3.8535764923808,6.2444887735379,7.52591686336678,1,2
3,20,52,7.43330412722438,3.16140921296698,4.74672620439032,5.7784187951894,7.33551244830121,1,2
3,20,53,7.43330412722438,3.16140921296698,4.72751897016072,6.00431962193674,7.67364875427533,1,2
3,20,55,7.43330412722438,3.16140921296698,5.9284095392534,5.88891945670417,7.43829636369001,1,2
3,20,60,7.43330412722438,3.16140921296698,4.51807631508397,5.94479513788542,7.17926573633499,1,2
3,20,61,7.43330412722438,3.16140921296698,5.22111321574765,6.33580754307294,7.47881723895197,1,2
3,20,62,7.43330412722438,3.16140921296698,5.44845959378534,6.33286262639955,7.69035068811062,1,2
3,20,65,7.43330412722438,3.16140921296698,5.60848222826164,4.58951138981503,7.14878057875062,1,2
3,20,66,7.43330412722438,3.16140921296698,5.14131369621913,4.65873929802637,6.83482591454359,1,2
3,20,68,7.43330412722438,3.16140921296698,5.10621656485829,5.37101971261166,7.31192963782388,1,2
3,20,69,7.43330412722438,3.16140921296698,6.23556573865872,6.7377572492435,7.41491997855968,1,2
3,20,70,7.43330412722438,3.16140921296698,5.44270397535291,5.80682768951043,7.21696288804766,1,2
3,20,71,7.43330412722438,3.16140921296698,4.91670604141725,6.5713005990292,7.71461052640261,1,2
3,21,1,7.43330412722438,3.16140921296698,4.96665228259249,5.14556989162544,7.02265410162597,1,2
3,21,3,7.43330412722438,3.16140921296698,6.54746234356943,6.45912696197278,7.78771394893548,1,2
3,21,4,7.43330412722438,3.16140921296698,4.9912525784205,5.70881429647327,7.24412313627813,1,2
3,21,6,7.43330412722438,3.16140921296698,4.48861060987783,6.05510784437279,7.36634991401909,1,2
3,21,7,7.43330412722438,3.16140921296698,4.2742812270259,6.64582044763348,7.61912288778763,1,2
3,21,8,7.43330412722438,3.16140921296698,4.68609981549094,5.81668199690795,7.30988207350024,1,2
3,21,9,7.43330412722438,3.16140921296698,6.36519385182923,5.79527305218157,7.48884161432446,1,2
3,21,10,7.43330412722438,3.16140921296698,5.04867542414703,5.44462241677227,7.16966156535003,1,2
3,21,11,7.43330412722438,3.16140921296698,4.91734107979074,5.65659708733828,7.81094768023516,1,2
3,21,13,7.43330412722438,3.16140921296698,4.45024780875354,5.77334580264558,7.16066721629043,1,2
3,21,18,7.43330412722438,3.16140921296698,4.22400074048433,5.5429421252073,7.57545462237343,1,2
3,21,19,7.43330412722438,3.16140921296698,2.92189225051281,5.64840871164907,6.93516743871394,1,2
3,21,20,7.43330412722438,3.16140921296698,6.52017815269773,6.52816959891723,8.16174666206399,1,2
3,21,21,7.43330412722438,3.16140921296698,5.01414125826569,6.26098073468697,7.41512751199586,1,2
3,21,23,7.43330412722438,3.16140921296698,5.91108836927656,5.89521977557831,7.1243588589708,1,2
3,21,31,7.43330412722438,3.16140921296698,5.20252339202232,6.58636902524411,7.71038912349603,1,2
3,21,34,7.43330412722438,3.16140921296698,6.11191227405858,5.40149385882743,7.81800491352677,1,2
3,21,35,7.43330412722438,3.16140921296698,6.37150611908029,5.0600777621676,7.19557989352701,1,2
3,21,36,7.43330412722438,3.16140921296698,7.75700163210167,6.22417063677303,7.72709464244217,1,2
3,21,38,7.43330412722438,3.16140921296698,6.51449046809143,6.04186887942501,7.59684562821565,1,2
3,21,40,7.43330412722438,3.16140921296698,5.90411887796853,4.87160668287968,7.38318571654352,1,2
3,21,41,7.43330412722438,3.16140921296698,6.61983516764607,6.16535481548142,7.49438024384569,1,2
3,21,45,7.43330412722438,3.16140921296698,4.12381110472811,5.84130258015136,7.41452306543665,1,2
3,21,47,7.43330412722438,3.16140921296698,5.44402871030908,6.47368509252539,7.51834619935509,1,2
3,21,51,7.43330412722438,3.16140921296698,6.74559695918076,6.2214347790306,7.83535669264885,1,2
3,21,55,7.43330412722438,3.16140921296698,4.97678492223069,5.79797522260522,7.31942850662092,1,2
3,21,56,7.43330412722438,3.16140921296698,7.20448965698087,5.62158554625134,7.62346334447973,1,2
3,21,57,7.43330412722438,3.16140921296698,4.52397400274925,6.45942574678793,7.60363578941734,1,2
3,21,58,7.43330412722438,3.16140921296698,5.59498479355319,5.7589495687313,7.48519041563784,1,2
3,21,60,7.43330412722438,3.16140921296698,4.28479402827897,5.74656896342429,7.93199620400901,1,2
3,21,63,7.43330412722438,3.16140921296698,3.45465636237128,5.93302335169714,7.61380937440822,1,2
3,21,66,7.43330412722438,3.16140921296698,5.4162322049462,6.39066299655331,7.65823301321232,1,2
3,22,1,7.43330412722438,3.16140921296698,5.6659066167694,6.03223918516261,7.85019139591968,1,2
3,22,3,7.43330412722438,3.16140921296698,5.27526769443152,5.08387258875965,7.5705491310788,1,2
3,22,4,7.43330412722438,3.16140921296698,6.12377742715907,6.71163993560988,7.48039837835238,1,2
3,22,6,7.43330412722438,3.16140921296698,4.75542354126967,5.5236575665375,7.49996386556444,1,2
3,22,7,7.43330412722438,3.16140921296698,6.54746663299978,6.15735847310866,8.078009785876,1,2
3,22,8,7.43330412722438,3.16140921296698,4.63423364661292,5.94071744111943,7.44317528365562,1,2
3,22,9,7.43330412722438,3.16140921296698,6.82954907799107,5.53881185738745,7.35247907385927,1,2
3,22,12,7.43330412722438,3.16140921296698,6.46867983680201,5.77921528430949,7.65758699834184,1,2
3,22,16,7.43330412722438,3.16140921296698,4.48261543234956,6.50633575586984,7.60841740439291,1,2
3,22,17,7.43330412722438,3.16140921296698,5.1724592817255,5.17232961894646,7.44865244279633,1,2
3,22,18,7.43330412722438,3.16140921296698,4.03010908936058,5.99407780366336,7.44339378057195,1,2
3,22,19,7.43330412722438,3.16140921296698,5.23972156504865,5.72559056246017,7.61570933781505,1,2
3,22,22,7.43330412722438,3.16140921296698,5.24628985754489,6.44983442453209,7.81891033870649,1,2
3,22,23,7.43330412722438,3.16140921296698,6.36706732118281,5.56355974861807,7.64110488100199,1,2
3,22,24,7.43330412722438,3.16140921296698,5.89684057413042,5.69072555038412,8.11230656060525,1,2
3,22,26,7.43330412722438,3.16140921296698,6.20470030975084,6.0393527654189,7.81875307849608,1,2
3,22,27,7.43330412722438,3.16140921296698,6.01037188478175,6.4965024783795,7.73380840030221,1,2
3,22,29,7.43330412722438,3.16140921296698,3.65177510957914,5.71923130135353,7.22694664682782,1,2
3,22,30,7.43330412722438,3.16140921296698,5.90363348509921,6.21007487105169,7.70632587348109,1,2
3,22,31,7.43330412722438,3.16140921296698,6.17244105189398,6.12369090681602,7.49105367965094,1,2
3,22,32,7.43330412722438,3.16140921296698,2.69648643447325,6.30673396394181,7.47819501346827,1,2
3,22,33,7.43330412722438,3.16140921296698,3.70606288323763,5.5832877621238,7.64499340574921,1,2
3,22,36,7.43330412722438,3.16140921296698,5.13914729218544,5.95132855882905,7.25918529824428,1,2
3,22,37,7.43330412722438,3.16140921296698,5.62740063219634,6.23223670071518,7.9363946367511,1,2
3,22,38,7.43330412722438,3.16140921296698,5.84033806667292,6.54299837936135,8.02447530051492,1,2
3,22,40,7.43330412722438,3.16140921296698,5.93890206818775,5.37378641182118,7.49707265338254,1,2
3,22,42,7.43330412722438,3.16140921296698,4.52621126211642,5.81979473024327,7.4618223996133,1,2
3,22,43,7.43330412722438,3.16140921296698,5.4121799876002,6.40625900609758,8.02469212467133,1,2
3,22,44,7.43330412722438,3.16140921296698,3.7589041736059,5.92569350146875,7.42600981545835,1,2
3,22,45,7.43330412722438,3.16140921296698,3.97035115349671,6.20868986196675,7.83905554707014,1,2
3,22,49,7.43330412722438,3.16140921296698,6.14595533826314,6.63024098479776,7.65708090896405,1,2
3,22,50,7.43330412722438,3.16140921296698,7.7999144488124,6.01823833960434,8.01962120128784,1,2
3,22,51,7.43330412722438,3.16140921296698,6.18936545193255,5.5496562238359,7.41027846075117,1,2
3,22,52,7.43330412722438,3.16140921296698,5.40504331084936,5.74100914942508,7.78186579857383,1,2
3,22,54,7.43330412722438,3.16140921296698,5.69600566240743,5.6532128915919,7.90502888423525,1,2
3,22,57,7.43330412722438,3.16140921296698,5.28802327656495,6.53453014290644,7.60241611972722,1,2
3,22,59,7.43330412722438,3.16140921296698,3.94670836157275,6.62234938973889,7.66378450123638,1,2
3,22,60,7.43330412722438,3.16140921296698,4.69260443687989,6.64417616125123,7.57211025815139,1,2
3,22,63,7.43330412722438,3.16140921296698,5.61291573973099,4.70948307938014,7.57085759064361,1,2
3,22,64,7.43330412722438,3.16140921296698,4.14852143182548,5.63589552589467,7.54003252513769,1,2
3,23,1,7.43330412722438,3.16140921296698,3.63098974697385,4.64956627165484,7.73575226280836,1,2
3,23,2,7.43330412722438,3.16140921296698,4.87123711133914,5.52473694307352,7.68413837456782,1,2
3,23,3,7.43330412722438,3.16140921296698,4.247474225118,6.64660421076278,7.5108643731644,1,2
3,23,6,7.43330412722438,3.16140921296698,6.43955300194389,6.49181701566492,7.85320565666779,1,2
3,23,8,7.43330412722438,3.16140921296698,4.48864321905855,6.87191906559562,7.70256000543283,1,2
3,23,9,7.43330412722438,3.16140921296698,3.83215033227073,4.72804872024854,7.33708608143448,1,2
3,23,10,7.43330412722438,3.16140921296698,3.19933939417205,6.39574825357418,7.49633120662382,1,2
3,23,13,7.43330412722438,3.16140921296698,4.55304502001343,6.76170957710224,7.64577993048477,1,2
3,23,15,7.43330412722438,3.16140921296698,4.5711444480511,5.53690619083975,7.36469304716455,1,2
3,23,16,7.43330412722438,3.16140921296698,4.28285039504494,5.98796696124554,7.56927600083824,1,2
3,23,19,7.43330412722438,3.16140921296698,7.06239500833322,5.99774330620507,7.79680566360826,1,2
3,23,20,7.43330412722438,3.16140921296698,4.13475834335783,6.38170000057137,7.53206139152155,1,2
3,23,21,7.43330412722438,3.16140921296698,4.7748777359671,6.35175168559566,7.93335884788276,1,2
3,23,24,7.43330412722438,3.16140921296698,3.14120258338282,5.50839515402702,7.25229278275041,1,2
3,23,25,7.43330412722438,3.16140921296698,4.57129120419579,5.47773802673883,7.43322223625367,1,2
3,23,26,7.43330412722438,3.16140921296698,5.49373598843118,6.92326002080893,7.7704337494184,1,2
3,23,27,7.43330412722438,3.16140921296698,5.84108637134853,6.40750964882076,7.95021792354837,1,2
3,23,28,7.43330412722438,3.16140921296698,5.12365008852702,5.17537488407726,7.38697248515069,1,2
3,23,30,7.43330412722438,3.16140921296698,6.24099149827295,6.98780436765871,7.83237676230414,1,2
3,23,31,7.43330412722438,3.16140921296698,4.13082191098364,6.56649421515228,7.54282673053887,1,2
3,23,32,7.43330412722438,3.16140921296698,5.0035683456725,5.69087612246754,7.68000073530877,1,2
3,23,33,7.43330412722438,3.16140921296698,4.39572929911519,6.42150735461435,7.82207552764102,1,2
3,23,34,7.43330412722438,3.16140921296698,3.51742312222724,6.10584408802454,7.50599900278109,1,2
3,23,35,7.43330412722438,3.16140921296698,6.39657306497864,6.6484814345086,7.95663516615001,1,2
3,23,37,7.43330412722438,3.16140921296698,4.51616477877324,6.10579202138581,7.69446387128595,1,2
3,23,41,7.43330412722438,3.16140921296698,3.39272508579329,6.61205051534007,7.61187173024421,1,2
3,23,44,7.43330412722438,3.16140921296698,5.87150949809985,5.88881612160177,7.97712021527902,1,2
3,23,48,7.43330412722438,3.16140921296698,4.20938109417956,5.66348985069346,7.13956859537749,1,2
3,23,49,7.43330412722438,3.16140921296698,5.28126038514784,6.25446370835725,7.65314578816889,1,2
3,23,50,7.43330412722438,3.16140921296698,6.24849780305268,5.6026388441434,7.8388768431805,1,2
3,23,54,7.43330412722438,3.16140921296698,5.86817917419068,6.95041514176712,7.84212554653164,1,2
3,23,55,7.43330412722438,3.16140921296698,3.44434808810176,5.45001586831151,7.63782041002056,1,2
3,23,60,7.43330412722438,3.16140921296698,4.20773821108142,5.82885826830894,7.67940356465592,1,2
3,23,66,7.43330412722438,3.16140921296698,3.95569657970188,5.36776397695093,7.40056702888566,1,2
3,23,67,7.43330412722438,3.16140921296698,5.09465424230803,5.95989787609856,7.85373304441023,1,2
3,23,68,7.43330412722438,3.16140921296698,4.01089349182819,6.26295331754135,7.7044145303927,1,2
3,23,69,7.43330412722438,3.16140921296698,4.62792119910894,6.7999773458521,8.00021595429712,1,2
3,23,70,7.43330412722438,3.16140921296698,6.67243776091284,6.12184038057467,7.46410531128507,1,2
3,23,71,7.43330412722438,3.16140921296698,3.20612729610942,4.85728830466172,7.18610416144439,1,2
3,23,72,7.43330412722438,3.16140921296698,4.93895860582828,5.56725879525319,7.48880778962745,1,2
3,23,73,7.43330412722438,3.16140921296698,3.36321544536271,6.06133548451818,7.31243776942175,1,2
3,23,76,7.43330412722438,3.16140921296698,5.44178915716856,5.44620535158892,7.65894146182952,1,2
3,23,77,7.43330412722438,3.16140921296698,2.72517640075057,5.63328519758423,7.52184674538229,1,2
3,23,79,7.43330412722438,3.16140921296698,5.15137214425927,6.38108244088053,7.53701053952483,1,2
3,24,2,7.43330412722438,3.16140921296698,5.53775971347896,6.00521743685546,8.25559315859531,1,2
3,24,5,7.43330412722438,3.16140921296698,5.70547516740174,6.30051476163723,7.77263988802124,1,2
3,24,6,7.43330412722438,3.16140921296698,4.15649418212102,6.1385763109817,7.87024858579563,1,2
3,24,7,7.43330412722438,3.16140921296698,5.40663205265192,4.78762848360651,7.42322683003383,1,2
3,24,11,7.43330412722438,3.16140921296698,5.42767150459689,5.37015012249855,7.77938005959942,1,2
3,24,12,7.43330412722438,3.16140921296698,4.66302752415764,5.98075839639349,8.08526829066608,1,2
3,24,13,7.43330412722438,3.16140921296698,6.17442631218129,5.49089306671524,7.71024563925714,1,2
3,24,14,7.43330412722438,3.16140921296698,5.10136363108932,6.08364446392943,8.20236512625161,1,2
3,24,15,7.43330412722438,3.16140921296698,5.58266312397534,5.6052258805506,7.98809927446595,1,2
3,24,16,7.43330412722438,3.16140921296698,5.78918056253343,6.09915856991769,7.89464406099202,1,2
3,24,23,7.43330412722438,3.16140921296698,4.18678639663148,6.55304415081876,8.00472799679425,1,2
3,24,24,7.43330412722438,3.16140921296698,5.77742364759683,5.17608049289402,7.75657212863865,1,2
3,24,26,7.43330412722438,3.16140921296698,4.98340415494622,5.94185957982623,7.68041351910326,1,2
3,24,28,7.43330412722438,3.16140921296698,4.65945749077687,6.45230528238663,8.0193149466382,1,2
3,24,29,7.43330412722438,3.16140921296698,4.64330053500522,6.43081521444596,7.85332050320889,1,2
3,24,32,7.43330412722438,3.16140921296698,5.50199083778992,5.67267198768808,7.4580527560728,1,2
3,24,33,7.43330412722438,3.16140921296698,4.88715030097086,6.03851008345266,7.814656436595,1,2
3,24,36,7.43330412722438,3.16140921296698,5.70747392549785,5.68457961103783,7.83702572254493,1,2
3,24,37,7.43330412722438,3.16140921296698,3.15899447142476,6.25031783180766,7.40736142330627,1,2
3,24,38,7.43330412722438,3.16140921296698,6.75273941431061,6.8101431368743,7.81497383797016,1,2
3,24,40,7.43330412722438,3.16140921296698,4.78650816789984,6.77225205652636,8.05331027218156,1,2
3,24,41,7.43330412722438,3.16140921296698,5.24216418392422,6.30423497492644,7.86003963846984,1,2
3,24,45,7.43330412722438,3.16140921296698,4.85714536567472,5.85258076132828,8.00712554838627,1,2
3,24,46,7.43330412722438,3.16140921296698,4.6282119937169,6.76520208926533,7.68112932346908,1,2
3,24,47,7.43330412722438,3.16140921296698,5.53902164039792,6.36125755961227,8.12145441971393,1,2
3,24,48,7.43330412722438,3.16140921296698,4.41952425403064,4.76184367008673,7.93472785324815,1,2
3,24,49,7.43330412722438,3.16140921296698,3.53816431339104,5.9748242089263,7.88431707387101,1,2
3,24,60,7.43330412722438,3.16140921296698,3.75169034047172,5.59993911860684,7.65843077744233,1,2
3,24,61,7.43330412722438,3.16140921296698,5.01397449546554,6.42247630527185,7.73510157011257,1,2
3,24,62,7.43330412722438,3.16140921296698,6.93989822940863,6.06282878803312,8.06452275416087,1,2
3,24,63,7.43330412722438,3.16140921296698,5.22830763069995,6.29137839356165,7.89317054241055,1,2
3,24,64,7.43330412722438,3.16140921296698,4.46098301837562,5.93276853505772,7.98859044570093,1,2
3,24,67,7.43330412722438,3.16140921296698,5.69844159403213,6.01933096529991,7.84398497380843,1,2
3,24,68,7.43330412722438,3.16140921296698,4.96817437324938,5.66722198615382,7.82757653143044,1,2
3,24,70,7.43330412722438,3.16140921296698,4.30182583030464,5.96331733603668,7.59719532471212,1,2
3,24,73,7.43330412722438,3.16140921296698,4.36294328359936,6.43684009942418,7.66587659632759,1,2
3,24,76,7.43330412722438,3.16140921296698,5.55301709280703,6.20089495540524,7.79739957379167,1,2
3,24,77,7.43330412722438,3.16140921296698,6.05583689287104,6.14035656196044,7.78763847052299,1,2
3,24,78,7.43330412722438,3.16140921296698,3.35411951860045,5.27736385315643,7.89697471218519,1,2
3,24,79,7.43330412722438,3.16140921296698,5.43987223391827,5.90040336278296,7.72288054691454,1,2
3,24,80,7.43330412722438,3.16140921296698,3.0239636509083,5.90498308015226,7.77139599167422,1,2
3,24,81,7.43330412722438,3.16140921296698,5.70283041705266,6.39954732777262,8.04980176982036,1,2
3,24,84,7.43330412722438,3.16140921296698,5.20562536699548,5.84841352302316,8.09756999578945,1,2
3,24,87,7.43330412722438,3.16140921296698,4.79538205497691,6.28343753941089,7.79922646518428,1,2
3,24,89,7.43330412722438,3.16140921296698,5.05271863447154,5.49957147027077,7.98097606657676,1,2
3,25,1,7.43330412722438,3.16140921296698,5.96861219487858,5.07851316155165,7.8636510155519,1,2
3,25,2,7.43330412722438,3.16140921296698,2.89799156539233,6.09984140926469,7.95981987699819,1,2
3,25,3,7.43330412722438,3.16140921296698,4.51959093522971,6.32058591148907,7.50713831458353,1,2
3,25,7,7.43330412722438,3.16140921296698,3.97694020077105,6.28419881371602,8.26885194270862,1,2
3,25,8,7.43330412722438,3.16140921296698,4.56629742619741,5.52300361905135,7.99176214130818,1,2
3,25,9,7.43330412722438,3.16140921296698,4.68779004771989,6.80456742921613,8.24672179567808,1,2
3,25,15,7.43330412722438,3.16140921296698,5.94931271308889,6.03874354352592,8.6220176265194,1,2
3,25,17,7.43330412722438,3.16140921296698,3.71304638362785,5.97690451897834,7.93720832867834,1,2
3,25,19,7.43330412722438,3.16140921296698,5.28822172573293,5.73442393009406,8.02579633911707,1,2
3,25,22,7.43330412722438,3.16140921296698,6.17947216972379,5.6285267288849,8.13430449647753,1,2
3,25,23,7.43330412722438,3.16140921296698,6.66927177770023,5.72936541099734,8.28539192603886,1,2
3,25,24,7.43330412722438,3.16140921296698,6.15408095420218,5.86023647556389,7.92393884167951,1,2
3,25,25,7.43330412722438,3.16140921296698,6.82421297837059,5.62932549839703,8.53973344974777,1,2
3,25,26,7.43330412722438,3.16140921296698,5.23554072388264,6.26300719979471,8.13635721480349,1,2
3,25,27,7.43330412722438,3.16140921296698,4.7834638650214,6.41365168591891,8.3952005651021,1,2
3,25,29,7.43330412722438,3.16140921296698,3.98549364022716,5.0983537522242,8.12448445244969,1,2
3,25,30,7.43330412722438,3.16140921296698,4.9763372215917,5.57704481870378,8.07283045085698,1,2
3,25,34,7.43330412722438,3.16140921296698,4.5291321434887,6.13870709774677,8.15105246091713,1,2
3,25,36,7.43330412722438,3.16140921296698,5.53885862681809,5.996390616908,8.03629007550683,1,2
3,25,37,7.43330412722438,3.16140921296698,4.90693512661349,6.84112575206502,8.15349880180208,1,2
3,25,38,7.43330412722438,3.16140921296698,5.15747016511954,5.86958532468696,8.35883792606026,1,2
3,25,40,7.43330412722438,3.16140921296698,3.57286149310151,5.62027120357984,8.15334655361565,1,2
3,25,42,7.43330412722438,3.16140921296698,4.13342598026671,6.42379764837274,7.80009484664302,1,2
3,25,43,7.43330412722438,3.16140921296698,3.27757112401605,6.68761100710577,8.37523516204566,1,2
3,25,45,7.43330412722438,3.16140921296698,4.54367526745981,6.31585521326212,8.14798670647972,1,2
3,25,49,7.43330412722438,3.16140921296698,5.59030038540224,5.80041932978802,7.99077509919247,1,2
3,25,51,7.43330412722438,3.16140921296698,3.78115234668912,6.33147801640906,8.02378347872042,1,2
3,25,52,7.43330412722438,3.16140921296698,3.04531427429675,5.53046991322655,8.07548976344587,1,2
3,25,54,7.43330412722438,3.16140921296698,5.73991050451119,5.13350789708017,8.04299197066515,1,2
3,25,55,7.43330412722438,3.16140921296698,4.50827227765993,6.27442701771718,8.09961016490766,1,2
3,25,57,7.43330412722438,3.16140921296698,5.07853166595233,5.62113848260797,7.87921073211469,1,2
3,25,58,7.43330412722438,3.16140921296698,4.60953542499853,5.02922080624582,8.21971269407401,1,2
3,25,59,7.43330412722438,3.16140921296698,6.30870619119147,5.28445024033184,7.97087965191097,1,2
3,25,60,7.43330412722438,3.16140921296698,4.76547432929676,6.15237260508811,8.17866023629455,1,2
3,25,61,7.43330412722438,3.16140921296698,5.23519757002794,6.2131011699902,7.94042985800082,1,2
3,25,64,7.43330412722438,3.16140921296698,4.92040720805956,5.62446550321242,8.42414082849883,1,2
3,26,1,7.43330412722438,3.16140921296698,4.76251371852501,5.65672727231831,8.64219257563392,1,2
3,26,2,7.43330412722438,3.16140921296698,3.5503414479151,5.62736268654583,8.13535535940569,1,2
3,26,3,7.43330412722438,3.16140921296698,4.42510556200601,6.54658114348842,7.91157651838709,1,2
3,26,7,7.43330412722438,3.16140921296698,6.42621647029161,5.62233702582641,7.86083062105671,1,2
3,26,10,7.43330412722438,3.16140921296698,4.27072401303425,4.96608038582535,8.21626476736962,1,2
3,26,11,7.43330412722438,3.16140921296698,4.15128390824146,6.14094967515517,8.28803546104628,1,2
3,26,12,7.43330412722438,3.16140921296698,5.78160537659236,6.09005753292638,8.2435904618508,1,2
3,26,14,7.43330412722438,3.16140921296698,5.23331020855875,5.40666156526004,8.05021441817894,1,2
3,26,15,7.43330412722438,3.16140921296698,4.73559341039699,5.50782069973556,7.81264929460725,1,2
3,26,17,7.43330412722438,3.16140921296698,5.01128850998808,5.20858802897891,8.09683202413511,1,2
3,26,18,7.43330412722438,3.16140921296698,6.80309272560844,4.65929687107642,7.85068938081956,1,2
3,26,19,7.43330412722438,3.16140921296698,4.31806189829261,6.32476752740061,8.16585416606441,1,2
3,26,22,7.43330412722438,3.16140921296698,5.86659479213233,6.74102293173497,7.99096533703993,1,2
3,26,23,7.43330412722438,3.16140921296698,4.98357961414193,5.87601151670846,8.08800065671555,1,2
3,26,24,7.43330412722438,3.16140921296698,3.66672733392966,5.75938314072685,7.75074541642821,1,2
3,26,25,7.43330412722438,3.16140921296698,5.6758399639544,5.57611919353512,8.25382972075356,1,2
3,26,28,7.43330412722438,3.16140921296698,4.2993044979531,6.0917658527944,8.58251079206042,1,2
3,26,29,7.43330412722438,3.16140921296698,3.95859519725034,5.94407856396033,7.8269536217035,1,2
3,26,30,7.43330412722438,3.16140921296698,5.06379092767068,6.0152031388674,7.87910086737352,1,2
3,26,31,7.43330412722438,3.16140921296698,4.33015166109941,5.44653185348048,8.0981516337564,1,2
3,26,32,7.43330412722438,3.16140921296698,5.14951321377026,6.50215522592095,8.04651366465357,1,2
3,26,33,7.43330412722438,3.16140921296698,5.17234472450055,6.92582887910941,8.57577957502244,1,2
3,26,34,7.43330412722438,3.16140921296698,4.97390333873793,6.56145663571456,8.31110689536466,1,2
3,26,35,7.43330412722438,3.16140921296698,4.94947028448198,6.38462642661613,8.16423262584063,1,2
3,26,36,7.43330412722438,3.16140921296698,5.02206715782093,5.84624025892575,8.07230607562293,1,2
3,26,39,7.43330412722438,3.16140921296698,3.17037649810751,6.80184889806846,8.10024373576597,1,2
3,26,41,7.43330412722438,3.16140921296698,4.90896374911519,5.48074145915019,7.76843226683289,1,2
3,26,42,7.43330412722438,3.16140921296698,5.38592136435581,6.76134409881925,8.10291492121119,1,2
3,26,43,7.43330412722438,3.16140921296698,6.97570976882479,7.12172292903787,8.70149896727533,1,2
3,26,46,7.43330412722438,3.16140921296698,4.53246416412618,6.1004434107691,8.31053117675964,1,2
3,26,47,7.43330412722438,3.16140921296698,4.21902337063921,6.31257569712407,7.89320874494227,1,2
3,26,49,7.43330412722438,3.16140921296698,4.62012902632035,5.81009307199317,7.85527203359664,1,2
3,26,50,7.43330412722438,3.16140921296698,4.72609975799195,6.02980950152181,8.01675756819751,1,2
3,26,51,7.43330412722438,3.16140921296698,4.27127909964258,6.56198858305149,8.20945797485287,1,2
3,26,52,7.43330412722438,3.16140921296698,7.27203032649184,5.672153192662,8.46897615410123,1,2
3,26,56,7.43330412722438,3.16140921296698,3.07556114321831,4.91819750476694,7.63995546573762,1,2
3,26,57,7.43330412722438,3.16140921296698,5.82787259602989,6.41965612695545,7.86778322364635,1,2
3,26,60,7.43330412722438,3.16140921296698,4.26717697955799,5.69558596937032,7.99113320805886,1,2
3,26,62,7.43330412722438,3.16140921296698,4.56828834256904,6.25692209229661,8.17273942218862,1,2
3,26,63,7.43330412722438,3.16140921296698,4.99704942104392,6.19619373901736,8.35178797950562,1,2
3,26,64,7.43330412722438,3.16140921296698,6.11054342734974,5.32789414081288,8.02093649823428,1,2
3,26,67,7.43330412722438,3.16140921296698,5.08527038103652,6.15342960486531,8.25982894246207,1,2
3,27,1,7.43330412722438,3.16140921296698,6.97289206941277,5.55054217685203,8.35185872786324,1,2
3,27,2,7.43330412722438,3.16140921296698,6.27706097819634,5.85245947063316,8.32583957491234,1,2
3,27,5,7.43330412722438,3.16140921296698,5.30369675870987,6.14167100269865,8.28754865045569,1,2
3,27,8,7.43330412722438,3.16140921296698,5.79905239557886,6.66878119912019,8.90453836347345,1,2
3,27,10,7.43330412722438,3.16140921296698,3.75182459668165,6.38079201780205,8.29086146897297,1,2
3,27,13,7.43330412722438,3.16140921296698,5.07586429437223,6.95758391593421,8.24350942072135,1,2
3,27,14,7.43330412722438,3.16140921296698,7.5030612225576,5.75451074255491,8.58248222398596,1,2
3,27,19,7.43330412722438,3.16140921296698,6.07313516698355,6.6937412514949,8.78889935706835,1,2
3,27,20,7.43330412722438,3.16140921296698,3.97387518366092,6.56421617764715,8.16221500020202,1,2
3,27,22,7.43330412722438,3.16140921296698,5.04277156928156,6.38574371321811,8.5003220891082,1,2
3,27,25,7.43330412722438,3.16140921296698,6.51387838398096,6.08049618158833,8.33237151551002,1,2
3,27,26,7.43330412722438,3.16140921296698,5.73622697303269,5.26683709459314,8.29742874565131,1,2
3,27,27,7.43330412722438,3.16140921296698,5.36600897079281,5.67757463367203,8.2432176664818,1,2
3,27,30,7.43330412722438,3.16140921296698,5.27507399104363,6.57130776730611,8.32813987704511,1,2
3,27,31,7.43330412722438,3.16140921296698,4.75358732941399,6.29676234249652,8.3905530249666,1,2
3,27,32,7.43330412722438,3.16140921296698,4.9612615317139,6.00367382422839,8.4410213583451,1,2
3,27,34,7.43330412722438,3.16140921296698,5.7114905820494,6.30930912847537,8.4316488820535,1,2
3,27,35,7.43330412722438,3.16140921296698,6.28690018502593,5.90626946720751,8.10116912036531,1,2
3,27,36,7.43330412722438,3.16140921296698,3.32763463447519,6.14615214588734,8.28199558228232,1,2
3,27,37,7.43330412722438,3.16140921296698,4.13895612011462,6.09868947658544,8.00952069904104,1,2
3,27,38,7.43330412722438,3.16140921296698,5.53792934076896,6.47026979558578,8.8473226755444,1,2
3,27,42,7.43330412722438,3.16140921296698,4.62335647437421,5.5787102950784,8.43820171056743,1,2
3,27,49,7.43330412722438,3.16140921296698,4.65817529519747,5.64077373455505,8.32034279689945,1,2
3,27,50,7.43330412722438,3.16140921296698,3.14374554540687,5.60514453542363,8.23419798655092,1,2
3,27,52,7.43330412722438,3.16140921296698,2.94494441945822,6.82253426545503,8.28447870280641,1,2
3,27,53,7.43330412722438,3.16140921296698,6.32701100813003,6.27874825517388,8.23088685606624,1,2
3,27,54,7.43330412722438,3.16140921296698,4.73897184331205,7.0399475797109,8.96465374533543,1,2
3,27,55,7.43330412722438,3.16140921296698,5.61201740151504,6.29156006719001,8.55112688261621,1,2
3,27,56,7.43330412722438,3.16140921296698,6.6607382097215,6.08658935408496,8.27881489873485,1,2
3,27,58,7.43330412722438,3.16140921296698,5.15441760718146,5.9273550748771,8.32842502609543,1,2
3,27,61,7.43330412722438,3.16140921296698,7.24717510199751,5.94383064293865,8.1235569140359,1,2
3,27,62,7.43330412722438,3.16140921296698,4.38593520745029,5.8139546406479,8.25838085812015,1,2
3,27,63,7.43330412722438,3.16140921296698,4.6564179017916,6.26538112865866,8.51153088139089,1,2
3,27,64,7.43330412722438,3.16140921296698,4.91067523959323,5.54234049100793,8.45185017223808,1,2
3,27,65,7.43330412722438,3.16140921296698,5.00657497206917,5.69889589238091,8.21396894106668,1,2
3,27,67,7.43330412722438,3.16140921296698,4.53125126441751,5.72877221270151,8.1908855194182,1,2
3,27,70,7.43330412722438,3.16140921296698,4.47110013055398,5.25313182595122,8.31862823014573,1,2
3,28,1,7.43330412722438,3.16140921296698,5.82220923233496,5.64323151359709,8.42501874680715,1,2
3,28,5,7.43330412722438,3.16140921296698,4.74229251922895,5.30152731724712,8.24433398116127,1,2
3,28,6,7.43330412722438,3.16140921296698,5.27424529222444,5.48454449748588,8.1675868310062,1,2
3,28,7,7.43330412722438,3.16140921296698,5.76279106229374,5.57034599166723,7.84758636663248,1,2
3,28,9,7.43330412722438,3.16140921296698,4.44108160006557,5.08964341010109,8.106934478453,1,2
3,28,10,7.43330412722438,3.16140921296698,5.27140764669544,6.36453017159989,8.5257833740932,1,2
3,28,13,7.43330412722438,3.16140921296698,5.54961669376327,5.39759918565952,8.27837738351723,1,2
3,28,14,7.43330412722438,3.16140921296698,6.01745568509324,6.21944570361414,8.45869078612358,1,2
3,28,16,7.43330412722438,3.16140921296698,4.86154422903,6.72507349468715,8.54107027441924,1,2
3,28,19,7.43330412722438,3.16140921296698,4.67366075438032,6.08200012459901,8.12215205003212,1,2
3,28,20,7.43330412722438,3.16140921296698,4.72149949725998,5.46674412269113,8.18972469601741,1,2
3,28,21,7.43330412722438,3.16140921296698,4.81294040684315,5.6257651760665,8.51754062927405,1,2
3,28,22,7.43330412722438,3.16140921296698,6.01464067816146,5.23929935029229,8.24155701428816,1,2
3,28,26,7.43330412722438,3.16140921296698,4.79696383801008,5.12914399412975,8.59325392161518,1,2
3,28,29,7.43330412722438,3.16140921296698,4.794635305637,6.18048644084864,8.40976157874801,1,2
3,28,30,7.43330412722438,3.16140921296698,5.67988521531055,6.2378550355353,8.88082473484274,1,2
3,28,31,7.43330412722438,3.16140921296698,3.19708278964202,6.69977809429154,8.02114167186078,1,2
3,28,32,7.43330412722438,3.16140921296698,2.50068974104468,6.05018761960514,8.12806540027347,1,2
3,28,33,7.43330412722438,3.16140921296698,6.60945181019927,5.93529392434834,8.22541318522469,1,2
3,28,34,7.43330412722438,3.16140921296698,6.23279191150146,5.63090968139411,8.42320502708992,1,2
3,28,36,7.43330412722438,3.16140921296698,4.7266644158808,5.4338849433108,8.12192746632313,1,2
3,28,39,7.43330412722438,3.16140921296698,4.49278464402995,6.24554720090638,8.44261441951983,1,2
3,28,42,7.43330412722438,3.16140921296698,5.42603983714147,6.4330864245498,8.55984633747591,1,2
3,28,43,7.43330412722438,3.16140921296698,4.33305391904082,6.82155455058088,8.42716072508195,1,2
3,28,44,7.43330412722438,3.16140921296698,5.47120437925949,5.83633882972639,8.28842307686975,1,2
3,28,46,7.43330412722438,3.16140921296698,6.82714740276389,5.54578878923511,8.55366449771189,1,2
3,28,47,7.43330412722438,3.16140921296698,5.14280514574598,6.18463069222834,8.62946994343361,1,2
3,28,48,7.43330412722438,3.16140921296698,4.85418944691679,6.01878292624014,8.31541765164401,1,2
3,28,49,7.43330412722438,3.16140921296698,5.068785185769,5.5424587654678,8.49091582468952,1,2
3,28,53,7.43330412722438,3.16140921296698,5.20011237584364,6.39244314425497,8.11836069918978,1,2
3,28,54,7.43330412722438,3.16140921296698,6.23880624138861,6.22441826556005,8.94370536029228,1,2
3,28,60,7.43330412722438,3.16140921296698,5.66964011621404,6.05526219482889,7.84307735029033,1,2
3,28,62,7.43330412722438,3.16140921296698,4.75421547782854,6.06117484016298,7.94254900774408,1,2
3,28,63,7.43330412722438,3.16140921296698,6.67699445301859,6.47423601141914,8.6123077118391,1,2
3,28,64,7.43330412722438,3.16140921296698,5.68460360419967,6.02667136892214,8.4430166889235,1,2
3,28,65,7.43330412722438,3.16140921296698,5.49237918495535,6.9445825249694,8.86299864134622,1,2
3,28,66,7.43330412722438,3.16140921296698,4.99238592527192,6.32566366366155,8.39670029257093,1,2
3,28,69,7.43330412722438,3.16140921296698,5.60689967447954,6.51652252943239,8.47836147458978,1,2
3,28,78,7.43330412722438,3.16140921296698,5.67582724450157,6.73599519730415,8.24519332715179,1,2
3,28,79,7.43330412722438,3.16140921296698,3.35282628899908,6.32500328025068,8.79176164703027,1,2
3,28,82,7.43330412722438,3.16140921296698,4.2208473838754,5.93210144293112,8.10517583808688,1,2
3,28,84,7.43330412722438,3.16140921296698,5.07386043076789,6.15628457469919,8.22916229737052,1,2
3,28,88,7.43330412722438,3.16140921296698,5.19317293215512,6.19631991379322,8.3270157857213,1,2
3,28,90,7.43330412722438,3.16140921296698,4.59353642061694,6.34471061597474,8.13876786623177,1,2
3,28,93,7.43330412722438,3.16140921296698,4.3273005563264,6.74571314650784,8.70084287068392,1,2
3,28,94,7.43330412722438,3.16140921296698,4.91776650153272,5.47510645533329,8.35551431953111,1,2
3,28,96,7.43330412722438,3.16140921296698,5.57197921087343,4.82252903933045,8.06993264674713,1,2
3,29,5,7.43330412722438,3.16140921296698,4.51921806175576,5.52856682430025,7.92370179018724,1,2
3,29,6,7.43330412722438,3.16140921296698,4.86902713712339,6.82877622677304,8.62945641936306,1,2
3,29,11,7.43330412722438,3.16140921296698,4.48998034906529,5.75223616608291,7.93520606949069,1,2
3,29,15,7.43330412722438,3.16140921296698,4.06508467516094,6.19598683575796,7.80201945561475,1,2
3,29,17,7.43330412722438,3.16140921296698,4.44907325530381,5.83911603859662,8.42360037228731,1,2
3,29,18,7.43330412722438,3.16140921296698,3.00994761299865,6.14687255722044,8.02804322472819,1,2
3,29,19,7.43330412722438,3.16140921296698,4.92828466179957,6.37986473944931,8.76288498649558,1,2
3,29,20,7.43330412722438,3.16140921296698,5.58618200246579,6.40740914326375,8.13191043343575,1,2
3,29,21,7.43330412722438,3.16140921296698,4.92678890830917,7.17853495666045,8.53908819191739,1,2
3,29,24,7.43330412722438,3.16140921296698,5.08015689393449,5.79007445565804,8.06885849536685,1,2
3,29,26,7.43330412722438,3.16140921296698,6.64057272497162,6.25875070615472,8.56607172519131,1,2
3,29,28,7.43330412722438,3.16140921296698,5.50931619639106,5.96881833770678,8.59273794389986,1,2
3,29,29,7.43330412722438,3.16140921296698,6.13695687153915,5.03500663335159,8.03539692742834,1,2
3,29,30,7.43330412722438,3.16140921296698,5.25633037550646,6.7562232025729,8.19876356233432,1,2
3,29,34,7.43330412722438,3.16140921296698,5.21521942357526,6.16145687472276,8.42015068611134,1,2
3,29,36,7.43330412722438,3.16140921296698,7.22150639702073,6.11413331052347,8.15656956372085,1,2
3,29,39,7.43330412722438,3.16140921296698,3.06775906767136,7.09969131742025,8.37014123846794,1,2
3,29,42,7.43330412722438,3.16140921296698,4.38960878234666,6.09520941876517,8.14063819092831,1,2
3,29,43,7.43330412722438,3.16140921296698,5.63095969598439,5.86008188043941,8.27072398606445,1,2
3,29,50,7.43330412722438,3.16140921296698,5.72588889319067,6.22157355804609,8.61737496106023,1,2
3,29,53,7.43330412722438,3.16140921296698,4.74523654895359,5.96858651138993,7.73233340983215,1,2
3,29,56,7.43330412722438,3.16140921296698,4.35973611420152,6.14269364888731,7.89182160999096,1,2
3,29,57,7.43330412722438,3.16140921296698,4.550191087757,6.80138895653475,8.60995906919607,1,2
3,29,59,7.43330412722438,3.16140921296698,4.77371058895773,7.03836241301902,8.27846652190101,1,2
3,29,61,7.43330412722438,3.16140921296698,3.76605692040151,6.70205424208673,7.9451820046168,1,2
3,29,62,7.43330412722438,3.16140921296698,4.77990377088752,5.47802787099052,8.28659420798726,1,2
3,29,70,7.43330412722438,3.16140921296698,4.44858040147995,5.09956557068626,8.06289818200862,1,2
3,30,1,7.43330412722438,3.16140921296698,5.46583187840707,5.67804592697536,8.50478496087662,1,2
3,30,2,7.43330412722438,3.16140921296698,8.39603471819464,6.01695757272529,8.73143689087288,1,2
3,30,3,7.43330412722438,3.16140921296698,4.10255546801186,5.70695652608461,8.77585534249616,1,2
3,30,5,7.43330412722438,3.16140921296698,6.07313070345183,5.4543168898892,8.64395578815011,1,2
3,30,6,7.43330412722438,3.16140921296698,3.94516679940092,6.18135998900044,8.54867051336029,1,2
3,30,7,7.43330412722438,3.16140921296698,6.10848914913055,5.94520555472893,9.08500379217933,1,2
3,30,9,7.43330412722438,3.16140921296698,4.79649472660842,6.48691871942537,8.74556654424784,1,2
3,30,10,7.43330412722438,3.16140921296698,5.29881475182924,5.43910189680948,8.9742516333528,1,2
3,30,11,7.43330412722438,3.16140921296698,5.24900934467677,5.63383403375989,8.41883043128658,1,2
3,30,15,7.43330412722438,3.16140921296698,5.23662100337945,5.40767899865335,8.3286906997381,1,2
3,30,17,7.43330412722438,3.16140921296698,4.49115897403814,6.17300514690084,8.68130553733604,1,2
3,30,18,7.43330412722438,3.16140921296698,4.56078539841493,5.98030279608727,8.8192390266399,1,2
3,30,21,7.43330412722438,3.16140921296698,5.51764401007979,6.7546717811736,9.12192227234203,1,2
3,30,23,7.43330412722438,3.16140921296698,5.08003676179919,6.17567436044412,8.2691676368659,1,2
3,30,25,7.43330412722438,3.16140921296698,2.92722635620014,6.14659734047821,8.75160767883231,1,2
3,30,26,7.43330412722438,3.16140921296698,5.21545768272125,4.81812024878567,7.99399542804786,1,2
3,30,28,7.43330412722438,3.16140921296698,5.8339333746584,5.30874868319175,9.05643942684703,1,2
3,30,29,7.43330412722438,3.16140921296698,4.08647989482112,6.21102831030538,8.86413831394913,1,2
3,30,30,7.43330412722438,3.16140921296698,4.76152912697151,6.69380970919145,8.74435425678649,1,2
3,30,31,7.43330412722438,3.16140921296698,4.67296905762989,6.76458113873871,8.84383400831119,1,2
3,30,32,7.43330412722438,3.16140921296698,4.72720732752959,5.93352391549433,8.81684566573083,1,2
3,30,34,7.43330412722438,3.16140921296698,6.24409756616279,6.42531408816282,8.50915008257295,1,2
3,30,38,7.43330412722438,3.16140921296698,4.71131353609998,5.96906759775831,9.12634114015152,1,2
3,30,39,7.43330412722438,3.16140921296698,4.12461109201447,5.8356607567834,8.55482493974591,1,2
3,30,41,7.43330412722438,3.16140921296698,5.32327064934934,6.47740030872631,8.4905839280059,1,2
3,30,42,7.43330412722438,3.16140921296698,6.17626150716314,6.41996685485572,8.64587388842279,1,2
3,30,44,7.43330412722438,3.16140921296698,5.12537386591751,6.26126532552183,8.80258989818982,1,2
3,30,45,7.43330412722438,3.16140921296698,5.91555203681303,4.83581616258444,8.62189600100512,1,2
3,30,46,7.43330412722438,3.16140921296698,4.11038544522963,5.90288103213871,8.5854080629313,1,2
3,30,47,7.43330412722438,3.16140921296698,3.35208617892745,7.17384496612559,9.09503735304095,1,2
3,30,48,7.43330412722438,3.16140921296698,4.2317674699601,6.15282348360915,8.47410873158357,1,2
3,30,53,7.43330412722438,3.16140921296698,5.26138263264248,5.16990623851067,8.96470449994996,1,2
3,30,54,7.43330412722438,3.16140921296698,5.76869529100539,5.25950048097697,8.55110935021724,1,2
3,30,55,7.43330412722438,3.16140921296698,5.73695203464803,5.98024213821726,8.74530882704461,1,2
3,30,57,7.43330412722438,3.16140921296698,6.06592555632482,5.60960892566853,8.57668626305059,1,2
3,30,58,7.43330412722438,3.16140921296698,5.58707131444282,5.64941017605833,8.82795079606842,1,2
3,30,59,7.43330412722438,3.16140921296698,3.77588203326617,5.3303464220372,8.48833895869651,1,2
3,30,60,7.43330412722438,3.16140921296698,2.96031531663789,6.23178205602748,8.32093544622067,1,2
3,30,61,7.43330412722438,3.16140921296698,3.93586555943045,5.80436811978392,8.45912206798946,1,2
3,30,62,7.43330412722438,3.16140921296698,3.42414416625257,5.89703039813081,8.63258807550861,1,2
3,30,63,7.43330412722438,3.16140921296698,4.79180855771839,6.52947290771296,8.6300750015865,1,2
3,30,65,7.43330412722438,3.16140921296698,4.97330916965644,5.97241157656503,8.93064147659794,1,2
3,30,68,7.43330412722438,3.16140921296698,4.43193744745135,6.23674665644002,8.59360388393569,1,2
3,30,69,7.43330412722438,3.16140921296698,4.43965491886794,5.39476348765357,8.58572589980584,1,2
3,30,70,7.43330412722438,3.16140921296698,3.53943328033191,6.1216508624379,8.47350518736851,1,2
3,30,72,7.43330412722438,3.16140921296698,3.38990206921059,5.68924509043584,8.51463853196175,1,2
3,30,74,7.43330412722438,3.16140921296698,4.05394866941586,6.70907030071178,8.93166195247242,1,2
3,31,2,7.43330412722438,3.16140921296698,4.81805588730947,5.65310337413865,8.61932717920099,1,2
3,31,5,7.43330412722438,3.16140921296698,5.94720357102874,5.82789970208254,8.7916753593205,1,2
3,31,7,7.43330412722438,3.16140921296698,2.57011953924434,6.20186718427566,8.10979159487997,1,2
3,31,8,7.43330412722438,3.16140921296698,3.64321928559886,5.89668180906639,8.58877248112439,1,2
3,31,10,7.43330412722438,3.16140921296698,5.92061164262479,6.4710916142477,8.55542863217151,1,2
3,31,12,7.43330412722438,3.16140921296698,4.82789778502357,6.50968236492287,8.55946675720346,1,2
3,31,16,7.43330412722438,3.16140921296698,4.95883028762459,6.5348126603124,8.51144319302184,1,2
3,31,17,7.43330412722438,3.16140921296698,5.52025125055848,6.53636288789286,8.65127741588814,1,2
3,31,19,7.43330412722438,3.16140921296698,4.63086420367122,5.83968428322482,9.09249283186744,1,2
3,31,25,7.43330412722438,3.16140921296698,4.18804111078423,6.50622261203636,8.24415248838019,1,2
3,31,27,7.43330412722438,3.16140921296698,4.77713504602764,5.82990432613099,8.55510378366246,1,2
3,31,28,7.43330412722438,3.16140921296698,3.38400011328701,5.79228889553705,8.14593107508781,1,2
3,31,30,7.43330412722438,3.16140921296698,4.7561075805344,5.31279816370858,8.53482215047685,1,2
3,31,34,7.43330412722438,3.16140921296698,3.39573356862914,5.95855757453587,8.41777004926687,1,2
3,31,40,7.43330412722438,3.16140921296698,5.02755790208318,6.56015795642742,8.52187231071924,1,2
3,31,41,7.43330412722438,3.16140921296698,5.81164300296602,6.61700922709025,8.73328445836672,1,2
3,31,42,7.43330412722438,3.16140921296698,3.74681185774976,6.16924026299474,8.44478777290246,1,2
3,31,45,7.43330412722438,3.16140921296698,3.80196628353332,4.87901533975053,8.27877163787411,1,2
3,31,46,7.43330412722438,3.16140921296698,6.17871689070515,5.86124386031744,8.24731493425468,1,2
3,31,47,7.43330412722438,3.16140921296698,6.37051161562827,5.86950444694485,8.59024156143821,1,2
3,31,48,7.43330412722438,3.16140921296698,5.46946222288131,6.56027911667496,8.27410639728332,1,2
3,31,52,7.43330412722438,3.16140921296698,5.93768694272739,6.31042402511124,8.3989353389143,1,2
3,31,53,7.43330412722438,3.16140921296698,6.00220692104332,6.00098545679188,8.77897305742336,1,2
3,31,56,7.43330412722438,3.16140921296698,4.34279243382747,5.82110548628806,8.65607667856504,1,2
3,31,57,7.43330412722438,3.16140921296698,5.06842962701069,6.57893657883705,8.69684174536513,1,2
3,31,59,7.43330412722438,3.16140921296698,3.57325710846874,5.50005984365269,8.7474938563593,1,2
3,31,60,7.43330412722438,3.16140921296698,2.83191513639073,5.8896423714309,8.53661671298702,1,2
3,31,62,7.43330412722438,3.16140921296698,5.77136239238666,5.9040188719469,8.55924969699338,1,2
3,31,63,7.43330412722438,3.16140921296698,6.69561685767722,6.64960596629814,8.48874191145913,1,2
3,31,64,7.43330412722438,3.16140921296698,4.7311093436346,5.22230662054444,8.34820752736793,1,2
3,32,1,7.43330412722438,3.16140921296698,6.59684564408358,5.73865867220213,8.6267884998531,1,2
3,32,3,7.43330412722438,3.16140921296698,6.42936491293057,5.77913076455357,8.17451997928322,1,2
3,32,4,7.43330412722438,3.16140921296698,5.64817316219861,6.54269462999066,8.42955682235358,1,2
3,32,5,7.43330412722438,3.16140921296698,6.34384016951486,7.18004643127747,8.75898627728157,1,2
3,32,7,7.43330412722438,3.16140921296698,5.09706744692562,6.25431114025241,8.40040443553277,1,2
3,32,8,7.43330412722438,3.16140921296698,5.14804629940506,5.2155202744329,8.7797776297554,1,2
3,32,11,7.43330412722438,3.16140921296698,4.88757500879904,7.62911918037412,8.99582468599944,1,2
3,32,15,7.43330412722438,3.16140921296698,3.73600638007545,6.17946359318668,8.0718959619671,1,2
3,32,16,7.43330412722438,3.16140921296698,5.60594445806191,5.71600084626421,8.34574115353804,1,2
3,32,17,7.43330412722438,3.16140921296698,5.27737872254459,6.25922693739513,8.65046713709481,1,2
3,32,18,7.43330412722438,3.16140921296698,4.01855563181,6.63502551474306,8.04409063090887,1,2
3,32,20,7.43330412722438,3.16140921296698,5.44174358693736,6.15138304787012,8.70808883735778,1,2
3,32,22,7.43330412722438,3.16140921296698,3.99162905345981,6.92667361176149,8.76372045011279,1,2
3,32,24,7.43330412722438,3.16140921296698,4.58091160528593,6.20370794671577,8.69549605180549,1,2
3,32,27,7.43330412722438,3.16140921296698,5.43918422208824,5.787439873415,8.16230076845235,1,2
3,32,28,7.43330412722438,3.16140921296698,4.8735188134207,5.80331372532804,8.29078849069197,1,2
3,32,33,7.43330412722438,3.16140921296698,4.82472560608996,5.63474745844149,8.63364616076879,1,2
3,32,38,7.43330412722438,3.16140921296698,5.55658979223998,6.69163898233457,8.79541129564921,1,2
3,32,40,7.43330412722438,3.16140921296698,4.2284036166803,5.86104058015898,8.40302589887437,1,2
3,32,41,7.43330412722438,3.16140921296698,4.66662280678603,5.74188036794996,8.51255419097737,1,2
3,32,43,7.43330412722438,3.16140921296698,5.50959380916082,5.83962460433653,8.65307851752409,1,2
3,32,44,7.43330412722438,3.16140921296698,3.21286271996284,5.13129712459243,8.47408905775862,1,2
3,32,47,7.43330412722438,3.16140921296698,5.12697002659349,5.88454697130394,8.97105572831287,1,2
3,32,48,7.43330412722438,3.16140921296698,3.55046613091723,6.3673401540397,8.17422555629484,1,2
3,32,50,7.43330412722438,3.16140921296698,4.93293550684031,5.74582544176562,8.41466332829079,1,2
3,32,51,7.43330412722438,3.16140921296698,3.97218675811177,5.16510446941385,8.35594437504869,1,2
3,32,53,7.43330412722438,3.16140921296698,3.85814664111875,4.83056053197833,8.24251387913929,1,2
3,32,54,7.43330412722438,3.16140921296698,3.45508859539801,5.74706497850148,8.20950127216625,1,2
3,32,55,7.43330412722438,3.16140921296698,4.37099770934128,5.56540650877424,8.58401877468469,1,2
3,32,56,7.43330412722438,3.16140921296698,5.35340786036323,6.11365303703325,9.11166585553376,1,2
3,32,59,7.43330412722438,3.16140921296698,4.03322405093101,6.35849104072565,8.97901129410218,1,2
3,32,60,7.43330412722438,3.16140921296698,3.85649064291687,6.8352742352652,9.27089999463076,1,2
3,32,62,7.43330412722438,3.16140921296698,3.22523713641207,5.83915039969408,8.62114012251021,1,2
3,33,2,7.43330412722438,3.16140921296698,3.44960470781642,6.18980255560494,8.06311762469356,1,2
3,33,6,7.43330412722438,3.16140921296698,4.19626538252609,6.04933726202687,8.68610857674759,1,2
3,33,8,7.43330412722438,3.16140921296698,3.82856269821793,5.99170974664552,8.49758339701869,1,2
3,33,9,7.43330412722438,3.16140921296698,6.2986870584267,5.82938657648806,8.8737090782257,1,2
3,33,10,7.43330412722438,3.16140921296698,5.21775063502187,6.01311285619097,8.70089942335012,1,2
3,33,13,7.43330412722438,3.16140921296698,4.48446132344889,6.1215710512073,8.93062366724386,1,2
3,33,14,7.43330412722438,3.16140921296698,4.17795175565394,6.34599577812013,8.64049110123354,1,2
3,33,16,7.43330412722438,3.16140921296698,3.90435147372676,6.87170917268571,8.49810400701545,1,2
3,33,17,7.43330412722438,3.16140921296698,4.0473759924098,6.07380794501494,8.66245178585358,1,2
3,33,19,7.43330412722438,3.16140921296698,5.42635456460482,6.10950950375523,9.0400646528066,1,2
3,33,21,7.43330412722438,3.16140921296698,5.08574155708543,5.88073942449102,8.71166350579149,1,2
3,33,24,7.43330412722438,3.16140921296698,4.87386045380123,6.18664328217522,8.90356399572195,1,2
3,33,25,7.43330412722438,3.16140921296698,5.29401583649867,5.66452725809545,8.5473760817708,1,2
3,33,26,7.43330412722438,3.16140921296698,2.58881841565936,5.95932584439276,8.43252701542466,1,2
3,33,27,7.43330412722438,3.16140921296698,6.55228896505337,5.87519927462539,8.81876448516731,1,2
3,33,30,7.43330412722438,3.16140921296698,2.7716004958937,6.05879432451743,8.37075740216517,1,2
3,33,34,7.43330412722438,3.16140921296698,5.45348407114601,6.26153247806369,8.56962663530486,1,2
3,33,37,7.43330412722438,3.16140921296698,3.27879659155795,6.33908317547965,8.40896985253109,1,2
3,33,39,7.43330412722438,3.16140921296698,5.41655736128238,5.36853319211413,8.52562162603875,1,2
3,33,42,7.43330412722438,3.16140921296698,3.50283632495983,5.94092403317961,8.91763807548634,1,2
3,33,44,7.43330412722438,3.16140921296698,5.1869404131716,6.06156481257315,8.9885842065869,1,2
3,33,45,7.43330412722438,3.16140921296698,5.23618316275837,6.60571801187672,8.82402821920238,1,2
3,33,46,7.43330412722438,3.16140921296698,6.09061256214911,6.44779447579124,8.77155472453196,1,2
3,33,47,7.43330412722438,3.16140921296698,5.77119541417454,6.06579803784417,8.18233954596079,1,2
3,33,48,7.43330412722438,3.16140921296698,7.68816661090541,6.2216047944519,9.10389685012102,1,2
3,33,52,7.43330412722438,3.16140921296698,5.88028282305652,6.20396229612811,8.50563187800141,1,2
3,33,53,7.43330412722438,3.16140921296698,4.22562278356867,6.90354297157684,8.23082406898058,1,2
3,33,56,7.43330412722438,3.16140921296698,4.86162139010389,6.61048795231327,9.00515427583322,1,2
3,33,57,7.43330412722438,3.16140921296698,5.14711361490785,6.96017731520014,8.81952121910797,1,2
3,33,58,7.43330412722438,3.16140921296698,3.87002770420361,5.67271175778274,8.70045936807231,1,2
3,33,60,7.43330412722438,3.16140921296698,4.50024101468458,5.21959269445048,8.33272431881317,1,2
3,33,61,7.43330412722438,3.16140921296698,4.2373154318677,6.94013505172558,8.80550346585629,1,2
3,33,64,7.43330412722438,3.16140921296698,4.75804703460982,5.27919292343339,8.07095955985812,1,2
3,33,65,7.43330412722438,3.16140921296698,5.10493678242145,6.64882920738438,8.8471100449494,1,2
3,33,67,7.43330412722438,3.16140921296698,4.57427999921065,6.46849189224848,8.57947157122222,1,2
3,33,69,7.43330412722438,3.16140921296698,5.48868706684442,6.2284723682865,8.75473997563788,1,2
3,33,72,7.43330412722438,3.16140921296698,4.87678235735265,5.75935709146695,9.09801557672059,1,2
3,33,73,7.43330412722438,3.16140921296698,6.09217461228606,5.7636760770333,8.75599911195382,1,2
3,33,75,7.43330412722438,3.16140921296698,6.39244750627069,5.37874997857717,8.73435886016597,1,2
3,33,76,7.43330412722438,3.16140921296698,3.86189499728535,6.31514994696103,8.54072315776511,1,2
3,34,1,7.43330412722438,3.16140921296698,6.79624161246047,6.45479231380301,8.99709298041337,1,2
3,34,4,7.43330412722438,3.16140921296698,4.95082371922258,5.80903324826136,8.78904161213877,1,2
3,34,5,7.43330412722438,3.16140921296698,6.06861619475765,5.82599217783629,8.52722228544804,1,2
3,34,6,7.43330412722438,3.16140921296698,4.2195064374517,5.14242457141365,8.6160099377564,1,2
3,34,11,7.43330412722438,3.16140921296698,3.47340170586714,6.33934219094606,8.51334741472336,1,2
3,34,14,7.43330412722438,3.16140921296698,5.76394207680465,5.59164024972557,8.98741145211258,1,2
3,34,15,7.43330412722438,3.16140921296698,5.5887810903132,5.94496158739835,8.53836720156858,1,2
3,34,16,7.43330412722438,3.16140921296698,5.03049158789419,6.35969038219178,8.97991948003688,1,2
3,34,17,7.43330412722438,3.16140921296698,6.21993770149614,6.88560865883184,8.80834700346493,1,2
3,34,19,7.43330412722438,3.16140921296698,3.9748370248761,6.38490253210036,8.60579041862504,1,2
3,34,25,7.43330412722438,3.16140921296698,5.05028109653981,5.80820069395106,8.10891896653109,1,2
3,34,27,7.43330412722438,3.16140921296698,5.19235596133158,5.61053029260476,8.69812354474463,1,2
3,34,31,7.43330412722438,3.16140921296698,3.65538760938593,6.56923403996798,9.44310379052502,1,2
3,34,32,7.43330412722438,3.16140921296698,6.08388062124512,6.45361310398861,9.07116396760229,1,2
3,34,36,7.43330412722438,3.16140921296698,5.59022333416948,5.75924667343267,8.74143493939345,1,2
3,34,37,7.43330412722438,3.16140921296698,5.16780410027888,6.2942303572209,8.56004881871588,1,2
3,34,38,7.43330412722438,3.16140921296698,5.27451850997087,5.73828988810117,8.62501597695278,1,2
3,34,39,7.43330412722438,3.16140921296698,6.36597964027256,5.94002092282503,8.43301351139451,1,2
3,34,42,7.43330412722438,3.16140921296698,3.58330409434162,7.54643840710155,8.89966453108485,1,2
3,34,44,7.43330412722438,3.16140921296698,4.22115618783266,6.28251777261331,8.67940344988645,1,2
3,34,48,7.43330412722438,3.16140921296698,5.0896772527503,5.57952289490933,8.55021935111889,1,2
3,34,56,7.43330412722438,3.16140921296698,5.30804899218229,5.40450789630474,8.50935610514241,1,2
3,34,57,7.43330412722438,3.16140921296698,5.99857228164668,6.07509751574825,8.52812789468892,1,2
3,34,59,7.43330412722438,3.16140921296698,4.32563024584082,6.37116159586134,8.63078057135947,1,2
3,34,60,7.43330412722438,3.16140921296698,4.07124742538842,5.82508750089121,8.53782003300884,1,2
3,34,61,7.43330412722438,3.16140921296698,4.16957682291091,6.01326685989472,8.60759276934543,1,2
3,34,62,7.43330412722438,3.16140921296698,5.79661413823357,5.29023505249897,9.43822048252115,1,2
3,34,64,7.43330412722438,3.16140921296698,4.98314606394435,6.60759140766109,8.94070383953333,1,2
3,34,65,7.43330412722438,3.16140921296698,5.91946500262561,4.78344672611131,8.59266300898348,1,2
3,35,2,7.43330412722438,3.16140921296698,5.33881482880441,5.68993378480803,9.07768584071683,1,2
3,35,5,7.43330412722438,3.16140921296698,4.26117545004875,6.8027801685334,8.73943957696566,1,2
3,35,7,7.43330412722438,3.16140921296698,4.71577232250131,5.76719955854098,8.91392944352977,1,2
3,35,12,7.43330412722438,3.16140921296698,4.7191030440172,6.27104343747191,9.12108890608802,1,2
3,35,14,7.43330412722438,3.16140921296698,5.54826442502728,6.02876042290626,8.73046373288078,1,2
3,35,15,7.43330412722438,3.16140921296698,4.25808987182827,5.87577658130156,8.86989834531196,1,2
3,35,18,7.43330412722438,3.16140921296698,3.86315714832327,6.6136189678247,8.54355353146276,1,2
3,35,19,7.43330412722438,3.16140921296698,4.05576952621009,5.89366646340068,8.61083054045847,1,2
3,35,21,7.43330412722438,3.16140921296698,6.48866596163096,6.91553563424867,9.01162757293552,1,2
3,35,22,7.43330412722438,3.16140921296698,6.63539114155784,5.50104496178943,8.86377009283066,1,2
3,35,23,7.43330412722438,3.16140921296698,5.16061214710289,6.42521971056035,8.7364774660603,1,2
3,35,24,7.43330412722438,3.16140921296698,5.273203151273,5.66763190260803,8.8286634993316,1,2
3,35,25,7.43330412722438,3.16140921296698,3.9462250787204,6.03957860912431,8.99885027838884,1,2
3,35,26,7.43330412722438,3.16140921296698,3.94663863877212,6.70478397910473,9.34626304334369,1,2
3,35,27,7.43330412722438,3.16140921296698,5.98787851282065,6.13293400153517,8.99047809908596,1,2
3,35,28,7.43330412722438,3.16140921296698,6.15157736545652,6.73056299526574,8.69763095697184,1,2
3,35,29,7.43330412722438,3.16140921296698,4.90993729345499,5.88700869597622,9.05617089048769,1,2
3,35,30,7.43330412722438,3.16140921296698,7.82540689578046,5.6550815055114,8.72325857805754,1,2
3,35,34,7.43330412722438,3.16140921296698,4.59107160403611,5.40066240418565,8.65146123908349,1,2
3,35,36,7.43330412722438,3.16140921296698,5.15998490505114,6.15999995624696,8.98024906227466,1,2
3,35,37,7.43330412722438,3.16140921296698,4.69512890392256,5.38394670789163,8.28463067740196,1,2
3,35,38,7.43330412722438,3.16140921296698,4.08317385201486,6.13173331708569,8.55504028605797,1,2
3,35,39,7.43330412722438,3.16140921296698,3.34544777439291,6.96172184027844,8.67782347937495,1,2
3,35,40,7.43330412722438,3.16140921296698,6.53855958142259,5.11377356660007,8.85894804927356,1,2
3,35,42,7.43330412722438,3.16140921296698,5.296655453433,5.47573320451919,8.94148480750933,1,2
3,35,43,7.43330412722438,3.16140921296698,5.14789588884701,6.26176582378526,8.47070985810665,1,2
3,35,45,7.43330412722438,3.16140921296698,5.62955924993909,6.21626689264089,9.20379388134387,1,2
3,35,47,7.43330412722438,3.16140921296698,5.42792653358334,5.98825841455895,9.25172080637916,1,2
3,35,48,7.43330412722438,3.16140921296698,6.0405522875045,6.3991921372702,8.85472591008507,1,2
3,35,51,7.43330412722438,3.16140921296698,5.75018008895956,5.8990481689221,8.95717613486594,1,2
3,35,52,7.43330412722438,3.16140921296698,2.75961019842669,5.85082562191637,8.25317011623625,1,2
3,35,53,7.43330412722438,3.16140921296698,5.22210907777971,6.06590514542397,8.89050832666674,1,2
3,35,56,7.43330412722438,3.16140921296698,6.16843664522315,5.98376628918431,9.04533951041031,1,2
3,35,57,7.43330412722438,3.16140921296698,4.72921137070441,6.01386253813687,8.73865346019445,1,2
3,35,58,7.43330412722438,3.16140921296698,5.56992232933001,6.20471817587617,9.30174159323645,1,2
3,35,59,7.43330412722438,3.16140921296698,3.30872281970466,6.59800249828198,8.51197537502825,1,2
3,35,60,7.43330412722438,3.16140921296698,4.31874010343025,6.98956677494867,8.83889035103312,1,2
3,35,61,7.43330412722438,3.16140921296698,4.75606426236403,5.34399418852947,9.03226394349397,1,2
3,35,63,7.43330412722438,3.16140921296698,6.15001662232504,6.23990849900961,8.88830562498821,1,2
3,35,64,7.43330412722438,3.16140921296698,4.24706252775059,6.01019901711992,8.96979794225029,1,2
3,35,70,7.43330412722438,3.16140921296698,4.89917926899377,5.70731988782862,8.74735588999289,1,2
3,35,73,7.43330412722438,3.16140921296698,3.6420400863892,5.38675501787312,8.21835928233184,1,2
3,35,74,7.43330412722438,3.16140921296698,3.92849524465063,5.62674569640918,8.53547878922549,1,2
3,35,76,7.43330412722438,3.16140921296698,4.99518816016363,6.48617106460254,9.37603159085581,1,2
3,35,85,7.43330412722438,3.16140921296698,5.89403182308913,5.53124038413838,8.70001690254712,1,2
3,35,89,7.43330412722438,3.16140921296698,4.91123065944543,6.220671238645,9.20663930703677,1,2
3,35,90,7.43330412722438,3.16140921296698,4.20763216816523,4.92813545940031,8.58460642504798,1,2
3,35,92,7.43330412722438,3.16140921296698,5.688871949961,5.81355408312988,9.00367324034215,1,2
3,36,1,7.43330412722438,3.16140921296698,5.56723133265283,5.30367833278333,8.82737641382874,1,2
3,36,3,7.43330412722438,3.16140921296698,6.83785795111062,6.60965691655594,9.19542244772194,1,2
3,36,6,7.43330412722438,3.16140921296698,4.56055804073683,5.6649025821589,8.61224032091107,1,2
3,36,7,7.43330412722438,3.16140921296698,6.16232063422622,6.3541056562388,9.39449531598463,1,2
3,36,12,7.43330412722438,3.16140921296698,6.42213856753551,5.5045789190178,9.14648163325672,1,2
3,36,17,7.43330412722438,3.16140921296698,5.34013456147971,5.2965449753411,8.91587093107291,1,2
3,36,18,7.43330412722438,3.16140921296698,3.96755328707667,5.83023892342979,8.56442485098133,1,2
3,36,19,7.43330412722438,3.16140921296698,5.7312418416398,6.15977749726015,9.35227646653047,1,2
3,36,20,7.43330412722438,3.16140921296698,4.53589801842444,6.331623538787,9.33197668796046,1,2
3,36,24,7.43330412722438,3.16140921296698,5.84367748678133,5.13268779833399,8.97225227460031,1,2
3,36,25,7.43330412722438,3.16140921296698,5.24150312079855,5.81071787160344,9.04972924427196,1,2
3,36,27,7.43330412722438,3.16140921296698,5.0651261078402,5.47826746993823,9.38683160507488,1,2
3,36,29,7.43330412722438,3.16140921296698,3.49818833102867,6.55495926142915,8.96325201438444,1,2
3,36,31,7.43330412722438,3.16140921296698,4.81843350623108,5.8797820134771,9.00616489877518,1,2
3,36,34,7.43330412722438,3.16140921296698,7.43547737598423,6.44131626257168,9.54294660910212,1,2
3,36,35,7.43330412722438,3.16140921296698,4.62575591946324,5.79267836945877,9.29656631029567,1,2
3,36,37,7.43330412722438,3.16140921296698,5.27718959837643,5.88905762041207,9.19536609018631,1,2
3,36,40,7.43330412722438,3.16140921296698,3.53832344845494,5.6436679250022,8.46559920906221,1,2
3,36,42,7.43330412722438,3.16140921296698,5.31819133619496,6.18477655790564,8.96042768528691,1,2
3,36,43,7.43330412722438,3.16140921296698,4.86229233811881,6.69853858484115,8.99436202611586,1,2
3,36,44,7.43330412722438,3.16140921296698,5.4412350815966,5.87366674021955,8.90449082270141,1,2
3,36,48,7.43330412722438,3.16140921296698,3.17467079023801,6.40419286483804,8.75726458497672,1,2
3,36,52,7.43330412722438,3.16140921296698,5.66403455229887,5.92704828270341,8.85365159425079,1,2
3,36,54,7.43330412722438,3.16140921296698,4.52553308791467,6.00353736948958,8.55364647942056,1,2
3,36,55,7.43330412722438,3.16140921296698,5.69677174363317,5.96138625844813,8.99621279806871,1,2
3,36,57,7.43330412722438,3.16140921296698,5.26915264654192,6.47482263688216,9.19391202113687,1,2
3,36,59,7.43330412722438,3.16140921296698,4.48371590986347,5.40206801879863,8.57775415136535,1,2
3,36,60,7.43330412722438,3.16140921296698,5.13780860289158,6.2190113168461,9.12624717219961,1,2
3,36,61,7.43330412722438,3.16140921296698,5.91743103526768,6.30493633851268,9.14529713775167,1,2
3,36,62,7.43330412722438,3.16140921296698,7.66289635096105,6.25874604766071,9.39756403397928,1,2
3,36,64,7.43330412722438,3.16140921296698,4.58204119721891,6.20676933535838,8.93715190050025,1,2
3,37,1,7.43330412722438,3.16140921296698,7.09180388305185,7.09740198850817,9.02190337662828,1,2
3,37,2,7.43330412722438,3.16140921296698,4.45350186209362,6.1145905756781,9.38018073259215,1,2
3,37,7,7.43330412722438,3.16140921296698,4.43214692457013,5.23949818856056,8.9561195812399,1,2
3,37,10,7.43330412722438,3.16140921296698,6.0332111405916,5.03813958134666,9.15881723976696,1,2
3,37,11,7.43330412722438,3.16140921296698,3.97448470753264,6.27857555726134,8.8968175696605,1,2
3,37,12,7.43330412722438,3.16140921296698,6.4117441738819,5.9020110359694,9.48131599799611,1,2
3,37,15,7.43330412722438,3.16140921296698,6.90841061700587,5.79397088514234,9.54446214517666,1,2
3,37,16,7.43330412722438,3.16140921296698,7.64745537470965,6.42117495908239,9.35600457688814,1,2
3,37,18,7.43330412722438,3.16140921296698,5.76848257289577,6.29271200067557,9.43282974345411,1,2
3,37,24,7.43330412722438,3.16140921296698,3.87429340689467,6.6470863927605,8.87528201870262,1,2
3,37,26,7.43330412722438,3.16140921296698,5.05401837249412,5.79101072409031,9.29335955583268,1,2
3,37,27,7.43330412722438,3.16140921296698,5.4979288263044,6.04619529590444,9.34056250064431,1,2
3,37,31,7.43330412722438,3.16140921296698,6.90052785403311,6.12862982551101,8.96225126455716,1,2
3,37,36,7.43330412722438,3.16140921296698,6.65151827585402,7.36759122962128,9.35822933910875,1,2
3,37,37,7.43330412722438,3.16140921296698,4.90653116303061,5.51255063784301,8.66885488593815,1,2
3,37,38,7.43330412722438,3.16140921296698,4.88242954094094,4.54353150232939,9.75082184152415,1,2
3,37,39,7.43330412722438,3.16140921296698,3.6431443138528,5.76270687169336,9.48016717999069,1,2
3,37,44,7.43330412722438,3.16140921296698,4.10438670746194,4.99851534449815,9.181924881661,1,2
3,37,46,7.43330412722438,3.16140921296698,3.72151220483068,5.78032802130874,9.27354912344808,1,2
3,37,47,7.43330412722438,3.16140921296698,4.96071228371404,5.97288813589796,8.829807125984,1,2
3,37,49,7.43330412722438,3.16140921296698,6.87918376851,6.41882232280428,9.97815842334488,1,2
3,37,51,7.43330412722438,3.16140921296698,4.46217255230059,6.35505503165415,9.13543438864207,1,2
3,37,52,7.43330412722438,3.16140921296698,4.74074970491054,7.17412032592442,9.19224639910412,1,2
3,37,53,7.43330412722438,3.16140921296698,5.16814149782069,5.47518166706992,9.20456211710726,1,2
3,37,54,7.43330412722438,3.16140921296698,4.34466176407308,5.62360357750766,9.31253576200405,1,2
3,37,56,7.43330412722438,3.16140921296698,5.27110956287923,6.8312171199578,9.05452603069817,1,2
3,37,59,7.43330412722438,3.16140921296698,5.16130950217542,6.0655646572862,9.33790230299655,1,2
3,37,60,7.43330412722438,3.16140921296698,5.46089727968573,5.4989854146442,9.58428154822378,1,2
3,37,63,7.43330412722438,3.16140921296698,5.602672950817,6.50235107920085,9.75388217223922,1,2
3,37,64,7.43330412722438,3.16140921296698,5.26936176171409,6.26473555080747,8.94701466024611,1,2
3,37,67,7.43330412722438,3.16140921296698,5.04803445406566,5.30551578598667,9.52981862727915,1,2
3,37,69,7.43330412722438,3.16140921296698,5.84003690888487,5.67769022258508,9.67990400485391,1,2
3,37,70,7.43330412722438,3.16140921296698,5.35941891428234,5.64872522515586,9.49176452609264,1,2
3,37,71,7.43330412722438,3.16140921296698,2.3613904896342,6.54699606349515,8.82021381690553,1,2
3,37,72,7.43330412722438,3.16140921296698,6.92140144864117,6.52321313204607,9.61162592407009,1,2
3,37,73,7.43330412722438,3.16140921296698,5.57790127218471,5.15293564966282,9.49174793299469,1,2
3,37,75,7.43330412722438,3.16140921296698,6.16042042442403,5.58348798355234,9.54034244301791,1,2
3,37,76,7.43330412722438,3.16140921296698,3.9452106853825,5.90193303290045,8.74266745201504,1,2
3,37,80,7.43330412722438,3.16140921296698,3.78053114501465,5.76769690574051,9.35789246727692,1,2
3,38,1,7.43330412722438,3.16140921296698,4.62174304782059,5.69784817218534,9.03070290563073,1,2
3,38,4,7.43330412722438,3.16140921296698,5.76498528510546,5.87827088473893,9.89718019751537,1,2
3,38,5,7.43330412722438,3.16140921296698,5.29547176259906,6.12906013027162,9.20624387888194,1,2
3,38,9,7.43330412722438,3.16140921296698,4.97001124406218,6.6927198245322,9.23935087501534,1,2
3,38,10,7.43330412722438,3.16140921296698,6.36855490276807,5.89512790576637,9.584742793314,1,2
3,38,11,7.43330412722438,3.16140921296698,5.68493403813719,5.9869287426659,9.12366889434128,1,2
3,38,12,7.43330412722438,3.16140921296698,5.02426249026799,5.91770781279167,9.61583733878707,1,2
3,38,13,7.43330412722438,3.16140921296698,4.77793679616318,5.65564388229719,9.80240696605485,1,2
3,38,14,7.43330412722438,3.16140921296698,3.90543755843419,5.55055766496561,8.79498917961795,1,2
3,38,16,7.43330412722438,3.16140921296698,4.8777185450954,5.65379799016712,9.62247294299244,1,2
3,38,17,7.43330412722438,3.16140921296698,6.22041815111195,5.93825903395069,9.33951027781201,1,2
3,38,20,7.43330412722438,3.16140921296698,5.52233657720108,6.26626146051927,9.27347766162782,1,2
3,38,23,7.43330412722438,3.16140921296698,4.22373909993459,5.96631410947379,9.08276626488742,1,2
3,38,26,7.43330412722438,3.16140921296698,5.74829263092204,4.97851324574521,9.73210039394092,1,2
3,38,28,7.43330412722438,3.16140921296698,5.6780523401576,5.68468795580633,9.07595276472746,1,2
3,38,30,7.43330412722438,3.16140921296698,4.84211247481855,5.63980460427389,8.54164942640128,1,2
3,38,31,7.43330412722438,3.16140921296698,4.58143131156077,6.06892242231864,8.94568768308906,1,2
3,38,34,7.43330412722438,3.16140921296698,5.36413818353437,5.70991662511595,9.22189481490646,1,2
3,38,35,7.43330412722438,3.16140921296698,4.92918326605781,5.43010439381258,9.24523058868552,1,2
3,38,37,7.43330412722438,3.16140921296698,5.42564949562058,6.34782247142056,8.88128533326487,1,2
3,38,38,7.43330412722438,3.16140921296698,4.32832005788695,6.08679389084454,9.50381951473175,1,2
3,38,40,7.43330412722438,3.16140921296698,4.91265657100117,6.36625633167589,8.88295965316345,1,2
3,38,41,7.43330412722438,3.16140921296698,5.97876257648681,6.51242236331129,9.43960127766604,1,2
3,38,44,7.43330412722438,3.16140921296698,6.95766725037095,5.53564887878396,9.60429412493693,1,2
3,38,45,7.43330412722438,3.16140921296698,3.01257779150385,6.00096734252971,8.60706397579558,1,2
3,38,46,7.43330412722438,3.16140921296698,6.30791020296833,5.66376964779986,9.18207793003901,1,2
3,38,47,7.43330412722438,3.16140921296698,6.47080155791667,6.67812856830611,9.33484934032652,1,2
3,38,49,7.43330412722438,3.16140921296698,5.92833367508588,6.044252953841,9.19984295438685,1,2
3,38,52,7.43330412722438,3.16140921296698,5.19871389512486,5.49896794686277,8.64798290886074,1,2
3,38,53,7.43330412722438,3.16140921296698,6.19497641333388,5.78581247824407,9.71933205535594,1,2
3,38,55,7.43330412722438,3.16140921296698,6.35797310882496,5.48878322728344,9.10726531631874,1,2
3,38,58,7.43330412722438,3.16140921296698,4.86197326474819,5.58948316844852,9.48623650294295,1,2
3,38,59,7.43330412722438,3.16140921296698,4.67342881026383,5.96038205161679,8.84337391746067,1,2
3,38,60,7.43330412722438,3.16140921296698,4.19269180948675,5.51553050097238,8.85760765095149,1,2
3,38,61,7.43330412722438,3.16140921296698,6.95681920910443,6.00964148872887,9.61766684176532,1,2
3,38,63,7.43330412722438,3.16140921296698,5.23534397858609,6.21422673963731,9.55044073763288,1,2
3,38,68,7.43330412722438,3.16140921296698,5.35756344825506,5.5510169743739,8.95110267436973,1,2
3,38,70,7.43330412722438,3.16140921296698,5.08022295758005,5.55779224607499,9.05076559605251,1,2
3,39,1,7.43330412722438,3.16140921296698,4.46484977118001,6.17187947461081,9.15846757485507,1,2
3,39,3,7.43330412722438,3.16140921296698,5.87958545706266,6.97781321879265,9.77603951525245,1,2
3,39,6,7.43330412722438,3.16140921296698,4.88043236172755,6.19535605740294,9.85968917061946,1,2
3,39,10,7.43330412722438,3.16140921296698,4.65130911798281,5.48780020090451,9.63838993414455,1,2
3,39,12,7.43330412722438,3.16140921296698,4.17201764851202,5.55011581793899,9.30378372199281,1,2
3,39,14,7.43330412722438,3.16140921296698,5.12915543196929,5.70532642822719,8.63355237273321,1,2
3,39,15,7.43330412722438,3.16140921296698,5.69206067271955,5.55454915433679,9.50103773070904,1,2
3,39,17,7.43330412722438,3.16140921296698,4.86033502950061,6.23047213411865,9.12733118858242,1,2
3,39,18,7.43330412722438,3.16140921296698,4.70844073782919,4.77231653724975,9.23411144072099,1,2
3,39,19,7.43330412722438,3.16140921296698,4.20045853507549,6.79124173233113,9.34639741875311,1,2
3,39,21,7.43330412722438,3.16140921296698,4.77952836338393,6.78262698715478,9.48989799486581,1,2
3,39,22,7.43330412722438,3.16140921296698,5.85124052231253,5.57388336379787,9.20680268231108,1,2
3,39,23,7.43330412722438,3.16140921296698,3.84018518029386,5.51537034013514,9.03177201654994,1,2
3,39,24,7.43330412722438,3.16140921296698,5.32348016506924,6.69560676894193,9.87435421074176,1,2
3,39,28,7.43330412722438,3.16140921296698,6.17432992659943,5.700540930022,9.36184966510686,1,2
3,39,29,7.43330412722438,3.16140921296698,4.38682946192302,6.5278160059335,9.71003942728331,1,2
3,39,34,7.43330412722438,3.16140921296698,3.95439237128076,5.89926350406218,9.11529709588429,1,2
3,39,38,7.43330412722438,3.16140921296698,5.67464661223731,5.69647687432002,9.77270364944206,1,2
3,39,39,7.43330412722438,3.16140921296698,3.97657620550245,6.43004395052295,8.95050573536256,1,2
3,39,40,7.43330412722438,3.16140921296698,5.75683375180567,5.38248204826926,8.98668511441792,1,2
3,39,41,7.43330412722438,3.16140921296698,5.27381915446909,6.50406446818638,8.58102808592833,1,2
3,39,44,7.43330412722438,3.16140921296698,5.41211324607634,4.80981935695828,9.12682530118267,1,2
3,39,45,7.43330412722438,3.16140921296698,4.90794419194877,5.39096589682869,8.26016488831595,1,2
3,39,47,7.43330412722438,3.16140921296698,5.59993234421788,5.44954139311227,9.3771995778527,1,2
3,39,49,7.43330412722438,3.16140921296698,5.9840792307814,5.20106327192094,9.4712692425344,1,2
3,39,53,7.43330412722438,3.16140921296698,3.86629893265977,6.42542101468276,9.25532497590334,1,2
3,39,54,7.43330412722438,3.16140921296698,3.6107361943721,5.54746116175739,9.04930552053449,1,2
3,39,56,7.43330412722438,3.16140921296698,3.30167697698464,5.35015145549076,9.09999385892008,1,2
3,39,58,7.43330412722438,3.16140921296698,4.55356445351369,5.96327461831874,8.97360194733297,1,2
3,39,61,7.43330412722438,3.16140921296698,5.80477823323355,6.25976603712834,10.012004322683,1,2
3,39,65,7.43330412722438,3.16140921296698,6.04172727343497,6.52966315839027,9.41753344258217,1,2
3,39,66,7.43330412722438,3.16140921296698,4.27303652805984,5.4441823265158,9.44577602318972,1,2
3,39,67,7.43330412722438,3.16140921296698,5.60379881834728,6.01523331825956,9.58211398754287,1,2
3,39,68,7.43330412722438,3.16140921296698,4.78231708546037,6.32188521660195,9.00839063098043,1,2
3,39,69,7.43330412722438,3.16140921296698,5.12781532467885,6.46479622974454,8.97349382590842,1,2
3,39,70,7.43330412722438,3.16140921296698,5.59364571924781,5.76515325060503,9.88647238375749,1,2
3,39,71,7.43330412722438,3.16140921296698,7.86092033668597,5.46766259172118,9.9400025764976,1,2
3,39,72,7.43330412722438,3.16140921296698,4.20967493356274,5.51206692675395,8.83083154253216,1,2
3,39,74,7.43330412722438,3.16140921296698,4.22410520147132,5.99828320791782,9.18656120187431,1,2
3,39,75,7.43330412722438,3.16140921296698,3.87947972816715,6.8663339123594,9.58358595370846,1,2
3,39,76,7.43330412722438,3.16140921296698,3.94936225098865,4.99258097180393,9.64580674750899,1,2
3,40,2,7.43330412722438,3.16140921296698,6.07549767708848,5.42894295106878,9.52873907564505,1,2
3,40,5,7.43330412722438,3.16140921296698,5.41460607772872,6.70444032613554,10.2228178597196,1,2
3,40,6,7.43330412722438,3.16140921296698,4.4948937685576,5.27407442297988,9.31694664853078,1,2
3,40,7,7.43330412722438,3.16140921296698,6.99891754430666,5.80334500815103,9.56770944525161,1,2
3,40,8,7.43330412722438,3.16140921296698,5.18621593728825,5.99433301155424,9.52086619208357,1,2
3,40,10,7.43330412722438,3.16140921296698,4.67281087410746,5.766698687057,9.38279563595445,1,2
3,40,13,7.43330412722438,3.16140921296698,4.4002006926444,5.30042841780916,9.21782837747805,1,2
3,40,16,7.43330412722438,3.16140921296698,5.54344755914429,6.03778526867819,9.21671798665891,1,2
3,40,19,7.43330412722438,3.16140921296698,5.75458153950489,5.37474879804262,9.32235393005816,1,2
3,40,20,7.43330412722438,3.16140921296698,4.28529675890128,6.13034702049178,9.21788556797816,1,2
3,40,24,7.43330412722438,3.16140921296698,3.70621932297584,5.7804052044673,9.38108957584721,1,2
3,40,27,7.43330412722438,3.16140921296698,6.44056282408087,5.70200082541627,9.47565580857593,1,2
3,40,28,7.43330412722438,3.16140921296698,6.64185221590422,5.63689611410614,9.40423257627984,1,2
3,40,29,7.43330412722438,3.16140921296698,4.150375901816,5.49634839796953,9.53711376574998,1,2
3,40,31,7.43330412722438,3.16140921296698,5.1725527224303,6.70962326614027,9.42810071924607,1,2
3,40,32,7.43330412722438,3.16140921296698,5.62964856099365,5.53333131767287,9.29178676051608,1,2
3,40,34,7.43330412722438,3.16140921296698,4.31926457688752,6.03598292202748,8.93573718652872,1,2
3,40,35,7.43330412722438,3.16140921296698,4.78394440753662,5.87674784142521,9.48593279235082,1,2
3,40,36,7.43330412722438,3.16140921296698,7.57106660448452,6.24789487452876,9.84047812129052,1,2
3,40,43,7.43330412722438,3.16140921296698,4.7022351975014,5.60833535941541,9.23853353587101,1,2
3,40,44,7.43330412722438,3.16140921296698,4.45642020074114,5.5594239061365,8.94198398599886,1,2
3,40,46,7.43330412722438,3.16140921296698,4.77226221951681,6.11624386037799,9.76710750509891,1,2
3,40,48,7.43330412722438,3.16140921296698,5.51912298367867,6.35689032477695,9.01009475606741,1,2
3,40,49,7.43330412722438,3.16140921296698,3.61946012405963,5.94546069620784,9.65574565150105,1,2
3,40,54,7.43330412722438,3.16140921296698,5.45392606115628,5.59023753322758,9.3617715372861,1,2
3,40,55,7.43330412722438,3.16140921296698,4.97158839892658,5.49044117717308,9.07966237885734,1,2
3,40,56,7.43330412722438,3.16140921296698,4.06152303852795,6.0993791759213,9.05088562589162,1,2
3,40,57,7.43330412722438,3.16140921296698,5.76834040528608,5.30301973920713,9.02638544625598,1,2
3,40,60,7.43330412722438,3.16140921296698,5.74764869483431,5.77998834976168,9.75105193003906,1,2
3,40,61,7.43330412722438,3.16140921296698,5.77509508350677,6.27839558595274,8.89532068086129,1,2
3,40,64,7.43330412722438,3.16140921296698,4.78650161516155,6.30120688908545,9.48705745095164,1,2
3,40,68,7.43330412722438,3.16140921296698,4.53125571655355,6.97831682190374,9.45295389035759,1,2
3,40,70,7.43330412722438,3.16140921296698,4.50605316523085,6.13296668939196,9.50316431900039,1,2
3,40,71,7.43330412722438,3.16140921296698,4.66821884042813,5.59378984501414,9.18265745078978,1,2
3,40,74,7.43330412722438,3.16140921296698,3.24189936293231,5.36937439111971,9.27060337755165,1,2
3,40,75,7.43330412722438,3.16140921296698,1.98826474414041,5.43316681818476,8.83487588261707,1,2
3,40,77,7.43330412722438,3.16140921296698,4.24233218838623,6.61877396493571,8.96722967422763,1,2
3,40,79,7.43330412722438,3.16140921296698,5.05333126894611,5.92572982357564,9.03003421030684,1,2
3,40,80,7.43330412722438,3.16140921296698,5.1326183439178,6.36946545276798,8.79664916270528,1,2
3,40,81,7.43330412722438,3.16140921296698,5.97823057249643,7.0518892894978,9.24984401141842,1,2
3,40,82,7.43330412722438,3.16140921296698,6.11670033242258,6.42811944102344,9.46953689007915,1,2
3,40,83,7.43330412722438,3.16140921296698,4.27913595751042,5.51716357087352,9.0441243201123,1,2
3,41,3,7.43330412722438,3.16140921296698,3.94526745076599,5.77240442981442,9.32854443420822,1,2
3,41,5,7.43330412722438,3.16140921296698,5.75492340398549,5.68490953173767,9.61156223599156,1,2
3,41,6,7.43330412722438,3.16140921296698,4.14950550793194,5.74944948058012,9.19380278353271,1,2
3,41,11,7.43330412722438,3.16140921296698,4.65735916737286,5.47428237685649,9.58457485927188,1,2
3,41,13,7.43330412722438,3.16140921296698,3.99052825234028,5.86341785652739,9.68571746681377,1,2
3,41,14,7.43330412722438,3.16140921296698,4.90014312832209,7.17591171913076,9.73156131414796,1,2
3,41,15,7.43330412722438,3.16140921296698,5.60679303224879,5.10056617912692,8.8973423183749,1,2
3,41,16,7.43330412722438,3.16140921296698,6.26227457815159,5.84083878683789,10.2868138692378,1,2
3,41,18,7.43330412722438,3.16140921296698,2.75511954653672,6.0144215869984,8.54729138680096,1,2
3,41,21,7.43330412722438,3.16140921296698,5.34175431384099,6.20379876139664,9.77361742104191,1,2
3,41,22,7.43330412722438,3.16140921296698,4.43026851752146,5.76775733607899,9.63266573758608,1,2
3,41,23,7.43330412722438,3.16140921296698,7.40914668778249,6.25089288854037,10.112484548718,1,2
3,41,26,7.43330412722438,3.16140921296698,5.47979879007678,6.25814450733372,9.27111006639032,1,2
3,41,28,7.43330412722438,3.16140921296698,4.12978267027538,6.3143053742971,9.971192246678,1,2
3,41,29,7.43330412722438,3.16140921296698,5.39420474349467,5.43719989641963,9.32149382566867,1,2
3,41,31,7.43330412722438,3.16140921296698,6.1190111121627,4.95710986968267,9.7535541891617,1,2
3,41,34,7.43330412722438,3.16140921296698,6.16051158288346,6.68229984826776,10.0138198324966,1,2
3,41,35,7.43330412722438,3.16140921296698,6.87217091353194,5.89061763647188,9.81870711184566,1,2
3,41,36,7.43330412722438,3.16140921296698,4.94377024326366,6.09335229695254,9.22284660628195,1,2
3,41,39,7.43330412722438,3.16140921296698,6.0747842150438,7.35567583552898,9.49618754649643,1,2
3,41,40,7.43330412722438,3.16140921296698,4.82768653254511,7.00705559253808,10.1828094341261,1,2
3,41,45,7.43330412722438,3.16140921296698,4.86373666001948,6.87435526425155,9.24638780597394,1,2
3,41,46,7.43330412722438,3.16140921296698,5.76476444484637,5.95563160388385,9.5690630972655,1,2
3,41,47,7.43330412722438,3.16140921296698,4.37185490610959,6.83280639305204,9.6110610174389,1,2
3,41,49,7.43330412722438,3.16140921296698,4.27388406142835,6.04168564247096,9.32049513999986,1,2
3,41,50,7.43330412722438,3.16140921296698,6.91414088166777,5.85829857824859,9.72035186065237,1,2
3,41,55,7.43330412722438,3.16140921296698,5.3194197387773,6.62316958616285,9.04120806324587,1,2
3,41,56,7.43330412722438,3.16140921296698,4.93334826749799,6.32479525186137,9.16396807513218,1,2
3,41,60,7.43330412722438,3.16140921296698,6.17617316548637,5.98103914999833,9.5764845618423,1,2
3,41,61,7.43330412722438,3.16140921296698,6.27519835010587,5.85888898575169,9.54122894869839,1,2
3,41,62,7.43330412722438,3.16140921296698,4.71041603647162,5.38600277691203,9.85454997343382,1,2
3,41,64,7.43330412722438,3.16140921296698,3.05358371128172,6.86175046065612,9.13340114927565,1,2
3,41,66,7.43330412722438,3.16140921296698,3.28738616900363,5.37578038727117,8.94708090132247,1,2
3,41,68,7.43330412722438,3.16140921296698,4.99943294069214,5.62039559893514,8.80140368715467,1,2
3,41,69,7.43330412722438,3.16140921296698,3.13697786311622,5.38119728520104,8.9956921455749,1,2
3,41,71,7.43330412722438,3.16140921296698,4.98163231750836,5.5390621651341,9.22011071491938,1,2
3,41,73,7.43330412722438,3.16140921296698,2.73500705728134,5.48427748498118,9.34145581169434,1,2
3,41,74,7.43330412722438,3.16140921296698,5.87329864114914,5.54868508925848,10.0918796585854,1,2
3,41,76,7.43330412722438,3.16140921296698,4.18588958543892,5.38773203806629,9.25601483088915,1,2
3,41,77,7.43330412722438,3.16140921296698,5.67680832800978,6.1899466161977,9.75855092775933,1,2
4,1,1,7.15056301132961,2.74382059840734,5.38342397816434,5.13044376436371,2.26554382405351,1,2
4,1,2,7.15056301132961,2.74382059840734,5.68580576088733,6.30809850101899,2.6921053227069,1,2
4,1,6,7.15056301132961,2.74382059840734,4.63463142716248,4.64612023571954,2.22076845874254,1,2
4,1,8,7.15056301132961,2.74382059840734,5.21740018640586,6.18479795738041,2.51416191221564,1,2
4,1,9,7.15056301132961,2.74382059840734,3.4713995659054,6.48164839534183,2.8504027670649,1,2
4,1,15,7.15056301132961,2.74382059840734,3.52414265291415,6.50480377280825,2.88396033890313,1,2
4,1,16,7.15056301132961,2.74382059840734,6.07126612732117,6.29981050769253,2.58540177277527,1,2
4,1,17,7.15056301132961,2.74382059840734,4.90244756677122,5.53768898674964,2.39209403694063,1,2
4,1,24,7.15056301132961,2.74382059840734,3.87797676653916,6.16174964578313,2.69726421152666,1,2
4,1,25,7.15056301132961,2.74382059840734,3.9954667097487,6.59394258920192,3.01132075012291,1,2
4,1,27,7.15056301132961,2.74382059840734,3.97012363655516,5.99470639320542,2.53428372155288,1,2
4,1,30,7.15056301132961,2.74382059840734,3.50422569155206,6.36687853947786,2.75177330802692,1,2
4,1,33,7.15056301132961,2.74382059840734,5.81025793652539,5.48881539888771,2.28425337435836,1,2
4,1,35,7.15056301132961,2.74382059840734,4.23912748675438,5.9255996100244,2.57205656691853,1,2
4,1,38,7.15056301132961,2.74382059840734,4.31089687418553,5.38489336016443,2.52292025450802,1,2
4,1,40,7.15056301132961,2.74382059840734,4.86644606269789,6.59923197583707,3.01861044639713,1,2
4,1,41,7.15056301132961,2.74382059840734,3.74343407115477,5.59395746766145,2.27720842343794,1,2
4,1,42,7.15056301132961,2.74382059840734,6.973404790614,6.15697902506602,2.73820238348243,1,2
4,1,44,7.15056301132961,2.74382059840734,4.47676693924463,6.21460079377322,2.72336786793489,1,2
4,1,45,7.15056301132961,2.74382059840734,4.11178539924197,5.84418113393571,2.52173730019113,1,2
4,1,48,7.15056301132961,2.74382059840734,4.10756599189319,7.09526349843226,3.13540644893429,1,2
4,1,49,7.15056301132961,2.74382059840734,4.70505785527987,5.93817120293533,2.76568277664114,1,2
4,1,50,7.15056301132961,2.74382059840734,5.73538561499539,5.9857351672564,2.59906497528721,1,2
4,1,53,7.15056301132961,2.74382059840734,4.83159692673209,5.76501405260839,2.37813623281697,1,2
4,1,55,7.15056301132961,2.74382059840734,5.86952840946834,6.3517111633837,2.66151535516441,1,2
4,1,59,7.15056301132961,2.74382059840734,3.81593854474322,5.75384830511207,2.44882925929247,1,2
4,1,61,7.15056301132961,2.74382059840734,5.1749434594437,5.88329145112009,2.55101641964209,1,2
4,1,62,7.15056301132961,2.74382059840734,5.41030479814107,6.00956607043593,2.65661562715258,1,2
4,1,64,7.15056301132961,2.74382059840734,4.23264807371522,6.67333311716912,3.09828989011233,1,2
4,1,65,7.15056301132961,2.74382059840734,5.2894295743738,5.65215903253499,2.44357947906585,1,2
4,1,70,7.15056301132961,2.74382059840734,4.19887433564451,6.76815355279374,2.7795213326451,1,2
4,1,71,7.15056301132961,2.74382059840734,3.22989621515023,5.93502709614537,2.70405468220558,1,2
4,1,73,7.15056301132961,2.74382059840734,5.47617001472083,5.19020102406008,2.2714665650575,1,2
4,1,81,7.15056301132961,2.74382059840734,4.48278550906938,6.94930372829451,3.11258334085468,1,2
4,1,84,7.15056301132961,2.74382059840734,4.40215271119067,5.98626024633219,2.67448170711357,1,2
4,1,86,7.15056301132961,2.74382059840734,6.49399777664581,5.87506761723852,2.47457075886026,1,2
4,1,89,7.15056301132961,2.74382059840734,5.65085788671854,5.65746503089599,2.36039483969691,1,2
4,1,91,7.15056301132961,2.74382059840734,3.49452606260608,5.95445644949284,2.798634323841,1,2
4,1,92,7.15056301132961,2.74382059840734,4.48670038419059,6.54329538355525,2.94691680877413,1,2
4,2,1,7.15056301132961,2.74382059840734,5.98589349993337,5.3461055809573,3.25076133551536,1,2
4,2,2,7.15056301132961,2.74382059840734,5.68750074282734,4.94255673956263,3.03436236748503,1,2
4,2,3,7.15056301132961,2.74382059840734,4.14674722925799,6.30111850498663,3.70762123640921,1,2
4,2,15,7.15056301132961,2.74382059840734,5.14988053316071,5.09191615803763,3.29044787547431,1,2
4,2,20,7.15056301132961,2.74382059840734,5.33686510698856,5.69077804393266,3.45708367217863,1,2
4,2,21,7.15056301132961,2.74382059840734,5.32014186369773,5.32797434892824,3.1747691678284,1,2
4,2,22,7.15056301132961,2.74382059840734,4.06378790497052,6.03871688615526,3.5003840110291,1,2
4,2,24,7.15056301132961,2.74382059840734,5.08084695136118,6.88608501182979,3.8182548697485,1,2
4,2,25,7.15056301132961,2.74382059840734,5.35530286123836,6.31825414953747,3.60239545280564,1,2
4,2,26,7.15056301132961,2.74382059840734,5.26894994816774,6.93026089538437,3.89009693624462,1,2
4,2,29,7.15056301132961,2.74382059840734,4.85519495578679,5.40925578027366,3.2555740780141,1,2
4,2,32,7.15056301132961,2.74382059840734,4.25107642440215,5.51105895456513,3.19085564126216,1,2
4,2,33,7.15056301132961,2.74382059840734,3.14390866234643,6.13483102837227,3.52731954041493,1,2
4,2,34,7.15056301132961,2.74382059840734,7.19955235988822,4.76394987273729,3.01907732303197,1,2
4,2,36,7.15056301132961,2.74382059840734,3.95656578341565,5.50019034981481,3.39380806492255,1,2
4,2,37,7.15056301132961,2.74382059840734,4.1078523305184,5.67613386844338,3.36000534490845,1,2
4,2,38,7.15056301132961,2.74382059840734,4.49634279433149,5.81017362471847,3.30223534170872,1,2
4,2,39,7.15056301132961,2.74382059840734,5.36619009366877,6.05401107454581,3.61323701529905,1,2
4,2,41,7.15056301132961,2.74382059840734,4.06238055528319,5.62000241120556,3.21896540574471,1,2
4,2,42,7.15056301132961,2.74382059840734,4.22000657628178,5.41127221997329,3.23421125225895,1,2
4,2,46,7.15056301132961,2.74382059840734,5.64330073690532,6.17211722265224,3.78196477086115,1,2
4,2,48,7.15056301132961,2.74382059840734,6.27820854947409,6.7611933102713,3.91402061839793,1,2
4,2,49,7.15056301132961,2.74382059840734,6.61548769577098,5.80473058148952,3.44409846214215,1,2
4,2,55,7.15056301132961,2.74382059840734,4.87719579854196,5.60642339131064,3.4470669307682,1,2
4,2,58,7.15056301132961,2.74382059840734,4.82953639602988,6.26137349164328,3.85586007860968,1,2
4,2,60,7.15056301132961,2.74382059840734,5.05025010722674,5.21867556746963,3.23972238895432,1,2
4,2,61,7.15056301132961,2.74382059840734,4.37077039637786,5.96593508864313,3.5491984341584,1,2
4,2,62,7.15056301132961,2.74382059840734,3.6586344700711,6.41356684759561,3.59210370729305,1,2
4,2,66,7.15056301132961,2.74382059840734,4.57351806975051,5.58069323477801,3.33202798834988,1,2
4,2,67,7.15056301132961,2.74382059840734,2.89790805459009,5.63256429763099,3.38263034291285,1,2
4,3,1,7.15056301132961,2.74382059840734,4.71255040268864,6.45266587000427,4.24280666314563,1,2
4,3,3,7.15056301132961,2.74382059840734,4.78214117723849,5.83783312491067,4.38009791311431,1,2
4,3,4,7.15056301132961,2.74382059840734,4.81128695687405,6.46818642700921,4.39629539665984,1,2
4,3,6,7.15056301132961,2.74382059840734,3.7089997645688,6.55871605351313,4.46436470568258,1,2
4,3,8,7.15056301132961,2.74382059840734,4.43324313037475,5.82339636247607,4.3158939950147,1,2
4,3,11,7.15056301132961,2.74382059840734,2.17569422756692,5.94992796804135,4.27127184768254,1,2
4,3,12,7.15056301132961,2.74382059840734,5.7443995382514,6.80703497952926,4.5098331968684,1,2
4,3,13,7.15056301132961,2.74382059840734,5.40147631146075,5.0932290303486,3.89889113161648,1,2
4,3,15,7.15056301132961,2.74382059840734,3.02911644571227,5.49019281976986,4.20021497430908,1,2
4,3,16,7.15056301132961,2.74382059840734,4.31507341441787,6.23352354665668,4.3151759461926,1,2
4,3,17,7.15056301132961,2.74382059840734,5.61630258964303,5.66543769355599,4.04622535172351,1,2
4,3,18,7.15056301132961,2.74382059840734,6.12241319482677,6.01177479993846,4.21314795518242,1,2
4,3,21,7.15056301132961,2.74382059840734,6.20774107688645,5.80635096986555,4.07575424929073,1,2
4,3,25,7.15056301132961,2.74382059840734,5.52661038031107,5.76494808226284,4.09997998226272,1,2
4,3,26,7.15056301132961,2.74382059840734,4.51689160158375,5.14950795034108,3.82914598207968,1,2
4,3,27,7.15056301132961,2.74382059840734,4.28041032566859,5.59195543143113,3.89519877278879,1,2
4,3,28,7.15056301132961,2.74382059840734,4.53431553642692,6.44694722317614,4.45336422053681,1,2
4,3,30,7.15056301132961,2.74382059840734,5.3129572302745,5.56115327523113,4.00096048758126,1,2
4,3,33,7.15056301132961,2.74382059840734,5.41631646439216,5.74682333775196,4.13796360289464,1,2
4,3,35,7.15056301132961,2.74382059840734,5.85112867049953,6.14365862076326,4.30703410344508,1,2
4,3,37,7.15056301132961,2.74382059840734,3.93700814092673,6.2375931675053,4.27443154746445,1,2
4,3,40,7.15056301132961,2.74382059840734,4.6960333114246,5.79130785639624,4.15181257062496,1,2
4,3,41,7.15056301132961,2.74382059840734,5.46681586421714,6.23344610518497,4.46299316417958,1,2
4,3,45,7.15056301132961,2.74382059840734,5.71127375517189,5.51579834871364,4.1484340531393,1,2
4,3,47,7.15056301132961,2.74382059840734,5.3871182170504,6.15710300588439,4.34143890921804,1,2
4,3,48,7.15056301132961,2.74382059840734,5.90723875016033,5.75622311409468,4.11936644374404,1,2
4,3,49,7.15056301132961,2.74382059840734,6.15121736469568,6.43210718429647,4.51399246154956,1,2
4,3,50,7.15056301132961,2.74382059840734,5.24441448539357,5.84056114425303,3.98429020998251,1,2
4,3,52,7.15056301132961,2.74382059840734,4.46477574923268,6.46784833419571,4.54183870968567,1,2
4,3,53,7.15056301132961,2.74382059840734,5.6034998982123,6.25207584501544,4.15187732260147,1,2
4,3,54,7.15056301132961,2.74382059840734,5.89320671297572,5.64067791758644,4.12993865048476,1,2
4,3,58,7.15056301132961,2.74382059840734,4.59711234510648,5.6760819266002,4.0113235094449,1,2
4,3,59,7.15056301132961,2.74382059840734,5.20890262552137,5.60259742296161,4.14917382397505,1,2
4,3,60,7.15056301132961,2.74382059840734,4.10167880138635,5.77320276688866,3.99585120845713,1,2
4,3,62,7.15056301132961,2.74382059840734,4.00663002413066,5.59412694541468,4.02938517566319,1,2
4,3,65,7.15056301132961,2.74382059840734,4.12126666996879,6.34662545761757,4.4734379998461,1,2
4,4,4,7.15056301132961,2.74382059840734,4.62808955261136,5.84772589937643,4.55856664911973,1,2
4,4,5,7.15056301132961,2.74382059840734,4.25945697719707,6.37735404074045,4.64581817460131,1,2
4,4,6,7.15056301132961,2.74382059840734,4.55412654131484,5.88312733393476,4.68476135294871,1,2
4,4,7,7.15056301132961,2.74382059840734,5.42067372487601,6.05439085781318,4.6845818516626,1,2
4,4,9,7.15056301132961,2.74382059840734,5.96312283721793,5.45015031469995,4.33776377052888,1,2
4,4,10,7.15056301132961,2.74382059840734,5.24197895968878,6.12059649631059,4.68444983908807,1,2
4,4,12,7.15056301132961,2.74382059840734,3.76067524689583,6.42770904494749,4.84873094348059,1,2
4,4,13,7.15056301132961,2.74382059840734,4.75020894377511,6.56116020771485,5.02747872694233,1,2
4,4,14,7.15056301132961,2.74382059840734,5.11990707012916,5.78493072560762,4.58119166522987,1,2
4,4,15,7.15056301132961,2.74382059840734,5.1854667031387,6.31350499116362,4.71115164756024,1,2
4,4,22,7.15056301132961,2.74382059840734,5.68841412397331,6.20241700532891,4.71591629393343,1,2
4,4,23,7.15056301132961,2.74382059840734,3.96966606614807,5.27614147253813,4.52999717099426,1,2
4,4,26,7.15056301132961,2.74382059840734,4.8141659516986,5.70315515979105,4.59140247922161,1,2
4,4,27,7.15056301132961,2.74382059840734,5.68101347491492,5.69280857299439,4.55096490516615,1,2
4,4,28,7.15056301132961,2.74382059840734,4.15042179245162,5.61646976968313,4.34585188938302,1,2
4,4,29,7.15056301132961,2.74382059840734,5.70941064640255,5.76832028299037,4.64418132545011,1,2
4,4,30,7.15056301132961,2.74382059840734,5.40081529884631,6.74563623412146,4.84171748831246,1,2
4,4,31,7.15056301132961,2.74382059840734,4.94717761062011,6.2901900081723,4.78640654698439,1,2
4,4,33,7.15056301132961,2.74382059840734,5.54047318648448,6.08655301323548,4.60824626181965,1,2
4,4,34,7.15056301132961,2.74382059840734,5.89083226929269,6.31551009448489,4.91680828469881,1,2
4,4,36,7.15056301132961,2.74382059840734,6.22187578312439,6.05193567182672,4.62642795612715,1,2
4,4,37,7.15056301132961,2.74382059840734,4.75053766323411,5.61210003271853,4.59536500153866,1,2
4,4,38,7.15056301132961,2.74382059840734,5.18154247343366,5.43843727826971,4.48319229638418,1,2
4,4,39,7.15056301132961,2.74382059840734,5.26659479830861,5.53166797649981,4.3501518727889,1,2
4,4,40,7.15056301132961,2.74382059840734,5.93377442500452,6.14211401480643,4.97745215203924,1,2
4,4,41,7.15056301132961,2.74382059840734,5.37540612472151,5.56721196747555,4.49263043217977,1,2
4,4,42,7.15056301132961,2.74382059840734,2.47379846652096,5.99039026982502,4.60268877186336,1,2
4,4,43,7.15056301132961,2.74382059840734,4.40321253909396,5.46660733730698,4.68012300963225,1,2
4,4,45,7.15056301132961,2.74382059840734,4.3249497032015,5.59506438100614,4.5412255579909,1,2
4,4,48,7.15056301132961,2.74382059840734,5.03725158304421,7.16786168372467,5.18771915236866,1,2
4,4,49,7.15056301132961,2.74382059840734,5.44996090365061,7.25015444418348,5.13347847484152,1,2
4,4,50,7.15056301132961,2.74382059840734,3.836080531408,5.72864395171686,4.59102356702285,1,2
4,4,53,7.15056301132961,2.74382059840734,4.65573782848676,5.74822008778488,4.51817197941913,1,2
4,4,56,7.15056301132961,2.74382059840734,5.46573429693163,6.56751942379932,4.64656341957005,1,2
4,4,58,7.15056301132961,2.74382059840734,5.13146738172669,5.73970422483131,4.43880281710169,1,2
4,4,59,7.15056301132961,2.74382059840734,4.38991230128101,6.02819582160489,4.71533818712301,1,2
4,4,61,7.15056301132961,2.74382059840734,5.37440353273865,5.24376514396451,4.41520394457584,1,2
4,4,62,7.15056301132961,2.74382059840734,5.11348269963963,6.05973551742659,4.74707759254987,1,2
4,5,7,7.15056301132961,2.74382059840734,4.65433758283986,5.45343141214976,4.5751091520661,1,2
4,5,8,7.15056301132961,2.74382059840734,5.68845840440692,5.61754127731237,4.70713895306636,1,2
4,5,9,7.15056301132961,2.74382059840734,6.35532406965744,5.98463988889268,4.75515856534687,1,2
4,5,10,7.15056301132961,2.74382059840734,4.95560841773961,5.98292359718422,4.78408777537524,1,2
4,5,11,7.15056301132961,2.74382059840734,5.11927858116653,5.04717431541652,4.52934025128931,1,2
4,5,12,7.15056301132961,2.74382059840734,5.72885353012718,6.34165062693436,4.95861034873038,1,2
4,5,14,7.15056301132961,2.74382059840734,5.25934075125544,6.1077511153921,5.03024540395034,1,2
4,5,17,7.15056301132961,2.74382059840734,5.1144709750122,5.29774059441873,4.75155718349708,1,2
4,5,19,7.15056301132961,2.74382059840734,4.44978070677872,6.27588149699349,4.9487392562825,1,2
4,5,20,7.15056301132961,2.74382059840734,3.50903406255819,4.68502279112821,4.46089526079748,1,2
4,5,22,7.15056301132961,2.74382059840734,5.00964311819526,5.80348457049656,4.74396458417141,1,2
4,5,23,7.15056301132961,2.74382059840734,5.30212629451358,5.71220763989394,4.77552222030467,1,2
4,5,24,7.15056301132961,2.74382059840734,3.66479272564644,6.51011331650054,4.93854540648451,1,2
4,5,25,7.15056301132961,2.74382059840734,3.2445942591107,6.97867377761156,5.03686213599608,1,2
4,5,26,7.15056301132961,2.74382059840734,6.7488033489563,6.15118772165097,4.95985344135782,1,2
4,5,29,7.15056301132961,2.74382059840734,5.9723062057477,5.69085932512984,4.90494885926366,1,2
4,5,31,7.15056301132961,2.74382059840734,5.24525191798535,6.47722911209379,5.20934469467097,1,2
4,5,32,7.15056301132961,2.74382059840734,5.03456944266164,6.69552485244642,5.09819675167492,1,2
4,5,35,7.15056301132961,2.74382059840734,4.59962536288303,5.98423866914233,4.6172613757337,1,2
4,5,36,7.15056301132961,2.74382059840734,3.86513598085652,6.499121821966,4.93754126863717,1,2
4,5,39,7.15056301132961,2.74382059840734,4.18643064766375,5.94131250297889,4.86508572294402,1,2
4,5,41,7.15056301132961,2.74382059840734,4.56570465460604,5.86242612016137,4.59309756654024,1,2
4,5,43,7.15056301132961,2.74382059840734,4.44684394542062,5.44260987033565,4.49980003389019,1,2
4,5,44,7.15056301132961,2.74382059840734,5.87408895557975,5.5064479565711,4.60621305731837,1,2
4,5,50,7.15056301132961,2.74382059840734,3.567473834965,5.64755953728206,4.77210575500969,1,2
4,5,51,7.15056301132961,2.74382059840734,4.69853354178869,5.58739414370706,4.7536281999054,1,2
4,5,52,7.15056301132961,2.74382059840734,6.5851307464956,5.74618799878655,4.74798440054927,1,2
4,5,53,7.15056301132961,2.74382059840734,4.63644757082682,5.93151179977939,4.71565086441015,1,2
4,5,54,7.15056301132961,2.74382059840734,4.56336430533147,6.0803026505681,4.8776062719225,1,2
4,5,60,7.15056301132961,2.74382059840734,6.36133632483665,6.19508517012214,4.99888728776167,1,2
4,5,61,7.15056301132961,2.74382059840734,4.06041758886115,5.95915557053178,4.67001476632632,1,2
4,6,1,7.15056301132961,2.74382059840734,4.28623422891358,6.50180051093334,5.36127203320084,1,2
4,6,5,7.15056301132961,2.74382059840734,7.39485838077864,6.884199394086,5.34909625852307,1,2
4,6,11,7.15056301132961,2.74382059840734,3.20724922773362,6.46427576838951,5.29043548114887,1,2
4,6,13,7.15056301132961,2.74382059840734,3.77405960295824,6.11581002497636,5.3478803271223,1,2
4,6,14,7.15056301132961,2.74382059840734,3.09606782663796,6.8094009498881,5.46739651409451,1,2
4,6,20,7.15056301132961,2.74382059840734,7.05491825547324,5.04920663093951,4.57743736282639,1,2
4,6,21,7.15056301132961,2.74382059840734,4.11103329612754,6.15235683836755,5.08025062663609,1,2
4,6,22,7.15056301132961,2.74382059840734,4.85936084274545,5.61920283067383,4.93653396972478,1,2
4,6,23,7.15056301132961,2.74382059840734,7.05659371326746,5.2237696353514,4.80214482573254,1,2
4,6,24,7.15056301132961,2.74382059840734,4.25050949791951,6.05581306983425,5.2568391981868,1,2
4,6,26,7.15056301132961,2.74382059840734,4.49238352528219,6.37010556088143,5.15072370536194,1,2
4,6,27,7.15056301132961,2.74382059840734,3.98340180174025,4.93306509335484,4.76306151233542,1,2
4,6,28,7.15056301132961,2.74382059840734,5.61751604949191,6.30675478541094,5.3101699079408,1,2
4,6,29,7.15056301132961,2.74382059840734,4.7728984846829,5.70660274233506,4.96087712333121,1,2
4,6,30,7.15056301132961,2.74382059840734,5.56995740838364,6.51133188250679,5.29777127315378,1,2
4,6,31,7.15056301132961,2.74382059840734,4.77878055336489,6.21950766641445,4.9670747651005,1,2
4,6,32,7.15056301132961,2.74382059840734,5.49568373764791,6.78363225528887,5.26105007324349,1,2
4,6,33,7.15056301132961,2.74382059840734,4.35499801899072,5.91932561785998,5.18407384845025,1,2
4,6,38,7.15056301132961,2.74382059840734,5.5430684372738,6.22246129591433,5.13557351642917,1,2
4,6,39,7.15056301132961,2.74382059840734,4.7831160088364,5.46095989584561,4.90511668576454,1,2
4,6,42,7.15056301132961,2.74382059840734,7.09619505168498,6.74223244303598,5.33620899604899,1,2
4,6,43,7.15056301132961,2.74382059840734,4.36152678939105,6.98795885819228,5.48747317122394,1,2
4,6,44,7.15056301132961,2.74382059840734,5.8013789486502,5.90152297838078,4.98161524559993,1,2
4,6,45,7.15056301132961,2.74382059840734,3.20724381311977,6.57837459324742,5.44128092833801,1,2
4,6,48,7.15056301132961,2.74382059840734,3.88413012190938,5.89507943403293,5.10888929417082,1,2
4,6,50,7.15056301132961,2.74382059840734,6.4453767612913,6.53077536020138,5.46300855689889,1,2
4,6,51,7.15056301132961,2.74382059840734,5.22975462805752,5.72852738424177,4.9870866935602,1,2
4,6,52,7.15056301132961,2.74382059840734,5.59832102598676,6.23606018865339,5.22794081913642,1,2
4,6,53,7.15056301132961,2.74382059840734,3.41077607587038,6.1457287397567,5.02629742552911,1,2
4,6,55,7.15056301132961,2.74382059840734,4.06802368967359,6.48314531448409,5.1842745698239,1,2
4,6,56,7.15056301132961,2.74382059840734,5.53633085253805,5.59906097599068,5.08862595602078,1,2
4,6,59,7.15056301132961,2.74382059840734,4.41756422779024,5.75760892745913,5.10553161293191,1,2
4,6,60,7.15056301132961,2.74382059840734,5.88164097032401,5.52535174173899,4.89520675563552,1,2
4,6,61,7.15056301132961,2.74382059840734,4.54010694832876,7.19954187409644,5.65026084102022,1,2
4,6,63,7.15056301132961,2.74382059840734,4.77426555634231,6.28583187194918,5.25180201380208,1,2
4,7,1,7.15056301132961,2.74382059840734,4.75309300479799,6.51580092411315,5.4763806066828,1,2
4,7,4,7.15056301132961,2.74382059840734,4.87566710579525,6.05046111078836,5.35340089061958,1,2
4,7,6,7.15056301132961,2.74382059840734,4.30933209377189,6.05584889814195,5.46870335817087,1,2
4,7,9,7.15056301132961,2.74382059840734,5.16003766291217,6.19060320410045,5.50108928609656,1,2
4,7,12,7.15056301132961,2.74382059840734,4.28366551905565,6.43004986710188,5.47251112556044,1,2
4,7,16,7.15056301132961,2.74382059840734,4.81072910853089,5.33137630637469,5.02918157477326,1,2
4,7,19,7.15056301132961,2.74382059840734,5.76882149073939,6.77525372052908,5.72094780581372,1,2
4,7,20,7.15056301132961,2.74382059840734,3.55241340669094,5.79899484854408,5.34517456970015,1,2
4,7,21,7.15056301132961,2.74382059840734,4.14863206960379,5.50263290204725,5.33588567991703,1,2
4,7,25,7.15056301132961,2.74382059840734,4.37324035282027,5.56598394155393,5.10816172182251,1,2
4,7,27,7.15056301132961,2.74382059840734,4.48944115659059,4.80301323321426,4.76234979946285,1,2
4,7,32,7.15056301132961,2.74382059840734,5.04961897644499,5.19909189462403,5.2623637472052,1,2
4,7,33,7.15056301132961,2.74382059840734,4.52182783257846,6.52241947713567,5.47548377335321,1,2
4,7,34,7.15056301132961,2.74382059840734,5.23403880825125,6.14522529929859,5.40087709716421,1,2
4,7,35,7.15056301132961,2.74382059840734,3.77551023188215,6.14443519848062,5.50992554833365,1,2
4,7,36,7.15056301132961,2.74382059840734,3.89493493501496,5.1828185409432,5.09524423587169,1,2
4,7,37,7.15056301132961,2.74382059840734,4.30334696526753,6.51552277586317,5.85317291691311,1,2
4,7,38,7.15056301132961,2.74382059840734,5.30006245080905,6.08404354369346,5.54067394785517,1,2
4,7,40,7.15056301132961,2.74382059840734,3.83347360290363,5.69941705996854,5.26868996940517,1,2
4,7,43,7.15056301132961,2.74382059840734,6.69360145227436,5.87400790146892,5.44168138572907,1,2
4,7,44,7.15056301132961,2.74382059840734,6.02974384198743,6.67200993503508,5.81412463962035,1,2
4,7,47,7.15056301132961,2.74382059840734,4.86961924618523,6.23867879123285,5.47698839871001,1,2
4,7,49,7.15056301132961,2.74382059840734,4.72250833806049,5.6571911921378,5.34478293122879,1,2
4,7,50,7.15056301132961,2.74382059840734,5.26356557714574,7.2133300636936,5.95048730503549,1,2
4,7,53,7.15056301132961,2.74382059840734,5.98917456299546,5.75582081262331,5.47111728815311,1,2
4,7,57,7.15056301132961,2.74382059840734,2.96758118790017,6.62867660539648,5.43145669039832,1,2
4,7,58,7.15056301132961,2.74382059840734,6.24651098237708,6.29756476263544,5.5259405766918,1,2
4,7,61,7.15056301132961,2.74382059840734,3.9004310559997,5.76031869181188,5.23529734286794,1,2
4,7,62,7.15056301132961,2.74382059840734,5.13502499533227,6.3735292434317,5.68858748888582,1,2
4,7,64,7.15056301132961,2.74382059840734,5.11242185467819,6.60788597508785,5.66572328974498,1,2
4,7,65,7.15056301132961,2.74382059840734,5.51705476696117,6.2651596979915,5.54905282060844,1,2
4,7,67,7.15056301132961,2.74382059840734,5.59541203292944,6.14330647761109,5.3019098096068,1,2
4,7,69,7.15056301132961,2.74382059840734,3.8788624003645,5.72252329325115,5.33735738103673,1,2
4,7,71,7.15056301132961,2.74382059840734,5.00310008052059,5.53484097780877,5.17731391788199,1,2
4,7,77,7.15056301132961,2.74382059840734,5.12213495277759,6.1025002340989,5.37253324650133,1,2
4,7,78,7.15056301132961,2.74382059840734,4.60673956284974,6.24139834862395,5.57348421157919,1,2
4,7,79,7.15056301132961,2.74382059840734,5.76294757910643,6.82724680146112,5.57561310033981,1,2
4,7,80,7.15056301132961,2.74382059840734,5.79675507035825,5.38756944771021,5.20832497382642,1,2
4,7,82,7.15056301132961,2.74382059840734,6.00370886607725,6.32533291523874,5.4845516570587,1,2
4,7,84,7.15056301132961,2.74382059840734,5.66757396669546,5.84957081700146,5.29862879780806,1,2
4,7,85,7.15056301132961,2.74382059840734,3.8746141012192,5.64437569577165,5.2565185481146,1,2
4,7,87,7.15056301132961,2.74382059840734,3.41292301172651,6.38573834260264,5.60477181706885,1,2
4,7,92,7.15056301132961,2.74382059840734,5.09765529672172,5.33387958577513,5.13091162776706,1,2
4,7,94,7.15056301132961,2.74382059840734,4.7911177831977,6.0417219501157,5.31529931019305,1,2
4,7,95,7.15056301132961,2.74382059840734,5.85924486193087,6.69361309912528,5.7652193746063,1,2
4,7,96,7.15056301132961,2.74382059840734,6.78775496178294,4.77181672654876,5.12296105234503,1,2
4,7,98,7.15056301132961,2.74382059840734,4.00768258117517,5.30881831890641,5.02909558915107,1,2
4,7,99,7.15056301132961,2.74382059840734,4.91476767510094,5.20437887647517,5.23136933018354,1,2
4,7,100,7.15056301132961,2.74382059840734,6.62379820047582,6.09694076081591,5.5125112079468,1,2
4,8,1,7.15056301132961,2.74382059840734,4.82052500161014,6.35056502431356,6.07606298593727,1,2
4,8,2,7.15056301132961,2.74382059840734,4.16762460018234,5.61008982440283,5.84025519532877,1,2
4,8,3,7.15056301132961,2.74382059840734,3.90500477444388,6.46290179336277,6.10414537779173,1,2
4,8,8,7.15056301132961,2.74382059840734,5.37106896317179,5.35927520646847,5.65412035258129,1,2
4,8,10,7.15056301132961,2.74382059840734,4.59279169849345,6.44849531998205,6.16812903535429,1,2
4,8,11,7.15056301132961,2.74382059840734,5.1153310805993,6.64245299928746,6.34789996824425,1,2
4,8,14,7.15056301132961,2.74382059840734,3.970585067803,6.05583700395697,5.83859434828089,1,2
4,8,20,7.15056301132961,2.74382059840734,3.98317189851174,6.62648937668816,5.95783713964914,1,2
4,8,24,7.15056301132961,2.74382059840734,4.52896623839683,6.47636830816772,6.06098487681291,1,2
4,8,25,7.15056301132961,2.74382059840734,3.93851659017717,5.62245522893696,5.79092566334163,1,2
4,8,26,7.15056301132961,2.74382059840734,6.3282265769812,6.07443855433199,5.71851906170536,1,2
4,8,27,7.15056301132961,2.74382059840734,5.89680334775611,6.16971084999816,6.00355167688915,1,2
4,8,28,7.15056301132961,2.74382059840734,5.33201794261988,6.617296458158,6.24889081983969,1,2
4,8,29,7.15056301132961,2.74382059840734,5.67858516073006,5.90699928735913,5.92208050977331,1,2
4,8,32,7.15056301132961,2.74382059840734,3.86260077822376,6.91299645897952,6.18114817365356,1,2
4,8,33,7.15056301132961,2.74382059840734,5.61697377218766,5.75424158158256,5.8924630758185,1,2
4,8,34,7.15056301132961,2.74382059840734,5.17943490220515,5.76822514226795,6.02817298741316,1,2
4,8,35,7.15056301132961,2.74382059840734,6.44469952776609,6.8550316153711,6.29375975050376,1,2
4,8,36,7.15056301132961,2.74382059840734,6.18185117755875,6.66078229156809,6.18575334038324,1,2
4,8,37,7.15056301132961,2.74382059840734,3.85563356627849,5.74091303830123,5.81097980075491,1,2
4,8,38,7.15056301132961,2.74382059840734,5.49053114697444,5.56783602586607,5.84376314944883,1,2
4,8,39,7.15056301132961,2.74382059840734,3.90530290936875,5.34179494286599,5.8327162678096,1,2
4,8,42,7.15056301132961,2.74382059840734,6.42712830104491,6.18898899292118,6.24308605876352,1,2
4,8,45,7.15056301132961,2.74382059840734,5.88644571943184,6.5442063134318,6.01787768432683,1,2
4,8,46,7.15056301132961,2.74382059840734,5.21963728236302,5.61798794850731,5.71279239327606,1,2
4,8,47,7.15056301132961,2.74382059840734,5.29987284996265,6.26247846977794,5.80132375888237,1,2
4,8,49,7.15056301132961,2.74382059840734,4.34741095374389,6.04502772406166,5.92460072380613,1,2
4,8,50,7.15056301132961,2.74382059840734,4.01596390465982,6.11216460171485,5.93203826119824,1,2
4,8,54,7.15056301132961,2.74382059840734,3.66470235515967,5.94062438814175,5.81144770327152,1,2
4,8,55,7.15056301132961,2.74382059840734,3.86846396725264,5.4738755803857,5.48884510120493,1,2
4,8,56,7.15056301132961,2.74382059840734,4.19829840581064,6.57076455772011,6.31879763933712,1,2
4,8,58,7.15056301132961,2.74382059840734,4.81904345244103,5.44679955299433,5.8317028506609,1,2
4,8,59,7.15056301132961,2.74382059840734,4.87850347980177,5.13721948077551,5.39924336193006,1,2
4,8,62,7.15056301132961,2.74382059840734,6.01133030462536,5.60352863723582,5.73848020995469,1,2
4,8,64,7.15056301132961,2.74382059840734,5.24455365949484,6.33393956702718,5.79689989234959,1,2
4,8,65,7.15056301132961,2.74382059840734,4.37644184242382,6.51048535441537,6.0182067905345,1,2
4,8,67,7.15056301132961,2.74382059840734,3.47074889439474,5.15180138410218,5.49255075475072,1,2
4,8,68,7.15056301132961,2.74382059840734,5.54700364886598,5.15824523265149,5.59039783080848,1,2
4,8,70,7.15056301132961,2.74382059840734,5.09466123169466,5.53372105664138,5.55750576714859,1,2
4,8,73,7.15056301132961,2.74382059840734,5.02692213168144,5.52589908952188,5.67744040830569,1,2
4,8,75,7.15056301132961,2.74382059840734,5.99460096406508,6.48435074998124,6.23367267453619,1,2
4,8,77,7.15056301132961,2.74382059840734,5.14236391611693,5.93468212307196,5.79096216806186,1,2
4,8,78,7.15056301132961,2.74382059840734,5.14134332324419,6.27635822568339,6.01570814356549,1,2
4,8,80,7.15056301132961,2.74382059840734,4.64965939205891,6.52852096885338,6.16435111488094,1,2
4,8,82,7.15056301132961,2.74382059840734,3.86309411350688,6.02270534961107,5.91627673977297,1,2
4,8,84,7.15056301132961,2.74382059840734,4.97887817414979,6.30704312936858,6.02413937675066,1,2
4,8,87,7.15056301132961,2.74382059840734,4.91585637632116,6.21252177239938,5.90880896963929,1,2
4,8,90,7.15056301132961,2.74382059840734,6.56367015913313,5.5910740786375,5.54147041940612,1,2
4,8,91,7.15056301132961,2.74382059840734,4.00416983198085,5.45945470404853,5.68284862029264,1,2
4,8,93,7.15056301132961,2.74382059840734,5.93490352733035,6.1818170442617,6.02928239878587,1,2
4,8,94,7.15056301132961,2.74382059840734,4.94990574166946,5.68143230897837,5.73168640188272,1,2
4,8,95,7.15056301132961,2.74382059840734,5.38481609268848,5.79714049630068,5.75211245897238,1,2
4,9,1,7.15056301132961,2.74382059840734,5.52599619324577,5.72238798820172,5.59528070123106,1,2
4,9,2,7.15056301132961,2.74382059840734,6.44722080991489,5.901981882497,5.77180876033372,1,2
4,9,3,7.15056301132961,2.74382059840734,5.22062537028084,5.96700166020513,5.64094347586061,1,2
4,9,5,7.15056301132961,2.74382059840734,4.54954960716058,6.64147188927429,6.01179235075735,1,2
4,9,6,7.15056301132961,2.74382059840734,6.16250611804553,5.71469900891124,5.53106954370182,1,2
4,9,7,7.15056301132961,2.74382059840734,5.75814487795318,6.16412141697732,5.62027791086288,1,2
4,9,12,7.15056301132961,2.74382059840734,5.64011389262133,5.85990724042084,5.71578055765823,1,2
4,9,13,7.15056301132961,2.74382059840734,5.95397646048103,6.46862623607544,5.90220658332143,1,2
4,9,16,7.15056301132961,2.74382059840734,3.89895622901515,5.66456031799596,5.66158647632658,1,2
4,9,17,7.15056301132961,2.74382059840734,4.94584315410352,6.58162934814001,5.63575295546448,1,2
4,9,18,7.15056301132961,2.74382059840734,4.18006533521996,6.48810251509889,5.88931501415869,1,2
4,9,19,7.15056301132961,2.74382059840734,5.22081320424649,6.73359282988452,6.0541194961072,1,2
4,9,20,7.15056301132961,2.74382059840734,3.71590885473027,5.57849552198906,5.57128875523098,1,2
4,9,23,7.15056301132961,2.74382059840734,4.35601801001411,5.24713740941811,5.59219487182689,1,2
4,9,25,7.15056301132961,2.74382059840734,5.34545318624116,6.30205868387975,6.0013100225673,1,2
4,9,26,7.15056301132961,2.74382059840734,3.29834971197384,6.40829091996974,5.74850315802894,1,2
4,9,27,7.15056301132961,2.74382059840734,5.23492646056354,7.05818557289109,6.23147005902385,1,2
4,9,28,7.15056301132961,2.74382059840734,4.71221220667001,6.56017705704114,5.87762087475298,1,2
4,9,29,7.15056301132961,2.74382059840734,6.56258782085196,5.58236607365259,5.56566638520222,1,2
4,9,31,7.15056301132961,2.74382059840734,4.35924904374772,7.01611009162444,6.2233510893562,1,2
4,9,32,7.15056301132961,2.74382059840734,5.68969222464793,5.96246308562826,5.97571194171094,1,2
4,9,33,7.15056301132961,2.74382059840734,5.571799989421,5.54748922790429,5.5734887521005,1,2
4,9,37,7.15056301132961,2.74382059840734,3.12533738646997,6.40925259176812,5.83065372418124,1,2
4,9,38,7.15056301132961,2.74382059840734,4.92059671043899,5.53528937999004,5.48730853244909,1,2
4,9,39,7.15056301132961,2.74382059840734,5.83490734926231,6.68090854700544,6.09042171911484,1,2
4,9,40,7.15056301132961,2.74382059840734,5.68842940778132,6.27202971920763,5.81801303852219,1,2
4,9,43,7.15056301132961,2.74382059840734,3.97047555211508,6.40318604367436,5.7793774309876,1,2
4,9,44,7.15056301132961,2.74382059840734,5.4571725211256,6.86662801367833,5.86655290166343,1,2
4,9,46,7.15056301132961,2.74382059840734,5.92745781527499,6.13135736158342,5.88265802037672,1,2
4,9,47,7.15056301132961,2.74382059840734,6.14638325368038,6.64560914752962,5.91475929400263,1,2
4,9,48,7.15056301132961,2.74382059840734,4.6095639708533,6.05460577070113,5.7927726937578,1,2
4,9,50,7.15056301132961,2.74382059840734,5.96963752336888,6.03405742328471,5.6428980029389,1,2
4,9,54,7.15056301132961,2.74382059840734,5.74707876235507,6.45678759332519,5.92004636006497,1,2
4,9,55,7.15056301132961,2.74382059840734,6.05935805803441,5.46275460046162,5.50270536894874,1,2
4,9,57,7.15056301132961,2.74382059840734,5.36060958445394,7.07755943362195,6.05292139902951,1,2
4,9,58,7.15056301132961,2.74382059840734,5.85140111962638,5.40153849546053,5.43204376886913,1,2
4,9,59,7.15056301132961,2.74382059840734,4.57083596889034,5.48855968316324,5.4566684734939,1,2
4,9,63,7.15056301132961,2.74382059840734,6.24990710661191,5.75156771914283,5.51796996316682,1,2
4,9,65,7.15056301132961,2.74382059840734,6.84774552271402,6.93886703566011,6.14314321121258,1,2
4,9,67,7.15056301132961,2.74382059840734,4.33750651007036,6.45548595185241,5.90149172334019,1,2
4,9,71,7.15056301132961,2.74382059840734,4.0919290312013,4.65380726503534,5.43457770320024,1,2
4,9,72,7.15056301132961,2.74382059840734,5.84148611028804,5.66278347717501,5.90160977433744,1,2
4,9,75,7.15056301132961,2.74382059840734,6.03749202633432,5.96478505310424,5.69643813620523,1,2
4,10,1,7.15056301132961,2.74382059840734,5.07347024281878,5.13083646316143,5.73039557726291,1,2
4,10,2,7.15056301132961,2.74382059840734,4.88605419043806,7.0736448164119,6.31043693264298,1,2
4,10,4,7.15056301132961,2.74382059840734,5.56989021776829,6.51882072469635,6.45460079240876,1,2
4,10,6,7.15056301132961,2.74382059840734,6.3024283814415,5.42989323395728,6.09016369258072,1,2
4,10,8,7.15056301132961,2.74382059840734,3.92575835810757,5.73457014581654,6.06121989669765,1,2
4,10,12,7.15056301132961,2.74382059840734,6.22799387713651,6.26088283109997,6.07753481355519,1,2
4,10,13,7.15056301132961,2.74382059840734,5.23132825928652,6.4126628332031,5.93606743887565,1,2
4,10,14,7.15056301132961,2.74382059840734,5.84118335625683,6.34781520616861,6.19665481465291,1,2
4,10,17,7.15056301132961,2.74382059840734,5.2556193950071,5.899810288871,6.14953573483755,1,2
4,10,18,7.15056301132961,2.74382059840734,6.2864616883785,5.4742765541227,6.03364782881642,1,2
4,10,21,7.15056301132961,2.74382059840734,2.68554989955208,6.13681575932505,6.12878435913612,1,2
4,10,26,7.15056301132961,2.74382059840734,4.97803973500307,6.37131008661009,6.11493179228958,1,2
4,10,27,7.15056301132961,2.74382059840734,4.64172154181873,6.13385420786795,6.02887825655469,1,2
4,10,30,7.15056301132961,2.74382059840734,6.29705503593439,6.63805354796089,6.50866433464929,1,2
4,10,31,7.15056301132961,2.74382059840734,5.47130144259427,6.33036979332596,6.12083903021047,1,2
4,10,33,7.15056301132961,2.74382059840734,4.72863894413428,5.00606287912865,5.57791545629227,1,2
4,10,34,7.15056301132961,2.74382059840734,3.59437444630459,5.72851600445467,5.83353587461414,1,2
4,10,35,7.15056301132961,2.74382059840734,6.15869096658545,6.67839925572272,6.38915367142476,1,2
4,10,36,7.15056301132961,2.74382059840734,6.69678516915071,6.20340011970963,6.14369782687661,1,2
4,10,37,7.15056301132961,2.74382059840734,3.93430552702766,5.12771283378492,6.02349852224374,1,2
4,10,38,7.15056301132961,2.74382059840734,3.89402230382806,7.0283781018426,6.40052909254915,1,2
4,10,39,7.15056301132961,2.74382059840734,5.78578509775257,5.73991536029281,6.03047163251389,1,2
4,10,42,7.15056301132961,2.74382059840734,4.15288353866548,6.13978216847716,6.13490190912304,1,2
4,10,44,7.15056301132961,2.74382059840734,4.38887051908589,5.37611022817111,5.95295314025463,1,2
4,10,45,7.15056301132961,2.74382059840734,5.89295160285171,5.59997770478742,5.83734875347339,1,2
4,10,46,7.15056301132961,2.74382059840734,6.04937821377218,6.19241457907145,6.17369303274339,1,2
4,10,47,7.15056301132961,2.74382059840734,6.0744524308429,4.44599675971939,5.5806855688258,1,2
4,10,52,7.15056301132961,2.74382059840734,5.87086545202213,7.0102832968961,6.36147429787927,1,2
4,10,56,7.15056301132961,2.74382059840734,4.32025644093556,6.44527946074877,6.32847855386632,1,2
4,10,58,7.15056301132961,2.74382059840734,3.94916370886466,6.4143637592273,6.15278876028352,1,2
4,10,60,7.15056301132961,2.74382059840734,4.4180916417912,5.28058253310507,5.76830081221001,1,2
4,10,61,7.15056301132961,2.74382059840734,5.75436578010723,5.85356543275759,6.0708350448424,1,2
4,10,65,7.15056301132961,2.74382059840734,5.63721404455008,6.12713088049961,6.13520344434596,1,2
4,10,66,7.15056301132961,2.74382059840734,4.27933554242041,6.02887352733317,6.09013923850189,1,2
4,10,67,7.15056301132961,2.74382059840734,4.72153745605366,6.18301461688018,6.06242413426969,1,2
4,10,73,7.15056301132961,2.74382059840734,4.05067029763349,6.74076467266126,6.30947832454991,1,2
4,10,75,7.15056301132961,2.74382059840734,7.22147021082094,5.91387983692191,6.04920364518964,1,2
4,10,76,7.15056301132961,2.74382059840734,4.29812501695851,5.70620158026298,6.09462803955254,1,2
4,10,80,7.15056301132961,2.74382059840734,5.45052451351236,6.74781107694302,6.09800762742594,1,2
4,10,81,7.15056301132961,2.74382059840734,5.20470486448692,6.31439412137129,6.17001513754644,1,2
4,11,2,7.15056301132961,2.74382059840734,7.41154164892729,6.31365352684284,6.36548021781016,1,2
4,11,5,7.15056301132961,2.74382059840734,4.72455008664285,6.36330739376711,6.24165196387459,1,2
4,11,6,7.15056301132961,2.74382059840734,4.20468947736615,6.14354145364794,6.30474466165675,1,2
4,11,8,7.15056301132961,2.74382059840734,6.75827733186789,5.62875871499084,6.41424270345946,1,2
4,11,9,7.15056301132961,2.74382059840734,6.03977338933604,6.19591002900017,6.49569880301642,1,2
4,11,11,7.15056301132961,2.74382059840734,5.56856084069778,6.34781901467594,6.51014942506419,1,2
4,11,13,7.15056301132961,2.74382059840734,4.730913204096,5.1446071617036,5.68065538748169,1,2
4,11,16,7.15056301132961,2.74382059840734,5.60407902386425,6.36417940860473,6.28611142949856,1,2
4,11,17,7.15056301132961,2.74382059840734,5.27443734173274,6.07980144196604,6.48584012052637,1,2
4,11,18,7.15056301132961,2.74382059840734,4.75332997667234,6.43087492603606,6.3494684300287,1,2
4,11,20,7.15056301132961,2.74382059840734,5.56498066549998,5.86500028627136,6.23348891012768,1,2
4,11,21,7.15056301132961,2.74382059840734,4.41379189115073,5.27828016237662,6.23925109237135,1,2
4,11,24,7.15056301132961,2.74382059840734,6.41822293878511,5.85979425429033,6.24865538045553,1,2
4,11,25,7.15056301132961,2.74382059840734,6.25619104541732,5.94544574635841,6.33660691308996,1,2
4,11,27,7.15056301132961,2.74382059840734,6.38197423823308,5.26579158074709,6.49401922174372,1,2
4,11,29,7.15056301132961,2.74382059840734,3.83449371913994,5.47285728669565,6.34535063663876,1,2
4,11,30,7.15056301132961,2.74382059840734,5.22662003671727,6.18432611372006,6.32825565386779,1,2
4,11,31,7.15056301132961,2.74382059840734,5.32167178516654,5.5002545608748,6.27427981837314,1,2
4,11,36,7.15056301132961,2.74382059840734,4.44069969940104,6.21266189032632,6.12288932202101,1,2
4,11,38,7.15056301132961,2.74382059840734,4.64299491277713,5.66004153596314,6.33051444568567,1,2
4,11,39,7.15056301132961,2.74382059840734,4.42502491940838,5.37653572208826,5.86862958550892,1,2
4,11,40,7.15056301132961,2.74382059840734,5.22156638189671,6.04196927670581,6.46239503016252,1,2
4,11,41,7.15056301132961,2.74382059840734,3.90070860141778,5.56093910970622,6.19576034817595,1,2
4,11,46,7.15056301132961,2.74382059840734,5.08311129287739,5.95719698208262,6.23574567863433,1,2
4,11,48,7.15056301132961,2.74382059840734,5.03684139294296,6.33322472664773,6.22678279974806,1,2
4,11,49,7.15056301132961,2.74382059840734,6.04682892470722,5.1375844663779,5.86924393695602,1,2
4,11,51,7.15056301132961,2.74382059840734,5.5830833652426,6.6545559484045,6.531158139556,1,2
4,11,54,7.15056301132961,2.74382059840734,4.30929806968632,5.82493368053368,6.16589735959845,1,2
4,11,58,7.15056301132961,2.74382059840734,4.63696937840402,6.99272748764382,6.31546865792343,1,2
4,11,59,7.15056301132961,2.74382059840734,5.95239246746138,6.02883908687041,6.43292447670485,1,2
4,11,62,7.15056301132961,2.74382059840734,3.66655792998356,6.09213242813437,6.2317189315511,1,2
4,11,65,7.15056301132961,2.74382059840734,5.6751176419979,5.84623222582795,6.20532174795486,1,2
4,11,67,7.15056301132961,2.74382059840734,5.41072895328524,5.89866941669009,6.1474935546194,1,2
4,11,68,7.15056301132961,2.74382059840734,3.56311887895921,4.81967977491016,5.92752158242411,1,2
4,11,70,7.15056301132961,2.74382059840734,5.02467197501283,5.30623960966149,6.14292287229872,1,2
4,11,71,7.15056301132961,2.74382059840734,5.21476544062239,5.75028503262456,6.20004947847002,1,2
4,11,72,7.15056301132961,2.74382059840734,5.31634835741506,6.25592090122229,6.46467839160394,1,2
4,11,73,7.15056301132961,2.74382059840734,4.38065273247485,5.66025153014098,6.22506141228515,1,2
4,12,4,7.15056301132961,2.74382059840734,5.37703458906765,6.45057599008902,6.93749801525121,1,2
4,12,6,7.15056301132961,2.74382059840734,2.70904784254641,5.4093518232638,6.26763173154304,1,2
4,12,9,7.15056301132961,2.74382059840734,5.39675947711069,5.14509868433309,6.39013779551175,1,2
4,12,10,7.15056301132961,2.74382059840734,4.24121504542737,5.91986315960661,6.40386881953011,1,2
4,12,11,7.15056301132961,2.74382059840734,6.10722743456297,6.3022466495955,6.3929135633612,1,2
4,12,14,7.15056301132961,2.74382059840734,5.16014256965732,5.37863923295591,6.29362021482468,1,2
4,12,15,7.15056301132961,2.74382059840734,5.04411790916543,6.54693587485733,6.72433722333825,1,2
4,12,16,7.15056301132961,2.74382059840734,7.04734456016714,5.59145962433128,6.35056188627897,1,2
4,12,17,7.15056301132961,2.74382059840734,5.20490667104948,6.07277797932051,6.64821226547446,1,2
4,12,18,7.15056301132961,2.74382059840734,4.8520727106256,5.87120039095149,6.55372994753601,1,2
4,12,19,7.15056301132961,2.74382059840734,5.94651814833931,6.20508016210547,6.38039763593898,1,2
4,12,21,7.15056301132961,2.74382059840734,5.65931888858738,6.03647727210704,6.68894495833052,1,2
4,12,23,7.15056301132961,2.74382059840734,3.56378025725933,5.86921295383168,6.24609652502949,1,2
4,12,24,7.15056301132961,2.74382059840734,5.11188445065859,5.72569806391014,6.46375733115676,1,2
4,12,26,7.15056301132961,2.74382059840734,5.22565549603689,5.48417227706884,6.30327641853061,1,2
4,12,27,7.15056301132961,2.74382059840734,5.03615068214317,6.06519011392563,6.4115832507678,1,2
4,12,30,7.15056301132961,2.74382059840734,3.87715918756575,6.42954369488288,6.44219171877194,1,2
4,12,31,7.15056301132961,2.74382059840734,3.88132828589884,6.22150716090152,6.42502500128037,1,2
4,12,32,7.15056301132961,2.74382059840734,4.65730681946276,6.48270196433644,6.5562097128114,1,2
4,12,33,7.15056301132961,2.74382059840734,5.23053048635522,5.90316970546508,6.43364859362859,1,2
4,12,34,7.15056301132961,2.74382059840734,5.3827325441943,5.95699568544771,6.5172166692645,1,2
4,12,35,7.15056301132961,2.74382059840734,4.56767170592114,5.69048681631648,6.50348368372685,1,2
4,12,38,7.15056301132961,2.74382059840734,5.63812607241171,5.62614358721718,6.23660906544024,1,2
4,12,39,7.15056301132961,2.74382059840734,6.34140148224945,6.27602753087542,6.62004807778438,1,2
4,12,40,7.15056301132961,2.74382059840734,4.6206033932522,6.15871410616125,6.55439293526167,1,2
4,12,41,7.15056301132961,2.74382059840734,4.07266443328059,6.37431750978092,6.44424179170217,1,2
4,12,42,7.15056301132961,2.74382059840734,5.4711395751138,5.12738326135678,6.26591559974844,1,2
4,12,43,7.15056301132961,2.74382059840734,2.35685023384195,6.30815327157808,6.4772945390188,1,2
4,12,44,7.15056301132961,2.74382059840734,5.91774856110141,6.70671897363123,6.87031373802569,1,2
4,12,45,7.15056301132961,2.74382059840734,4.24957589526645,5.67593790664054,6.35712451461464,1,2
4,12,48,7.15056301132961,2.74382059840734,4.52793904768117,7.24550137053408,6.92763562287605,1,2
4,12,50,7.15056301132961,2.74382059840734,3.92337573793972,6.09384877420778,6.38740815024687,1,2
4,12,52,7.15056301132961,2.74382059840734,5.87233255733227,5.9875620755953,6.62758786813984,1,2
4,12,56,7.15056301132961,2.74382059840734,4.25619377531327,6.8843127471076,6.68838288985914,1,2
4,12,57,7.15056301132961,2.74382059840734,6.00261082429641,4.87022683362042,6.11738386302312,1,2
4,12,59,7.15056301132961,2.74382059840734,4.94805060001633,5.80708470503323,6.45849782155429,1,2
4,12,60,7.15056301132961,2.74382059840734,4.45364867350797,6.3332586392725,6.68952035663225,1,2
4,12,62,7.15056301132961,2.74382059840734,5.05229046673873,5.78356129631878,6.32737925667933,1,2
4,12,73,7.15056301132961,2.74382059840734,4.74659422967429,5.12437261480221,6.32585693210786,1,2
4,12,74,7.15056301132961,2.74382059840734,6.9634002013255,5.85771078774779,6.23746957375688,1,2
4,12,75,7.15056301132961,2.74382059840734,4.06339881997768,6.4809596582423,6.73793314810517,1,2
4,12,77,7.15056301132961,2.74382059840734,5.58340044893767,7.05664469310914,7.05921117910795,1,2
4,12,79,7.15056301132961,2.74382059840734,3.7739515366027,6.33685280149242,6.54318835889515,1,2
4,12,80,7.15056301132961,2.74382059840734,5.11047195662124,6.14216904848204,6.32679847131279,1,2
4,12,83,7.15056301132961,2.74382059840734,6.68010356224549,5.4017756368188,6.29167250396047,1,2
4,12,84,7.15056301132961,2.74382059840734,8.24362326059623,6.461876718326,6.8621419936738,1,2
4,12,87,7.15056301132961,2.74382059840734,5.26297981925231,6.37665423885466,6.45641671675483,1,2
4,12,89,7.15056301132961,2.74382059840734,6.05403349603255,5.8638315537339,6.39559837200878,1,2
4,12,91,7.15056301132961,2.74382059840734,5.99040577422655,5.2201470375456,6.50242786517057,1,2
4,12,94,7.15056301132961,2.74382059840734,3.8991591840436,6.05896006858983,6.47904244290006,1,2
4,12,95,7.15056301132961,2.74382059840734,4.56498700277409,5.69492090282043,6.301003746455,1,2
4,12,96,7.15056301132961,2.74382059840734,4.7205933183649,6.81423392388455,6.66670224246135,1,2
4,13,1,7.15056301132961,2.74382059840734,5.05515430752756,5.65579563775983,6.39950134491806,1,2
4,13,2,7.15056301132961,2.74382059840734,5.02819597098774,6.34774745619607,6.50256754982297,1,2
4,13,3,7.15056301132961,2.74382059840734,3.92965060273529,6.08719039029874,6.21043849499,1,2
4,13,4,7.15056301132961,2.74382059840734,4.05397226518475,7.16755586578251,6.74920923058674,1,2
4,13,5,7.15056301132961,2.74382059840734,5.72549293356095,7.18321657332856,6.66421741297921,1,2
4,13,6,7.15056301132961,2.74382059840734,4.93445850268568,6.19540285609739,6.39168878354027,1,2
4,13,7,7.15056301132961,2.74382059840734,3.73578530929112,5.60428113699801,6.22819221973715,1,2
4,13,8,7.15056301132961,2.74382059840734,4.9442079770975,6.17085979022208,6.2682705801972,1,2
4,13,9,7.15056301132961,2.74382059840734,3.74789525175912,6.55072842915343,6.40200799716169,1,2
4,13,10,7.15056301132961,2.74382059840734,5.50000941206731,6.85860923113897,6.59844641423717,1,2
4,13,13,7.15056301132961,2.74382059840734,7.54232741169064,6.03925916970057,6.30324115195404,1,2
4,13,14,7.15056301132961,2.74382059840734,4.55291852052952,5.30268260434831,6.37493546987054,1,2
4,13,15,7.15056301132961,2.74382059840734,4.27319673633826,5.2841730902544,6.22757005164013,1,2
4,13,16,7.15056301132961,2.74382059840734,3.08872287014275,6.55253522526222,6.6533695661655,1,2
4,13,18,7.15056301132961,2.74382059840734,6.40529938168133,5.17577165175904,6.21257181811953,1,2
4,13,19,7.15056301132961,2.74382059840734,5.03608289377614,5.8247823908706,6.31840726995572,1,2
4,13,20,7.15056301132961,2.74382059840734,3.93448268637891,5.83597749804796,6.50532950505785,1,2
4,13,21,7.15056301132961,2.74382059840734,4.05122858588811,5.30752222003388,6.1653644892238,1,2
4,13,22,7.15056301132961,2.74382059840734,5.6000598207386,5.55907968266551,6.28308927408459,1,2
4,13,26,7.15056301132961,2.74382059840734,5.05642426379001,6.58802121394437,6.59007227470116,1,2
4,13,28,7.15056301132961,2.74382059840734,7.50741432068452,5.86125210587623,6.55524215898016,1,2
4,13,29,7.15056301132961,2.74382059840734,4.13745487081103,5.68660178156785,6.67143758258645,1,2
4,13,32,7.15056301132961,2.74382059840734,2.58594416128647,6.58832245462142,6.37704555496162,1,2
4,13,33,7.15056301132961,2.74382059840734,5.87932902777806,5.89925709673582,6.14423258156894,1,2
4,13,34,7.15056301132961,2.74382059840734,4.39860248047231,6.42526160850876,6.49100978934745,1,2
4,13,35,7.15056301132961,2.74382059840734,6.21745982312111,6.55142366636742,6.77610891476045,1,2
4,13,37,7.15056301132961,2.74382059840734,2.66664453871428,5.84888287022597,6.06700088617642,1,2
4,13,44,7.15056301132961,2.74382059840734,4.55131609216326,6.27016673749688,6.69536733944394,1,2
4,13,48,7.15056301132961,2.74382059840734,3.26445022302672,5.7035859043658,6.20129236903611,1,2
4,13,49,7.15056301132961,2.74382059840734,5.45442631195056,6.19130258700908,6.62996228916648,1,2
4,13,53,7.15056301132961,2.74382059840734,7.83331618363879,5.38457890953522,6.22280837155095,1,2
4,13,55,7.15056301132961,2.74382059840734,4.36879753669483,6.01614255355835,6.07098634825481,1,2
4,13,57,7.15056301132961,2.74382059840734,4.64061141878434,5.470949194921,6.11189638948943,1,2
4,13,58,7.15056301132961,2.74382059840734,7.13012152489658,5.50486369076934,6.36950976179011,1,2
4,13,59,7.15056301132961,2.74382059840734,3.66111252746696,5.77239781892169,6.33095499407448,1,2
4,13,60,7.15056301132961,2.74382059840734,5.13375330355408,5.93750884768469,6.29394042503054,1,2
4,13,62,7.15056301132961,2.74382059840734,3.71316007738074,5.45689974371645,6.37348132004283,1,2
4,13,63,7.15056301132961,2.74382059840734,4.62063419354925,6.25400928806434,6.74638677734486,1,2
4,13,65,7.15056301132961,2.74382059840734,4.09010677878224,5.71041733345218,6.34879947784072,1,2
4,13,71,7.15056301132961,2.74382059840734,6.01071152633316,6.98421666818435,6.87480479166546,1,2
4,14,1,7.15056301132961,2.74382059840734,4.3571349406924,5.71637568921458,6.39629285796968,1,2
4,14,2,7.15056301132961,2.74382059840734,5.51840241452384,5.74022970672493,6.39106262679491,1,2
4,14,5,7.15056301132961,2.74382059840734,4.56613216728768,6.09610508957477,6.31378832735141,1,2
4,14,6,7.15056301132961,2.74382059840734,6.34989604142419,6.71028106586241,6.7106418623598,1,2
4,14,7,7.15056301132961,2.74382059840734,4.57192020732501,5.35138537594025,6.27129447964465,1,2
4,14,9,7.15056301132961,2.74382059840734,3.41431260364751,6.43836373918836,6.42726703764085,1,2
4,14,12,7.15056301132961,2.74382059840734,4.6642636574132,6.06287864194987,6.72515623575967,1,2
4,14,13,7.15056301132961,2.74382059840734,4.35275860498289,5.78566174392476,6.44070971528734,1,2
4,14,14,7.15056301132961,2.74382059840734,5.03048541619157,6.15973579293098,6.34453977264167,1,2
4,14,15,7.15056301132961,2.74382059840734,6.10109622274316,5.92573021008774,6.36528500495606,1,2
4,14,16,7.15056301132961,2.74382059840734,5.45400933863955,6.40140655852913,6.35800983812567,1,2
4,14,18,7.15056301132961,2.74382059840734,5.8803993854276,6.55061897520305,6.79575132604218,1,2
4,14,21,7.15056301132961,2.74382059840734,4.83118223427022,6.31912618734918,6.77797549550385,1,2
4,14,22,7.15056301132961,2.74382059840734,4.88198492877284,5.58306287009474,6.30332639374667,1,2
4,14,25,7.15056301132961,2.74382059840734,6.43490400794027,6.23163567704231,6.61033145565545,1,2
4,14,27,7.15056301132961,2.74382059840734,3.26210347834092,6.00928883907725,6.5779202333059,1,2
4,14,31,7.15056301132961,2.74382059840734,4.42808980017141,5.5866490511262,6.35062535124211,1,2
4,14,34,7.15056301132961,2.74382059840734,5.22057043511747,5.88983233141896,6.51153941696186,1,2
4,14,39,7.15056301132961,2.74382059840734,5.66910203429553,6.01694469886709,6.36417533921552,1,2
4,14,40,7.15056301132961,2.74382059840734,4.33536753765691,5.97493361026427,6.38418750864996,1,2
4,14,42,7.15056301132961,2.74382059840734,4.19498239649245,6.20299906628309,6.40173001290415,1,2
4,14,45,7.15056301132961,2.74382059840734,6.27665279143151,6.11195543016443,6.59493672115114,1,2
4,14,51,7.15056301132961,2.74382059840734,5.56904229630153,6.42187787502242,6.75582904998929,1,2
4,14,52,7.15056301132961,2.74382059840734,5.57816753314226,5.9698738923018,6.71337926260723,1,2
4,14,53,7.15056301132961,2.74382059840734,4.51551981511272,5.87551770814644,6.48287736510319,1,2
4,14,55,7.15056301132961,2.74382059840734,6.36300470371274,6.55177151908449,6.64386483255633,1,2
4,14,58,7.15056301132961,2.74382059840734,4.53101216460058,6.17671848315497,6.29294369550614,1,2
4,14,61,7.15056301132961,2.74382059840734,4.28889724368486,6.22626037060823,6.48079203462748,1,2
4,14,62,7.15056301132961,2.74382059840734,3.88791132835298,5.79552949107582,6.7167959603435,1,2
4,14,65,7.15056301132961,2.74382059840734,3.62215933257175,5.79854736537092,6.38594047210563,1,2
4,14,66,7.15056301132961,2.74382059840734,4.34331325793093,5.72918027711478,6.44487770978017,1,2
4,14,68,7.15056301132961,2.74382059840734,4.77449926827573,5.67640702968156,6.45340686483019,1,2
4,14,70,7.15056301132961,2.74382059840734,5.80059413477812,6.80636057495153,6.81256471764099,1,2
4,14,73,7.15056301132961,2.74382059840734,5.79809099746154,6.01390414827551,6.86113348234059,1,2
4,15,4,7.15056301132961,2.74382059840734,2.68699415920735,5.35132384551389,6.7415359133026,1,2
4,15,6,7.15056301132961,2.74382059840734,3.80251768732506,5.53262370182465,6.87530590203137,1,2
4,15,10,7.15056301132961,2.74382059840734,4.15585504592894,6.05178271072915,6.88289744169815,1,2
4,15,13,7.15056301132961,2.74382059840734,6.08209870618269,5.78466685822114,6.80973991200321,1,2
4,15,15,7.15056301132961,2.74382059840734,6.08035992476062,6.64423825415218,6.93618007108064,1,2
4,15,16,7.15056301132961,2.74382059840734,5.64315620425321,5.31421589606866,6.64022541976683,1,2
4,15,17,7.15056301132961,2.74382059840734,4.97979384335829,5.40126947676478,6.70821828361556,1,2
4,15,19,7.15056301132961,2.74382059840734,5.09553588513551,6.10607145893437,7.19736877237602,1,2
4,15,20,7.15056301132961,2.74382059840734,4.5855214627953,5.65242878304838,7.01031177484556,1,2
4,15,23,7.15056301132961,2.74382059840734,5.12018449708211,6.46840453897832,7.13169004108816,1,2
4,15,24,7.15056301132961,2.74382059840734,2.68625022847348,6.43040995302717,7.28832752882073,1,2
4,15,26,7.15056301132961,2.74382059840734,6.96537241788929,5.90281908302975,6.93920835778086,1,2
4,15,28,7.15056301132961,2.74382059840734,5.56138028139867,5.93947408078327,7.05189638407624,1,2
4,15,34,7.15056301132961,2.74382059840734,4.41656265470815,5.74006239804564,6.70760534482682,1,2
4,15,35,7.15056301132961,2.74382059840734,5.93645387267143,5.54416762251015,6.90859844530718,1,2
4,15,36,7.15056301132961,2.74382059840734,5.33140343728861,5.88058303074623,7.01826225771746,1,2
4,15,39,7.15056301132961,2.74382059840734,6.01460056600338,5.7802533955827,6.94516412309586,1,2
4,15,40,7.15056301132961,2.74382059840734,4.39517629897071,6.27509514281995,7.0280009342063,1,2
4,15,41,7.15056301132961,2.74382059840734,4.99362421995132,5.24017244979997,6.70358244598757,1,2
4,15,42,7.15056301132961,2.74382059840734,3.17361880041729,6.76035877451054,6.75982703827595,1,2
4,15,44,7.15056301132961,2.74382059840734,4.46627845511193,5.50008843225022,6.67677157942606,1,2
4,15,48,7.15056301132961,2.74382059840734,4.55306448691733,5.64633046023255,6.91132190097293,1,2
4,15,51,7.15056301132961,2.74382059840734,4.31859969668209,5.74041671162877,7.02436834272226,1,2
4,15,52,7.15056301132961,2.74382059840734,5.93246832311033,5.75587297692056,7.05418723449662,1,2
4,15,53,7.15056301132961,2.74382059840734,4.01858611643689,6.60070390214241,6.8447325685077,1,2
4,15,55,7.15056301132961,2.74382059840734,5.11943228476849,6.44674933137225,7.14001711192858,1,2
4,15,59,7.15056301132961,2.74382059840734,5.72813567559802,5.9197883022822,7.09668660937058,1,2
4,15,60,7.15056301132961,2.74382059840734,6.48908832948588,6.07242203887149,7.12441877877965,1,2
4,15,66,7.15056301132961,2.74382059840734,4.10743912131664,5.77578547235654,6.68753911361424,1,2
4,15,67,7.15056301132961,2.74382059840734,5.91198698630747,5.86018585634352,6.78855326531283,1,2
4,15,68,7.15056301132961,2.74382059840734,4.81296217671556,5.74075239746074,6.84629626240545,1,2
4,15,70,7.15056301132961,2.74382059840734,5.56898323071591,5.02317612058753,6.5144847309022,1,2
4,15,72,7.15056301132961,2.74382059840734,4.79187929139555,6.3928643795106,7.153007335652,1,2
4,15,73,7.15056301132961,2.74382059840734,4.00778230419472,6.34336056584862,6.96798805210045,1,2
4,15,74,7.15056301132961,2.74382059840734,4.78656052778406,6.08930778450123,6.93839003228835,1,2
4,15,80,7.15056301132961,2.74382059840734,5.79885916171719,6.37385453603865,7.12538290992704,1,2
4,15,81,7.15056301132961,2.74382059840734,5.30204618260471,5.74589015177335,6.90705548242586,1,2
4,15,82,7.15056301132961,2.74382059840734,6.62315978276038,5.77522389013997,6.52848948359284,1,2
4,15,83,7.15056301132961,2.74382059840734,4.4769428312773,6.2865399625323,7.2283281047624,1,2
4,15,85,7.15056301132961,2.74382059840734,4.47354508405178,5.77850166029519,6.90360851428796,1,2
4,16,1,7.15056301132961,2.74382059840734,5.89705736861068,6.15178460993557,7.04114512203881,1,2
4,16,3,7.15056301132961,2.74382059840734,5.66312046478078,6.16278906719173,7.18096150933716,1,2
4,16,4,7.15056301132961,2.74382059840734,3.43545636236406,5.69858151667684,6.94491535902,1,2
4,16,5,7.15056301132961,2.74382059840734,4.47932539083991,6.58848305310713,7.28557314113661,1,2
4,16,7,7.15056301132961,2.74382059840734,4.05051655797817,6.26910154685186,6.85768969163957,1,2
4,16,8,7.15056301132961,2.74382059840734,6.61055566856416,5.35759949843363,6.84725628068065,1,2
4,16,9,7.15056301132961,2.74382059840734,3.87546210058517,5.99820414823217,7.06979419176078,1,2
4,16,11,7.15056301132961,2.74382059840734,4.03401204762362,5.64659184218876,6.73329293884343,1,2
4,16,12,7.15056301132961,2.74382059840734,5.24189922649681,5.53106930195932,7.00450702422013,1,2
4,16,13,7.15056301132961,2.74382059840734,5.82938632521974,5.43913645204766,6.54293587574343,1,2
4,16,16,7.15056301132961,2.74382059840734,5.3910338680498,6.67782037521366,7.58917967400208,1,2
4,16,21,7.15056301132961,2.74382059840734,4.75862156785131,6.2926105140394,6.89922330751347,1,2
4,16,22,7.15056301132961,2.74382059840734,6.31415089869522,6.09683870386255,7.07035065607406,1,2
4,16,25,7.15056301132961,2.74382059840734,7.85037314991701,6.48526337347445,7.44161743205315,1,2
4,16,26,7.15056301132961,2.74382059840734,5.52432481407817,5.85670597420522,7.09320336986575,1,2
4,16,29,7.15056301132961,2.74382059840734,5.29597188009567,6.79604990583391,7.37773729307629,1,2
4,16,30,7.15056301132961,2.74382059840734,5.60904323794821,6.32198901988529,6.95773931795259,1,2
4,16,35,7.15056301132961,2.74382059840734,4.96548637870326,6.36141468075605,6.89072933685127,1,2
4,16,38,7.15056301132961,2.74382059840734,2.79918355529515,6.41974043878602,7.11036261858678,1,2
4,16,39,7.15056301132961,2.74382059840734,5.68227505679449,5.68382691637661,7.11304683890532,1,2
4,16,41,7.15056301132961,2.74382059840734,4.79265479133843,6.09962294436159,6.84714752857335,1,2
4,16,42,7.15056301132961,2.74382059840734,5.08914110615669,5.02178254132999,7.06191272524518,1,2
4,16,43,7.15056301132961,2.74382059840734,4.55876867732587,5.97645689337525,7.29458240922525,1,2
4,16,44,7.15056301132961,2.74382059840734,5.61548196443265,5.39216402766097,6.93418962463428,1,2
4,16,45,7.15056301132961,2.74382059840734,3.90226552708196,5.81239363592665,7.05330007908188,1,2
4,16,46,7.15056301132961,2.74382059840734,6.00669075465404,4.97220740453177,6.94416252677186,1,2
4,16,47,7.15056301132961,2.74382059840734,5.76723132824611,5.48322618321967,7.00970581325313,1,2
4,16,49,7.15056301132961,2.74382059840734,4.88564343778614,5.89258066831122,6.88156784017874,1,2
4,16,51,7.15056301132961,2.74382059840734,4.65442456363624,5.98167893926222,7.07125428602921,1,2
4,16,53,7.15056301132961,2.74382059840734,5.92089190010105,5.67226131048622,6.91229767773148,1,2
4,16,56,7.15056301132961,2.74382059840734,6.86875068053845,5.87865690573133,6.93439666779178,1,2
4,16,57,7.15056301132961,2.74382059840734,4.69901712029143,5.90479325748648,6.92547051148685,1,2
4,16,58,7.15056301132961,2.74382059840734,4.90005398631079,5.20108186482946,6.87174376829295,1,2
4,16,59,7.15056301132961,2.74382059840734,5.3980976272161,5.85644950586126,6.88914549052876,1,2
4,16,63,7.15056301132961,2.74382059840734,5.57211928791867,5.58695083756154,6.90475134486471,1,2
4,16,66,7.15056301132961,2.74382059840734,4.30812930381182,7.24207130967045,7.16258321295167,1,2
4,16,68,7.15056301132961,2.74382059840734,4.23904272529899,5.91933573749937,6.8941654803954,1,2
4,16,70,7.15056301132961,2.74382059840734,6.06377334635831,5.37288306940438,7.05048060484012,1,2
4,16,72,7.15056301132961,2.74382059840734,4.31999379843693,5.90393150956347,7.09816259357808,1,2
4,16,73,7.15056301132961,2.74382059840734,5.22634001502407,5.99981868730814,7.09893971401695,1,2
4,16,74,7.15056301132961,2.74382059840734,5.43205679264745,6.08556967749583,7.28959622930448,1,2
4,16,76,7.15056301132961,2.74382059840734,4.54261425390134,6.06403205537592,6.86565273265607,1,2
4,16,77,7.15056301132961,2.74382059840734,6.3581619877972,6.20441213972821,7.34837484373515,1,2
4,16,78,7.15056301132961,2.74382059840734,4.56828415510171,7.08498437389134,7.42207248466481,1,2
4,16,79,7.15056301132961,2.74382059840734,3.60926238149906,5.25553034264079,6.62602544152339,1,2
4,16,83,7.15056301132961,2.74382059840734,4.06460273339184,6.04951508002824,7.34055217077854,1,2
4,17,1,7.15056301132961,2.74382059840734,6.75563448546278,6.05500393219823,7.0295326803096,1,2
4,17,2,7.15056301132961,2.74382059840734,5.64054896550429,6.75733418345403,7.13061467668536,1,2
4,17,3,7.15056301132961,2.74382059840734,3.84215020298018,5.32266749336473,6.84629926200874,1,2
4,17,4,7.15056301132961,2.74382059840734,5.57252623322121,5.567622341904,7.12039486915092,1,2
4,17,5,7.15056301132961,2.74382059840734,5.42291720434009,5.04688093456132,6.7133493904051,1,2
4,17,7,7.15056301132961,2.74382059840734,5.69807183264455,6.64307787033602,7.09030949573789,1,2
4,17,9,7.15056301132961,2.74382059840734,4.86533141668479,6.638995652598,7.06793819169889,1,2
4,17,13,7.15056301132961,2.74382059840734,5.92922807900365,5.96856449070247,7.1208900544083,1,2
4,17,14,7.15056301132961,2.74382059840734,5.00425508798944,6.18240371659363,7.11105711380758,1,2
4,17,15,7.15056301132961,2.74382059840734,5.6810514703751,5.41784640631518,6.72888097398733,1,2
4,17,16,7.15056301132961,2.74382059840734,6.04672497680822,5.91249301510989,7.24049867708278,1,2
4,17,17,7.15056301132961,2.74382059840734,4.66983442809293,5.55836772628476,6.86190276154611,1,2
4,17,20,7.15056301132961,2.74382059840734,7.23866386947644,6.22522713970354,7.25857497290608,1,2
4,17,21,7.15056301132961,2.74382059840734,5.00013771105437,6.7515062196619,7.26157882764776,1,2
4,17,22,7.15056301132961,2.74382059840734,4.09001829429663,5.54681603804634,6.89193112477644,1,2
4,17,24,7.15056301132961,2.74382059840734,3.96283129642262,5.31385073325632,6.99768389660447,1,2
4,17,26,7.15056301132961,2.74382059840734,5.17378150613095,5.41824651805708,6.74900318573756,1,2
4,17,27,7.15056301132961,2.74382059840734,3.603371210372,6.53132089208012,7.17826148793917,1,2
4,17,28,7.15056301132961,2.74382059840734,5.48294063780615,7.35081362058018,7.39518760957363,1,2
4,17,31,7.15056301132961,2.74382059840734,4.5627711033817,6.36550652149984,7.01679152380846,1,2
4,17,34,7.15056301132961,2.74382059840734,3.8389365300324,6.27241840432459,7.01445437658822,1,2
4,17,35,7.15056301132961,2.74382059840734,5.07314626292537,5.06212257537617,6.75945074629977,1,2
4,17,36,7.15056301132961,2.74382059840734,6.6960899902528,5.96121368895066,6.90394950105221,1,2
4,17,37,7.15056301132961,2.74382059840734,5.05618101305109,5.83607384582536,6.67166975929862,1,2
4,17,38,7.15056301132961,2.74382059840734,2.73503720111151,6.20570634296519,6.8148696471458,1,2
4,17,39,7.15056301132961,2.74382059840734,5.84332472943289,6.10873108674518,7.18348633853713,1,2
4,17,42,7.15056301132961,2.74382059840734,3.1440109570535,5.56588465623438,6.96693963266975,1,2
4,17,44,7.15056301132961,2.74382059840734,4.24625030697647,6.83807848907535,7.5600403002046,1,2
4,17,47,7.15056301132961,2.74382059840734,3.99246451900257,6.33852167355854,6.87948862545954,1,2
4,17,49,7.15056301132961,2.74382059840734,6.73533454863436,6.02389522213695,7.01771013733671,1,2
4,17,50,7.15056301132961,2.74382059840734,3.90979664100822,5.93560035439074,7.13568516145593,1,2
4,17,55,7.15056301132961,2.74382059840734,5.33396837648744,5.98593444776381,6.96732843696822,1,2
4,17,57,7.15056301132961,2.74382059840734,4.86615264021535,5.95870126016521,6.85775293925712,1,2
4,17,59,7.15056301132961,2.74382059840734,5.92686062944172,5.54685632873835,6.88578213159717,1,2
4,17,61,7.15056301132961,2.74382059840734,6.12330031550345,6.50907839416313,7.26910593808776,1,2
4,17,63,7.15056301132961,2.74382059840734,4.38304740898804,6.38154560833129,7.12018892233413,1,2
4,17,65,7.15056301132961,2.74382059840734,3.155764819514,7.16653960305447,7.20480341993986,1,2
4,17,66,7.15056301132961,2.74382059840734,5.09516083693011,6.08143446495012,7.09495122297636,1,2
4,17,68,7.15056301132961,2.74382059840734,3.78305959580493,6.08745532060005,6.85517942590823,1,2
4,17,69,7.15056301132961,2.74382059840734,6.15971555672536,5.97138965734184,7.29922318070272,1,2
4,17,70,7.15056301132961,2.74382059840734,5.315446491162,5.83509723693808,7.02867724317003,1,2
4,17,71,7.15056301132961,2.74382059840734,5.63922213250636,6.42279812863904,7.12691493691583,1,2
4,17,72,7.15056301132961,2.74382059840734,4.4166028058847,5.15117317029047,6.87619971540106,1,2
4,17,73,7.15056301132961,2.74382059840734,4.72472582791566,6.02849082064813,7.17173282872087,1,2
4,17,74,7.15056301132961,2.74382059840734,4.90606106725059,6.27163646527822,6.95123272411261,1,2
4,18,1,7.15056301132961,2.74382059840734,5.55678434456572,5.96134084389653,7.09712708111149,1,2
4,18,2,7.15056301132961,2.74382059840734,5.61888104855245,6.05106922938767,7.18831934755865,1,2
4,18,4,7.15056301132961,2.74382059840734,3.29427505373006,6.64271023221099,7.03114123371474,1,2
4,18,6,7.15056301132961,2.74382059840734,5.89939430827811,5.72877375483721,7.01246124089542,1,2
4,18,7,7.15056301132961,2.74382059840734,6.19540355563019,6.5797086512617,7.07548759965655,1,2
4,18,9,7.15056301132961,2.74382059840734,4.75189197825792,6.01275360993287,7.3221961244473,1,2
4,18,12,7.15056301132961,2.74382059840734,5.60826816797298,5.87109764962438,7.22046726539957,1,2
4,18,13,7.15056301132961,2.74382059840734,4.77057995016433,5.95822864497127,6.95220600524562,1,2
4,18,15,7.15056301132961,2.74382059840734,4.7633547551998,5.50209121916147,6.86099648000041,1,2
4,18,16,7.15056301132961,2.74382059840734,4.24380850617213,5.59059140573898,6.70099561421648,1,2
4,18,18,7.15056301132961,2.74382059840734,3.8929020855088,6.62103557787912,6.84316961144374,1,2
4,18,20,7.15056301132961,2.74382059840734,4.13972978987826,6.01399472449281,7.01309135249503,1,2
4,18,21,7.15056301132961,2.74382059840734,3.47845187838356,4.98416200702026,6.56412747027958,1,2
4,18,22,7.15056301132961,2.74382059840734,4.48386033349587,5.562375025685,7.09103976175006,1,2
4,18,23,7.15056301132961,2.74382059840734,4.16187899671956,5.87583409640128,6.85170410151847,1,2
4,18,24,7.15056301132961,2.74382059840734,3.54475475550791,6.72963084433406,7.04138854654176,1,2
4,18,25,7.15056301132961,2.74382059840734,4.76592942751742,6.08157350470928,6.90129226111783,1,2
4,18,27,7.15056301132961,2.74382059840734,3.80343918720942,6.90092919041118,6.95160913723051,1,2
4,18,30,7.15056301132961,2.74382059840734,5.1894996131273,5.29513712324307,6.94917338714076,1,2
4,18,32,7.15056301132961,2.74382059840734,5.72458548147557,6.17693054794332,7.21665407830342,1,2
4,18,34,7.15056301132961,2.74382059840734,3.92994219565471,5.40810174290839,6.71826499888339,1,2
4,18,35,7.15056301132961,2.74382059840734,6.44245551245027,6.86863648937641,6.85894048218668,1,2
4,18,37,7.15056301132961,2.74382059840734,6.00292637430204,6.37394806885349,7.07940965969121,1,2
4,18,38,7.15056301132961,2.74382059840734,6.06645775851298,5.98587104547248,7.24043110260872,1,2
4,18,42,7.15056301132961,2.74382059840734,6.84064378821806,5.32699317694065,6.60216294359715,1,2
4,18,46,7.15056301132961,2.74382059840734,6.21865155543888,6.45315273720509,7.0844759681094,1,2
4,18,47,7.15056301132961,2.74382059840734,3.98912541733259,6.02337631869557,7.02679708060053,1,2
4,18,53,7.15056301132961,2.74382059840734,2.58159469143335,6.0977026048992,6.9354178576565,1,2
4,18,54,7.15056301132961,2.74382059840734,3.18059061004657,5.82459374652033,6.54535433016483,1,2
4,18,55,7.15056301132961,2.74382059840734,7.65353239781194,5.68819806656615,7.04237992378142,1,2
4,18,58,7.15056301132961,2.74382059840734,5.26921896460947,5.63636846384357,6.78038238807561,1,2
4,18,59,7.15056301132961,2.74382059840734,3.57229903355508,6.65884831963019,7.23047766854984,1,2
4,18,63,7.15056301132961,2.74382059840734,4.3020223933857,5.80986077642186,6.85808292650231,1,2
4,18,64,7.15056301132961,2.74382059840734,4.50160329388323,6.55157569801131,7.25128472028843,1,2
4,18,65,7.15056301132961,2.74382059840734,5.26092468984895,6.10475322366644,6.89180637682773,1,2
4,18,66,7.15056301132961,2.74382059840734,7.03930981082435,5.09479116590971,6.48963380158741,1,2
4,18,67,7.15056301132961,2.74382059840734,5.89834954203316,5.80253888455627,7.0317378164961,1,2
4,18,69,7.15056301132961,2.74382059840734,4.23824338585249,6.69728795382521,6.99733733001122,1,2
4,18,72,7.15056301132961,2.74382059840734,4.69837944123873,6.33187680015414,6.95048950167045,1,2
4,18,73,7.15056301132961,2.74382059840734,4.90777689399747,5.95969775070714,6.79285541349733,1,2
4,18,74,7.15056301132961,2.74382059840734,4.91055716978418,6.28247816619094,6.90572277264833,1,2
4,18,77,7.15056301132961,2.74382059840734,6.27142355941971,6.48855265745789,7.30250852592516,1,2
4,18,78,7.15056301132961,2.74382059840734,3.87095414568116,5.81408641443679,7.11079230701456,1,2
4,18,81,7.15056301132961,2.74382059840734,3.78583574978972,5.64890821426668,6.38092880315053,1,2
4,19,3,7.15056301132961,2.74382059840734,5.2069174998264,5.71871557172818,7.24837081560932,1,2
4,19,5,7.15056301132961,2.74382059840734,4.69325503852759,6.08860131178686,7.12214535933374,1,2
4,19,6,7.15056301132961,2.74382059840734,4.00220524948153,6.44089283387656,7.23917394615796,1,2
4,19,7,7.15056301132961,2.74382059840734,5.67036521477608,6.66414249056106,7.1317612778905,1,2
4,19,11,7.15056301132961,2.74382059840734,5.88689967975326,6.3155982463947,7.17010986061689,1,2
4,19,12,7.15056301132961,2.74382059840734,6.26251922698313,6.24229317045882,7.26908034713634,1,2
4,19,13,7.15056301132961,2.74382059840734,4.72481328968713,6.10737090255658,7.45623238444239,1,2
4,19,14,7.15056301132961,2.74382059840734,4.73572702197937,5.97718741246786,7.8128790890136,1,2
4,19,22,7.15056301132961,2.74382059840734,4.73418861901976,5.13791030164314,7.04708644456023,1,2
4,19,23,7.15056301132961,2.74382059840734,5.78365071664278,5.78921608258674,7.3403815844586,1,2
4,19,30,7.15056301132961,2.74382059840734,6.23398816395567,5.46039544454269,7.25406194185552,1,2
4,19,35,7.15056301132961,2.74382059840734,3.63479501954928,6.00060675880281,7.19429656862657,1,2
4,19,37,7.15056301132961,2.74382059840734,6.0848377182334,5.12298492881161,7.00047944002398,1,2
4,19,40,7.15056301132961,2.74382059840734,4.64234568853941,6.44558857682021,7.14865860404115,1,2
4,19,45,7.15056301132961,2.74382059840734,6.15043323713458,6.48248789612245,7.4627583581697,1,2
4,19,46,7.15056301132961,2.74382059840734,5.03487972826422,6.33840801582094,7.24798052514215,1,2
4,19,47,7.15056301132961,2.74382059840734,4.76363521869031,5.96368331296751,6.97972615572844,1,2
4,19,48,7.15056301132961,2.74382059840734,5.83138706984545,5.47823866662186,7.41399291278021,1,2
4,19,49,7.15056301132961,2.74382059840734,4.05249599385776,6.39454205503643,7.1142919711619,1,2
4,19,50,7.15056301132961,2.74382059840734,4.90168985606222,6.65166027327033,7.33810324666095,1,2
4,19,51,7.15056301132961,2.74382059840734,5.45970514618419,6.41448931219412,7.5151642544223,1,2
4,19,52,7.15056301132961,2.74382059840734,4.35340134119966,5.96440575729606,7.22846992420052,1,2
4,19,55,7.15056301132961,2.74382059840734,4.53699168813496,5.7074178377158,7.20956770097412,1,2
4,19,57,7.15056301132961,2.74382059840734,6.08462024692339,6.74417796243173,7.15364916046296,1,2
4,19,58,7.15056301132961,2.74382059840734,6.39023440285069,6.31610516075949,7.19123746458297,1,2
4,19,61,7.15056301132961,2.74382059840734,4.48075004837264,6.11387088455443,7.45120095328127,1,2
4,19,63,7.15056301132961,2.74382059840734,4.72185097779159,5.47543299934489,6.80174529302854,1,2
4,19,64,7.15056301132961,2.74382059840734,3.73719194732191,5.2532644115826,6.66191151077238,1,2
4,19,66,7.15056301132961,2.74382059840734,4.60373693886172,6.45778288701293,7.2318816586396,1,2
4,19,67,7.15056301132961,2.74382059840734,6.2714772696559,6.38336095846268,7.45460217469252,1,2
4,19,68,7.15056301132961,2.74382059840734,4.31702604589116,5.49296038614672,7.03195494193845,1,2
4,19,69,7.15056301132961,2.74382059840734,3.13366050695804,6.44871110925489,6.97225104175906,1,2
4,19,70,7.15056301132961,2.74382059840734,5.10405049175039,5.66371312846469,6.91955101937562,1,2
4,19,71,7.15056301132961,2.74382059840734,3.26196132297151,6.59952068820501,7.05804024260417,1,2
4,19,72,7.15056301132961,2.74382059840734,5.15059745819812,5.83592209630788,7.08286279199026,1,2
4,19,73,7.15056301132961,2.74382059840734,4.82059877113623,6.36416734778876,7.19446003090179,1,2
4,19,75,7.15056301132961,2.74382059840734,5.61562494561104,5.96779622529582,7.21171925314759,1,2
4,19,78,7.15056301132961,2.74382059840734,6.19103121803339,6.03309762628956,7.25052354366189,1,2
4,19,80,7.15056301132961,2.74382059840734,4.46596368352752,5.65396782918182,7.23062671167331,1,2
4,19,81,7.15056301132961,2.74382059840734,5.46517967763129,6.69824100827985,7.51708352185243,1,2
4,19,83,7.15056301132961,2.74382059840734,3.41350565882046,5.98581987431938,7.10098129562443,1,2
4,19,87,7.15056301132961,2.74382059840734,5.63658222807778,6.35451684643858,6.85407261800799,1,2
4,19,88,7.15056301132961,2.74382059840734,6.42429258192721,5.37187069881145,7.22155857024825,1,2
4,19,92,7.15056301132961,2.74382059840734,5.00788623507161,5.28917133002013,7.21647770738028,1,2
4,20,2,7.15056301132961,2.74382059840734,6.0333382710532,6.10558602708242,6.98672231303028,1,2
4,20,5,7.15056301132961,2.74382059840734,5.11872403474795,5.17897387504973,6.80293928934719,1,2
4,20,6,7.15056301132961,2.74382059840734,2.55731704049064,6.7218950900949,7.07338596716514,1,2
4,20,10,7.15056301132961,2.74382059840734,4.94191237746741,5.89784241896149,7.1583632413939,1,2
4,20,12,7.15056301132961,2.74382059840734,4.00914940592331,6.54022838454299,7.12832968415638,1,2
4,20,13,7.15056301132961,2.74382059840734,4.75723129633434,5.65109002628348,7.11026755862203,1,2
4,20,17,7.15056301132961,2.74382059840734,7.27585321161494,6.36566966394074,7.3092192426617,1,2
4,20,19,7.15056301132961,2.74382059840734,5.7600072939517,5.9143507627905,7.2643469812633,1,2
4,20,23,7.15056301132961,2.74382059840734,5.68326448414823,6.64871932878496,7.36509502465413,1,2
4,20,25,7.15056301132961,2.74382059840734,4.72583714500058,5.94364036687671,7.2257180891403,1,2
4,20,31,7.15056301132961,2.74382059840734,4.52545251676097,5.94380584929181,7.11396015840623,1,2
4,20,33,7.15056301132961,2.74382059840734,4.82744096152608,5.99095587202252,7.0046572944117,1,2
4,20,35,7.15056301132961,2.74382059840734,4.49275560458826,5.72566467833351,6.35325551794413,1,2
4,20,37,7.15056301132961,2.74382059840734,3.44125988095648,6.5324965403343,7.37857034021154,1,2
4,20,39,7.15056301132961,2.74382059840734,5.1637555509585,5.8935247426845,6.98682611917558,1,2
4,20,41,7.15056301132961,2.74382059840734,5.01701683222594,5.69191488112904,7.05660149291821,1,2
4,20,46,7.15056301132961,2.74382059840734,5.45599509420053,6.13296963910746,7.31893093527133,1,2
4,20,47,7.15056301132961,2.74382059840734,6.22646365312121,5.22647058870484,7.03140326760641,1,2
4,20,52,7.15056301132961,2.74382059840734,5.4567155854364,5.76296112563259,7.34740405260955,1,2
4,20,54,7.15056301132961,2.74382059840734,4.68667777652109,5.19272589317729,7.0096201835409,1,2
4,20,58,7.15056301132961,2.74382059840734,4.72913477327204,6.32319558658103,7.06105279029731,1,2
4,20,59,7.15056301132961,2.74382059840734,3.66739616988142,5.85260358563708,6.98289587102963,1,2
4,20,60,7.15056301132961,2.74382059840734,5.17442068710315,5.95392452309753,7.17612258424767,1,2
4,20,62,7.15056301132961,2.74382059840734,6.15024840917022,6.34974066580372,7.30259918528542,1,2
4,20,63,7.15056301132961,2.74382059840734,6.23977946881758,5.62383732138058,7.34609729758497,1,2
4,20,64,7.15056301132961,2.74382059840734,6.16049028546235,5.84649322510903,6.60305026558451,1,2
4,20,67,7.15056301132961,2.74382059840734,5.9613156221787,6.38721910361817,7.13985944296436,1,2
4,20,74,7.15056301132961,2.74382059840734,4.80873868475241,5.88469873521824,7.25457071516878,1,2
4,20,80,7.15056301132961,2.74382059840734,5.99390865428702,6.56731378287312,6.92038810523355,1,2
4,20,81,7.15056301132961,2.74382059840734,4.33398813726213,6.52778164046081,7.23925388967041,1,2
4,20,83,7.15056301132961,2.74382059840734,7.43359300090891,5.98685481063234,7.02124692214818,1,2
4,20,84,7.15056301132961,2.74382059840734,5.29137685909936,6.59458788527806,7.46932133938952,1,2
4,20,85,7.15056301132961,2.74382059840734,6.51041908245588,6.17895686330606,7.454353302242,1,2
4,21,5,7.15056301132961,2.74382059840734,5.37786493168983,6.38648647708853,7.73100478702398,1,2
4,21,6,7.15056301132961,2.74382059840734,4.49102892580104,6.50727275150253,7.16595842952436,1,2
4,21,7,7.15056301132961,2.74382059840734,4.12053790246691,6.31451946694478,7.64091413382839,1,2
4,21,8,7.15056301132961,2.74382059840734,3.66136667345041,6.7972634966559,7.31602651879675,1,2
4,21,10,7.15056301132961,2.74382059840734,3.29969473591005,6.08710084422158,7.44339657739246,1,2
4,21,11,7.15056301132961,2.74382059840734,4.23513392998855,6.38336124934107,7.45467485008155,1,2
4,21,12,7.15056301132961,2.74382059840734,5.68315947210444,5.81069027367346,7.1636599075021,1,2
4,21,13,7.15056301132961,2.74382059840734,5.33571418308154,5.68508661821998,7.27885878352886,1,2
4,21,15,7.15056301132961,2.74382059840734,5.76884514742548,4.311065255101,6.89562976285354,1,2
4,21,16,7.15056301132961,2.74382059840734,5.08337707394135,6.33833468688007,7.59289496681109,1,2
4,21,17,7.15056301132961,2.74382059840734,6.60630678687883,5.57144598635776,7.15562173413365,1,2
4,21,19,7.15056301132961,2.74382059840734,4.28171362608996,6.06423461624886,7.46644409723678,1,2
4,21,21,7.15056301132961,2.74382059840734,5.55323279798154,5.60731590950762,7.02141985412691,1,2
4,21,22,7.15056301132961,2.74382059840734,4.25742586105672,6.56563853726576,7.34109271593943,1,2
4,21,25,7.15056301132961,2.74382059840734,4.63910316716805,7.0119420850641,7.30472514879049,1,2
4,21,26,7.15056301132961,2.74382059840734,5.46722848019267,5.19749270590337,7.38849049555379,1,2
4,21,27,7.15056301132961,2.74382059840734,5.62684340177606,6.16514983444389,7.5854971079673,1,2
4,21,28,7.15056301132961,2.74382059840734,5.06860550665673,4.96235179625685,6.79772511593531,1,2
4,21,29,7.15056301132961,2.74382059840734,5.73964222537657,6.23319251811006,7.4723247733757,1,2
4,21,32,7.15056301132961,2.74382059840734,6.38316932355742,5.7634392343596,6.78776348006601,1,2
4,21,33,7.15056301132961,2.74382059840734,5.86320032103311,5.69380850696949,7.42331882540779,1,2
4,21,36,7.15056301132961,2.74382059840734,5.5687282167932,6.34727189139711,7.21722927891019,1,2
4,21,37,7.15056301132961,2.74382059840734,6.12197360706719,5.98033675586968,7.38656895754183,1,2
4,21,40,7.15056301132961,2.74382059840734,6.55833077457025,5.75719195842387,7.34812787333607,1,2
4,21,42,7.15056301132961,2.74382059840734,4.55093072069147,6.33141073449207,7.35836101033272,1,2
4,21,44,7.15056301132961,2.74382059840734,3.5890270142502,6.27126930102073,7.29847385697986,1,2
4,21,46,7.15056301132961,2.74382059840734,4.21708099533078,5.38606933734372,7.23611689602831,1,2
4,21,47,7.15056301132961,2.74382059840734,5.35961505455801,6.68352670802055,7.31221945152402,1,2
4,21,49,7.15056301132961,2.74382059840734,5.13985939915542,6.15998326902797,7.37117571422281,1,2
4,21,50,7.15056301132961,2.74382059840734,5.55535883559158,5.72261400261101,7.30318053413775,1,2
4,21,58,7.15056301132961,2.74382059840734,6.06866480883768,5.98549250685969,7.44222184079865,1,2
4,21,59,7.15056301132961,2.74382059840734,4.67622061103239,6.08019471926395,7.27815628513325,1,2
4,21,60,7.15056301132961,2.74382059840734,6.36912278299154,5.92947976356892,7.46419710944944,1,2
4,21,62,7.15056301132961,2.74382059840734,5.22735762152379,5.23217687752122,7.07136043117645,1,2
4,21,63,7.15056301132961,2.74382059840734,4.85212636555769,6.46780907851535,7.54819716972177,1,2
4,21,64,7.15056301132961,2.74382059840734,5.84973312928385,6.03505305786429,7.27399884180096,1,2
4,21,65,7.15056301132961,2.74382059840734,5.5473747450343,6.1402470376266,7.62042171506587,1,2
4,21,67,7.15056301132961,2.74382059840734,5.82721502022123,5.64092108920738,7.44691516556057,1,2
4,21,71,7.15056301132961,2.74382059840734,2.10161224469605,6.61920541706637,7.24879591454893,1,2
4,21,72,7.15056301132961,2.74382059840734,5.17503034151145,5.35286795587788,6.98405999524213,1,2
4,21,76,7.15056301132961,2.74382059840734,6.61718714362766,5.60674604405786,7.48492905068494,1,2
4,21,80,7.15056301132961,2.74382059840734,4.82614057336897,5.86318946008613,7.19868812388443,1,2
4,21,81,7.15056301132961,2.74382059840734,3.77240826148935,6.28625210644415,7.21804739734044,1,2
4,21,84,7.15056301132961,2.74382059840734,4.08901933010175,5.55643656611424,7.15083752803139,1,2
4,22,1,7.15056301132961,2.74382059840734,5.74136276689686,5.11974085248632,7.291561516183,1,2
4,22,2,7.15056301132961,2.74382059840734,2.82238289387688,6.39315435519769,7.6176374931221,1,2
4,22,3,7.15056301132961,2.74382059840734,6.69039856111659,5.76558123693372,7.72758295485586,1,2
4,22,4,7.15056301132961,2.74382059840734,5.44218255128251,5.39986432178805,7.4519096579305,1,2
4,22,6,7.15056301132961,2.74382059840734,5.25075899940495,5.70247623012574,7.605400406754,1,2
4,22,7,7.15056301132961,2.74382059840734,7.14214377685134,5.5267921238427,7.74328251272243,1,2
4,22,8,7.15056301132961,2.74382059840734,5.76666744052104,5.76428426211484,7.83923204462937,1,2
4,22,9,7.15056301132961,2.74382059840734,5.2008944546995,6.28595643824054,7.65001332077705,1,2
4,22,12,7.15056301132961,2.74382059840734,4.85334630098935,6.44769347540227,7.35637432987219,1,2
4,22,18,7.15056301132961,2.74382059840734,4.88642444535744,5.20747303672798,7.6237014923723,1,2
4,22,19,7.15056301132961,2.74382059840734,6.19489726683988,6.24013160726685,7.58149191678448,1,2
4,22,21,7.15056301132961,2.74382059840734,4.03801608305114,5.79687706924405,7.53867585059861,1,2
4,22,23,7.15056301132961,2.74382059840734,3.77906702757402,6.33210858521339,7.22578009961857,1,2
4,22,25,7.15056301132961,2.74382059840734,4.24949903983817,5.56751793472123,7.43990337404286,1,2
4,22,29,7.15056301132961,2.74382059840734,4.12359563477967,5.80986277137115,7.08670074868409,1,2
4,22,31,7.15056301132961,2.74382059840734,4.82460462938154,6.88417855082129,7.7297026134822,1,2
4,22,32,7.15056301132961,2.74382059840734,4.55824752363602,6.9300228180089,7.79330915182713,1,2
4,22,33,7.15056301132961,2.74382059840734,6.21396830936447,5.23697075691493,7.22866231325643,1,2
4,22,35,7.15056301132961,2.74382059840734,7.08836386945893,6.21777213745716,7.54151221098294,1,2
4,22,36,7.15056301132961,2.74382059840734,5.06579317266734,5.44952976241087,7.28195668242045,1,2
4,22,37,7.15056301132961,2.74382059840734,6.04899074801687,6.82535270798957,7.79728650078426,1,2
4,22,38,7.15056301132961,2.74382059840734,3.54673188543739,5.98426715543183,7.33035150973194,1,2
4,22,40,7.15056301132961,2.74382059840734,1.57430874366082,5.98645235457295,7.08337182905276,1,2
4,22,41,7.15056301132961,2.74382059840734,5.94741629552899,5.86262282515356,7.51061186712333,1,2
4,22,43,7.15056301132961,2.74382059840734,4.62877337166195,6.11339081649486,7.34138470905339,1,2
4,22,48,7.15056301132961,2.74382059840734,5.97547543099097,5.93976391447642,7.20339552658128,1,2
4,22,50,7.15056301132961,2.74382059840734,4.80806710074068,6.01082492474419,7.91385535945693,1,2
4,22,51,7.15056301132961,2.74382059840734,5.7186413278031,6.02780386663539,7.7129111536882,1,2
4,22,53,7.15056301132961,2.74382059840734,7.01631176991062,6.14670995671049,7.94523140641009,1,2
4,22,54,7.15056301132961,2.74382059840734,3.99838448735276,6.56773921099846,7.73694063473738,1,2
4,22,60,7.15056301132961,2.74382059840734,4.61242271029684,6.2491891889195,7.08845590884158,1,2
4,22,61,7.15056301132961,2.74382059840734,3.5387409764594,6.1142094418361,7.17956313406011,1,2
4,22,63,7.15056301132961,2.74382059840734,5.95729709689187,5.49435401406582,7.36763339803504,1,2
4,22,64,7.15056301132961,2.74382059840734,5.92346448509357,5.71873645146783,7.5590079360033,1,2
4,22,69,7.15056301132961,2.74382059840734,5.24997530395904,6.67677353534017,7.62334921309338,1,2
4,22,70,7.15056301132961,2.74382059840734,3.65230867409773,5.66327123559237,7.14612780640544,1,2
4,22,71,7.15056301132961,2.74382059840734,4.99863939223079,5.94952455572727,7.90904952433803,1,2
4,22,72,7.15056301132961,2.74382059840734,5.1541968938035,6.08840483582975,7.45045231144545,1,2
4,22,73,7.15056301132961,2.74382059840734,5.23320239617316,5.69968444292851,7.31855352392274,1,2
4,22,75,7.15056301132961,2.74382059840734,5.85230332905599,5.30737359343399,6.92854392044009,1,2
4,22,76,7.15056301132961,2.74382059840734,6.32237180036604,6.6186269045926,7.66747663833037,1,2
4,22,78,7.15056301132961,2.74382059840734,5.54854601742575,6.03661004353275,7.29497431012234,1,2
4,22,79,7.15056301132961,2.74382059840734,5.86338316286794,5.63370565864573,7.29084183369034,1,2
4,22,80,7.15056301132961,2.74382059840734,3.86833857735361,6.39304794027629,7.33049510308241,1,2
4,22,82,7.15056301132961,2.74382059840734,5.59175415763096,5.56599625855264,7.24893159638507,1,2
4,22,84,7.15056301132961,2.74382059840734,6.13253616388709,5.41894402930701,7.30395713954319,1,2
4,22,86,7.15056301132961,2.74382059840734,4.2018442909622,6.06965449294757,7.30574343265698,1,2
4,22,87,7.15056301132961,2.74382059840734,4.2879155209747,6.36280812915357,7.49919766477825,1,2
4,22,89,7.15056301132961,2.74382059840734,6.72882810674397,7.30537149573837,7.58091956756879,1,2
4,22,92,7.15056301132961,2.74382059840734,6.40964018997796,5.48526063462919,7.68640275175464,1,2
4,22,94,7.15056301132961,2.74382059840734,5.23467306373242,5.51219472599262,7.27748563863806,1,2
4,22,95,7.15056301132961,2.74382059840734,5.44536107389985,6.20014730148622,7.43456418012593,1,2
4,22,96,7.15056301132961,2.74382059840734,5.74321080807044,6.01869374605135,7.38619425857965,1,2
4,22,97,7.15056301132961,2.74382059840734,5.92843868765884,6.10566134125544,7.20063945819664,1,2
4,23,1,7.15056301132961,2.74382059840734,6.51403688839719,6.46402728576376,7.94789948572788,1,2
4,23,3,7.15056301132961,2.74382059840734,3.91390451212308,6.60622578665025,7.58638800191344,1,2
4,23,4,7.15056301132961,2.74382059840734,4.61526768836511,5.53530633474056,7.5858796621403,1,2
4,23,5,7.15056301132961,2.74382059840734,3.29620452283061,6.14769391494424,7.52498331203941,1,2
4,23,8,7.15056301132961,2.74382059840734,5.39449338328403,5.37319068676853,7.61745772899536,1,2
4,23,11,7.15056301132961,2.74382059840734,4.54060784647384,6.16927457864011,7.70909346510538,1,2
4,23,13,7.15056301132961,2.74382059840734,6.29592660000807,5.50663266178111,7.44062652483455,1,2
4,23,14,7.15056301132961,2.74382059840734,5.73650200639358,6.04087791297987,7.86335662869556,1,2
4,23,16,7.15056301132961,2.74382059840734,4.71430336363228,6.092557027613,7.95729157812763,1,2
4,23,17,7.15056301132961,2.74382059840734,5.90161034127125,5.46987841242242,7.66107087472134,1,2
4,23,20,7.15056301132961,2.74382059840734,5.65688132758805,5.59603631108377,7.79977971426169,1,2
4,23,29,7.15056301132961,2.74382059840734,5.5406434354499,6.61272729798327,7.35077790694464,1,2
4,23,31,7.15056301132961,2.74382059840734,5.20383868625056,5.53900369969653,7.55979954962228,1,2
4,23,37,7.15056301132961,2.74382059840734,4.42474753718725,5.85215600406408,7.87159987461493,1,2
4,23,39,7.15056301132961,2.74382059840734,4.19820825188737,5.10919433372318,7.50628226878473,1,2
4,23,41,7.15056301132961,2.74382059840734,4.5115075859821,5.52345215748062,7.24690034805022,1,2
4,23,44,7.15056301132961,2.74382059840734,5.25980184427788,5.84166557404249,7.60457736141314,1,2
4,23,45,7.15056301132961,2.74382059840734,5.30806402629511,6.76340099532838,7.85935927644434,1,2
4,23,46,7.15056301132961,2.74382059840734,4.89510935481685,7.28097268883077,8.15450783692458,1,2
4,23,47,7.15056301132961,2.74382059840734,4.42628838251183,6.46015369164384,7.64044831190442,1,2
4,23,48,7.15056301132961,2.74382059840734,4.37867317400178,5.11728878710241,7.54217299861233,1,2
4,23,53,7.15056301132961,2.74382059840734,5.26904003171571,5.60044860564043,7.35269778049314,1,2
4,23,58,7.15056301132961,2.74382059840734,5.71218312525712,6.76179732436002,7.97954066621395,1,2
4,23,59,7.15056301132961,2.74382059840734,5.43203945354284,6.60825155213917,7.88669764638449,1,2
4,23,69,7.15056301132961,2.74382059840734,3.890112724948,6.26257211078551,7.57355360660287,1,2
4,23,70,7.15056301132961,2.74382059840734,4.45223282922265,5.90050012052088,7.4950131647741,1,2
4,23,71,7.15056301132961,2.74382059840734,5.41516666495117,5.97077287769666,7.91732614974194,1,2
4,23,72,7.15056301132961,2.74382059840734,4.06513817320723,5.90801678572443,7.72484622360467,1,2
4,23,73,7.15056301132961,2.74382059840734,3.90270044499854,5.81244643793852,7.74302813919355,1,2
4,23,77,7.15056301132961,2.74382059840734,2.98618284329807,5.50972116132083,7.40683235762193,1,2
4,23,80,7.15056301132961,2.74382059840734,4.68988260610026,6.09409374090853,7.71230675055472,1,2
4,23,82,7.15056301132961,2.74382059840734,5.31204210514125,5.7201032366436,7.78059660251175,1,2
4,23,85,7.15056301132961,2.74382059840734,5.15260518112435,6.98699220981192,8.13425390313853,1,2
4,24,2,7.15056301132961,2.74382059840734,5.54309426650808,6.40679382086151,7.94773702385087,1,2
4,24,11,7.15056301132961,2.74382059840734,5.08858273214308,6.68805256415245,7.94971012053696,1,2
4,24,13,7.15056301132961,2.74382059840734,3.6944391056165,6.30154800817904,7.38600028147539,1,2
4,24,14,7.15056301132961,2.74382059840734,4.55768403666573,6.33169936118804,7.35371924805667,1,2
4,24,15,7.15056301132961,2.74382059840734,5.23892801384138,5.63290131572065,7.76632318618972,1,2
4,24,16,7.15056301132961,2.74382059840734,4.96478325271067,6.21211666237754,7.56155118627084,1,2
4,24,17,7.15056301132961,2.74382059840734,4.47330736519161,5.20526238739458,7.46599458769336,1,2
4,24,18,7.15056301132961,2.74382059840734,4.96985450654855,5.79373296766597,7.50348651736226,1,2
4,24,19,7.15056301132961,2.74382059840734,4.83251753792096,6.46711692258997,7.91806276874176,1,2
4,24,20,7.15056301132961,2.74382059840734,5.43545545091812,5.09842620995881,7.58956672155333,1,2
4,24,21,7.15056301132961,2.74382059840734,5.11617497652156,6.25307779933396,7.5244455742978,1,2
4,24,22,7.15056301132961,2.74382059840734,3.7016606091017,6.33597968096841,7.52952795426248,1,2
4,24,23,7.15056301132961,2.74382059840734,3.09730934853351,5.82820582092448,7.58687118133506,1,2
4,24,24,7.15056301132961,2.74382059840734,4.54395476121281,6.0881483205189,7.47306498242191,1,2
4,24,30,7.15056301132961,2.74382059840734,6.50467353716736,5.43053260201178,7.66888253799116,1,2
4,24,32,7.15056301132961,2.74382059840734,5.85391460309655,6.06223635564528,7.57842623112733,1,2
4,24,33,7.15056301132961,2.74382059840734,6.05224710191869,5.69093596149666,7.80944481252832,1,2
4,24,36,7.15056301132961,2.74382059840734,4.98949183900704,6.01970545756586,7.16399450504599,1,2
4,24,37,7.15056301132961,2.74382059840734,5.87252737507737,6.32639885000738,7.62623102704739,1,2
4,24,38,7.15056301132961,2.74382059840734,4.82508851986552,5.26085621198913,7.7414590630487,1,2
4,24,39,7.15056301132961,2.74382059840734,4.91543898774668,6.50553039588474,7.98322077781989,1,2
4,24,41,7.15056301132961,2.74382059840734,6.26685214064049,5.94186377105885,7.65049577911715,1,2
4,24,42,7.15056301132961,2.74382059840734,6.34604730203018,6.28808796101178,7.44615592218656,1,2
4,24,43,7.15056301132961,2.74382059840734,4.67855637191976,5.36345801038053,7.52220409375599,1,2
4,24,44,7.15056301132961,2.74382059840734,6.45443445446683,5.36965433787108,7.78906238877558,1,2
4,24,49,7.15056301132961,2.74382059840734,6.35080008768758,6.45237956193721,7.99001045597973,1,2
4,24,51,7.15056301132961,2.74382059840734,3.0259602534784,6.69111060837599,7.67653671196267,1,2
4,24,52,7.15056301132961,2.74382059840734,5.13704886735299,5.40096330462723,7.49629778169181,1,2
4,24,53,7.15056301132961,2.74382059840734,3.02680173134299,5.83559774927606,7.0402613551409,1,2
4,24,56,7.15056301132961,2.74382059840734,3.56486920522725,5.68872071928375,7.6638125679639,1,2
4,24,62,7.15056301132961,2.74382059840734,6.96428876893096,4.60153136262215,7.61072599122383,1,2
4,24,64,7.15056301132961,2.74382059840734,4.39997932730626,6.17578979930792,7.6333133529236,1,2
4,24,65,7.15056301132961,2.74382059840734,5.31780763809524,4.95025116619564,7.75668661150593,1,2
4,24,67,7.15056301132961,2.74382059840734,6.61589982744625,6.13269572383586,7.58617463800779,1,2
4,24,69,7.15056301132961,2.74382059840734,6.0077535502346,5.96224833534607,8.02725537038605,1,2
4,24,71,7.15056301132961,2.74382059840734,3.99629083702109,6.53864801504255,7.58050290547021,1,2
4,24,72,7.15056301132961,2.74382059840734,6.07842870329299,6.6455971126402,7.3827677441706,1,2
4,25,1,7.15056301132961,2.74382059840734,4.23038539189312,6.22502417708962,7.87693977277069,1,2
4,25,3,7.15056301132961,2.74382059840734,4.73975665941875,6.60949107238319,8.12017333880636,1,2
4,25,4,7.15056301132961,2.74382059840734,6.26669725258118,5.65716079055281,7.98694073359134,1,2
4,25,5,7.15056301132961,2.74382059840734,4.89976359650819,5.2339131662598,7.61718113679658,1,2
4,25,6,7.15056301132961,2.74382059840734,5.0902036741955,5.47975578414286,7.93591339545719,1,2
4,25,8,7.15056301132961,2.74382059840734,3.87304972965626,6.00329918050769,8.11842255001634,1,2
4,25,9,7.15056301132961,2.74382059840734,4.82686631767854,5.61333329189825,7.54200165137457,1,2
4,25,12,7.15056301132961,2.74382059840734,6.26507730646124,5.99574556301827,7.82499511962141,1,2
4,25,13,7.15056301132961,2.74382059840734,6.35578193578619,6.99465844894632,8.03906643479795,1,2
4,25,14,7.15056301132961,2.74382059840734,3.73014583716909,5.38185229570225,7.57937274790459,1,2
4,25,15,7.15056301132961,2.74382059840734,5.002425995698,4.91919393192563,7.4152718833447,1,2
4,25,18,7.15056301132961,2.74382059840734,5.38982293679853,6.39066214315478,8.08042013878426,1,2
4,25,19,7.15056301132961,2.74382059840734,4.78980859226783,5.84261126139489,7.69510815005411,1,2
4,25,21,7.15056301132961,2.74382059840734,5.44763783599942,7.45209817853193,8.01845035969061,1,2
4,25,22,7.15056301132961,2.74382059840734,3.55154871733319,5.39623886047492,7.45033559346131,1,2
4,25,24,7.15056301132961,2.74382059840734,5.41008854470863,5.23678966785858,7.89370553682639,1,2
4,25,26,7.15056301132961,2.74382059840734,5.46450783978266,5.9364788700643,7.7118315593491,1,2
4,25,28,7.15056301132961,2.74382059840734,5.8532187665663,6.13625379308993,7.71486815932295,1,2
4,25,29,7.15056301132961,2.74382059840734,6.17490580870782,5.63779541467558,7.88025249107722,1,2
4,25,30,7.15056301132961,2.74382059840734,4.6781214932504,6.20143460270462,7.82061166738453,1,2
4,25,32,7.15056301132961,2.74382059840734,6.40398491036725,5.51719435705866,7.39663654838333,1,2
4,25,36,7.15056301132961,2.74382059840734,5.62775150811053,6.48453676925954,8.09863420029731,1,2
4,25,39,7.15056301132961,2.74382059840734,4.61899640233667,5.59480713353954,7.66719337773925,1,2
4,25,41,7.15056301132961,2.74382059840734,5.47404442037579,6.84024059499802,8.06791847834056,1,2
4,25,42,7.15056301132961,2.74382059840734,5.19574471601156,6.21188298575936,7.94632150919388,1,2
4,25,43,7.15056301132961,2.74382059840734,3.87592659925801,4.87518019793254,7.54755884924245,1,2
4,25,45,7.15056301132961,2.74382059840734,5.29147626248391,6.17974578950325,7.72714636992701,1,2
4,25,49,7.15056301132961,2.74382059840734,5.09443980799219,6.12765773241919,7.82886854577566,1,2
4,25,50,7.15056301132961,2.74382059840734,4.92993425393442,6.0329282477547,7.81649823048996,1,2
4,25,52,7.15056301132961,2.74382059840734,5.97901497137407,6.21652629623528,7.98159595879497,1,2
4,25,53,7.15056301132961,2.74382059840734,5.18113507168504,6.41640596910129,7.89550967170662,1,2
4,25,55,7.15056301132961,2.74382059840734,3.45158074543664,5.53254352341865,7.81427980119175,1,2
4,25,57,7.15056301132961,2.74382059840734,4.22519231459886,6.56598320497548,7.66145722618255,1,2
4,25,60,7.15056301132961,2.74382059840734,5.80740536395069,5.88877838566409,7.96162961145353,1,2
4,25,61,7.15056301132961,2.74382059840734,5.57753946860881,6.1487684985733,7.52639317906915,1,2
4,25,62,7.15056301132961,2.74382059840734,5.68935485017824,5.99248244689506,7.58650341627916,1,2
4,25,63,7.15056301132961,2.74382059840734,4.4620887781446,5.5659026947578,7.93808381205534,1,2
4,25,64,7.15056301132961,2.74382059840734,4.22891992349759,6.7074998907384,8.1327436333788,1,2
4,25,65,7.15056301132961,2.74382059840734,5.28866926637852,6.1991945840662,7.87120609807604,1,2
4,25,66,7.15056301132961,2.74382059840734,3.77878590676595,5.77423264668985,7.66979435303715,1,2
4,25,69,7.15056301132961,2.74382059840734,3.83547041762483,4.93023300227757,7.25914053554451,1,2
4,25,73,7.15056301132961,2.74382059840734,2.85707250030223,6.52281233430726,7.57497300909035,1,2
4,25,76,7.15056301132961,2.74382059840734,6.04603513228933,5.80217941561814,7.63722518595142,1,2
4,25,77,7.15056301132961,2.74382059840734,3.21057942922849,6.43883028599691,7.70807734511787,1,2
4,25,80,7.15056301132961,2.74382059840734,5.48562625546434,5.13882727998084,7.4054183977568,1,2
4,25,81,7.15056301132961,2.74382059840734,4.53659862308884,5.1842545012113,7.30847457439764,1,2
4,25,84,7.15056301132961,2.74382059840734,4.59796964053023,6.43749772978868,7.6633695867621,1,2
4,25,89,7.15056301132961,2.74382059840734,4.19799571695473,6.24559827685627,7.6624154123371,1,2
4,25,91,7.15056301132961,2.74382059840734,4.24214540005818,4.6715767634896,7.20424981098606,1,2
4,25,92,7.15056301132961,2.74382059840734,4.37169753463911,6.03884504163559,7.53703313608135,1,2
4,26,3,7.15056301132961,2.74382059840734,5.31680913796421,6.63373511274696,8.14058791193535,1,2
4,26,5,7.15056301132961,2.74382059840734,4.23011353308824,5.63606657805334,7.66205897230897,1,2
4,26,9,7.15056301132961,2.74382059840734,5.12019749840284,6.12689225773734,7.7959948190409,1,2
4,26,11,7.15056301132961,2.74382059840734,4.988304001497,5.69159055159041,7.44800998134114,1,2
4,26,13,7.15056301132961,2.74382059840734,6.52378875349403,5.24502096513242,7.84001433432213,1,2
4,26,14,7.15056301132961,2.74382059840734,5.17525542663886,5.86442325587575,7.72071314237758,1,2
4,26,17,7.15056301132961,2.74382059840734,6.61563981279954,5.9303688945112,8.22876424925694,1,2
4,26,18,7.15056301132961,2.74382059840734,5.06652999170914,5.68905757485897,7.73280274107198,1,2
4,26,19,7.15056301132961,2.74382059840734,5.18583449077429,6.29673756337563,7.62603720403539,1,2
4,26,20,7.15056301132961,2.74382059840734,6.92180519440205,6.43281277316879,7.73353671989691,1,2
4,26,22,7.15056301132961,2.74382059840734,4.6320186298887,5.9599829708768,7.90931887398889,1,2
4,26,25,7.15056301132961,2.74382059840734,6.96682764797647,5.29007275844305,7.63433823579599,1,2
4,26,26,7.15056301132961,2.74382059840734,5.73991378149274,6.16014994445567,7.96553568875728,1,2
4,26,30,7.15056301132961,2.74382059840734,4.48100768062213,6.58635299133101,7.85614226153177,1,2
4,26,31,7.15056301132961,2.74382059840734,4.17825930445743,6.13546574052601,8.01344941974048,1,2
4,26,32,7.15056301132961,2.74382059840734,6.47627678587033,6.62906809598596,8.05076321448018,1,2
4,26,34,7.15056301132961,2.74382059840734,6.04514023182834,5.67711396403522,7.76397693646641,1,2
4,26,35,7.15056301132961,2.74382059840734,4.12416337181322,6.32431559415888,7.44441925376322,1,2
4,26,37,7.15056301132961,2.74382059840734,4.25029371738447,5.50780171051928,7.71977438105761,1,2
4,26,39,7.15056301132961,2.74382059840734,5.1385671087591,6.27796294673412,7.65036643845817,1,2
4,26,41,7.15056301132961,2.74382059840734,5.06342873894764,5.805473109389,7.75542967674978,1,2
4,26,42,7.15056301132961,2.74382059840734,5.52325557922671,6.42847149803317,7.9411068838721,1,2
4,26,45,7.15056301132961,2.74382059840734,5.70075409240717,5.7068522211905,7.75560985940914,1,2
4,26,50,7.15056301132961,2.74382059840734,4.28869076028337,5.66413858550976,7.51328058857333,1,2
4,26,52,7.15056301132961,2.74382059840734,5.28397584303743,6.65026014137557,7.55670844889983,1,2
4,26,54,7.15056301132961,2.74382059840734,4.76242846853167,6.69454303553556,7.93925550125916,1,2
4,26,55,7.15056301132961,2.74382059840734,5.26234109844151,6.61402056059058,7.91522259042094,1,2
4,26,58,7.15056301132961,2.74382059840734,5.87845748129638,6.41542456829099,8.03263370628444,1,2
4,26,59,7.15056301132961,2.74382059840734,4.8473065503951,6.14375478984972,8.12716577649215,1,2
4,26,60,7.15056301132961,2.74382059840734,5.29784092784436,6.28476101631153,7.87166428218325,1,2
4,26,63,7.15056301132961,2.74382059840734,4.8610016710183,6.49111324721489,7.71788072806205,1,2
4,26,64,7.15056301132961,2.74382059840734,4.78286800148504,5.86651898458312,8.07719682929703,1,2
4,26,67,7.15056301132961,2.74382059840734,5.67796641365961,4.92700733701135,7.64575647475156,1,2
4,26,68,7.15056301132961,2.74382059840734,3.80844684370292,6.55443052242565,7.84798265563835,1,2
4,26,71,7.15056301132961,2.74382059840734,6.88676084045885,6.08800857671357,7.85076579299897,1,2
4,27,1,7.15056301132961,2.74382059840734,2.93318524211861,6.66847432646515,7.94552696439004,1,2
4,27,2,7.15056301132961,2.74382059840734,5.29561130195982,6.17974938365677,7.93841269249903,1,2
4,27,4,7.15056301132961,2.74382059840734,5.17203708914063,5.46240578417432,8.08305357043111,1,2
4,27,6,7.15056301132961,2.74382059840734,4.71296043561905,5.64117783927799,7.61467095696713,1,2
4,27,7,7.15056301132961,2.74382059840734,5.47689359931005,5.78464502749172,7.87939026618942,1,2
4,27,11,7.15056301132961,2.74382059840734,5.53548848360262,6.24985186802271,7.96186917350996,1,2
4,27,12,7.15056301132961,2.74382059840734,4.37556682537234,5.64282242963744,7.98812157596746,1,2
4,27,14,7.15056301132961,2.74382059840734,6.05332902386964,6.00276255359145,8.01074966026723,1,2
4,27,16,7.15056301132961,2.74382059840734,5.34824238519881,5.3206267408513,8.00970142809763,1,2
4,27,17,7.15056301132961,2.74382059840734,4.43495028319461,6.51383387579932,8.13921414743951,1,2
4,27,18,7.15056301132961,2.74382059840734,3.86016906688314,5.26228820325298,7.50633033124997,1,2
4,27,19,7.15056301132961,2.74382059840734,4.64939155218429,6.36408620494933,8.2394493764794,1,2
4,27,21,7.15056301132961,2.74382059840734,5.13503823407481,4.62250646095761,8.18981863905649,1,2
4,27,24,7.15056301132961,2.74382059840734,5.19001750541012,5.86523270403863,7.78868187491342,1,2
4,27,25,7.15056301132961,2.74382059840734,4.94851477789708,5.29939584863291,7.60022718978379,1,2
4,27,28,7.15056301132961,2.74382059840734,5.63476191133302,5.59039091227102,7.86220112443664,1,2
4,27,35,7.15056301132961,2.74382059840734,4.13372975762608,5.64016759552068,7.83117023364171,1,2
4,27,37,7.15056301132961,2.74382059840734,4.07099411360793,6.17317781850607,7.8524966500896,1,2
4,27,38,7.15056301132961,2.74382059840734,5.65052552283355,5.45335081697114,7.90547305717309,1,2
4,27,39,7.15056301132961,2.74382059840734,4.93959798973541,5.40019523221785,7.6027614114964,1,2
4,27,42,7.15056301132961,2.74382059840734,4.40411042450521,6.13103644025762,7.75427993860754,1,2
4,27,44,7.15056301132961,2.74382059840734,5.50200684273144,5.41755119652281,7.92092199895282,1,2
4,27,47,7.15056301132961,2.74382059840734,7.02791640116703,5.87855026870151,7.94336023391216,1,2
4,27,49,7.15056301132961,2.74382059840734,5.4220703319221,5.80391530724392,8.38774211247702,1,2
4,27,51,7.15056301132961,2.74382059840734,4.73844004612007,5.95350555127587,7.59927924522985,1,2
4,27,53,7.15056301132961,2.74382059840734,2.13987856182298,6.54857380487149,7.74313091532019,1,2
4,27,54,7.15056301132961,2.74382059840734,4.9350335858561,5.88996051698903,7.86448779475838,1,2
4,27,55,7.15056301132961,2.74382059840734,5.0917649473901,6.75567756384854,8.30716486545578,1,2
4,27,56,7.15056301132961,2.74382059840734,4.13276275714873,5.62003879322311,7.9156698216181,1,2
4,27,57,7.15056301132961,2.74382059840734,6.4206658433306,6.06041460749941,7.8771357320052,1,2
4,27,58,7.15056301132961,2.74382059840734,6.16902103432421,6.24659630467396,8.01418208477875,1,2
4,27,59,7.15056301132961,2.74382059840734,6.82579109495136,6.35316674118733,8.04594581026576,1,2
4,27,60,7.15056301132961,2.74382059840734,5.02724080587078,6.08105420735523,7.89294347911884,1,2
4,27,62,7.15056301132961,2.74382059840734,4.3966960485834,7.14543660139229,8.12177068476919,1,2
4,27,64,7.15056301132961,2.74382059840734,5.02121504108913,5.73296057873543,7.95065044350592,1,2
4,27,66,7.15056301132961,2.74382059840734,3.53778434783993,6.95008832348958,7.78119133658919,1,2
4,27,69,7.15056301132961,2.74382059840734,3.29613350029876,6.41781264069163,8.21456313371941,1,2
4,27,70,7.15056301132961,2.74382059840734,7.16675251118415,5.51577267734602,7.92683922155079,1,2
4,27,73,7.15056301132961,2.74382059840734,2.77507394966985,5.54179354387926,7.72176900947234,1,2
4,27,74,7.15056301132961,2.74382059840734,4.48233180701244,5.12462132072124,8.07264737116335,1,2
4,28,2,7.15056301132961,2.74382059840734,4.71349980206768,5.84646684682288,7.71517004432493,1,2
4,28,4,7.15056301132961,2.74382059840734,4.52688688872057,5.47353521140412,8.04372572576334,1,2
4,28,5,7.15056301132961,2.74382059840734,6.78397229252516,6.35972272672096,8.13062443691324,1,2
4,28,6,7.15056301132961,2.74382059840734,4.68541096261215,5.603908284795,7.94454699794521,1,2
4,28,8,7.15056301132961,2.74382059840734,4.67914542490498,5.85629527031272,8.09299916079303,1,2
4,28,11,7.15056301132961,2.74382059840734,4.83568365961486,5.39122934614956,8.23352914067259,1,2
4,28,14,7.15056301132961,2.74382059840734,4.71128921559725,6.26133711554279,8.15036891441021,1,2
4,28,15,7.15056301132961,2.74382059840734,5.78868794236414,6.58133899214242,8.28027590751668,1,2
4,28,18,7.15056301132961,2.74382059840734,5.00736879610576,6.55137598994306,8.24023050621763,1,2
4,28,19,7.15056301132961,2.74382059840734,2.17474783128376,5.70154405020674,7.40762203549337,1,2
4,28,25,7.15056301132961,2.74382059840734,5.2286148572472,6.27402298175589,8.05308527199723,1,2
4,28,27,7.15056301132961,2.74382059840734,4.05045486241,7.11717751901898,8.34316936526037,1,2
4,28,29,7.15056301132961,2.74382059840734,4.94287457322514,5.96322400986626,8.12342682971771,1,2
4,28,34,7.15056301132961,2.74382059840734,6.61307734001144,5.99419433307033,8.04124273850675,1,2
4,28,36,7.15056301132961,2.74382059840734,6.11639444612064,5.48729759175289,8.35733401513739,1,2
4,28,37,7.15056301132961,2.74382059840734,6.15601730677701,5.52556185438849,8.24105513644641,1,2
4,28,39,7.15056301132961,2.74382059840734,4.72986392200343,5.50602351020084,7.70085053495708,1,2
4,28,40,7.15056301132961,2.74382059840734,5.0355943898359,6.41814794538473,8.2428495134603,1,2
4,28,41,7.15056301132961,2.74382059840734,3.67995018603397,6.62263289320385,8.02577059564064,1,2
4,28,42,7.15056301132961,2.74382059840734,4.88156248948969,5.28182403608934,8.02951383657698,1,2
4,28,45,7.15056301132961,2.74382059840734,5.87969892154257,5.04188696608572,8.3271725770134,1,2
4,28,46,7.15056301132961,2.74382059840734,3.91886340904721,5.53886465304537,8.35314338679173,1,2
4,28,48,7.15056301132961,2.74382059840734,4.99298853637058,4.6879655771772,7.97344679922513,1,2
4,28,49,7.15056301132961,2.74382059840734,3.65657203808148,6.42076522134251,7.8039836338213,1,2
4,28,54,7.15056301132961,2.74382059840734,4.99975214564281,5.87301562197208,7.71245831200743,1,2
4,28,58,7.15056301132961,2.74382059840734,3.99657875327616,5.22115861300176,8.0571943800834,1,2
4,28,60,7.15056301132961,2.74382059840734,4.92831499673101,6.51638342128953,7.80241611328194,1,2
4,28,61,7.15056301132961,2.74382059840734,5.40098046606529,7.03101653823021,7.74046682357747,1,2
4,28,62,7.15056301132961,2.74382059840734,5.18470151151344,6.08395875790814,8.31254231951498,1,2
4,28,64,7.15056301132961,2.74382059840734,5.44288337688899,6.1738219586451,8.2410641837834,1,2
4,28,69,7.15056301132961,2.74382059840734,6.2070713870902,6.09923320061611,8.16477052492459,1,2
4,29,4,7.15056301132961,2.74382059840734,4.50220093636536,5.98437279629991,8.27160393685336,1,2
4,29,5,7.15056301132961,2.74382059840734,5.65362836356721,6.68385594471458,8.13760331549549,1,2
4,29,7,7.15056301132961,2.74382059840734,5.76087050662604,6.44652034153598,8.79758739470802,1,2
4,29,8,7.15056301132961,2.74382059840734,3.79056524453674,6.31243106855767,8.09826278758832,1,2
4,29,11,7.15056301132961,2.74382059840734,5.09583477817615,6.68444059882372,8.38533301071143,1,2
4,29,12,7.15056301132961,2.74382059840734,5.16641015225686,5.20394594009619,8.16573758400151,1,2
4,29,13,7.15056301132961,2.74382059840734,5.51919715642258,5.70410308609618,8.49777012240676,1,2
4,29,14,7.15056301132961,2.74382059840734,5.70753617110854,6.36956702841087,8.65581281559556,1,2
4,29,15,7.15056301132961,2.74382059840734,4.07827053554572,5.36036608292654,8.28068822244011,1,2
4,29,19,7.15056301132961,2.74382059840734,5.82229271835562,6.12484452101838,8.54423807685054,1,2
4,29,20,7.15056301132961,2.74382059840734,7.21806336839628,6.31506938947457,8.64159009282515,1,2
4,29,22,7.15056301132961,2.74382059840734,4.17851093616167,5.89550258126965,8.04713685656732,1,2
4,29,23,7.15056301132961,2.74382059840734,4.83117450091577,6.16527146823958,8.39966962829124,1,2
4,29,24,7.15056301132961,2.74382059840734,5.38499513802569,4.74329809190495,8.075471550511,1,2
4,29,26,7.15056301132961,2.74382059840734,6.60466565190584,6.29678145691548,8.81117133758642,1,2
4,29,27,7.15056301132961,2.74382059840734,4.60565337385582,6.07048531221156,8.1764073681795,1,2
4,29,30,7.15056301132961,2.74382059840734,4.3004104892314,5.76009528622845,8.35552721150636,1,2
4,29,32,7.15056301132961,2.74382059840734,4.93192612662559,6.10789320781003,8.28176183880309,1,2
4,29,33,7.15056301132961,2.74382059840734,5.81210046404195,6.47844458765594,8.54218208322837,1,2
4,29,34,7.15056301132961,2.74382059840734,6.06324955931645,6.06818655191035,8.33085918338194,1,2
4,29,36,7.15056301132961,2.74382059840734,5.54252283290473,6.68496340635718,8.00087393610483,1,2
4,29,47,7.15056301132961,2.74382059840734,4.88078641766393,6.0696574072515,8.36649479467399,1,2
4,29,49,7.15056301132961,2.74382059840734,5.03899279515196,6.28078306852683,7.9389739111312,1,2
4,29,52,7.15056301132961,2.74382059840734,5.03383280966237,6.20608162063132,8.61068099463518,1,2
4,29,53,7.15056301132961,2.74382059840734,6.79276116891783,5.57175473711182,8.45612546224506,1,2
4,29,54,7.15056301132961,2.74382059840734,2.86127132921138,5.57070675666595,8.25548338850742,1,2
4,29,55,7.15056301132961,2.74382059840734,5.21225995311935,5.61552034204376,8.39878057647296,1,2
4,29,58,7.15056301132961,2.74382059840734,5.58125418790624,6.91676416699363,8.29148134873232,1,2
4,29,59,7.15056301132961,2.74382059840734,4.48538798915003,5.98183656050061,8.49197419520163,1,2
4,29,60,7.15056301132961,2.74382059840734,6.53603789162752,6.35272575760889,8.93057939971282,1,2
4,29,61,7.15056301132961,2.74382059840734,3.52066172769414,6.13212070494447,8.74011232409575,1,2
4,29,63,7.15056301132961,2.74382059840734,3.69632971549424,5.84426748020163,8.40733286988737,1,2
4,29,64,7.15056301132961,2.74382059840734,4.64797728884329,6.32799276060629,8.37724191186872,1,2
4,29,65,7.15056301132961,2.74382059840734,4.41503572557275,6.06236178332124,8.50996210339581,1,2
4,29,66,7.15056301132961,2.74382059840734,5.34681477106444,6.88885594165807,8.47490267086415,1,2
4,29,67,7.15056301132961,2.74382059840734,5.83119669918802,5.60474122475255,8.16997518999229,1,2
4,29,68,7.15056301132961,2.74382059840734,4.91889520859722,5.21210358687001,7.91092364184764,1,2
4,29,69,7.15056301132961,2.74382059840734,5.08795785048712,6.40779812876458,8.3348325973033,1,2
4,29,72,7.15056301132961,2.74382059840734,4.38995166959998,5.83177193000496,8.08258601988891,1,2
4,29,76,7.15056301132961,2.74382059840734,4.7598588787304,6.12529287409601,7.97939006247391,1,2
4,29,78,7.15056301132961,2.74382059840734,4.90601591905934,6.61851346800382,8.78060593640189,1,2
4,29,79,7.15056301132961,2.74382059840734,6.56139098121695,6.04959654135921,8.43034180763415,1,2
4,29,80,7.15056301132961,2.74382059840734,5.10517949985402,5.61432278587422,8.19881072782914,1,2
4,29,81,7.15056301132961,2.74382059840734,5.40247335596379,5.98215973180118,8.36875236401417,1,2
4,29,83,7.15056301132961,2.74382059840734,4.37396522899279,6.4116858337378,8.08316842600339,1,2
4,29,84,7.15056301132961,2.74382059840734,3.98514193484683,5.54548894438734,8.25052277551257,1,2
4,29,86,7.15056301132961,2.74382059840734,4.58634748343124,5.11526877012933,8.1653026223918,1,2
4,29,87,7.15056301132961,2.74382059840734,4.82805424685082,5.85410770337589,8.06136025301342,1,2
4,29,90,7.15056301132961,2.74382059840734,5.74603783404732,6.45820295012471,8.41476327560141,1,2
4,29,92,7.15056301132961,2.74382059840734,3.94221095213185,5.3516764599877,8.32843842272819,1,2
4,29,94,7.15056301132961,2.74382059840734,5.22028170091624,5.56699150828717,8.83767987076811,1,2
4,29,95,7.15056301132961,2.74382059840734,3.98893374417545,6.55602149001864,8.33431061855478,1,2
4,30,1,7.15056301132961,2.74382059840734,4.14853359325559,5.04805963903408,7.86803105154582,1,2
4,30,2,7.15056301132961,2.74382059840734,2.77572556505354,5.43300207080324,7.87555312933242,1,2
4,30,4,7.15056301132961,2.74382059840734,5.48294617017437,4.79653038178681,7.91064366856265,1,2
4,30,8,7.15056301132961,2.74382059840734,5.8896739559058,6.14400344482096,8.16996217098481,1,2
4,30,10,7.15056301132961,2.74382059840734,4.64006964825723,5.90900970221612,7.73527409772986,1,2
4,30,12,7.15056301132961,2.74382059840734,4.5400258398148,5.54826676774109,8.48151404841491,1,2
4,30,13,7.15056301132961,2.74382059840734,4.80584528892275,5.47640225178602,8.04957310744786,1,2
4,30,14,7.15056301132961,2.74382059840734,5.00675290213348,5.05239005555707,8.27594678239744,1,2
4,30,15,7.15056301132961,2.74382059840734,5.79362632994305,6.86735413535029,8.43730255958785,1,2
4,30,17,7.15056301132961,2.74382059840734,6.3490650259156,6.09808563071558,8.54516935658204,1,2
4,30,20,7.15056301132961,2.74382059840734,5.67721733477325,5.70252627177836,7.86246720299136,1,2
4,30,21,7.15056301132961,2.74382059840734,4.23766030079118,6.14017591059365,7.81578435761821,1,2
4,30,22,7.15056301132961,2.74382059840734,4.89264090000518,5.63792101997421,7.8937132430723,1,2
4,30,23,7.15056301132961,2.74382059840734,5.28063635335643,5.62105860218907,8.75275125383257,1,2
4,30,24,7.15056301132961,2.74382059840734,5.55991765314931,5.76024242365034,7.81068463615724,1,2
4,30,25,7.15056301132961,2.74382059840734,4.62974853020115,6.11749857390816,7.93672032247799,1,2
4,30,28,7.15056301132961,2.74382059840734,7.44145625390115,6.58380396462889,8.36503056449851,1,2
4,30,32,7.15056301132961,2.74382059840734,5.37417788839492,6.22076714018977,8.41922444096906,1,2
4,30,36,7.15056301132961,2.74382059840734,4.05037750610889,5.56471366597804,8.33678553164314,1,2
4,30,37,7.15056301132961,2.74382059840734,4.30360517479672,6.19025383954812,7.58963407132648,1,2
4,30,38,7.15056301132961,2.74382059840734,5.33439804373807,6.4138826310195,7.93561712652438,1,2
4,30,40,7.15056301132961,2.74382059840734,6.53867651001794,5.81386635645356,8.57197617010075,1,2
4,30,41,7.15056301132961,2.74382059840734,4.90231921110467,7.64418571956449,8.65250420090123,1,2
4,30,42,7.15056301132961,2.74382059840734,6.05609569892975,5.72592672429638,8.16368959414715,1,2
4,30,45,7.15056301132961,2.74382059840734,5.05295840678737,6.14736872299579,8.21358376383114,1,2
4,30,47,7.15056301132961,2.74382059840734,6.25153549861558,5.50803101037861,8.60118852669564,1,2
4,30,52,7.15056301132961,2.74382059840734,4.68783760853752,6.10726839159743,7.58866102040834,1,2
4,30,53,7.15056301132961,2.74382059840734,4.90594497925197,7.12793463911922,8.3460178831247,1,2
4,30,56,7.15056301132961,2.74382059840734,3.3914266647974,6.13259570674702,8.17637388879225,1,2
4,30,58,7.15056301132961,2.74382059840734,5.83001682244393,6.00851642688331,8.20247389269524,1,2
4,30,60,7.15056301132961,2.74382059840734,5.63827148272492,6.08199570517333,8.17415960608319,1,2
4,30,62,7.15056301132961,2.74382059840734,2.84455280258371,6.18115125668185,7.92666447038607,1,2
4,30,63,7.15056301132961,2.74382059840734,5.4022776171967,5.40908383094639,8.3733412185859,1,2
4,30,64,7.15056301132961,2.74382059840734,5.85886399788088,5.67843491488549,8.54845231817723,1,2
4,30,67,7.15056301132961,2.74382059840734,3.90895973712525,6.30313610667468,8.01416435011153,1,2
4,30,69,7.15056301132961,2.74382059840734,4.58967770007328,6.22791997720768,8.38409871659326,1,2
4,30,70,7.15056301132961,2.74382059840734,4.30502217510883,5.78790020456678,8.03402086500005,1,2
4,30,71,7.15056301132961,2.74382059840734,5.61229257561971,5.24719836891778,7.95806311844627,1,2
4,31,3,7.15056301132961,2.74382059840734,4.96741179325052,6.71960406820815,8.56667370433506,1,2
4,31,4,7.15056301132961,2.74382059840734,2.78215520109041,6.54152283363691,8.24500058352404,1,2
4,31,5,7.15056301132961,2.74382059840734,4.26809530067937,6.28403885244044,7.75352321361868,1,2
4,31,8,7.15056301132961,2.74382059840734,4.84134934068196,6.60434948558834,7.74415337070731,1,2
4,31,11,7.15056301132961,2.74382059840734,5.46491380240487,6.10253038753331,8.52830671011357,1,2
4,31,12,7.15056301132961,2.74382059840734,4.91719427768874,5.10881853333569,7.89022151150638,1,2
4,31,15,7.15056301132961,2.74382059840734,4.61505232661764,6.45635889694471,8.27780782206715,1,2
4,31,16,7.15056301132961,2.74382059840734,6.07964889407359,5.96905401051127,8.76157676396955,1,2
4,31,17,7.15056301132961,2.74382059840734,7.8669367316365,6.94403843259622,8.42714744206974,1,2
4,31,19,7.15056301132961,2.74382059840734,4.75355555240629,6.01848062713955,7.78150461315556,1,2
4,31,20,7.15056301132961,2.74382059840734,5.51147633356404,6.14662269982413,8.23960901674328,1,2
4,31,22,7.15056301132961,2.74382059840734,4.95883052877926,6.91965822611869,8.44649452426056,1,2
4,31,24,7.15056301132961,2.74382059840734,3.62850988707984,5.40983888067099,7.96554242100322,1,2
4,31,25,7.15056301132961,2.74382059840734,5.93464034750273,6.34948235610273,8.30626742436886,1,2
4,31,27,7.15056301132961,2.74382059840734,3.42474849844861,6.14599110611318,8.06532811165957,1,2
4,31,29,7.15056301132961,2.74382059840734,5.15782546607415,5.3221431482535,8.55602765158003,1,2
4,31,32,7.15056301132961,2.74382059840734,5.09616322420423,6.16132694997341,8.8010629588692,1,2
4,31,33,7.15056301132961,2.74382059840734,3.99490711418248,6.25044224558954,7.96697375878424,1,2
4,31,35,7.15056301132961,2.74382059840734,4.24296500953935,6.58283796028208,7.93228699063623,1,2
4,31,36,7.15056301132961,2.74382059840734,5.20447919645865,5.74700489759976,8.54963554954448,1,2
4,31,38,7.15056301132961,2.74382059840734,5.06602921735543,6.91325059029187,8.32836593107411,1,2
4,31,39,7.15056301132961,2.74382059840734,4.77248756625753,5.637369340844,8.36986639169201,1,2
4,31,40,7.15056301132961,2.74382059840734,6.70852030777958,6.60203921708081,8.29892514618427,1,2
4,31,41,7.15056301132961,2.74382059840734,6.13255524409688,5.87030124639744,7.75211448645244,1,2
4,31,42,7.15056301132961,2.74382059840734,6.29767693887824,5.12653719449293,8.27303029817422,1,2
4,31,45,7.15056301132961,2.74382059840734,2.64305490635152,6.0321457750234,7.9212309263785,1,2
4,31,47,7.15056301132961,2.74382059840734,5.52768241631871,6.41314463848463,8.56075163325437,1,2
4,31,48,7.15056301132961,2.74382059840734,4.90930868753109,6.03313323424408,8.13665189118784,1,2
4,31,50,7.15056301132961,2.74382059840734,4.89692631772657,5.15497747356406,8.13919660850721,1,2
4,31,51,7.15056301132961,2.74382059840734,5.02294485903434,5.78394933445594,8.11583807296651,1,2
4,31,52,7.15056301132961,2.74382059840734,5.93256544083263,5.30360044391284,8.3199788949146,1,2
4,31,53,7.15056301132961,2.74382059840734,4.48378344346685,5.91873371649374,7.85566003189915,1,2
4,31,54,7.15056301132961,2.74382059840734,6.4364818965099,7.10465486651926,8.46518642042059,1,2
4,31,55,7.15056301132961,2.74382059840734,3.87212762349234,6.30921521665957,7.98324695386397,1,2
4,31,56,7.15056301132961,2.74382059840734,4.16186324962567,6.66950177472464,8.16266992668031,1,2
4,31,58,7.15056301132961,2.74382059840734,4.56225532441229,5.90042326144434,8.14105596877162,1,2
4,31,62,7.15056301132961,2.74382059840734,4.94618343807507,5.72562970179298,8.25179618483562,1,2
4,31,63,7.15056301132961,2.74382059840734,3.9112397349577,5.82620141353436,8.49763598792056,1,2
4,31,69,7.15056301132961,2.74382059840734,5.38664221128494,5.8467542384478,8.30891970527384,1,2
4,31,70,7.15056301132961,2.74382059840734,5.29578217435175,5.98975712399495,8.71642269452009,1,2
4,32,3,7.15056301132961,2.74382059840734,4.15658997456739,6.13468700541173,8.11765737355103,1,2
4,32,5,7.15056301132961,2.74382059840734,5.39363621968452,5.36013295556944,8.11666131681962,1,2
4,32,7,7.15056301132961,2.74382059840734,6.08869929878168,6.11594702355308,7.64648635333681,1,2
4,32,9,7.15056301132961,2.74382059840734,4.10733745779295,5.82611398038351,8.2829663901441,1,2
4,32,10,7.15056301132961,2.74382059840734,4.92288769913503,5.11329866098111,7.88799433288552,1,2
4,32,12,7.15056301132961,2.74382059840734,5.43643927813273,5.97779963291709,7.80343914140383,1,2
4,32,15,7.15056301132961,2.74382059840734,4.24255243344127,6.15979234270502,8.33307921321419,1,2
4,32,16,7.15056301132961,2.74382059840734,5.7668529697436,5.68153222924988,9.18848528777654,1,2
4,32,17,7.15056301132961,2.74382059840734,4.30532728943676,6.30445443004687,8.55212529049887,1,2
4,32,21,7.15056301132961,2.74382059840734,4.86009723611902,5.903265786435,8.3768050190614,1,2
4,32,23,7.15056301132961,2.74382059840734,4.56228667496039,5.26632536205789,8.01158488404095,1,2
4,32,26,7.15056301132961,2.74382059840734,7.01476011633601,6.22838865927159,8.37691770892831,1,2
4,32,29,7.15056301132961,2.74382059840734,4.69271230458394,6.07797311050127,8.26814642948944,1,2
4,32,31,7.15056301132961,2.74382059840734,5.2567913486106,5.61914245321022,8.85619522728363,1,2
4,32,32,7.15056301132961,2.74382059840734,4.88980368403994,7.0474088570643,8.90996244116944,1,2
4,32,33,7.15056301132961,2.74382059840734,5.56087105218594,5.76835327139388,8.51224999806663,1,2
4,32,34,7.15056301132961,2.74382059840734,5.79694865971854,5.6102647646686,8.38031953100788,1,2
4,32,35,7.15056301132961,2.74382059840734,4.71172679424585,6.09520235446799,8.49687375120208,1,2
4,32,36,7.15056301132961,2.74382059840734,5.71382987149919,6.30783919625724,8.82086307397109,1,2
4,32,40,7.15056301132961,2.74382059840734,4.78884154194216,5.82352480092056,8.61294524016267,1,2
4,32,41,7.15056301132961,2.74382059840734,5.4309290925954,7.14150236481497,8.82832366684913,1,2
4,32,42,7.15056301132961,2.74382059840734,5.56982850866927,6.50814097889564,9.01277096060905,1,2
4,32,45,7.15056301132961,2.74382059840734,5.51918011564681,5.76881297927744,8.21506853879579,1,2
4,32,48,7.15056301132961,2.74382059840734,5.25024674298608,5.24061218753606,8.46515296744662,1,2
4,32,49,7.15056301132961,2.74382059840734,6.07649378590273,6.08010461630469,8.72536588843278,1,2
4,32,50,7.15056301132961,2.74382059840734,4.53944004561779,5.76293007704904,8.29250614371884,1,2
4,32,52,7.15056301132961,2.74382059840734,5.63986495475462,6.4501804004141,8.81149297849422,1,2
4,32,56,7.15056301132961,2.74382059840734,3.9030063021841,6.62550390234012,8.44979284485392,1,2
4,32,57,7.15056301132961,2.74382059840734,4.55056554902727,6.70285381248825,8.91592816750348,1,2
4,32,61,7.15056301132961,2.74382059840734,5.69128132298086,5.50339405583232,8.50285466666676,1,2
4,32,62,7.15056301132961,2.74382059840734,5.48215616597456,5.85722660983094,8.80969501174813,1,2
4,32,65,7.15056301132961,2.74382059840734,5.91469905240045,6.13465020299053,8.40862842237472,1,2
4,32,66,7.15056301132961,2.74382059840734,5.49848286387159,5.99886590147666,8.34599222705626,1,2
4,33,3,7.15056301132961,2.74382059840734,4.90327817596675,5.99021493169845,7.9755714616664,1,2
4,33,6,7.15056301132961,2.74382059840734,4.5480199815343,5.78379263623512,8.51161087955863,1,2
4,33,12,7.15056301132961,2.74382059840734,5.28505082185808,6.21437241653347,8.38742928588201,1,2
4,33,13,7.15056301132961,2.74382059840734,4.12103934525193,5.9571857440997,8.30497011473801,1,2
4,33,14,7.15056301132961,2.74382059840734,5.89965814540935,5.7304790538886,8.44245019780251,1,2
4,33,17,7.15056301132961,2.74382059840734,6.68776800508135,6.58354875630996,8.77466003073918,1,2
4,33,18,7.15056301132961,2.74382059840734,3.59876682419296,5.26150972592732,8.03897805875049,1,2
4,33,19,7.15056301132961,2.74382059840734,5.11248021880459,6.67850879212987,8.2300248877765,1,2
4,33,20,7.15056301132961,2.74382059840734,4.45798527179558,5.34458688228811,8.55514301912655,1,2
4,33,22,7.15056301132961,2.74382059840734,4.85409025449548,6.07469047944244,8.18235283679643,1,2
4,33,23,7.15056301132961,2.74382059840734,6.24575909329778,6.73139796564036,8.28128471302726,1,2
4,33,24,7.15056301132961,2.74382059840734,5.38701292393966,5.29633655958116,8.17888008248448,1,2
4,33,26,7.15056301132961,2.74382059840734,4.78314773003201,6.20784199111501,8.07545013660344,1,2
4,33,30,7.15056301132961,2.74382059840734,5.49073978756325,5.59440932966571,8.94178435587059,1,2
4,33,32,7.15056301132961,2.74382059840734,4.26254725967418,5.7420222394015,8.61109534130283,1,2
4,33,33,7.15056301132961,2.74382059840734,4.90690231080941,6.35098254777366,8.0046053890884,1,2
4,33,37,7.15056301132961,2.74382059840734,5.11073572250589,6.25097369920011,8.35788547052846,1,2
4,33,41,7.15056301132961,2.74382059840734,6.44612506736295,5.87671998376991,8.69429872265695,1,2
4,33,43,7.15056301132961,2.74382059840734,6.29482859863179,6.4851855851571,8.63124073134259,1,2
4,33,46,7.15056301132961,2.74382059840734,3.66907317418194,5.89965527972041,7.62009032446365,1,2
4,33,47,7.15056301132961,2.74382059840734,4.47150198105789,5.89335034693049,7.99219252347468,1,2
4,33,48,7.15056301132961,2.74382059840734,5.69436808615912,6.20059196091778,8.5667618662305,1,2
4,33,50,7.15056301132961,2.74382059840734,4.94574405905169,5.05474503488722,8.23353373464534,1,2
4,33,52,7.15056301132961,2.74382059840734,5.9061835098216,6.21838885726802,8.5499740974335,1,2
4,33,54,7.15056301132961,2.74382059840734,5.56964960313097,6.32486893946611,8.68639406616832,1,2
4,33,56,7.15056301132961,2.74382059840734,6.74146198684901,6.35962345263241,8.81454679789202,1,2
4,33,57,7.15056301132961,2.74382059840734,4.14467583080617,5.48350279636688,8.26706938659636,1,2
4,33,58,7.15056301132961,2.74382059840734,5.98623424367172,6.08497647551762,8.44962791490223,1,2
4,33,66,7.15056301132961,2.74382059840734,4.7683150838191,5.90673911668685,8.39137646658559,1,2
4,33,69,7.15056301132961,2.74382059840734,4.01429096776437,6.02510974789635,8.45033984808427,1,2
4,33,71,7.15056301132961,2.74382059840734,4.08640102855589,5.81413510000388,8.11084651300122,1,2
4,33,76,7.15056301132961,2.74382059840734,5.06261545448878,5.83984853660501,8.94830138805369,1,2
4,33,79,7.15056301132961,2.74382059840734,5.23231843516906,5.57375719603644,8.33989063332039,1,2
4,33,80,7.15056301132961,2.74382059840734,4.53882540886779,5.68488033721033,7.99697486015037,1,2
4,34,2,7.15056301132961,2.74382059840734,5.96861994531001,6.44366872816412,8.32703566885838,1,2
4,34,3,7.15056301132961,2.74382059840734,4.59622643313069,5.81404575677402,8.82306877223575,1,2
4,34,4,7.15056301132961,2.74382059840734,3.67009329715945,5.24472849945906,7.7752728276456,1,2
4,34,8,7.15056301132961,2.74382059840734,5.02294324868553,5.72714724868692,8.4628507890868,1,2
4,34,12,7.15056301132961,2.74382059840734,5.19042256588997,5.86607276515977,8.40387811968552,1,2
4,34,14,7.15056301132961,2.74382059840734,3.78316310493622,5.79561377431187,8.54625483116874,1,2
4,34,16,7.15056301132961,2.74382059840734,5.18846754746148,5.98593074173348,8.4046861189441,1,2
4,34,17,7.15056301132961,2.74382059840734,4.60216901083117,6.60449762126745,8.06706833071676,1,2
4,34,20,7.15056301132961,2.74382059840734,6.32740583439276,5.7174820324341,8.52410655873117,1,2
4,34,21,7.15056301132961,2.74382059840734,4.91512445269037,6.24813452824098,8.52613718282239,1,2
4,34,24,7.15056301132961,2.74382059840734,6.60476054356785,5.35289530778099,8.25887975239657,1,2
4,34,25,7.15056301132961,2.74382059840734,3.76036701893701,6.41520267641366,8.38481268999478,1,2
4,34,27,7.15056301132961,2.74382059840734,4.74417219692798,7.13088089952192,8.62507689986055,1,2
4,34,28,7.15056301132961,2.74382059840734,4.40784876173642,5.11819649870603,8.78565453845834,1,2
4,34,29,7.15056301132961,2.74382059840734,4.65539820218584,5.26342782506633,8.18397157320948,1,2
4,34,30,7.15056301132961,2.74382059840734,3.77486002712775,5.95449205981139,8.34967331308791,1,2
4,34,31,7.15056301132961,2.74382059840734,4.71115770560355,5.07782066774042,8.2256560798038,1,2
4,34,33,7.15056301132961,2.74382059840734,4.65952107543709,6.09609466089244,7.97873861025883,1,2
4,34,34,7.15056301132961,2.74382059840734,5.40423967266689,6.44530385475251,8.47691172714163,1,2
4,34,36,7.15056301132961,2.74382059840734,6.4044900447351,6.4272004023541,8.67767690017562,1,2
4,34,38,7.15056301132961,2.74382059840734,5.1827148065967,6.75544692178454,8.4205646035026,1,2
4,34,40,7.15056301132961,2.74382059840734,6.18872564799444,5.12339566351307,8.30945772050069,1,2
4,34,41,7.15056301132961,2.74382059840734,5.8624047580486,5.59012020357569,8.25264140180679,1,2
4,34,44,7.15056301132961,2.74382059840734,5.2880087027595,6.49356243611093,8.49935316715513,1,2
4,34,45,7.15056301132961,2.74382059840734,6.40704711918748,5.79940741337852,8.73609263421214,1,2
4,34,46,7.15056301132961,2.74382059840734,4.51442409532727,5.64440805442569,7.79840218888055,1,2
4,34,48,7.15056301132961,2.74382059840734,6.3799652305128,5.4175726290076,8.4227304922048,1,2
4,34,50,7.15056301132961,2.74382059840734,4.86712602485746,5.51113467293134,7.97299921973435,1,2
4,34,53,7.15056301132961,2.74382059840734,7.00228058919966,5.82467763552476,8.53395420584748,1,2
4,34,55,7.15056301132961,2.74382059840734,5.82565242816901,5.68501830427015,8.65076805813351,1,2
4,34,56,7.15056301132961,2.74382059840734,7.09691025391918,5.18111216001584,8.60504683314528,1,2
4,34,58,7.15056301132961,2.74382059840734,6.08995739271327,5.88866826643888,8.61778579191819,1,2
4,34,59,7.15056301132961,2.74382059840734,5.95587919738341,6.25906697918425,8.41444572738293,1,2
4,34,60,7.15056301132961,2.74382059840734,3.88434363379971,6.65155053589229,8.58819533751549,1,2
4,34,63,7.15056301132961,2.74382059840734,5.99666413390625,5.27947597391492,8.58856676735955,1,2
4,34,64,7.15056301132961,2.74382059840734,4.42765357807612,6.09866945567254,8.0594331598318,1,2
4,34,65,7.15056301132961,2.74382059840734,3.66757008399438,5.34072426741542,8.47016598149033,1,2
4,34,67,7.15056301132961,2.74382059840734,4.34060397901851,6.59145043203138,8.50065569942728,1,2
4,34,68,7.15056301132961,2.74382059840734,3.61842904484965,4.99231446801014,8.23726026416564,1,2
4,34,69,7.15056301132961,2.74382059840734,5.83050912138645,6.52650950113494,8.43275652412691,1,2
4,34,70,7.15056301132961,2.74382059840734,6.05051568024456,5.54999556056694,8.66375967535848,1,2
4,34,71,7.15056301132961,2.74382059840734,3.85445118648862,5.37291226330842,8.32372033880651,1,2
4,34,72,7.15056301132961,2.74382059840734,6.05694392226942,6.25234580930431,8.45851531331269,1,2
4,34,74,7.15056301132961,2.74382059840734,6.84236188361127,6.18151955219941,8.58827380738819,1,2
4,34,78,7.15056301132961,2.74382059840734,6.11523987250228,5.9413513728081,8.44043137747779,1,2
4,34,80,7.15056301132961,2.74382059840734,4.53798460305293,7.28201708813733,8.45234907675129,1,2
4,35,2,7.15056301132961,2.74382059840734,4.44568485822444,6.45555495893323,8.99428493803315,1,2
4,35,3,7.15056301132961,2.74382059840734,3.60653349559277,5.26593484193401,8.78251770281945,1,2
4,35,4,7.15056301132961,2.74382059840734,4.20346434768045,5.66412841053744,8.43745925804388,1,2
4,35,5,7.15056301132961,2.74382059840734,5.1947103316839,6.09770118078894,8.83783086066478,1,2
4,35,7,7.15056301132961,2.74382059840734,6.44189699512762,5.95290385039903,8.40539204096973,1,2
4,35,9,7.15056301132961,2.74382059840734,4.61316394872285,6.21278736760092,8.66295485445549,1,2
4,35,10,7.15056301132961,2.74382059840734,6.43047336631137,7.33300009198434,8.83242531648717,1,2
4,35,12,7.15056301132961,2.74382059840734,3.54479751076608,6.29312696003044,8.4819516821092,1,2
4,35,13,7.15056301132961,2.74382059840734,5.00040404224501,6.50512767738304,8.85978708223715,1,2
4,35,14,7.15056301132961,2.74382059840734,7.46203555596448,6.45047039205465,9.23825126784436,1,2
4,35,15,7.15056301132961,2.74382059840734,6.170868567447,6.75561711225326,8.84018064198409,1,2
4,35,19,7.15056301132961,2.74382059840734,5.22820873307636,6.37747671604853,8.52095951501147,1,2
4,35,20,7.15056301132961,2.74382059840734,3.84491026960243,6.24706691254019,8.77273672213769,1,2
4,35,21,7.15056301132961,2.74382059840734,5.55975664283188,6.78255271131642,8.63387083100738,1,2
4,35,22,7.15056301132961,2.74382059840734,5.35597180545461,5.63861584861898,8.93313050941918,1,2
4,35,23,7.15056301132961,2.74382059840734,6.50697199685832,5.27913925715431,8.34675773660365,1,2
4,35,25,7.15056301132961,2.74382059840734,5.42725256366544,6.01849474595506,8.45805080984335,1,2
4,35,26,7.15056301132961,2.74382059840734,5.54694552368526,6.48118160398517,8.05294583113793,1,2
4,35,27,7.15056301132961,2.74382059840734,4.85613506048986,5.31055546715813,8.10805761953924,1,2
4,35,28,7.15056301132961,2.74382059840734,3.62487316118764,6.27457775165947,8.4574431333685,1,2
4,35,37,7.15056301132961,2.74382059840734,6.37442293493475,5.61990465469298,9.34786234643284,1,2
4,35,49,7.15056301132961,2.74382059840734,5.14965784260326,6.42387448272564,8.8726649934758,1,2
4,35,52,7.15056301132961,2.74382059840734,4.74633079874033,6.09408266502265,8.37822214818437,1,2
4,35,54,7.15056301132961,2.74382059840734,2.56844156210518,5.43401765055359,8.44123326979339,1,2
4,35,55,7.15056301132961,2.74382059840734,4.88834572402992,5.88829048926665,8.90298292210726,1,2
4,35,57,7.15056301132961,2.74382059840734,4.50376660298159,5.30104641387436,8.64996081349933,1,2
4,35,58,7.15056301132961,2.74382059840734,4.68764617307991,6.17175000872998,8.95326252976416,1,2
4,35,61,7.15056301132961,2.74382059840734,4.45967782379342,5.41485576528024,8.74976399722641,1,2
4,35,62,7.15056301132961,2.74382059840734,5.98820251216853,5.97414325967755,8.46062308257985,1,2
4,35,63,7.15056301132961,2.74382059840734,4.65099671667613,5.38138590145857,8.44478170718988,1,2
4,35,64,7.15056301132961,2.74382059840734,4.96650672586996,6.41141500582473,8.50053364659066,1,2
4,36,3,7.15056301132961,2.74382059840734,4.86560815608508,5.97499022438883,8.33506017183472,1,2
4,36,4,7.15056301132961,2.74382059840734,5.5275041402884,5.88009519055805,8.44885645576868,1,2
4,36,5,7.15056301132961,2.74382059840734,6.40783544445963,5.50803053776655,8.38838885483108,1,2
4,36,6,7.15056301132961,2.74382059840734,4.77336285491756,5.28351362715388,8.36740970411031,1,2
4,36,7,7.15056301132961,2.74382059840734,3.7928134808793,7.05249663743145,8.61722783315581,1,2
4,36,9,7.15056301132961,2.74382059840734,5.1452102937842,6.1458641669498,8.32127396891546,1,2
4,36,11,7.15056301132961,2.74382059840734,4.79780069366,5.4697871452776,7.76125211868361,1,2
4,36,14,7.15056301132961,2.74382059840734,3.76275188783428,6.28220690140661,8.62755415346543,1,2
4,36,15,7.15056301132961,2.74382059840734,6.731078302353,6.26464306362462,8.60993157819372,1,2
4,36,16,7.15056301132961,2.74382059840734,3.39501749449429,5.68158884101018,8.68562448718841,1,2
4,36,18,7.15056301132961,2.74382059840734,4.89837999381137,5.72083710979696,8.33410237984329,1,2
4,36,19,7.15056301132961,2.74382059840734,4.96326701250715,6.15666242300631,8.63025309942889,1,2
4,36,20,7.15056301132961,2.74382059840734,5.13273238122029,7.03412464584182,8.46581885296631,1,2
4,36,22,7.15056301132961,2.74382059840734,5.53379471355156,6.27148468479542,8.64591701248088,1,2
4,36,23,7.15056301132961,2.74382059840734,5.03906453502164,5.81290477778976,8.33453371432194,1,2
4,36,24,7.15056301132961,2.74382059840734,6.27589686334597,5.81989726344214,8.89044789834096,1,2
4,36,26,7.15056301132961,2.74382059840734,3.68144427009692,5.45031672400565,8.18658481557122,1,2
4,36,29,7.15056301132961,2.74382059840734,5.6817142654348,5.89159433358246,8.73265363189819,1,2
4,36,30,7.15056301132961,2.74382059840734,5.92321308548196,5.87105835578265,8.76107190266097,1,2
4,36,33,7.15056301132961,2.74382059840734,6.12282147604023,6.19061308084495,8.32445440399936,1,2
4,36,36,7.15056301132961,2.74382059840734,7.05319171105428,5.74346078867577,8.91487198844249,1,2
4,36,37,7.15056301132961,2.74382059840734,3.58185246239388,6.85822805929159,8.30150553959556,1,2
4,36,38,7.15056301132961,2.74382059840734,4.71784233986681,6.72252361359725,8.42346193139544,1,2
4,36,39,7.15056301132961,2.74382059840734,5.67898474140174,5.17096433295525,8.58070886893554,1,2
4,36,40,7.15056301132961,2.74382059840734,6.53804901654604,6.21601569455052,8.7164442798979,1,2
4,36,42,7.15056301132961,2.74382059840734,2.98177456410729,6.24571290330086,7.95813658705761,1,2
4,36,43,7.15056301132961,2.74382059840734,3.81866864459972,6.3990469086765,8.38256094357764,1,2
4,36,45,7.15056301132961,2.74382059840734,2.74621631121404,5.65003857136397,8.55185881028665,1,2
4,36,50,7.15056301132961,2.74382059840734,5.08845529964314,5.9154281715908,8.84761177739374,1,2
4,36,53,7.15056301132961,2.74382059840734,5.58134715471683,5.82840470719785,8.33447647013144,1,2
4,36,56,7.15056301132961,2.74382059840734,4.32357765548548,6.23482812184481,8.34553987245341,1,2
4,36,58,7.15056301132961,2.74382059840734,4.15144186320022,6.10862275148192,8.07521313281937,1,2
4,36,62,7.15056301132961,2.74382059840734,4.58900486054845,5.74801129145621,8.29827264394111,1,2
4,36,64,7.15056301132961,2.74382059840734,5.59647480651946,5.47912306537279,8.11361275242319,1,2
4,37,1,7.15056301132961,2.74382059840734,5.50494462922305,4.98256964443717,9.0077517062585,1,2
4,37,2,7.15056301132961,2.74382059840734,6.39128504118541,6.57022309422367,9.03108310558411,1,2
4,37,3,7.15056301132961,2.74382059840734,4.20201945781254,5.14130087309871,8.02405757081278,1,2
4,37,4,7.15056301132961,2.74382059840734,3.73428795979714,6.90908856048875,8.83900131932182,1,2
4,37,6,7.15056301132961,2.74382059840734,6.19930448472846,5.9461530873607,8.84586581520507,1,2
4,37,7,7.15056301132961,2.74382059840734,7.55178562287013,6.20094014424387,8.90503211587146,1,2
4,37,8,7.15056301132961,2.74382059840734,6.77108800626251,6.17012437623016,8.37800643738974,1,2
4,37,9,7.15056301132961,2.74382059840734,6.41835839780539,5.74833584263353,8.88819300037673,1,2
4,37,11,7.15056301132961,2.74382059840734,4.85503741822295,5.857183270395,8.50993801959433,1,2
4,37,13,7.15056301132961,2.74382059840734,4.67648933010828,6.24652843120883,8.42960983422372,1,2
4,37,14,7.15056301132961,2.74382059840734,6.14633304934211,6.33108519357126,8.69808538135299,1,2
4,37,15,7.15056301132961,2.74382059840734,6.10419953061509,6.35206352385708,9.10285729706663,1,2
4,37,16,7.15056301132961,2.74382059840734,5.9191118666181,5.9550097868359,8.80343513183327,1,2
4,37,17,7.15056301132961,2.74382059840734,5.67716875204352,5.82421656341187,8.98356116630655,1,2
4,37,18,7.15056301132961,2.74382059840734,5.39482641276128,5.42036189730199,8.24859321117611,1,2
4,37,20,7.15056301132961,2.74382059840734,4.60976107023645,6.89446912141616,8.27002242819265,1,2
4,37,22,7.15056301132961,2.74382059840734,5.45288583198819,5.61526960904684,8.65248445126842,1,2
4,37,25,7.15056301132961,2.74382059840734,5.67605684722303,6.67993708684013,9.22484845863618,1,2
4,37,26,7.15056301132961,2.74382059840734,4.55600475294983,6.98830678287657,8.71383885836924,1,2
4,37,29,7.15056301132961,2.74382059840734,4.95784622833067,6.0656405862062,8.94067180267658,1,2
4,37,30,7.15056301132961,2.74382059840734,5.26395814217665,5.78488536942939,8.60428403030262,1,2
4,37,31,7.15056301132961,2.74382059840734,3.78997624608456,5.55698018147913,8.51348441153158,1,2
4,37,32,7.15056301132961,2.74382059840734,5.88078566288143,5.8039712429551,8.89795876132314,1,2
4,37,33,7.15056301132961,2.74382059840734,3.47630748724392,6.19945742299847,8.40567336433422,1,2
4,37,35,7.15056301132961,2.74382059840734,4.24949331964884,5.81927896491817,8.7020375524202,1,2
4,37,36,7.15056301132961,2.74382059840734,6.1719746971908,5.67161498847404,9.00969988793878,1,2
4,37,38,7.15056301132961,2.74382059840734,4.65644709131477,6.34060539210672,8.84877494812178,1,2
4,37,39,7.15056301132961,2.74382059840734,4.14890097660806,6.03859238093884,8.27252002161308,1,2
4,37,48,7.15056301132961,2.74382059840734,4.97128027949542,6.07771239871682,8.40662015658056,1,2
4,37,50,7.15056301132961,2.74382059840734,5.7273521209465,6.48905571030175,8.32493756366451,1,2
4,37,51,7.15056301132961,2.74382059840734,3.77039221990822,6.13011690249218,8.47614499603598,1,2
4,37,52,7.15056301132961,2.74382059840734,7.16282404705475,4.81263665758571,8.64564219164953,1,2
4,37,53,7.15056301132961,2.74382059840734,4.28609530888158,6.14398247799001,8.86274346993875,1,2
4,37,54,7.15056301132961,2.74382059840734,5.3705200903394,5.08983431753164,8.62209332828902,1,2
4,37,55,7.15056301132961,2.74382059840734,4.86944926604635,6.22452530174662,9.39705897646256,1,2
4,37,56,7.15056301132961,2.74382059840734,5.87831202390457,5.54187964252335,8.65323008494073,1,2
4,37,59,7.15056301132961,2.74382059840734,5.10806224664274,5.46494216812215,9.02294492810294,1,2
4,37,60,7.15056301132961,2.74382059840734,5.2348327780093,5.88784348817091,8.53882257618817,1,2
4,37,61,7.15056301132961,2.74382059840734,2.5292188213983,5.30954702380987,8.38898936465031,1,2
4,37,63,7.15056301132961,2.74382059840734,4.32608426146135,5.47993907876117,8.58659880253276,1,2
4,37,64,7.15056301132961,2.74382059840734,5.84987600668606,5.65557755757371,8.57030839034795,1,2
4,37,67,7.15056301132961,2.74382059840734,6.50851374760198,5.84877989369628,9.26988320647871,1,2
4,37,68,7.15056301132961,2.74382059840734,4.83753690076316,6.84759903195722,8.85800710234446,1,2
4,37,69,7.15056301132961,2.74382059840734,5.53661800357652,6.24597213629196,8.38426803024542,1,2
4,37,78,7.15056301132961,2.74382059840734,4.96076581922197,6.06460980232387,9.17966303329574,1,2
4,37,81,7.15056301132961,2.74382059840734,4.20229175391625,5.11250642526696,8.62763790871826,1,2
4,37,82,7.15056301132961,2.74382059840734,2.8275113179189,6.60975773979878,8.54596074887189,1,2
4,37,85,7.15056301132961,2.74382059840734,4.80927255895731,7.39736584333626,8.85217773218092,1,2
4,37,86,7.15056301132961,2.74382059840734,5.45424487390995,5.76944186754115,8.59668440490602,1,2
4,37,87,7.15056301132961,2.74382059840734,4.84864128408936,6.02837681906082,8.64429259361021,1,2
4,38,1,7.15056301132961,2.74382059840734,4.94809778652209,6.55012748439326,8.85060538380392,1,2
4,38,2,7.15056301132961,2.74382059840734,5.72269181250942,5.98427521343418,8.83654950112924,1,2
4,38,3,7.15056301132961,2.74382059840734,4.49540854507527,6.73920134682546,8.68538255633428,1,2
4,38,7,7.15056301132961,2.74382059840734,5.16403519125817,5.58521198088041,8.7292461523392,1,2
4,38,9,7.15056301132961,2.74382059840734,4.36144521958056,5.32241652138283,8.40342926989139,1,2
4,38,10,7.15056301132961,2.74382059840734,5.12926435956014,6.29592231330196,9.14101231309735,1,2
4,38,13,7.15056301132961,2.74382059840734,5.39548290185749,6.71028991840978,8.68226839989358,1,2
4,38,16,7.15056301132961,2.74382059840734,5.25111627175433,5.85213141906658,9.10350759414305,1,2
4,38,19,7.15056301132961,2.74382059840734,3.61582091760241,7.1324718904502,8.58433742375428,1,2
4,38,20,7.15056301132961,2.74382059840734,2.9969634441363,6.13790871630688,8.36463012433792,1,2
4,38,21,7.15056301132961,2.74382059840734,4.64331691073035,5.9623441284638,8.85063612052776,1,2
4,38,23,7.15056301132961,2.74382059840734,3.99433164082271,5.81350417663823,8.78684698035535,1,2
4,38,29,7.15056301132961,2.74382059840734,3.71289530619487,5.97163344299868,8.2030707628129,1,2
4,38,33,7.15056301132961,2.74382059840734,4.99570505433302,6.45556648830408,8.58930032288447,1,2
4,38,34,7.15056301132961,2.74382059840734,6.49199720884117,5.81874551523582,8.67240348742179,1,2
4,38,35,7.15056301132961,2.74382059840734,4.3251541973211,6.92577320598304,8.49320628096253,1,2
4,38,37,7.15056301132961,2.74382059840734,5.10611768886358,6.28014678013045,9.16520770281283,1,2
4,38,40,7.15056301132961,2.74382059840734,4.40403787500521,6.15699469557076,8.57510987127444,1,2
4,38,41,7.15056301132961,2.74382059840734,6.2408858142423,5.46031586331621,9.09456431732732,1,2
4,38,45,7.15056301132961,2.74382059840734,5.04518253173979,6.19234076273283,8.3508798604257,1,2
4,38,46,7.15056301132961,2.74382059840734,4.242170094428,6.03877430138378,8.58936204499841,1,2
4,38,47,7.15056301132961,2.74382059840734,4.19470549626924,5.90197210106957,8.56178217013922,1,2
4,38,48,7.15056301132961,2.74382059840734,5.01999067997059,6.28453152019817,8.95134133226105,1,2
4,38,50,7.15056301132961,2.74382059840734,4.87262869601408,5.46365061739149,9.14924421525969,1,2
4,38,51,7.15056301132961,2.74382059840734,4.3854493295382,6.27057020223039,8.75092159823192,1,2
4,38,52,7.15056301132961,2.74382059840734,3.4903014640951,6.72909916653398,8.97815791053859,1,2
4,38,53,7.15056301132961,2.74382059840734,5.0135949104118,5.23205608201336,8.01233487224394,1,2
4,38,57,7.15056301132961,2.74382059840734,3.33917805734773,5.36022044767545,8.3822193956168,1,2
4,38,59,7.15056301132961,2.74382059840734,7.18003766301212,6.37374545356296,8.96824613431332,1,2
4,38,60,7.15056301132961,2.74382059840734,5.45883376817326,5.80895679181297,9.33418405346474,1,2
4,38,64,7.15056301132961,2.74382059840734,4.23790267678345,5.69651471805598,8.48786392593784,1,2
4,38,65,7.15056301132961,2.74382059840734,4.12839905019942,5.42891424593332,8.35687531528386,1,2
4,38,67,7.15056301132961,2.74382059840734,4.11656058824574,6.09490707600723,8.99786956435662,1,2
4,38,70,7.15056301132961,2.74382059840734,3.52976772649088,6.33469123467596,9.05839153980353,1,2
4,38,72,7.15056301132961,2.74382059840734,5.89734628225756,6.05247850067039,8.51206182753042,1,2
4,38,76,7.15056301132961,2.74382059840734,6.68973196907136,6.04886569360182,9.27302327818496,1,2
4,38,77,7.15056301132961,2.74382059840734,4.49882402378265,6.14606966176877,8.9238416892455,1,2
4,38,81,7.15056301132961,2.74382059840734,5.4133896321739,6.25127037903647,9.37047157493363,1,2
4,39,3,7.15056301132961,2.74382059840734,5.28167946894865,5.99148915081635,8.66673050085672,1,2
4,39,7,7.15056301132961,2.74382059840734,5.0691967566988,6.99408765516132,8.94926906594595,1,2
4,39,8,7.15056301132961,2.74382059840734,4.9806294250427,5.95379240731126,9.04086303977775,1,2
4,39,10,7.15056301132961,2.74382059840734,4.43674523248614,6.08075496150164,8.78889164518927,1,2
4,39,15,7.15056301132961,2.74382059840734,4.29998151288869,5.61174634314401,9.08665044609379,1,2
4,39,19,7.15056301132961,2.74382059840734,5.65076352300791,5.73645733956743,8.94872578531067,1,2
4,39,21,7.15056301132961,2.74382059840734,5.12211655737536,5.45409853412041,9.25006571773205,1,2
4,39,22,7.15056301132961,2.74382059840734,2.78286133750043,6.10166297448687,8.81320057287974,1,2
4,39,23,7.15056301132961,2.74382059840734,5.34184790066238,6.10763268477319,8.7922934678915,1,2
4,39,27,7.15056301132961,2.74382059840734,5.083281455017,5.8926991270783,8.49611899681882,1,2
4,39,28,7.15056301132961,2.74382059840734,6.61059232209693,5.68995580193005,9.16626926125204,1,2
4,39,29,7.15056301132961,2.74382059840734,3.5017740864509,6.01316095730955,8.52745539026205,1,2
4,39,30,7.15056301132961,2.74382059840734,4.34926297974047,6.00018926409276,8.66772380085413,1,2
4,39,33,7.15056301132961,2.74382059840734,5.1633563616997,6.4698295947642,8.94114253584242,1,2
4,39,34,7.15056301132961,2.74382059840734,3.01439408707425,5.53007181766814,8.64118986675777,1,2
4,39,35,7.15056301132961,2.74382059840734,4.7962665249195,5.99067246086811,9.08807584174683,1,2
4,39,36,7.15056301132961,2.74382059840734,3.30783896177989,6.1448650590491,8.41036627071837,1,2
4,39,38,7.15056301132961,2.74382059840734,4.07245574479093,6.42123425203107,8.28731721195712,1,2
4,39,41,7.15056301132961,2.74382059840734,5.76354038544582,6.41342491185501,8.46416756685911,1,2
4,39,43,7.15056301132961,2.74382059840734,6.22734229427412,5.22106717256999,8.89945822288983,1,2
4,39,44,7.15056301132961,2.74382059840734,4.45894494819427,6.02847220191185,8.52412483545874,1,2
4,39,45,7.15056301132961,2.74382059840734,5.34701174257005,5.4649959922631,8.10967026887419,1,2
4,39,46,7.15056301132961,2.74382059840734,5.27303366486779,6.07506366094607,8.82037631535275,1,2
4,39,49,7.15056301132961,2.74382059840734,5.74431687659984,4.81799620020225,8.6458643848597,1,2
4,39,50,7.15056301132961,2.74382059840734,5.0819902081957,7.43238498083795,9.16943155826771,1,2
4,39,52,7.15056301132961,2.74382059840734,3.84952517485996,6.70017470696757,8.49040874655667,1,2
4,39,54,7.15056301132961,2.74382059840734,3.92599594509721,5.76742843270038,9.00788610135339,1,2
4,39,55,7.15056301132961,2.74382059840734,4.50702997900241,7.52241522276268,8.70939599684111,1,2
4,39,56,7.15056301132961,2.74382059840734,4.50681543978187,5.75929494100719,8.60890973636866,1,2
4,39,57,7.15056301132961,2.74382059840734,4.97227470315629,6.59950692746039,8.91274903568558,1,2
4,39,60,7.15056301132961,2.74382059840734,3.97456322783387,6.49084415488701,8.51680821738006,1,2
4,39,62,7.15056301132961,2.74382059840734,2.6829601146113,5.494325863655,8.41477265984886,1,2
4,39,67,7.15056301132961,2.74382059840734,6.56886932683745,6.20323912395987,8.9660785727922,1,2
4,39,68,7.15056301132961,2.74382059840734,5.42171273457228,5.67316834025101,8.94221599079971,1,2
4,39,69,7.15056301132961,2.74382059840734,6.83642394026636,6.73302181818449,9.42438327771758,1,2
4,39,70,7.15056301132961,2.74382059840734,4.39130310028719,6.16676034493212,8.55144985291526,1,2
4,39,72,7.15056301132961,2.74382059840734,4.48885512747732,5.89189664889586,8.75881131609455,1,2
4,39,73,7.15056301132961,2.74382059840734,5.6577577404675,5.43648331074809,9.42619372723325,1,2
4,39,75,7.15056301132961,2.74382059840734,6.27757599262006,5.77310340265035,9.2829703843546,1,2
4,39,76,7.15056301132961,2.74382059840734,6.67451144541631,5.31929657578328,8.65976457095094,1,2
4,39,78,7.15056301132961,2.74382059840734,2.84521317619094,6.58046327021626,8.38053783889239,1,2
4,39,80,7.15056301132961,2.74382059840734,4.26092367283101,5.23055416161745,8.77406079569472,1,2
4,39,81,7.15056301132961,2.74382059840734,5.35950352453705,5.87455468077315,8.96363337932878,1,2
4,40,1,7.15056301132961,2.74382059840734,5.53689307194054,6.04936680937505,9.32948188044751,1,2
4,40,3,7.15056301132961,2.74382059840734,3.3137093521119,5.3916943930707,9.05895241527524,1,2
4,40,4,7.15056301132961,2.74382059840734,5.34863555858922,5.5854149243479,8.22455169662686,1,2
4,40,7,7.15056301132961,2.74382059840734,4.70913915909781,6.69305065307917,8.88569063603778,1,2
4,40,10,7.15056301132961,2.74382059840734,5.11662302512846,4.83506016354298,8.60355741192266,1,2
4,40,13,7.15056301132961,2.74382059840734,3.82118784520629,5.84101703524077,9.11237455356609,1,2
4,40,14,7.15056301132961,2.74382059840734,4.31754199731225,6.20080561824178,8.57064198949413,1,2
4,40,15,7.15056301132961,2.74382059840734,5.72583646918498,5.64239336923857,8.86229057266616,1,2
4,40,18,7.15056301132961,2.74382059840734,4.57448502705608,6.10087912975783,8.89952535586465,1,2
4,40,19,7.15056301132961,2.74382059840734,4.09718547609547,6.0454230854075,8.73796123777013,1,2
4,40,22,7.15056301132961,2.74382059840734,6.18775747590416,6.0049971879518,8.57634577680926,1,2
4,40,30,7.15056301132961,2.74382059840734,5.29858815176846,5.96339665755633,8.91143663259606,1,2
4,40,32,7.15056301132961,2.74382059840734,4.19866673024535,6.72807245408144,8.70541364176877,1,2
4,40,33,7.15056301132961,2.74382059840734,5.54891776386988,6.4009881794189,9.12911556652729,1,2
4,40,38,7.15056301132961,2.74382059840734,5.85192740636661,6.03372280858187,8.87268064356074,1,2
4,40,39,7.15056301132961,2.74382059840734,5.98692279071768,6.04282811605297,9.9794628890697,1,2
4,40,41,7.15056301132961,2.74382059840734,6.12592371807585,6.11333984678619,9.39331211383395,1,2
4,40,43,7.15056301132961,2.74382059840734,6.71630457963993,5.55512545855541,8.90356286300167,1,2
4,40,44,7.15056301132961,2.74382059840734,4.36476525600883,6.33536198435173,9.13987247863463,1,2
4,40,45,7.15056301132961,2.74382059840734,3.44816365090605,6.21629803975957,8.49091531075329,1,2
4,40,46,7.15056301132961,2.74382059840734,2.8388325540303,6.26634893432053,8.56880575201817,1,2
4,40,48,7.15056301132961,2.74382059840734,5.83294454717892,5.8378746946051,9.44067637809112,1,2
4,40,54,7.15056301132961,2.74382059840734,5.77173843763931,6.26318498770867,8.92039097347048,1,2
4,40,56,7.15056301132961,2.74382059840734,6.2065614983827,6.17828681275259,9.44941064416758,1,2
4,40,57,7.15056301132961,2.74382059840734,3.07568365942188,5.3571696795197,8.82576165139646,1,2
4,40,58,7.15056301132961,2.74382059840734,6.49407664966915,6.40563561986815,9.15217485699868,1,2
4,40,60,7.15056301132961,2.74382059840734,4.76619380305993,6.9502733711591,8.26119841215734,1,2
4,40,61,7.15056301132961,2.74382059840734,4.69763645091789,6.47883921131348,8.93949968958244,1,2
4,40,62,7.15056301132961,2.74382059840734,5.83953106702707,6.12139741423998,8.79473516474613,1,2
4,40,64,7.15056301132961,2.74382059840734,5.26823900721228,5.66591597373918,9.15273487010461,1,2
4,40,65,7.15056301132961,2.74382059840734,6.00119208352554,5.68118121290069,9.04122470316515,1,2
4,40,66,7.15056301132961,2.74382059840734,5.26157539855039,6.17388238774885,8.71753366760786,1,2
4,40,67,7.15056301132961,2.74382059840734,4.15460700968542,5.23335284652883,8.64687832607987,1,2
4,40,70,7.15056301132961,2.74382059840734,4.58729085902291,6.85749487301405,9.01186807150303,1,2
4,40,73,7.15056301132961,2.74382059840734,4.60966672673415,6.3160964214712,8.71242981177612,1,2
4,40,74,7.15056301132961,2.74382059840734,5.82709274766211,5.799916734867,8.88671446681817,1,2
4,40,77,7.15056301132961,2.74382059840734,5.85118444405422,6.74633624318815,9.1573062097287,1,2
4,40,79,7.15056301132961,2.74382059840734,6.53916834899848,6.34880000991908,8.75542504779739,1,2
4,40,80,7.15056301132961,2.74382059840734,4.19536036088213,6.57340907494599,8.76879311067084,1,2
4,40,81,7.15056301132961,2.74382059840734,4.17154647293263,6.18968464268327,8.50588152376685,1,2
4,40,82,7.15056301132961,2.74382059840734,3.63894699487459,5.15576344493181,9.15707885095208,1,2
4,41,1,7.15056301132961,2.74382059840734,5.69746987495713,5.8427790926946,8.85214631919553,1,2
4,41,2,7.15056301132961,2.74382059840734,5.2267496913483,5.75803867041371,8.92228759608816,1,2
4,41,3,7.15056301132961,2.74382059840734,4.11802993575263,5.57737788989665,8.92579044081133,1,2
4,41,8,7.15056301132961,2.74382059840734,6.87248860903401,5.8087943602766,9.28585208128424,1,2
4,41,10,7.15056301132961,2.74382059840734,4.74224560201878,6.42974937073737,9.63284688348732,1,2
4,41,12,7.15056301132961,2.74382059840734,5.37852626092767,6.58986932140403,8.99845597763764,1,2
4,41,15,7.15056301132961,2.74382059840734,4.62429542176543,5.65540019286142,9.41513666881682,1,2
4,41,17,7.15056301132961,2.74382059840734,4.04565204554139,6.31766200955873,9.04645871404916,1,2
4,41,20,7.15056301132961,2.74382059840734,5.83355087652515,5.96020266851294,9.14382329112664,1,2
4,41,21,7.15056301132961,2.74382059840734,5.20451389437314,5.37051280559449,8.72278527522433,1,2
4,41,22,7.15056301132961,2.74382059840734,3.08472142892244,6.40299466926243,8.08846929922579,1,2
4,41,25,7.15056301132961,2.74382059840734,6.08832567372359,6.53788766923051,8.46622121917264,1,2
4,41,26,7.15056301132961,2.74382059840734,3.40714991087822,5.65474130732044,8.60092610054107,1,2
4,41,28,7.15056301132961,2.74382059840734,5.48503309069119,5.54297907834697,9.601899464252,1,2
4,41,29,7.15056301132961,2.74382059840734,5.03585068515554,6.9506195442241,9.02621628989206,1,2
4,41,31,7.15056301132961,2.74382059840734,6.74777977860923,6.11259610068943,9.25123295614836,1,2
4,41,32,7.15056301132961,2.74382059840734,3.75019607547066,6.83655487860072,8.55665548500308,1,2
4,41,35,7.15056301132961,2.74382059840734,4.32936721852928,5.32061651390473,8.9980655069841,1,2
4,41,36,7.15056301132961,2.74382059840734,5.17531652969835,6.37505340861823,8.99985314613863,1,2
4,41,37,7.15056301132961,2.74382059840734,4.70143545758844,5.58210404316267,8.46874387901768,1,2
4,41,41,7.15056301132961,2.74382059840734,5.50613291871074,5.88259730388651,9.33040774387987,1,2
4,41,46,7.15056301132961,2.74382059840734,5.46520542851802,6.01075554139136,9.36016479050722,1,2
4,41,48,7.15056301132961,2.74382059840734,4.67955653185959,5.83992083164858,9.14264402520986,1,2
4,41,49,7.15056301132961,2.74382059840734,4.91327780830048,6.44167589860392,8.93050525564178,1,2
4,41,56,7.15056301132961,2.74382059840734,4.9823062879298,6.62180380917196,8.85117347513588,1,2
4,41,61,7.15056301132961,2.74382059840734,4.47605515355008,6.9064466452106,9.18875995765766,1,2
4,41,62,7.15056301132961,2.74382059840734,4.98243562616115,6.23767800935941,8.9678901112313,1,2
4,41,63,7.15056301132961,2.74382059840734,6.12925178276653,6.03643364994045,8.84052147939728,1,2
4,41,64,7.15056301132961,2.74382059840734,4.20751054296853,6.15749973150924,8.80299405991011,1,2
5,1,4,7.79448093178851,2.50718218570106,6.55303683978509,6.34395684310596,2.9007556062227,1,2
5,1,6,7.79448093178851,2.50718218570106,2.94404246117349,6.76128468274933,2.86715562568573,1,2
5,1,7,7.79448093178851,2.50718218570106,3.08322897475375,6.57656799521051,2.95269992002569,1,2
5,1,8,7.79448093178851,2.50718218570106,4.44356067934583,5.78681282381306,2.42439193771017,1,2
5,1,9,7.79448093178851,2.50718218570106,5.437787483559,5.93481891163502,2.51508723190186,1,2
5,1,10,7.79448093178851,2.50718218570106,4.6852701518409,6.56205642791857,2.96172805306939,1,2
5,1,13,7.79448093178851,2.50718218570106,4.83780145313518,6.56049888796364,2.8160849648166,1,2
5,1,14,7.79448093178851,2.50718218570106,5.15614509639145,5.64932638680133,2.72279616902571,1,2
5,1,21,7.79448093178851,2.50718218570106,7.05352100273439,5.85393321990221,2.59474521527297,1,2
5,1,22,7.79448093178851,2.50718218570106,4.0900565805829,6.64140073444907,3.11709584433212,1,2
5,1,24,7.79448093178851,2.50718218570106,5.77709236104107,6.11142687277943,2.7646220331859,1,2
5,1,25,7.79448093178851,2.50718218570106,5.84264059461981,6.05045808618422,2.76654414195763,1,2
5,1,26,7.79448093178851,2.50718218570106,2.86350842357007,6.07781822862983,2.78423478591633,1,2
5,1,29,7.79448093178851,2.50718218570106,5.22838096457134,6.30424048129618,2.78983952423173,1,2
5,1,30,7.79448093178851,2.50718218570106,5.31532123324027,5.78166637607246,2.88344802510272,1,2
5,1,33,7.79448093178851,2.50718218570106,4.69706389453229,5.39085322529045,2.42983945946589,1,2
5,1,36,7.79448093178851,2.50718218570106,6.05897350775891,5.49449056466029,2.45113818578288,1,2
5,1,39,7.79448093178851,2.50718218570106,7.72852675301375,6.31491183537616,2.95117784294173,1,2
5,1,43,7.79448093178851,2.50718218570106,4.73020395834586,5.47726954372126,2.55017245285312,1,2
5,1,44,7.79448093178851,2.50718218570106,6.86008835173137,5.95502032470133,2.68191709147028,1,2
5,1,47,7.79448093178851,2.50718218570106,5.16098425798135,5.82810244713677,2.63524389790714,1,2
5,1,52,7.79448093178851,2.50718218570106,4.32556058913971,5.68815727476853,2.4921008475466,1,2
5,1,53,7.79448093178851,2.50718218570106,6.00329544268049,6.04608284398946,2.61161281694649,1,2
5,1,56,7.79448093178851,2.50718218570106,6.17455268691371,5.88069538036939,2.5696624446591,1,2
5,1,59,7.79448093178851,2.50718218570106,5.35043157846569,6.44932563483112,2.8472458224727,1,2
5,1,60,7.79448093178851,2.50718218570106,5.50175046370527,6.36701240184228,2.85072687265366,1,2
5,1,63,7.79448093178851,2.50718218570106,4.48172773349007,6.95230271605582,3.09918085388369,1,2
5,1,65,7.79448093178851,2.50718218570106,3.41291775065597,6.46778043463165,2.83391534843401,1,2
5,1,66,7.79448093178851,2.50718218570106,5.02702510716422,6.74993245754387,2.75914933282701,1,2
5,1,67,7.79448093178851,2.50718218570106,4.43775416210611,5.38279780956749,2.61642459789615,1,2
5,1,71,7.79448093178851,2.50718218570106,3.45225310470538,4.92230267190017,2.06104916511909,1,2
5,1,74,7.79448093178851,2.50718218570106,3.57787147740545,5.51972576946707,2.59017101801596,1,2
5,1,75,7.79448093178851,2.50718218570106,5.64131598661158,6.34633848155829,2.94421704460004,1,2
5,1,76,7.79448093178851,2.50718218570106,5.8506890336436,6.65519192069245,2.823855892428,1,2
5,1,77,7.79448093178851,2.50718218570106,5.13787681793723,6.50823453648262,2.89131333289724,1,2
5,1,79,7.79448093178851,2.50718218570106,6.03125010314188,6.01511223013049,2.55127793404732,1,2
5,1,83,7.79448093178851,2.50718218570106,5.21069459233388,5.86545017627496,2.6065183962794,1,2
5,1,88,7.79448093178851,2.50718218570106,4.06833799177374,6.08444307369258,2.62399362660681,1,2
5,1,94,7.79448093178851,2.50718218570106,5.20078502535552,5.93657798209458,2.71955814480243,1,2
5,1,95,7.79448093178851,2.50718218570106,3.98036625610568,5.8410289761525,2.73032597509908,1,2
5,1,97,7.79448093178851,2.50718218570106,4.96241259661949,6.78949129294967,3.02857676632915,1,2
5,2,6,7.79448093178851,2.50718218570106,4.06899810249618,6.2035324622477,4.00905126447203,1,2
5,2,7,7.79448093178851,2.50718218570106,3.99860851799057,6.48542804249814,4.13100608814638,1,2
5,2,9,7.79448093178851,2.50718218570106,4.33256541262507,5.92731805761488,3.90469395099003,1,2
5,2,11,7.79448093178851,2.50718218570106,4.14311374468843,5.74703982979096,3.80791617391582,1,2
5,2,14,7.79448093178851,2.50718218570106,5.01950014934249,5.74919864239072,3.80374596885877,1,2
5,2,17,7.79448093178851,2.50718218570106,2.82740848707691,5.44331486569241,3.80237668273674,1,2
5,2,18,7.79448093178851,2.50718218570106,4.16254113017396,6.1490009201604,3.89295156162338,1,2
5,2,19,7.79448093178851,2.50718218570106,5.10389543462669,5.9035524826224,3.74584866256107,1,2
5,2,20,7.79448093178851,2.50718218570106,4.93621165532435,6.55509626538977,4.03696577094474,1,2
5,2,21,7.79448093178851,2.50718218570106,4.23591837437782,5.78064483142332,3.79480928532334,1,2
5,2,23,7.79448093178851,2.50718218570106,5.24847323830909,6.13206443657213,3.91434421745424,1,2
5,2,32,7.79448093178851,2.50718218570106,5.78430460005233,6.28594077312037,3.93384564540581,1,2
5,2,35,7.79448093178851,2.50718218570106,7.14878116868657,6.08746988556139,4.10183476316691,1,2
5,2,36,7.79448093178851,2.50718218570106,6.48445867430207,5.59906933519662,3.91885458137626,1,2
5,2,37,7.79448093178851,2.50718218570106,6.4105131793739,6.43156115749225,4.16435476156654,1,2
5,2,40,7.79448093178851,2.50718218570106,4.01021132881693,5.20006832010874,3.71575979429955,1,2
5,2,41,7.79448093178851,2.50718218570106,6.34290284206237,6.69226475538262,4.09649707520004,1,2
5,2,42,7.79448093178851,2.50718218570106,5.57914333220711,6.68164704054579,4.19768311293707,1,2
5,2,44,7.79448093178851,2.50718218570106,4.50054123713645,5.99761377866397,3.9949174728328,1,2
5,2,45,7.79448093178851,2.50718218570106,5.9447903374097,5.48905585310212,3.8162877323032,1,2
5,2,46,7.79448093178851,2.50718218570106,4.755441639422,6.16710084165412,3.95897192301277,1,2
5,2,51,7.79448093178851,2.50718218570106,3.09465369827887,5.15911416707833,3.60349512625512,1,2
5,2,53,7.79448093178851,2.50718218570106,3.37748475008058,6.64237983438498,4.11623568049847,1,2
5,2,56,7.79448093178851,2.50718218570106,4.76386268378723,6.11767969324846,3.95693158331052,1,2
5,2,57,7.79448093178851,2.50718218570106,4.90571092939188,6.31142396519777,4.0612548670932,1,2
5,2,60,7.79448093178851,2.50718218570106,6.30512148995255,5.76107332955009,3.74643484395364,1,2
5,2,63,7.79448093178851,2.50718218570106,2.84005621299372,5.78785976767395,3.89338683390544,1,2
5,3,1,7.79448093178851,2.50718218570106,5.93147578945747,5.82408861127956,4.32962351760265,1,2
5,3,4,7.79448093178851,2.50718218570106,5.20816961107268,5.9634049502758,4.29470683654101,1,2
5,3,5,7.79448093178851,2.50718218570106,5.10394532286709,6.37086450811404,4.49946911832658,1,2
5,3,6,7.79448093178851,2.50718218570106,3.45453384170481,5.32506295335432,4.14192655673316,1,2
5,3,7,7.79448093178851,2.50718218570106,6.67105974686862,5.95946781532708,4.55802769418244,1,2
5,3,8,7.79448093178851,2.50718218570106,7.32044364694137,6.44977597769567,4.59965318458508,1,2
5,3,9,7.79448093178851,2.50718218570106,3.25027559972533,6.38377001567796,4.52121547489314,1,2
5,3,10,7.79448093178851,2.50718218570106,4.91622074314717,5.64299918337243,4.39337936871013,1,2
5,3,11,7.79448093178851,2.50718218570106,1.9011941699445,5.96161700295457,4.59913875537594,1,2
5,3,12,7.79448093178851,2.50718218570106,4.3664644122931,5.92664841108174,4.35150991783884,1,2
5,3,14,7.79448093178851,2.50718218570106,4.72720559471767,6.1440471114224,4.55429553068704,1,2
5,3,16,7.79448093178851,2.50718218570106,5.59697470136421,5.64118828684553,4.29506910066713,1,2
5,3,18,7.79448093178851,2.50718218570106,4.77529343508581,5.97990653303006,4.40593594445886,1,2
5,3,20,7.79448093178851,2.50718218570106,4.60453004429609,5.05727738493024,4.13401623910821,1,2
5,3,21,7.79448093178851,2.50718218570106,5.78096428406788,7.1238669560881,5.00790247841027,1,2
5,3,22,7.79448093178851,2.50718218570106,4.86209354127043,5.49276163037896,4.27796648090682,1,2
5,3,27,7.79448093178851,2.50718218570106,6.18482355638171,6.50602875386892,4.6077320748588,1,2
5,3,30,7.79448093178851,2.50718218570106,5.22092962971819,5.97907200132342,4.29520624644375,1,2
5,3,31,7.79448093178851,2.50718218570106,5.24965032103725,5.96751557248652,4.44534486420407,1,2
5,3,32,7.79448093178851,2.50718218570106,5.01395218059069,5.6698694472233,4.26065439953241,1,2
5,3,33,7.79448093178851,2.50718218570106,3.93595713123993,5.85748887973246,4.3970466421802,1,2
5,3,34,7.79448093178851,2.50718218570106,7.23830471701143,5.69570842630429,4.37094302511864,1,2
5,3,35,7.79448093178851,2.50718218570106,5.06914609828359,5.74817941270805,4.46651014018066,1,2
5,3,36,7.79448093178851,2.50718218570106,6.77076399045454,5.4605356973362,4.12832119201931,1,2
5,3,38,7.79448093178851,2.50718218570106,4.60910724078086,6.18953345534972,4.53747699101475,1,2
5,3,40,7.79448093178851,2.50718218570106,5.68794504946703,5.82234255074221,4.27316918994267,1,2
5,3,44,7.79448093178851,2.50718218570106,5.98383035279884,6.15231552433859,4.36952051840654,1,2
5,3,45,7.79448093178851,2.50718218570106,4.53842566897586,6.56183271714881,4.62548738537653,1,2
5,3,46,7.79448093178851,2.50718218570106,5.67713091000569,6.74838483230121,4.64401286649614,1,2
5,3,50,7.79448093178851,2.50718218570106,4.85677071186094,5.98253816882185,4.48416329267712,1,2
5,3,55,7.79448093178851,2.50718218570106,5.69049626060523,6.13495037932094,4.57547269158543,1,2
5,3,56,7.79448093178851,2.50718218570106,5.0503226274354,6.76081112411797,4.69187529749833,1,2
5,3,57,7.79448093178851,2.50718218570106,4.58966087211257,5.32434394695726,4.20800345819938,1,2
5,3,58,7.79448093178851,2.50718218570106,6.07518447781821,5.65030759617033,4.26648215709642,1,2
5,3,59,7.79448093178851,2.50718218570106,4.71757392066133,5.92898596450372,4.42672161538041,1,2
5,3,60,7.79448093178851,2.50718218570106,5.97469458708139,6.14792695153451,4.49359019293344,1,2
5,3,62,7.79448093178851,2.50718218570106,5.07814355251671,5.78819727133803,4.38346815634281,1,2
5,3,64,7.79448093178851,2.50718218570106,4.05224594913769,5.73120872539125,4.39608095181425,1,2
5,3,65,7.79448093178851,2.50718218570106,3.85168534239596,5.29044082339899,4.12054607588424,1,2
5,3,66,7.79448093178851,2.50718218570106,4.1056264476195,5.42891141667888,4.32683000700603,1,2
5,3,69,7.79448093178851,2.50718218570106,3.97423301057389,6.83430436401965,4.78488257087179,1,2
5,3,70,7.79448093178851,2.50718218570106,6.05964000870313,6.009022583239,4.42610977657711,1,2
5,3,71,7.79448093178851,2.50718218570106,2.27799865306404,5.70914439987627,4.2343820425866,1,2
5,3,73,7.79448093178851,2.50718218570106,3.80582068463926,6.06895840230393,4.47328264037073,1,2
5,3,77,7.79448093178851,2.50718218570106,4.59751355324006,6.32342765850662,4.53207720456215,1,2
5,3,78,7.79448093178851,2.50718218570106,5.20630856487947,6.25822564762179,4.70232571192369,1,2
5,3,81,7.79448093178851,2.50718218570106,3.79768913691782,5.7484987753312,4.33034574012048,1,2
5,3,84,7.79448093178851,2.50718218570106,4.712844249407,5.92210818524597,4.32544942193629,1,2
5,3,85,7.79448093178851,2.50718218570106,6.01747645228615,5.81951658246709,4.32849456824158,1,2
5,3,86,7.79448093178851,2.50718218570106,4.36613216898504,6.27438617255011,4.35011326479611,1,2
5,3,88,7.79448093178851,2.50718218570106,5.05574705185622,6.77354555406858,4.76183203927956,1,2
5,3,89,7.79448093178851,2.50718218570106,4.5887557407266,6.25336495041587,4.4754689502256,1,2
5,3,90,7.79448093178851,2.50718218570106,4.86589349825593,5.62375051924617,4.35920884067453,1,2
5,3,91,7.79448093178851,2.50718218570106,5.48490425203016,4.82951954547554,3.81179568943575,1,2
5,3,96,7.79448093178851,2.50718218570106,3.44253492009448,6.41428295417173,4.56033406203321,1,2
5,3,98,7.79448093178851,2.50718218570106,4.85089985349432,6.097682446431,4.30950095863885,1,2
5,4,4,7.79448093178851,2.50718218570106,5.34885519835401,6.3157072719282,4.88571947673586,1,2
5,4,5,7.79448093178851,2.50718218570106,6.14853333853608,6.68196786325301,4.99804783929843,1,2
5,4,7,7.79448093178851,2.50718218570106,5.3642590119886,5.62344057206372,4.65160569648744,1,2
5,4,14,7.79448093178851,2.50718218570106,4.59058485721324,6.32621472755577,5.00981337136317,1,2
5,4,17,7.79448093178851,2.50718218570106,3.43484037172583,6.25470455731693,4.90023652347255,1,2
5,4,21,7.79448093178851,2.50718218570106,4.51121035667187,6.54628144136462,5.11082667286835,1,2
5,4,23,7.79448093178851,2.50718218570106,3.80565654983027,6.01955695795938,4.66914729066499,1,2
5,4,24,7.79448093178851,2.50718218570106,7.13928014013905,5.51740620346536,4.71383117267812,1,2
5,4,27,7.79448093178851,2.50718218570106,4.69825769317737,4.93517735262056,4.29614147100588,1,2
5,4,29,7.79448093178851,2.50718218570106,6.00483108344515,6.67571130692875,5.23788838019757,1,2
5,4,30,7.79448093178851,2.50718218570106,4.81099678774676,5.73444845857154,4.76224407244755,1,2
5,4,34,7.79448093178851,2.50718218570106,5.43524509835718,5.90553414461645,4.89706525941959,1,2
5,4,35,7.79448093178851,2.50718218570106,6.70120119544961,6.08415527452201,4.98016309516826,1,2
5,4,36,7.79448093178851,2.50718218570106,3.96291747043492,6.12904626203192,4.83795389471149,1,2
5,4,38,7.79448093178851,2.50718218570106,3.64532267864186,5.37820864976603,4.70244734728276,1,2
5,4,39,7.79448093178851,2.50718218570106,4.18927225432342,6.48789575286709,5.11079231314732,1,2
5,4,41,7.79448093178851,2.50718218570106,4.20940005551167,5.48481711200342,4.61545737237315,1,2
5,4,42,7.79448093178851,2.50718218570106,5.84607099293787,5.53141650612547,4.74992628037698,1,2
5,4,43,7.79448093178851,2.50718218570106,3.05261893577613,5.94115208267158,4.8500020305365,1,2
5,4,44,7.79448093178851,2.50718218570106,4.01858662625808,5.30427526131766,4.56626882628591,1,2
5,4,45,7.79448093178851,2.50718218570106,4.54013452788359,5.39480958891051,4.52852244486253,1,2
5,4,46,7.79448093178851,2.50718218570106,4.17016988861875,6.70234509887987,5.01088821649633,1,2
5,4,48,7.79448093178851,2.50718218570106,7.32347889346976,6.43033413341099,5.23575615031783,1,2
5,4,50,7.79448093178851,2.50718218570106,6.1225842045397,5.84836129076157,4.70859535589603,1,2
5,4,52,7.79448093178851,2.50718218570106,4.62145236488383,6.12704750739009,4.92878608466942,1,2
5,4,53,7.79448093178851,2.50718218570106,5.48638597057685,6.78543023882119,4.93375325618143,1,2
5,4,54,7.79448093178851,2.50718218570106,3.10396720883885,5.95460527320859,4.80116680371822,1,2
5,4,55,7.79448093178851,2.50718218570106,4.17280377996768,6.21914435349754,4.96125827076982,1,2
5,4,56,7.79448093178851,2.50718218570106,4.42384126093314,5.52114437052959,4.64333766401612,1,2
5,4,57,7.79448093178851,2.50718218570106,4.72821524554561,5.80328614120091,4.62585183473609,1,2
5,4,58,7.79448093178851,2.50718218570106,4.86093618100378,6.05902739671535,4.82223482991247,1,2
5,4,62,7.79448093178851,2.50718218570106,6.5408670590235,4.9073736962038,4.64542202230829,1,2
5,4,63,7.79448093178851,2.50718218570106,3.9588630992573,4.7772976769408,4.23526776049154,1,2
5,4,64,7.79448093178851,2.50718218570106,3.5857916129525,5.69371812655302,4.72488257654704,1,2
5,5,2,7.79448093178851,2.50718218570106,3.86713713036712,5.42544382485782,5.0925020419432,1,2
5,5,5,7.79448093178851,2.50718218570106,2.50654380850436,6.19178428338725,5.19800917908814,1,2
5,5,7,7.79448093178851,2.50718218570106,5.29278174111091,6.43863281593483,5.30449209528941,1,2
5,5,9,7.79448093178851,2.50718218570106,3.60421098678684,5.98986303217484,5.12462349939521,1,2
5,5,10,7.79448093178851,2.50718218570106,4.33319008559511,5.43157293269543,5.02473498123622,1,2
5,5,14,7.79448093178851,2.50718218570106,4.65456232460421,6.74018929738423,5.32282826013367,1,2
5,5,17,7.79448093178851,2.50718218570106,7.06190182103624,6.42946814388651,5.22935677927736,1,2
5,5,18,7.79448093178851,2.50718218570106,5.34879877631185,6.70788036876525,5.37431175484421,1,2
5,5,20,7.79448093178851,2.50718218570106,4.24032662897569,5.75283567626598,5.1216135183748,1,2
5,5,21,7.79448093178851,2.50718218570106,4.8014795950937,5.74561084647865,4.94711943077056,1,2
5,5,25,7.79448093178851,2.50718218570106,3.95804367317167,5.84382758815518,5.08860566468267,1,2
5,5,26,7.79448093178851,2.50718218570106,3.31346700871841,6.14124980905491,5.05458688984858,1,2
5,5,29,7.79448093178851,2.50718218570106,6.493329765933,6.60858803466661,5.43914300601884,1,2
5,5,31,7.79448093178851,2.50718218570106,5.08949264381269,5.10994902071088,4.85450127937828,1,2
5,5,32,7.79448093178851,2.50718218570106,5.48763237887878,5.3105054219955,4.78456474378921,1,2
5,5,35,7.79448093178851,2.50718218570106,3.55279442084445,6.09679151991521,5.12676760697511,1,2
5,5,37,7.79448093178851,2.50718218570106,7.03285091812358,5.33596350831133,4.70608468410696,1,2
5,5,39,7.79448093178851,2.50718218570106,5.63055540233904,6.94052825122496,5.42631867537394,1,2
5,5,41,7.79448093178851,2.50718218570106,4.65097092524488,6.28801466158576,5.17776427357829,1,2
5,5,42,7.79448093178851,2.50718218570106,3.08220723835452,6.68223783946359,5.45139806165543,1,2
5,5,46,7.79448093178851,2.50718218570106,3.93698212987736,6.33983831170908,5.3221806136803,1,2
5,5,47,7.79448093178851,2.50718218570106,3.06139060087346,6.64665241084168,5.22182565764466,1,2
5,5,48,7.79448093178851,2.50718218570106,5.18805738431754,5.80960476104392,5.18109512930217,1,2
5,5,50,7.79448093178851,2.50718218570106,5.63530531087313,5.76409700015123,5.1654309384659,1,2
5,5,55,7.79448093178851,2.50718218570106,4.37258067641923,5.60931167132571,4.94659560615744,1,2
5,5,59,7.79448093178851,2.50718218570106,4.97662141994801,5.61445729917676,4.95992607670738,1,2
5,5,60,7.79448093178851,2.50718218570106,4.38729121014222,6.75498048160165,5.35168680322263,1,2
5,5,61,7.79448093178851,2.50718218570106,5.0212298777017,5.55636475981394,5.12372653558997,1,2
5,5,62,7.79448093178851,2.50718218570106,4.61232664659007,6.15259292260291,5.34810540172394,1,2
5,5,65,7.79448093178851,2.50718218570106,4.56543536561422,6.02276985471696,5.03521138677501,1,2
5,5,68,7.79448093178851,2.50718218570106,6.25973874963149,5.96970301711924,5.12934834112423,1,2
5,5,69,7.79448093178851,2.50718218570106,5.70170856730643,5.78255716608176,5.16455663146264,1,2
5,6,4,7.79448093178851,2.50718218570106,5.2206294601437,5.24971746058731,5.08392620829625,1,2
5,6,6,7.79448093178851,2.50718218570106,3.96430660015806,6.06180124083078,5.72553208011103,1,2
5,6,7,7.79448093178851,2.50718218570106,4.9805894196083,5.37631203600947,5.18631436799176,1,2
5,6,8,7.79448093178851,2.50718218570106,5.83802458537776,5.71319642253256,5.33288521775393,1,2
5,6,9,7.79448093178851,2.50718218570106,5.53595631369452,6.25807961007165,5.71721904538919,1,2
5,6,10,7.79448093178851,2.50718218570106,3.49459771439861,5.52941334602459,5.25602511997728,1,2
5,6,11,7.79448093178851,2.50718218570106,4.88521245340315,5.68836264372112,5.37090431410084,1,2
5,6,12,7.79448093178851,2.50718218570106,3.86658318301962,5.94859602583799,5.51032976596713,1,2
5,6,15,7.79448093178851,2.50718218570106,3.45432511881825,5.84192431768967,5.23252351878751,1,2
5,6,16,7.79448093178851,2.50718218570106,3.01111779968753,6.06440772945806,5.55306841508888,1,2
5,6,19,7.79448093178851,2.50718218570106,5.56321099812067,6.13734773288798,5.61033146917529,1,2
5,6,21,7.79448093178851,2.50718218570106,6.21157126247216,4.9309760435589,5.13553609959802,1,2
5,6,22,7.79448093178851,2.50718218570106,4.16992713835223,5.6635352223706,5.27107412687893,1,2
5,6,23,7.79448093178851,2.50718218570106,3.17059526867807,6.45243901999737,5.65612677261375,1,2
5,6,26,7.79448093178851,2.50718218570106,3.17636324211029,5.65802177150011,5.26946479731512,1,2
5,6,28,7.79448093178851,2.50718218570106,6.46248957789574,5.37641129382739,5.15999450798921,1,2
5,6,29,7.79448093178851,2.50718218570106,6.81437987487905,6.47583702757097,5.7012617758482,1,2
5,6,30,7.79448093178851,2.50718218570106,3.92817465728236,6.17742247801093,5.2246419440224,1,2
5,6,31,7.79448093178851,2.50718218570106,4.30890862936562,7.05934466547454,5.76625302662121,1,2
5,6,32,7.79448093178851,2.50718218570106,4.30933222792608,5.49815281226612,5.22732959225621,1,2
5,6,33,7.79448093178851,2.50718218570106,4.689509763475,6.26191008790742,5.51557171685851,1,2
5,6,36,7.79448093178851,2.50718218570106,5.19048299005539,5.76540558881951,5.4891211713729,1,2
5,6,37,7.79448093178851,2.50718218570106,3.51802016693416,5.49378089485679,5.29014290210217,1,2
5,6,39,7.79448093178851,2.50718218570106,4.00288200145921,5.60434967231859,5.31902582188462,1,2
5,6,40,7.79448093178851,2.50718218570106,4.58636271593326,6.31452010218641,5.61002426324862,1,2
5,6,41,7.79448093178851,2.50718218570106,3.61935619375146,5.65848321036411,5.5182765546487,1,2
5,6,42,7.79448093178851,2.50718218570106,5.06472966486152,5.46343443429279,5.23822598254085,1,2
5,6,43,7.79448093178851,2.50718218570106,3.94360374220457,6.29070877811613,5.55006658603217,1,2
5,6,44,7.79448093178851,2.50718218570106,4.81652466702161,6.01313883799107,5.51194318625768,1,2
5,6,47,7.79448093178851,2.50718218570106,7.12437299019658,6.62644031665804,5.78131729446037,1,2
5,6,48,7.79448093178851,2.50718218570106,5.0983113145331,6.77367635394591,5.83439556078284,1,2
5,6,49,7.79448093178851,2.50718218570106,4.93787555021149,5.68634598995682,5.37563631913013,1,2
5,6,50,7.79448093178851,2.50718218570106,2.95361337646952,6.01943002336253,5.47056046952778,1,2
5,6,51,7.79448093178851,2.50718218570106,6.20498506431048,6.883803803206,5.72715447770352,1,2
5,6,52,7.79448093178851,2.50718218570106,6.22119902509563,6.20499053002272,5.51240495753144,1,2
5,6,53,7.79448093178851,2.50718218570106,2.85873329056541,6.35597291631269,5.52045704762277,1,2
5,6,54,7.79448093178851,2.50718218570106,5.73373547169347,5.68259407525631,5.31680271138057,1,2
5,6,56,7.79448093178851,2.50718218570106,6.98886720186321,5.35230341967505,5.1517627692279,1,2
5,6,58,7.79448093178851,2.50718218570106,4.65120134322759,6.93685848025838,6.05381751447717,1,2
5,6,59,7.79448093178851,2.50718218570106,3.24114527633482,6.35428844517341,5.63220551814224,1,2
5,6,61,7.79448093178851,2.50718218570106,4.12417842215565,5.63569329791191,5.3030112199187,1,2
5,6,62,7.79448093178851,2.50718218570106,4.76400921311712,6.63191135334468,5.8393834795709,1,2
5,6,63,7.79448093178851,2.50718218570106,3.70112353522767,6.49333169579044,5.54048815082702,1,2
5,6,64,7.79448093178851,2.50718218570106,5.08461866239599,5.68452630949766,5.26067115830399,1,2
5,6,65,7.79448093178851,2.50718218570106,5.9067291466132,5.81568718564241,5.4629297779104,1,2
5,6,66,7.79448093178851,2.50718218570106,4.5371323338241,6.52975606443403,5.5871507914859,1,2
5,6,67,7.79448093178851,2.50718218570106,5.99786110065011,6.69703309196854,5.65633456009069,1,2
5,6,73,7.79448093178851,2.50718218570106,5.01917237037187,5.85717293614218,5.52596487635606,1,2
5,6,76,7.79448093178851,2.50718218570106,4.90885233645829,5.8636715439129,5.44303575541265,1,2
5,7,2,7.79448093178851,2.50718218570106,5.31706103755848,6.02571504117212,5.27137592677363,1,2
5,7,4,7.79448093178851,2.50718218570106,5.31940453726,6.70814915801392,5.70756717796273,1,2
5,7,6,7.79448093178851,2.50718218570106,4.66095300921574,6.41117748042954,5.6570408069712,1,2
5,7,9,7.79448093178851,2.50718218570106,3.93035706779472,6.71321835017892,5.8161133613611,1,2
5,7,10,7.79448093178851,2.50718218570106,5.78591081320431,5.10039153295362,5.02913674418711,1,2
5,7,11,7.79448093178851,2.50718218570106,4.32201791036534,6.21333658208053,5.5776662690028,1,2
5,7,15,7.79448093178851,2.50718218570106,5.7271336529104,6.19373915436479,5.55240830996215,1,2
5,7,16,7.79448093178851,2.50718218570106,4.87448388763693,5.64052199113028,5.43542502342876,1,2
5,7,17,7.79448093178851,2.50718218570106,5.15440391396817,6.73443492088803,5.82068341611601,1,2
5,7,21,7.79448093178851,2.50718218570106,2.8708635505604,6.41772598726513,5.90534485211973,1,2
5,7,24,7.79448093178851,2.50718218570106,6.13012940266256,5.66908141819982,5.30441153140143,1,2
5,7,25,7.79448093178851,2.50718218570106,4.85581230958598,5.87217840736229,5.46643614480432,1,2
5,7,26,7.79448093178851,2.50718218570106,4.01834749376588,4.37865492600272,4.68172670847408,1,2
5,7,27,7.79448093178851,2.50718218570106,6.45225734150436,5.71138376956812,5.60357299674462,1,2
5,7,37,7.79448093178851,2.50718218570106,4.44530033152199,7.58141756915776,6.06161887776495,1,2
5,7,38,7.79448093178851,2.50718218570106,3.68731458032684,6.42690226771002,5.67565707447413,1,2
5,7,41,7.79448093178851,2.50718218570106,5.7632454934494,5.90066658200073,5.60176560226327,1,2
5,7,42,7.79448093178851,2.50718218570106,3.15386548384652,6.56136582821492,5.76838001787497,1,2
5,7,45,7.79448093178851,2.50718218570106,5.40645111768951,5.21752914881756,5.27951682095635,1,2
5,7,47,7.79448093178851,2.50718218570106,5.52153213698642,5.71722109958663,5.27293272345395,1,2
5,7,48,7.79448093178851,2.50718218570106,3.0970854610621,5.77324538186042,5.36076013564064,1,2
5,7,49,7.79448093178851,2.50718218570106,4.10420200987394,5.86329742505947,5.46536364636475,1,2
5,7,50,7.79448093178851,2.50718218570106,6.06490162528247,6.07974719028857,5.54977851604675,1,2
5,7,51,7.79448093178851,2.50718218570106,5.27973753889,5.85587900673279,5.31013792245426,1,2
5,7,53,7.79448093178851,2.50718218570106,5.69601786628259,6.0990672007384,5.73327959697432,1,2
5,7,58,7.79448093178851,2.50718218570106,4.51655437045113,6.99181717356727,5.63443309750979,1,2
5,7,59,7.79448093178851,2.50718218570106,5.4899558937352,5.90930929107743,5.50311450309523,1,2
5,7,62,7.79448093178851,2.50718218570106,4.96513444157485,5.27984635417001,5.0293143875532,1,2
5,7,64,7.79448093178851,2.50718218570106,6.10720398697143,6.49939356371609,5.8158531237543,1,2
5,7,67,7.79448093178851,2.50718218570106,5.94174012535368,5.6299718011697,5.4285359529248,1,2
5,7,71,7.79448093178851,2.50718218570106,5.60657475380481,6.14935206343553,5.68337785130904,1,2
5,7,73,7.79448093178851,2.50718218570106,4.48290634724148,5.69672566336679,5.39687485410069,1,2
5,7,74,7.79448093178851,2.50718218570106,4.71888149780936,4.89393719370754,5.11080392752088,1,2
5,7,76,7.79448093178851,2.50718218570106,5.30218263928354,6.2170745252648,5.50032988149356,1,2
5,7,78,7.79448093178851,2.50718218570106,6.38733609782491,5.77151635449585,5.44875647130721,1,2
5,7,82,7.79448093178851,2.50718218570106,4.95142959388612,5.88437617116754,5.57118717561009,1,2
5,7,83,7.79448093178851,2.50718218570106,4.65310231090916,5.72852346347449,5.38716145658422,1,2
5,7,86,7.79448093178851,2.50718218570106,4.00465552531173,6.07583230821485,5.40640135930164,1,2
5,7,91,7.79448093178851,2.50718218570106,3.10967132550257,6.45377683833176,5.45830817546862,1,2
5,7,93,7.79448093178851,2.50718218570106,4.16844119236105,5.63788516729058,5.17234022024261,1,2
5,8,1,7.79448093178851,2.50718218570106,7.38616402189583,5.13841533866703,5.58394033621062,1,2
5,8,3,7.79448093178851,2.50718218570106,3.47149141058986,5.91979272575185,5.53845232206474,1,2
5,8,6,7.79448093178851,2.50718218570106,4.14068603337104,6.28663432829912,5.90646652172526,1,2
5,8,7,7.79448093178851,2.50718218570106,6.89188608540886,6.28324547082251,6.2288982704164,1,2
5,8,8,7.79448093178851,2.50718218570106,3.6096429809952,5.2789251116982,5.61453889834185,1,2
5,8,9,7.79448093178851,2.50718218570106,6.00719191085959,5.93540107336136,5.86918928175083,1,2
5,8,10,7.79448093178851,2.50718218570106,3.68992693809914,5.88037163306647,5.71861338865688,1,2
5,8,11,7.79448093178851,2.50718218570106,4.26377446067743,6.16194373676997,5.82855455084453,1,2
5,8,14,7.79448093178851,2.50718218570106,3.38262726715796,5.94265430523653,5.72417311360072,1,2
5,8,17,7.79448093178851,2.50718218570106,5.05383468061948,5.84393543043577,5.86016931624259,1,2
5,8,20,7.79448093178851,2.50718218570106,4.4391774328141,6.16339358480825,5.77775391099677,1,2
5,8,23,7.79448093178851,2.50718218570106,5.02730477868906,5.96896551414654,5.72492231251589,1,2
5,8,24,7.79448093178851,2.50718218570106,4.39109690977553,6.03269958438038,5.88878806735933,1,2
5,8,28,7.79448093178851,2.50718218570106,2.80005493307008,6.06754772304146,5.79938452628816,1,2
5,8,29,7.79448093178851,2.50718218570106,5.72784482344664,6.08167330620439,5.81684599594369,1,2
5,8,31,7.79448093178851,2.50718218570106,3.71601499789408,6.48486233837865,5.8519509623814,1,2
5,8,34,7.79448093178851,2.50718218570106,4.70888766822973,5.59606267843472,5.75037133008452,1,2
5,8,35,7.79448093178851,2.50718218570106,6.347131643288,5.63793872855351,5.69456953588798,1,2
5,8,36,7.79448093178851,2.50718218570106,3.86145087707251,6.57032449686033,5.83586665663809,1,2
5,8,37,7.79448093178851,2.50718218570106,4.28858066346159,5.46102456182779,5.64097863369627,1,2
5,8,38,7.79448093178851,2.50718218570106,4.78552929195122,6.78008079692926,6.16385906904029,1,2
5,8,39,7.79448093178851,2.50718218570106,5.07356513768046,4.98823297802231,5.52283227993506,1,2
5,8,40,7.79448093178851,2.50718218570106,4.3170462544172,6.04466526659244,6.04111221371889,1,2
5,8,45,7.79448093178851,2.50718218570106,5.87125855493465,5.33594298370186,5.34357379963012,1,2
5,8,47,7.79448093178851,2.50718218570106,5.05426956960738,6.04728348996721,5.76340740326067,1,2
5,8,48,7.79448093178851,2.50718218570106,5.84993455175746,6.33595232408806,6.1165394225508,1,2
5,8,51,7.79448093178851,2.50718218570106,4.78096580920596,5.39085095786731,5.56270222005234,1,2
5,8,52,7.79448093178851,2.50718218570106,5.25202564884607,5.92502544493263,5.89953503152401,1,2
5,8,55,7.79448093178851,2.50718218570106,2.44425836345347,6.02655667334722,5.753560486457,1,2
5,8,57,7.79448093178851,2.50718218570106,7.07532067979523,6.50808910457649,6.07598888042159,1,2
5,8,58,7.79448093178851,2.50718218570106,3.35485678448662,5.46041514877823,5.52683114052364,1,2
5,8,61,7.79448093178851,2.50718218570106,4.08658291949308,5.78415150973157,5.6114646033289,1,2
5,8,64,7.79448093178851,2.50718218570106,5.14503864166769,6.36841045234525,6.1933861143375,1,2
5,8,65,7.79448093178851,2.50718218570106,5.06312301886448,6.39897676916388,6.03261629370096,1,2
5,8,66,7.79448093178851,2.50718218570106,5.89252627868194,5.38536343196777,5.72705513898701,1,2
5,8,67,7.79448093178851,2.50718218570106,4.1029613860724,5.68739957860239,5.48941513100055,1,2
5,8,70,7.79448093178851,2.50718218570106,5.08655733747148,5.32926839269103,5.57804417394353,1,2
5,8,71,7.79448093178851,2.50718218570106,4.63497013149794,4.63994842232301,5.50014098416521,1,2
5,8,72,7.79448093178851,2.50718218570106,5.90688354067786,5.61369707855821,5.6453746575357,1,2
5,8,73,7.79448093178851,2.50718218570106,5.46251488583683,6.23052363704322,5.9881368547509,1,2
5,8,74,7.79448093178851,2.50718218570106,5.0125026391204,6.04841357834336,5.97616659574538,1,2
5,8,75,7.79448093178851,2.50718218570106,5.9961181787563,6.39756837337233,5.90480776806538,1,2
5,8,77,7.79448093178851,2.50718218570106,6.15415917377349,6.25071898618298,5.81299069338746,1,2
5,8,78,7.79448093178851,2.50718218570106,3.39919682261711,5.8376847498062,5.70334565980464,1,2
5,8,79,7.79448093178851,2.50718218570106,4.60011656674461,6.83129406806374,6.18155104938251,1,2
5,8,81,7.79448093178851,2.50718218570106,4.67297295048359,5.95245145193908,5.99923038862756,1,2
5,8,84,7.79448093178851,2.50718218570106,5.43998322149665,6.1178739762206,5.76312454762469,1,2
5,9,2,7.79448093178851,2.50718218570106,5.34187007816672,5.78561558698504,5.92091481709459,1,2
5,9,6,7.79448093178851,2.50718218570106,6.35632995409996,6.9590088902103,6.17788961993329,1,2
5,9,7,7.79448093178851,2.50718218570106,4.76689048432349,5.55316511955347,5.88338685954542,1,2
5,9,8,7.79448093178851,2.50718218570106,4.60814295810651,5.76552141848451,5.84515906122861,1,2
5,9,9,7.79448093178851,2.50718218570106,4.99240387990863,5.91555909106816,6.08170545753936,1,2
5,9,16,7.79448093178851,2.50718218570106,5.18637667651506,6.64232608266758,6.34153054194548,1,2
5,9,20,7.79448093178851,2.50718218570106,5.27053372337433,6.76016707626445,6.36205951572396,1,2
5,9,21,7.79448093178851,2.50718218570106,4.74815923410274,6.48977280213046,6.32267359664719,1,2
5,9,22,7.79448093178851,2.50718218570106,6.0069692633542,5.07574939910831,5.59376866829101,1,2
5,9,23,7.79448093178851,2.50718218570106,5.57612239017836,6.92254694773385,6.12504299170957,1,2
5,9,25,7.79448093178851,2.50718218570106,4.63496533519214,5.25708111287795,5.5854484423886,1,2
5,9,27,7.79448093178851,2.50718218570106,5.10491643679612,6.10102334394725,5.91990058782866,1,2
5,9,28,7.79448093178851,2.50718218570106,5.53504130579193,6.31536148150657,5.94660163864975,1,2
5,9,33,7.79448093178851,2.50718218570106,6.4218980632803,5.6777176086646,6.06038331840144,1,2
5,9,36,7.79448093178851,2.50718218570106,5.94186697450246,6.7198537714495,6.20963193284649,1,2
5,9,37,7.79448093178851,2.50718218570106,5.36278798198597,6.08283187757126,5.97760913167156,1,2
5,9,39,7.79448093178851,2.50718218570106,4.25732197073893,6.0291640577216,6.1622851483248,1,2
5,9,41,7.79448093178851,2.50718218570106,4.75670818600507,5.37396015803779,5.81579959826103,1,2
5,9,42,7.79448093178851,2.50718218570106,5.58767979758273,6.36923060597866,6.21511558521466,1,2
5,9,43,7.79448093178851,2.50718218570106,6.43750345989621,6.58891492176464,6.24475498787172,1,2
5,9,44,7.79448093178851,2.50718218570106,4.41638173174803,6.28401971466475,6.15163193366098,1,2
5,9,45,7.79448093178851,2.50718218570106,5.83087658794956,6.46995556120985,6.10908752244074,1,2
5,9,46,7.79448093178851,2.50718218570106,5.15067229146492,6.50039457640817,6.19454273225286,1,2
5,9,48,7.79448093178851,2.50718218570106,7.49210931297007,6.81228214736452,6.2111068053246,1,2
5,9,50,7.79448093178851,2.50718218570106,5.09361770002628,5.00474346412582,5.96404379875924,1,2
5,9,52,7.79448093178851,2.50718218570106,6.69406869345922,6.26362237472716,6.01279724691395,1,2
5,9,53,7.79448093178851,2.50718218570106,4.91578718589895,5.71587507317067,5.97562967870905,1,2
5,9,54,7.79448093178851,2.50718218570106,4.82936281443454,5.35901770580641,5.58919980444175,1,2
5,9,55,7.79448093178851,2.50718218570106,3.93702502944931,5.78955022796665,5.69961305570457,1,2
5,9,56,7.79448093178851,2.50718218570106,4.77023606577689,5.77911448495086,5.77298263802318,1,2
5,9,57,7.79448093178851,2.50718218570106,4.93872121898246,5.44404369303109,5.78885034611151,1,2
5,9,60,7.79448093178851,2.50718218570106,6.03926477136534,5.88722699962771,5.99590950573824,1,2
5,9,62,7.79448093178851,2.50718218570106,5.35221218996888,5.27672617629283,5.70370004219654,1,2
5,9,66,7.79448093178851,2.50718218570106,5.60768280735668,6.58682649693685,6.29580715834803,1,2
5,9,68,7.79448093178851,2.50718218570106,5.11303761138333,5.53767527811897,5.91034920706817,1,2
5,9,69,7.79448093178851,2.50718218570106,4.62019274933962,5.98641500252384,5.97248879277451,1,2
5,9,70,7.79448093178851,2.50718218570106,4.73900070502661,5.55372606328259,5.86061603980856,1,2
5,9,71,7.79448093178851,2.50718218570106,6.30268953210459,6.26010423176656,6.08724042500773,1,2
5,10,3,7.79448093178851,2.50718218570106,5.02242635215557,5.40609100603928,5.65191186870578,1,2
5,10,8,7.79448093178851,2.50718218570106,3.99193470968402,6.97703158655798,6.22406462903012,1,2
5,10,10,7.79448093178851,2.50718218570106,4.66033375394057,5.99388868590302,5.81341731612342,1,2
5,10,11,7.79448093178851,2.50718218570106,4.98490410768857,6.04038769087187,5.92101309075739,1,2
5,10,14,7.79448093178851,2.50718218570106,5.50698595596753,5.68045075497633,5.81850519978594,1,2
5,10,19,7.79448093178851,2.50718218570106,4.20889594656971,6.10116173579119,5.72780567529164,1,2
5,10,20,7.79448093178851,2.50718218570106,5.15228445010538,5.86086561445373,5.75548841266083,1,2
5,10,21,7.79448093178851,2.50718218570106,5.96239836899402,6.05031096645927,5.77734876034962,1,2
5,10,23,7.79448093178851,2.50718218570106,6.032371266266,5.51710941749394,5.8303355006441,1,2
5,10,24,7.79448093178851,2.50718218570106,6.11782836187521,5.88288183816171,5.56986482276908,1,2
5,10,26,7.79448093178851,2.50718218570106,4.03029538101911,5.36236279895155,5.71277925030114,1,2
5,10,27,7.79448093178851,2.50718218570106,4.44168474124559,5.10743072903138,5.66305401183285,1,2
5,10,30,7.79448093178851,2.50718218570106,4.90237189042999,6.85236527468898,6.05700539705904,1,2
5,10,31,7.79448093178851,2.50718218570106,5.78784350079088,6.38826926093363,5.94508227416807,1,2
5,10,32,7.79448093178851,2.50718218570106,4.53739884058997,5.89912956232114,5.83037481304298,1,2
5,10,33,7.79448093178851,2.50718218570106,6.37939888905173,5.88397547947799,5.82094958618657,1,2
5,10,36,7.79448093178851,2.50718218570106,5.24899532853633,6.22617896260981,6.052855535421,1,2
5,10,38,7.79448093178851,2.50718218570106,4.75882869070487,5.97340741531664,5.90884422023077,1,2
5,10,39,7.79448093178851,2.50718218570106,4.43711017443723,6.11743631221623,5.90641093095406,1,2
5,10,42,7.79448093178851,2.50718218570106,5.93697228332607,6.32759794973397,6.05560670381671,1,2
5,10,43,7.79448093178851,2.50718218570106,5.23848566500544,5.80473396173674,5.76874716224027,1,2
5,10,44,7.79448093178851,2.50718218570106,4.50025487845982,5.96515908844951,6.01576299459637,1,2
5,10,46,7.79448093178851,2.50718218570106,5.84115487167924,5.84908798021017,5.70260231849803,1,2
5,10,48,7.79448093178851,2.50718218570106,4.42507631086918,5.61020487941172,5.67672292898583,1,2
5,10,49,7.79448093178851,2.50718218570106,3.93501301782178,5.02109153983884,5.76892350240503,1,2
5,10,51,7.79448093178851,2.50718218570106,6.29347552089444,5.99896542343634,5.96218439480601,1,2
5,10,52,7.79448093178851,2.50718218570106,4.44141121742209,5.76494875028307,5.89986045106246,1,2
5,10,53,7.79448093178851,2.50718218570106,5.29762696589696,6.79236548027777,6.21466854676934,1,2
5,10,55,7.79448093178851,2.50718218570106,5.27283651146667,6.07458897992203,5.97961045657462,1,2
5,10,58,7.79448093178851,2.50718218570106,5.88359714528015,6.67814477944883,6.097797955536,1,2
5,10,59,7.79448093178851,2.50718218570106,2.79878857015914,5.69401634133652,5.64548852125871,1,2
5,10,60,7.79448093178851,2.50718218570106,4.88048061631359,6.78721433913995,5.97043115541829,1,2
5,10,61,7.79448093178851,2.50718218570106,5.52899840980547,5.57368323814995,5.71516886221233,1,2
5,10,62,7.79448093178851,2.50718218570106,3.63284358501083,5.77173416898864,5.78476262792465,1,2
5,10,63,7.79448093178851,2.50718218570106,5.85393304095501,6.13538675032556,6.05562116663965,1,2
5,10,64,7.79448093178851,2.50718218570106,4.47325184981653,6.30401976347762,5.8550814106719,1,2
5,10,66,7.79448093178851,2.50718218570106,5.73299970064307,6.1629333795323,5.98047633386441,1,2
5,10,68,7.79448093178851,2.50718218570106,3.54713872920279,5.92818801111802,5.82704101768568,1,2
5,10,69,7.79448093178851,2.50718218570106,3.52155582568361,5.83958864596777,5.79083574083335,1,2
5,10,70,7.79448093178851,2.50718218570106,5.97028573685449,5.62805388827143,5.81741611556851,1,2
5,10,71,7.79448093178851,2.50718218570106,2.59091871009609,6.12123308825852,5.99486599479346,1,2
5,10,72,7.79448093178851,2.50718218570106,5.94007344949412,5.757907050124,5.95571090521679,1,2
5,10,75,7.79448093178851,2.50718218570106,5.26246814858865,6.29818923831086,5.89170105394658,1,2
5,10,81,7.79448093178851,2.50718218570106,4.49517009118928,5.82621280130938,5.60318343216314,1,2
5,11,1,7.79448093178851,2.50718218570106,4.28825396583115,5.53459446927,6.11896739829188,1,2
5,11,2,7.79448093178851,2.50718218570106,5.24811102127234,5.44694070357646,6.19334381224325,1,2
5,11,4,7.79448093178851,2.50718218570106,4.29830500268219,5.7691805871631,6.28090150864919,1,2
5,11,7,7.79448093178851,2.50718218570106,4.56214954123343,6.25168230994808,6.56120302480288,1,2
5,11,8,7.79448093178851,2.50718218570106,4.36811722499313,5.5108587115709,5.98734142927509,1,2
5,11,9,7.79448093178851,2.50718218570106,5.69411260227874,6.88669344170519,6.61673567505998,1,2
5,11,12,7.79448093178851,2.50718218570106,4.65350567704319,5.89809051846986,6.34414170568008,1,2
5,11,13,7.79448093178851,2.50718218570106,4.65540954819984,6.34021021348139,6.29938288641889,1,2
5,11,15,7.79448093178851,2.50718218570106,5.12942043752021,5.92516980131707,6.48505105718566,1,2
5,11,16,7.79448093178851,2.50718218570106,6.26446633513772,5.32689415239649,6.16362012415482,1,2
5,11,18,7.79448093178851,2.50718218570106,4.37548594618889,5.50797013145336,6.33883882731694,1,2
5,11,19,7.79448093178851,2.50718218570106,5.56727042950702,6.0635897934559,6.42956294521536,1,2
5,11,20,7.79448093178851,2.50718218570106,5.71422187553322,5.55407438912244,6.31476501435829,1,2
5,11,21,7.79448093178851,2.50718218570106,3.58611035680227,6.17892631450233,6.32137369572407,1,2
5,11,26,7.79448093178851,2.50718218570106,5.12623789807871,5.870117195585,6.00588412887783,1,2
5,11,28,7.79448093178851,2.50718218570106,4.48956556052883,5.88479017732337,6.41896987131368,1,2
5,11,30,7.79448093178851,2.50718218570106,3.25711584011745,6.27697951259494,6.18944643938468,1,2
5,11,31,7.79448093178851,2.50718218570106,5.40927741413618,5.92138182957828,6.37659371742216,1,2
5,11,33,7.79448093178851,2.50718218570106,4.79369527680904,6.70539156273348,6.62500726935389,1,2
5,11,35,7.79448093178851,2.50718218570106,5.92976054084662,6.15253499081775,6.47241386039478,1,2
5,11,36,7.79448093178851,2.50718218570106,3.99055437429629,6.89580100409844,6.94952848637419,1,2
5,11,37,7.79448093178851,2.50718218570106,5.20277896478185,6.19777709689255,6.42054299661056,1,2
5,11,38,7.79448093178851,2.50718218570106,4.97103872649893,6.114139897698,6.37365972893276,1,2
5,11,40,7.79448093178851,2.50718218570106,5.84509601427307,6.19402896089177,6.5915562658305,1,2
5,11,41,7.79448093178851,2.50718218570106,4.54961560939572,6.55197612072171,6.5479302109417,1,2
5,11,42,7.79448093178851,2.50718218570106,3.96786151894976,6.68133986337028,6.4448804348423,1,2
5,11,46,7.79448093178851,2.50718218570106,4.57021218086678,6.43627352186237,6.38451337787621,1,2
5,11,48,7.79448093178851,2.50718218570106,6.69683804776302,6.72218549524867,6.70077936574274,1,2
5,11,52,7.79448093178851,2.50718218570106,5.06866648197003,5.98428695917007,6.38071480374851,1,2
5,11,53,7.79448093178851,2.50718218570106,6.66838851383128,5.83534120243595,6.46092136680396,1,2
5,11,54,7.79448093178851,2.50718218570106,5.7093662348387,5.94620429899135,6.18507190059646,1,2
5,11,56,7.79448093178851,2.50718218570106,5.36573012113726,6.24953427398256,6.24992099096687,1,2
5,11,57,7.79448093178851,2.50718218570106,4.24443348603127,5.59200168145911,5.93492092191392,1,2
5,11,58,7.79448093178851,2.50718218570106,6.12627428319646,7.10056407751461,6.69600482697656,1,2
5,11,62,7.79448093178851,2.50718218570106,4.44662054885116,5.80191580684212,6.04461910924486,1,2
5,11,64,7.79448093178851,2.50718218570106,5.30498729305841,5.70202474634305,6.3515443970217,1,2
5,11,68,7.79448093178851,2.50718218570106,4.61144334764493,6.56594320392167,6.47292110822699,1,2
5,11,69,7.79448093178851,2.50718218570106,5.05512481288794,6.64664559396764,6.53871325652471,1,2
5,11,71,7.79448093178851,2.50718218570106,5.68199376042399,6.47863075566206,6.64237636434883,1,2
5,11,72,7.79448093178851,2.50718218570106,4.68117771429968,6.10422198942063,6.38686350761681,1,2
5,11,74,7.79448093178851,2.50718218570106,5.1762504442743,5.30584742523293,6.29957426898617,1,2
5,11,77,7.79448093178851,2.50718218570106,4.70163631767552,6.63411453152907,6.62884701306878,1,2
5,11,80,7.79448093178851,2.50718218570106,5.62273015907823,6.76460758921757,6.72176228308558,1,2
5,11,81,7.79448093178851,2.50718218570106,6.12037043297814,6.35253891320156,6.41589234511476,1,2
5,11,84,7.79448093178851,2.50718218570106,3.84259137431029,5.8356576962674,6.08344617739541,1,2
5,11,86,7.79448093178851,2.50718218570106,3.15163499445313,6.11948621620296,6.16545913707211,1,2
5,11,88,7.79448093178851,2.50718218570106,2.68877494169939,5.57788284886717,6.43182229250356,1,2
5,11,89,7.79448093178851,2.50718218570106,6.60720475129778,6.66959381917357,6.77273206776766,1,2
5,12,1,7.79448093178851,2.50718218570106,4.47763203920213,5.28128905677612,6.26826639862206,1,2
5,12,2,7.79448093178851,2.50718218570106,5.02463166023696,7.25579752306998,7.18898617664766,1,2
5,12,5,7.79448093178851,2.50718218570106,4.27218923915328,6.65996787984633,6.8017423782993,1,2
5,12,10,7.79448093178851,2.50718218570106,5.68436898492402,5.73752693374009,6.65137257596901,1,2
5,12,12,7.79448093178851,2.50718218570106,5.56385369113921,5.95521115861253,6.61972269796484,1,2
5,12,13,7.79448093178851,2.50718218570106,4.87259337444621,6.39178276634094,6.71267523010058,1,2
5,12,15,7.79448093178851,2.50718218570106,3.95152636592489,6.0152169510842,6.77084104041931,1,2
5,12,16,7.79448093178851,2.50718218570106,5.96742800143894,5.06667904427597,6.40510721403411,1,2
5,12,17,7.79448093178851,2.50718218570106,6.23999526576347,5.70632249633687,6.52018054479697,1,2
5,12,19,7.79448093178851,2.50718218570106,3.92058280649421,6.24304296276292,6.52628924733753,1,2
5,12,20,7.79448093178851,2.50718218570106,5.64114547135953,5.86606683285388,6.8148228144889,1,2
5,12,24,7.79448093178851,2.50718218570106,3.77897479070653,5.91397534991818,6.54217965496575,1,2
5,12,25,7.79448093178851,2.50718218570106,7.3157767922582,5.81549773561851,6.72484055743379,1,2
5,12,26,7.79448093178851,2.50718218570106,3.05289406378731,6.27581900180063,6.67093520851503,1,2
5,12,28,7.79448093178851,2.50718218570106,5.49418960223367,6.54929269128003,6.78351756726556,1,2
5,12,29,7.79448093178851,2.50718218570106,4.70195023407969,4.63895585931793,6.20842465384717,1,2
5,12,33,7.79448093178851,2.50718218570106,3.06823240285672,6.32045319207165,6.53777962009101,1,2
5,12,34,7.79448093178851,2.50718218570106,5.72564656005094,6.70543329859291,7.16778750467449,1,2
5,12,36,7.79448093178851,2.50718218570106,4.46604863985899,5.45720989766625,6.6109468869301,1,2
5,12,38,7.79448093178851,2.50718218570106,5.09626300031361,6.07633852934549,6.93953351004695,1,2
5,12,39,7.79448093178851,2.50718218570106,4.83764196841149,5.93181940482416,6.58312576751613,1,2
5,12,41,7.79448093178851,2.50718218570106,4.60727683042595,6.04013894633707,6.78224142722065,1,2
5,12,43,7.79448093178851,2.50718218570106,5.74473991279135,6.10686143972864,6.66695192170825,1,2
5,12,44,7.79448093178851,2.50718218570106,5.38721665064967,5.03875016997594,6.68407740010101,1,2
5,12,46,7.79448093178851,2.50718218570106,6.29277559386366,6.11553492256617,6.74396914917871,1,2
5,12,48,7.79448093178851,2.50718218570106,5.15379551264308,5.91042114213741,6.52177146627205,1,2
5,12,49,7.79448093178851,2.50718218570106,4.43867850516822,5.38499747501501,6.29523644154865,1,2
5,12,51,7.79448093178851,2.50718218570106,4.60740564052101,5.47301217275566,6.58395615511113,1,2
5,12,52,7.79448093178851,2.50718218570106,4.72324405009493,6.10967914286283,6.58172593033145,1,2
5,12,53,7.79448093178851,2.50718218570106,6.41437644238859,5.10977556367103,6.42725519448134,1,2
5,12,54,7.79448093178851,2.50718218570106,5.19188349872013,5.76083261413231,6.63039942425544,1,2
5,12,56,7.79448093178851,2.50718218570106,2.73406273522439,6.07700559981072,6.46588426064802,1,2
5,12,58,7.79448093178851,2.50718218570106,4.91370026219327,5.6923864437039,6.47990089321384,1,2
5,12,62,7.79448093178851,2.50718218570106,4.05493620809113,6.12193017585645,6.73436946505006,1,2
5,12,64,7.79448093178851,2.50718218570106,3.78659655747933,5.67355621735996,6.67546949823684,1,2
5,12,65,7.79448093178851,2.50718218570106,4.54768817055693,6.28173426044374,6.76376830563156,1,2
5,12,66,7.79448093178851,2.50718218570106,6.05372547865176,5.59366614779337,6.59861765803451,1,2
5,13,1,7.79448093178851,2.50718218570106,5.4514122856766,6.17319767560617,6.71761668486946,1,2
5,13,2,7.79448093178851,2.50718218570106,5.56982049489705,7.00160087710053,7.23798345077647,1,2
5,13,3,7.79448093178851,2.50718218570106,3.8043376846912,6.18547028662469,6.71358929937194,1,2
5,13,5,7.79448093178851,2.50718218570106,4.92457247492144,6.75002319971344,7.06469193096097,1,2
5,13,7,7.79448093178851,2.50718218570106,4.79650150024281,6.0574024078887,6.62759816107988,1,2
5,13,8,7.79448093178851,2.50718218570106,4.98124474711574,5.85923793294634,6.60084288618084,1,2
5,13,12,7.79448093178851,2.50718218570106,4.75561334914015,6.28463923336205,6.93147361406723,1,2
5,13,15,7.79448093178851,2.50718218570106,3.81004138835935,5.70550954362034,6.51444898288728,1,2
5,13,17,7.79448093178851,2.50718218570106,4.53330780854909,5.75477323281667,6.73114685091676,1,2
5,13,19,7.79448093178851,2.50718218570106,3.81629850329223,6.29275781509417,6.65183022363444,1,2
5,13,20,7.79448093178851,2.50718218570106,3.80111479299092,5.97613055114221,6.57518170467507,1,2
5,13,21,7.79448093178851,2.50718218570106,4.06020188312944,5.360873316688,6.76287219286965,1,2
5,13,22,7.79448093178851,2.50718218570106,4.85986453069576,6.02238176207405,6.66888149799342,1,2
5,13,24,7.79448093178851,2.50718218570106,4.03756499491904,6.27457658537747,6.55799187303146,1,2
5,13,25,7.79448093178851,2.50718218570106,4.96141123265383,6.03691487188759,6.54315079052326,1,2
5,13,32,7.79448093178851,2.50718218570106,6.51936247932743,5.95461515784667,6.70319742147368,1,2
5,13,35,7.79448093178851,2.50718218570106,5.48625041199169,6.02693223857391,6.83009837259718,1,2
5,13,38,7.79448093178851,2.50718218570106,5.52588787826658,5.83187615108368,6.65921587985817,1,2
5,13,40,7.79448093178851,2.50718218570106,5.96779514763912,5.92178014501769,6.55370533787746,1,2
5,13,41,7.79448093178851,2.50718218570106,5.85697642536598,6.00816882709542,6.92166231582358,1,2
5,13,45,7.79448093178851,2.50718218570106,6.07205875897748,5.41461221863778,6.5524887295279,1,2
5,13,49,7.79448093178851,2.50718218570106,5.11513554669131,5.90323631366293,6.78045844512979,1,2
5,13,50,7.79448093178851,2.50718218570106,3.87958224869588,6.87925397844957,6.76759251129994,1,2
5,13,52,7.79448093178851,2.50718218570106,3.75816054154452,6.34024719525983,6.80901348481565,1,2
5,13,55,7.79448093178851,2.50718218570106,5.72593708634177,6.32759731774836,6.92679938346118,1,2
5,13,64,7.79448093178851,2.50718218570106,6.63575940654353,5.35023197248448,6.57966678336251,1,2
5,13,66,7.79448093178851,2.50718218570106,5.07509631037811,6.66839556330575,6.68367603442318,1,2
5,13,67,7.79448093178851,2.50718218570106,3.29543843603692,6.52267866008056,6.82723705230509,1,2
5,13,68,7.79448093178851,2.50718218570106,5.72392995542128,6.51767879715295,6.93492706319657,1,2
5,13,70,7.79448093178851,2.50718218570106,6.03898966793264,7.20637257249072,7.16470224734508,1,2
5,13,72,7.79448093178851,2.50718218570106,4.6136844369466,6.05439702095158,6.81538096444284,1,2
5,13,73,7.79448093178851,2.50718218570106,4.72070345494127,6.34549624031058,6.85100366255854,1,2
5,13,74,7.79448093178851,2.50718218570106,5.87724022049269,6.11115334150793,6.56223186635559,1,2
5,13,76,7.79448093178851,2.50718218570106,5.66380322329105,6.30828322593099,6.63932496320873,1,2
5,13,79,7.79448093178851,2.50718218570106,5.37733022988427,6.11140407695997,6.66244845952522,1,2
5,13,80,7.79448093178851,2.50718218570106,6.34850697072757,5.59030971107837,6.51031876186669,1,2
5,13,81,7.79448093178851,2.50718218570106,4.39907465900375,5.82142261081591,6.46374702507716,1,2
5,13,83,7.79448093178851,2.50718218570106,4.02368838159517,6.52635882642715,6.85197997024155,1,2
5,13,85,7.79448093178851,2.50718218570106,5.48778563110842,6.44015637015748,6.76545065731108,1,2
5,13,86,7.79448093178851,2.50718218570106,4.80252557937134,6.48411590834701,6.81290608021673,1,2
5,13,88,7.79448093178851,2.50718218570106,7.51261679911624,5.56142148410991,6.7804879827977,1,2
5,13,89,7.79448093178851,2.50718218570106,5.35553642308574,6.10746509480598,6.73189420764308,1,2
5,13,90,7.79448093178851,2.50718218570106,4.80709802605572,6.21751794306564,6.63779281073129,1,2
5,14,1,7.79448093178851,2.50718218570106,3.73276744050811,5.64601146903878,6.67604472057715,1,2
5,14,4,7.79448093178851,2.50718218570106,6.46970381719959,5.9563473905819,6.94554109074597,1,2
5,14,6,7.79448093178851,2.50718218570106,3.86096354804467,6.19643441203561,6.6620634048069,1,2
5,14,7,7.79448093178851,2.50718218570106,5.14110113565908,6.83124155566722,6.80052983460949,1,2
5,14,10,7.79448093178851,2.50718218570106,4.76324932652247,5.97756812746275,6.74400939828575,1,2
5,14,12,7.79448093178851,2.50718218570106,4.60655306408872,6.28131730491852,6.84123131450472,1,2
5,14,13,7.79448093178851,2.50718218570106,5.32019579294457,6.21249004675188,6.88429722590138,1,2
5,14,17,7.79448093178851,2.50718218570106,6.38066417125412,6.31616839614356,7.17415277121392,1,2
5,14,20,7.79448093178851,2.50718218570106,4.94860734688968,5.61973338384931,6.41201051303808,1,2
5,14,25,7.79448093178851,2.50718218570106,4.73262652649973,5.30637140428249,6.56719625332276,1,2
5,14,26,7.79448093178851,2.50718218570106,4.62043192389869,6.53941709724551,6.76643390471493,1,2
5,14,27,7.79448093178851,2.50718218570106,4.90211016652023,6.22607381247862,6.59918170255226,1,2
5,14,29,7.79448093178851,2.50718218570106,4.52610601875758,5.48593553761919,6.34883416832868,1,2
5,14,32,7.79448093178851,2.50718218570106,5.20178978755515,7.51847570537767,7.06425079946511,1,2
5,14,35,7.79448093178851,2.50718218570106,6.07855949018604,6.48182035967604,6.86153546083248,1,2
5,14,38,7.79448093178851,2.50718218570106,5.43363463440772,5.42275292117715,6.49068710398867,1,2
5,14,39,7.79448093178851,2.50718218570106,4.89058021189632,5.77691435989752,6.54093566855795,1,2
5,14,40,7.79448093178851,2.50718218570106,6.07416935490062,6.23647584571186,6.60747145036383,1,2
5,14,44,7.79448093178851,2.50718218570106,5.29893435878995,6.57227156229361,6.89060424231887,1,2
5,14,47,7.79448093178851,2.50718218570106,5.5686910535876,6.20810217668097,6.7485606941493,1,2
5,14,48,7.79448093178851,2.50718218570106,5.09176370399573,5.73755651103189,6.68536277873546,1,2
5,14,50,7.79448093178851,2.50718218570106,5.03312412171841,6.17481209948759,6.79590494847009,1,2
5,14,51,7.79448093178851,2.50718218570106,3.69632950624757,5.89284086069157,6.61956493322711,1,2
5,14,52,7.79448093178851,2.50718218570106,4.93097992683284,6.92084627009946,7.12685741787798,1,2
5,14,53,7.79448093178851,2.50718218570106,4.69694045705567,6.17869425540979,6.66830561542836,1,2
5,14,54,7.79448093178851,2.50718218570106,4.66770593555169,6.74704137857425,6.79658012726824,1,2
5,14,57,7.79448093178851,2.50718218570106,5.72489743811628,6.57817938971941,6.75784613343768,1,2
5,14,58,7.79448093178851,2.50718218570106,6.09597912219081,6.39131581114709,6.7121440353247,1,2
5,14,59,7.79448093178851,2.50718218570106,5.30916242115353,5.6089966250332,6.60192694214223,1,2
5,14,60,7.79448093178851,2.50718218570106,1.90522681822642,6.55087936093128,6.4201991438529,1,2
5,14,61,7.79448093178851,2.50718218570106,5.74842284427505,6.06933657102512,6.7492245191918,1,2
5,14,63,7.79448093178851,2.50718218570106,5.23795733441218,5.83602545858812,6.63380062609111,1,2
5,14,64,7.79448093178851,2.50718218570106,5.38086720770894,5.40742687082883,6.54515762492051,1,2
5,14,65,7.79448093178851,2.50718218570106,4.880493784999,6.61091406212639,6.85743676978436,1,2
5,15,2,7.79448093178851,2.50718218570106,5.41866533417218,5.57253453135756,6.73274046158828,1,2
5,15,4,7.79448093178851,2.50718218570106,5.34411429968104,5.98914763147901,6.71243383682925,1,2
5,15,6,7.79448093178851,2.50718218570106,3.89694093241229,5.85540464700725,6.63781521549459,1,2
5,15,7,7.79448093178851,2.50718218570106,6.68884510234936,6.71215364006704,7.14794238014358,1,2
5,15,8,7.79448093178851,2.50718218570106,5.67576626746782,5.0004365680275,6.78494368270733,1,2
5,15,12,7.79448093178851,2.50718218570106,6.7998877939012,5.79909064209534,7.04849020042731,1,2
5,15,13,7.79448093178851,2.50718218570106,3.27174592292869,5.38567152299587,6.78980628137782,1,2
5,15,14,7.79448093178851,2.50718218570106,4.47337813699647,5.74314051623557,6.79055222505558,1,2
5,15,20,7.79448093178851,2.50718218570106,5.32467421268485,6.38958836196097,6.88006130792402,1,2
5,15,24,7.79448093178851,2.50718218570106,5.98781112198821,6.02098774942229,6.76254394641682,1,2
5,15,25,7.79448093178851,2.50718218570106,4.98054053173444,6.20428964923549,6.79293704010846,1,2
5,15,26,7.79448093178851,2.50718218570106,4.91415245885486,6.0894657352206,6.94405880451423,1,2
5,15,27,7.79448093178851,2.50718218570106,4.38871657214608,5.53357438804022,6.47065914844768,1,2
5,15,31,7.79448093178851,2.50718218570106,4.76663340567644,6.11792552507748,6.70342907580344,1,2
5,15,32,7.79448093178851,2.50718218570106,5.36216051815968,6.75064745484053,7.2218884854825,1,2
5,15,33,7.79448093178851,2.50718218570106,4.91426327629586,6.24216295518369,6.69340654765721,1,2
5,15,34,7.79448093178851,2.50718218570106,4.90097433363515,5.74666882853925,6.57329248166459,1,2
5,15,35,7.79448093178851,2.50718218570106,6.05379882124911,7.09710969476248,7.02164894542982,1,2
5,15,36,7.79448093178851,2.50718218570106,5.47332424887901,6.67634965649256,7.01387147551546,1,2
5,15,37,7.79448093178851,2.50718218570106,2.8111486776352,6.06266300319188,6.92725149114748,1,2
5,15,39,7.79448093178851,2.50718218570106,3.80835726980232,5.46596933330466,6.49480022751139,1,2
5,15,40,7.79448093178851,2.50718218570106,4.27900271442816,5.92951965496295,6.74246269565517,1,2
5,15,42,7.79448093178851,2.50718218570106,5.9634790884295,6.26742288021011,6.85620887390237,1,2
5,15,43,7.79448093178851,2.50718218570106,5.24971291538464,6.18711929093313,7.0086657964835,1,2
5,15,53,7.79448093178851,2.50718218570106,4.20552104103503,6.32074262092374,6.97954573024935,1,2
5,15,56,7.79448093178851,2.50718218570106,5.98073916188655,6.34689556685665,6.85892500199174,1,2
5,15,57,7.79448093178851,2.50718218570106,4.30996643004709,5.49186391642146,6.54638036959129,1,2
5,15,61,7.79448093178851,2.50718218570106,6.33856151800545,5.85709943090815,7.06671747990068,1,2
5,15,63,7.79448093178851,2.50718218570106,4.48434387583644,6.0659568424407,6.95067955206141,1,2
5,15,64,7.79448093178851,2.50718218570106,4.45814073069642,6.90318365322411,7.02474396574353,1,2
5,16,1,7.79448093178851,2.50718218570106,5.8980141311613,5.62332868157897,6.77434708673556,1,2
5,16,2,7.79448093178851,2.50718218570106,5.49752422679194,6.31938789354991,6.61770621447059,1,2
5,16,3,7.79448093178851,2.50718218570106,3.77826313002504,5.97415344227517,6.80192183744205,1,2
5,16,6,7.79448093178851,2.50718218570106,4.28351343293128,6.54325911861904,6.91915065141601,1,2
5,16,8,7.79448093178851,2.50718218570106,4.84719570534991,5.92377090687846,6.73659890641971,1,2
5,16,9,7.79448093178851,2.50718218570106,5.2273119954497,6.31710546808877,7.00482410867183,1,2
5,16,11,7.79448093178851,2.50718218570106,5.54604541655765,6.25628014514062,6.89645661558591,1,2
5,16,14,7.79448093178851,2.50718218570106,4.13082321801434,4.87849831419263,6.36848943933193,1,2
5,16,16,7.79448093178851,2.50718218570106,5.49227917647418,5.99165271505571,6.65292420744216,1,2
5,16,18,7.79448093178851,2.50718218570106,5.68330532520841,4.77880635172528,6.60597121696399,1,2
5,16,20,7.79448093178851,2.50718218570106,2.69041531794475,5.42463494946081,6.63505019732215,1,2
5,16,23,7.79448093178851,2.50718218570106,4.94310257752747,6.764673886666,7.19736952077607,1,2
5,16,25,7.79448093178851,2.50718218570106,4.20260549645211,6.41207692707974,6.7736045962891,1,2
5,16,28,7.79448093178851,2.50718218570106,5.57404536705266,5.62747489386829,6.76335025436825,1,2
5,16,31,7.79448093178851,2.50718218570106,5.63458349867749,5.74371682237076,6.96829845531879,1,2
5,16,32,7.79448093178851,2.50718218570106,6.70254369150818,5.99602255945491,6.79026857094779,1,2
5,16,38,7.79448093178851,2.50718218570106,4.40737530476325,5.73407549437433,6.65373655376503,1,2
5,16,39,7.79448093178851,2.50718218570106,4.87989410487219,5.85061996105834,6.64472017083821,1,2
5,16,40,7.79448093178851,2.50718218570106,6.2592497203835,6.31769395015357,6.96955274460757,1,2
5,16,41,7.79448093178851,2.50718218570106,4.35387248067784,5.85585804791334,6.63624816842655,1,2
5,16,42,7.79448093178851,2.50718218570106,4.91411217332663,5.9969897750841,6.9251190004436,1,2
5,16,43,7.79448093178851,2.50718218570106,4.22658339132763,6.92054964761313,7.09719588219299,1,2
5,16,44,7.79448093178851,2.50718218570106,6.11724438463914,5.75851688133264,6.91865200482016,1,2
5,16,45,7.79448093178851,2.50718218570106,4.66496962585878,5.92716305254077,6.89398270064341,1,2
5,16,48,7.79448093178851,2.50718218570106,4.23511829894084,6.1489007619299,6.60667064926144,1,2
5,16,49,7.79448093178851,2.50718218570106,4.81651055534999,6.061475502126,7.13270480645044,1,2
5,16,52,7.79448093178851,2.50718218570106,4.92332720041711,5.98988743627402,6.82513263994746,1,2
5,16,54,7.79448093178851,2.50718218570106,4.60632114884416,5.36365559544134,6.86121560915804,1,2
5,16,55,7.79448093178851,2.50718218570106,4.24040367497447,5.39511934801376,6.61891879755284,1,2
5,16,61,7.79448093178851,2.50718218570106,4.56771307181128,5.59793058785816,6.60857440125831,1,2
5,16,62,7.79448093178851,2.50718218570106,3.81910214005598,6.17257684873606,6.91474989965045,1,2
5,16,63,7.79448093178851,2.50718218570106,5.93779472969371,6.50135553214988,6.99437873239985,1,2
5,16,64,7.79448093178851,2.50718218570106,4.90051189787848,5.89772801920352,6.81860022475818,1,2
5,16,65,7.79448093178851,2.50718218570106,6.15439953138745,6.00005923889523,6.78839615602509,1,2
5,16,68,7.79448093178851,2.50718218570106,3.67572352840844,7.20127701197387,6.98989341386581,1,2
5,16,70,7.79448093178851,2.50718218570106,3.85849032944836,6.7050809341798,7.17888501981638,1,2
5,16,72,7.79448093178851,2.50718218570106,6.49724266338608,5.26035443927731,6.62043230846864,1,2
5,16,76,7.79448093178851,2.50718218570106,5.47812146423676,6.25665770765519,7.02104056258672,1,2
5,16,77,7.79448093178851,2.50718218570106,5.0603357770984,5.31645147552162,6.65496606229176,1,2
5,16,78,7.79448093178851,2.50718218570106,2.70454670193953,5.89957287077854,6.4124186875419,1,2
5,17,2,7.79448093178851,2.50718218570106,7.01762581675837,6.84615708688242,7.14640784780836,1,2
5,17,3,7.79448093178851,2.50718218570106,5.88784583133125,5.38256439436435,6.8427523102222,1,2
5,17,6,7.79448093178851,2.50718218570106,5.26731813174128,6.04680196568376,6.71357898442412,1,2
5,17,7,7.79448093178851,2.50718218570106,2.89882917208124,6.31711510740057,6.99191214987319,1,2
5,17,16,7.79448093178851,2.50718218570106,4.35628355383246,5.44770079556286,6.75644715279105,1,2
5,17,18,7.79448093178851,2.50718218570106,5.23192377603771,5.0332307584181,6.81780328387028,1,2
5,17,22,7.79448093178851,2.50718218570106,5.38645524052698,6.69914294199797,6.99771397774521,1,2
5,17,23,7.79448093178851,2.50718218570106,6.200934220466,5.6615591282403,6.7289430158864,1,2
5,17,24,7.79448093178851,2.50718218570106,5.58118080793691,6.35892087486527,6.98560679019621,1,2
5,17,26,7.79448093178851,2.50718218570106,5.15675253693445,5.47806994543578,6.85307174279123,1,2
5,17,29,7.79448093178851,2.50718218570106,5.61399685829714,6.27222334526708,7.03957327810466,1,2
5,17,30,7.79448093178851,2.50718218570106,4.40065974599102,4.98826925161408,6.80802255191348,1,2
5,17,31,7.79448093178851,2.50718218570106,4.26687210475518,6.13501289045309,6.75639639513271,1,2
5,17,33,7.79448093178851,2.50718218570106,5.0614628977672,6.24561334723041,7.13918838134573,1,2
5,17,35,7.79448093178851,2.50718218570106,5.51200898244447,6.34391007132926,7.03734791640562,1,2
5,17,36,7.79448093178851,2.50718218570106,4.4390518890877,6.84482195069753,7.14692628811063,1,2
5,17,37,7.79448093178851,2.50718218570106,4.13264424224768,5.75295483938059,6.88405605134391,1,2
5,17,39,7.79448093178851,2.50718218570106,6.61432195172157,6.22810662155432,7.02540325968182,1,2
5,17,40,7.79448093178851,2.50718218570106,4.75968208940306,5.97592833752181,7.07994933609518,1,2
5,17,42,7.79448093178851,2.50718218570106,5.4925187284962,5.68733908609308,6.61471841989553,1,2
5,17,44,7.79448093178851,2.50718218570106,5.78092596849447,6.10025526337428,7.32260515102275,1,2
5,17,45,7.79448093178851,2.50718218570106,3.93421916368134,7.12049154604419,7.16196175000919,1,2
5,17,47,7.79448093178851,2.50718218570106,6.64141582582477,5.58221184667763,7.0075444587028,1,2
5,17,49,7.79448093178851,2.50718218570106,4.90798586958446,5.86945299572257,7.06256740582641,1,2
5,17,51,7.79448093178851,2.50718218570106,5.34455067453451,5.87651497087593,6.53731588894726,1,2
5,17,53,7.79448093178851,2.50718218570106,5.07532172866399,5.93358841970215,6.79919510925183,1,2
5,17,56,7.79448093178851,2.50718218570106,4.21877813527142,5.98707005514806,6.8677250635591,1,2
5,17,59,7.79448093178851,2.50718218570106,4.1253666744709,5.82471148583925,6.6886750468893,1,2
5,17,60,7.79448093178851,2.50718218570106,3.13684574373371,6.12845058538897,6.72934785674254,1,2
5,17,61,7.79448093178851,2.50718218570106,3.56407609716443,5.78309700495789,6.61592927622312,1,2
5,17,63,7.79448093178851,2.50718218570106,5.76043360616051,7.82666885326253,7.41288716766627,1,2
5,17,65,7.79448093178851,2.50718218570106,4.68953117806186,6.05961445951441,6.91208413307616,1,2
5,17,66,7.79448093178851,2.50718218570106,4.47372176260124,6.63588481935223,6.99358489351065,1,2
5,17,68,7.79448093178851,2.50718218570106,2.69530259990175,6.79550108507939,6.93977513221445,1,2
5,17,77,7.79448093178851,2.50718218570106,5.30931567115134,5.86587143204556,7.25322817760887,1,2
5,17,80,7.79448093178851,2.50718218570106,4.78326419095864,5.68136861369589,6.62040553555515,1,2
5,17,83,7.79448093178851,2.50718218570106,4.45982772800902,6.16054440354188,6.98353955743886,1,2
5,17,87,7.79448093178851,2.50718218570106,5.04081591650057,5.92182351877382,6.68329156616013,1,2
5,17,89,7.79448093178851,2.50718218570106,6.06829604604402,5.63994259031779,6.9203797990829,1,2
5,17,90,7.79448093178851,2.50718218570106,4.21523335994335,6.21069470464449,7.3539839811469,1,2
5,18,2,7.79448093178851,2.50718218570106,5.73065173685901,6.0011515739923,7.57285921487125,1,2
5,18,3,7.79448093178851,2.50718218570106,5.8945228189844,6.43387057891103,7.42664599642672,1,2
5,18,4,7.79448093178851,2.50718218570106,4.70585617835284,5.95741866554945,7.48944840524983,1,2
5,18,6,7.79448093178851,2.50718218570106,4.95000769201142,5.13762147573642,7.07725210113097,1,2
5,18,8,7.79448093178851,2.50718218570106,1.17395519915779,6.10087472306863,7.14420754440906,1,2
5,18,9,7.79448093178851,2.50718218570106,5.54754704644132,5.08311794333986,7.15474690515487,1,2
5,18,10,7.79448093178851,2.50718218570106,5.26097034437493,5.88831767074057,6.94049196198048,1,2
5,18,11,7.79448093178851,2.50718218570106,4.44214385227175,5.81741194358158,7.27050075877102,1,2
5,18,12,7.79448093178851,2.50718218570106,5.29855545245459,6.52998608806379,7.47790233179002,1,2
5,18,13,7.79448093178851,2.50718218570106,5.23016572029979,5.55113754705621,7.48919973744121,1,2
5,18,14,7.79448093178851,2.50718218570106,3.85308743555142,5.39784060543948,7.10459484927829,1,2
5,18,15,7.79448093178851,2.50718218570106,6.18685631777297,6.60255802224127,7.48533454828167,1,2
5,18,16,7.79448093178851,2.50718218570106,4.85543645419339,7.07790267931013,7.61582600463016,1,2
5,18,20,7.79448093178851,2.50718218570106,5.78367811217042,5.9953029866819,7.54426715386278,1,2
5,18,21,7.79448093178851,2.50718218570106,4.02749265577171,5.66147649695242,7.22163395297819,1,2
5,18,26,7.79448093178851,2.50718218570106,4.18041865686425,6.73769904613188,7.19939873158019,1,2
5,18,27,7.79448093178851,2.50718218570106,3.58260843615457,5.83257197470853,7.17687455648601,1,2
5,18,29,7.79448093178851,2.50718218570106,3.45740477304011,5.86810580049043,7.18099877551311,1,2
5,18,36,7.79448093178851,2.50718218570106,3.74782143538506,6.14345582556566,7.25565678488731,1,2
5,18,37,7.79448093178851,2.50718218570106,4.70819106144494,6.69398568524723,7.45652589335978,1,2
5,18,38,7.79448093178851,2.50718218570106,3.73989063147317,6.37083380737953,7.45230586246353,1,2
5,18,39,7.79448093178851,2.50718218570106,4.60814706730234,5.65612740475717,7.13439707389836,1,2
5,18,41,7.79448093178851,2.50718218570106,4.68586615288987,5.51853491838689,7.12963594620976,1,2
5,18,42,7.79448093178851,2.50718218570106,5.51098027287009,6.2120742709659,7.63292994930574,1,2
5,18,43,7.79448093178851,2.50718218570106,4.95870979652834,5.49845054168557,7.45132782345333,1,2
5,18,44,7.79448093178851,2.50718218570106,4.53980233053161,5.49954608198005,7.30114575069017,1,2
5,18,45,7.79448093178851,2.50718218570106,4.34843697966087,6.26356144042284,7.3296659920873,1,2
5,18,47,7.79448093178851,2.50718218570106,5.73716987520537,6.55420608379711,7.42785847723219,1,2
5,18,48,7.79448093178851,2.50718218570106,3.46872867942901,6.11016054744606,7.41382144618871,1,2
5,18,49,7.79448093178851,2.50718218570106,5.17653392263559,5.58176405039222,7.4201075342036,1,2
5,18,50,7.79448093178851,2.50718218570106,5.10541926493526,6.33522164338785,7.29970584367168,1,2
5,18,53,7.79448093178851,2.50718218570106,4.43242590607882,6.05530372656645,7.40731019669086,1,2
5,18,54,7.79448093178851,2.50718218570106,6.31346052951341,5.92907290309059,7.21668675473493,1,2
5,18,57,7.79448093178851,2.50718218570106,3.59879126097815,5.89331613007055,7.39747038716912,1,2
5,18,62,7.79448093178851,2.50718218570106,5.70775702291091,6.64952510186407,7.5975412424008,1,2
5,18,64,7.79448093178851,2.50718218570106,6.04942432898741,6.59492354159195,7.84805358705206,1,2
5,18,65,7.79448093178851,2.50718218570106,2.68063493658756,6.29505615874996,7.31639125386221,1,2
5,18,68,7.79448093178851,2.50718218570106,5.23994358352063,5.45463657025552,7.1484942143935,1,2
5,18,71,7.79448093178851,2.50718218570106,5.51669688190482,6.19793905803774,7.14147694480613,1,2
5,18,75,7.79448093178851,2.50718218570106,4.73406982066927,6.11801010411621,7.53670075749849,1,2
5,18,76,7.79448093178851,2.50718218570106,3.75565675568944,6.05780416300082,7.30678484340397,1,2
5,18,79,7.79448093178851,2.50718218570106,5.70986176248851,4.48068233914916,7.00788945192306,1,2
5,18,81,7.79448093178851,2.50718218570106,3.89861497749687,5.72206692325677,7.12533258494789,1,2
5,18,83,7.79448093178851,2.50718218570106,2.40929819342797,5.50289630961892,7.1844087435953,1,2
5,18,86,7.79448093178851,2.50718218570106,3.67441741359854,5.49023238086319,7.03840374837544,1,2
5,19,4,7.79448093178851,2.50718218570106,5.45338356930069,5.86602637959511,7.71627718216882,1,2
5,19,6,7.79448093178851,2.50718218570106,3.94395272468585,6.24443014799368,7.23212572382537,1,2
5,19,10,7.79448093178851,2.50718218570106,6.64249495877853,6.61033697277045,7.61127865526648,1,2
5,19,12,7.79448093178851,2.50718218570106,5.39738527147068,6.80299640739585,7.52199822510409,1,2
5,19,13,7.79448093178851,2.50718218570106,5.86052819916534,5.24996975836873,7.18504999232327,1,2
5,19,16,7.79448093178851,2.50718218570106,4.53005119160048,5.61945476035281,7.09328465441311,1,2
5,19,19,7.79448093178851,2.50718218570106,4.47149002436963,5.90195945154047,7.32110954488532,1,2
5,19,21,7.79448093178851,2.50718218570106,5.46163657703571,5.00723800435699,7.24134432131468,1,2
5,19,25,7.79448093178851,2.50718218570106,3.40916563173427,6.1552672320442,7.13462327129016,1,2
5,19,26,7.79448093178851,2.50718218570106,4.18354697291797,5.96685711448403,7.35411681147753,1,2
5,19,27,7.79448093178851,2.50718218570106,6.50817993376946,6.62222239548086,7.5191823083135,1,2
5,19,28,7.79448093178851,2.50718218570106,3.81267466033369,6.0735780737681,7.2253816755982,1,2
5,19,29,7.79448093178851,2.50718218570106,4.98798550121952,5.54672349340693,7.15136214502335,1,2
5,19,30,7.79448093178851,2.50718218570106,5.34375159956973,6.40536414216347,7.69411441298061,1,2
5,19,34,7.79448093178851,2.50718218570106,4.20867797824417,6.32106755170328,7.64763295464488,1,2
5,19,35,7.79448093178851,2.50718218570106,6.13939430179084,5.8805006445482,7.30206355539156,1,2
5,19,36,7.79448093178851,2.50718218570106,2.9909273963289,6.18371536791243,7.46360349167801,1,2
5,19,39,7.79448093178851,2.50718218570106,5.57703125399206,6.25798950949943,7.25394957694289,1,2
5,19,42,7.79448093178851,2.50718218570106,3.5565705942642,5.23170135028941,6.99466174659219,1,2
5,19,43,7.79448093178851,2.50718218570106,5.2126497804244,6.72148902380015,7.79943828366156,1,2
5,19,44,7.79448093178851,2.50718218570106,5.6911151843453,6.32950260614531,7.17742206655094,1,2
5,19,47,7.79448093178851,2.50718218570106,5.11462790056217,6.03768837239759,7.31443731980362,1,2
5,19,48,7.79448093178851,2.50718218570106,6.72922929202805,5.78153547339197,7.13960307896509,1,2
5,19,50,7.79448093178851,2.50718218570106,4.23952304744718,5.63813042029838,7.36611419708661,1,2
5,19,53,7.79448093178851,2.50718218570106,4.73315230290274,6.35572628420873,7.113240194435,1,2
5,19,54,7.79448093178851,2.50718218570106,6.10289063879168,5.50649667083195,7.11815840026675,1,2
5,19,57,7.79448093178851,2.50718218570106,5.00442717441151,5.93135974645756,7.22532912645988,1,2
5,19,60,7.79448093178851,2.50718218570106,4.03539439123653,5.86656366430977,7.26516221360735,1,2
5,19,61,7.79448093178851,2.50718218570106,6.9741411143583,6.03269625032065,7.37159995565653,1,2
5,19,62,7.79448093178851,2.50718218570106,5.97555473610048,5.81219120003494,7.4280008307668,1,2
5,19,64,7.79448093178851,2.50718218570106,5.87480043795226,6.06169668115381,7.29093927000977,1,2
5,19,65,7.79448093178851,2.50718218570106,3.51103161796603,6.05342135704128,7.32144304106811,1,2
5,19,66,7.79448093178851,2.50718218570106,3.39510112310793,5.55490874233408,6.97946369120449,1,2
5,19,69,7.79448093178851,2.50718218570106,3.29965939798235,6.23544706445381,7.22520556817472,1,2
5,19,70,7.79448093178851,2.50718218570106,6.03902975763395,5.50192140959227,7.20848963902877,1,2
5,19,76,7.79448093178851,2.50718218570106,5.13787342099712,6.11425022420644,7.45459006861412,1,2
5,19,77,7.79448093178851,2.50718218570106,7.57777317702537,5.96756831726263,7.45727177137737,1,2
5,19,78,7.79448093178851,2.50718218570106,4.0759065272223,5.42127176781362,7.06214836551033,1,2
5,19,81,7.79448093178851,2.50718218570106,5.59088917394518,4.85090574613655,7.17865257909301,1,2
5,19,84,7.79448093178851,2.50718218570106,3.68902196572788,6.21088514516305,7.41473206038593,1,2
5,19,85,7.79448093178851,2.50718218570106,4.55579532380747,5.94505309177507,7.21788626902134,1,2
5,19,89,7.79448093178851,2.50718218570106,5.75763955262718,6.12963666526042,7.37612866148799,1,2
5,19,90,7.79448093178851,2.50718218570106,4.34673991217317,5.38193400227498,7.21646087963214,1,2
5,19,92,7.79448093178851,2.50718218570106,6.11898519089375,5.98826479122251,7.48562501055702,1,2
5,20,4,7.79448093178851,2.50718218570106,6.04862874326084,6.45086416095807,7.23299825708559,1,2
5,20,5,7.79448093178851,2.50718218570106,6.81097417416865,5.52110255631995,7.63816731673819,1,2
5,20,7,7.79448093178851,2.50718218570106,4.23002620759973,5.94013437140891,7.43742914355492,1,2
5,20,8,7.79448093178851,2.50718218570106,5.19440594767557,6.77164103076967,7.57281599959767,1,2
5,20,9,7.79448093178851,2.50718218570106,5.00424659685269,5.75574756393904,7.27005649157005,1,2
5,20,11,7.79448093178851,2.50718218570106,5.35825895038456,5.38314543017092,7.45632675636645,1,2
5,20,15,7.79448093178851,2.50718218570106,5.54291336707222,6.15772133758333,7.19785702843276,1,2
5,20,17,7.79448093178851,2.50718218570106,5.78337973640532,5.98509655485353,7.46241854251823,1,2
5,20,18,7.79448093178851,2.50718218570106,4.16351166269673,6.07849636474626,7.21245913130207,1,2
5,20,21,7.79448093178851,2.50718218570106,3.68615028735037,5.61347460247998,7.23973963225301,1,2
5,20,23,7.79448093178851,2.50718218570106,5.64632617861686,5.51572323405227,7.18743109804263,1,2
5,20,24,7.79448093178851,2.50718218570106,4.17435901099306,5.87057203009421,7.13753643926292,1,2
5,20,26,7.79448093178851,2.50718218570106,2.92359777105269,5.40668634785463,7.30916004007368,1,2
5,20,27,7.79448093178851,2.50718218570106,4.14799337508245,6.46756703835359,7.82670022358493,1,2
5,20,29,7.79448093178851,2.50718218570106,5.88936772754735,6.35790719363412,7.39150656309361,1,2
5,20,30,7.79448093178851,2.50718218570106,6.44955001383928,6.0065074089866,7.39661302579512,1,2
5,20,33,7.79448093178851,2.50718218570106,5.69952006787297,5.48719847510712,7.34390488004748,1,2
5,20,37,7.79448093178851,2.50718218570106,6.74839808314478,5.97528080428745,7.69145353647116,1,2
5,20,38,7.79448093178851,2.50718218570106,4.42745365648806,5.75554149358909,7.2128183269105,1,2
5,20,40,7.79448093178851,2.50718218570106,4.18309132589951,5.55959486200701,6.83897784973826,1,2
5,20,45,7.79448093178851,2.50718218570106,4.33151343701744,7.26769004145125,7.78975339315992,1,2
5,20,47,7.79448093178851,2.50718218570106,4.44347120093588,5.70777139921165,7.2042555864101,1,2
5,20,48,7.79448093178851,2.50718218570106,5.31688063095611,6.44330301055316,7.45825434551338,1,2
5,20,49,7.79448093178851,2.50718218570106,5.33167410229818,5.23078205168335,7.03955513190608,1,2
5,20,51,7.79448093178851,2.50718218570106,5.47927996580901,6.22227250218853,7.23944732140499,1,2
5,20,54,7.79448093178851,2.50718218570106,5.66777354331786,5.24123601626849,7.03541054821633,1,2
5,20,56,7.79448093178851,2.50718218570106,4.77092659805662,5.74278115709161,7.72635605047807,1,2
5,20,57,7.79448093178851,2.50718218570106,3.60857615626231,6.00951799915172,7.17827676758848,1,2
5,20,58,7.79448093178851,2.50718218570106,4.33398708441097,6.41161482347258,7.14894617706044,1,2
5,20,62,7.79448093178851,2.50718218570106,5.01517304301897,6.58268939035451,7.4560500332331,1,2
5,20,63,7.79448093178851,2.50718218570106,6.12479885723938,7.04937432515264,7.62098305049312,1,2
5,20,64,7.79448093178851,2.50718218570106,3.72300398394383,5.72061917081677,7.22127949018111,1,2
5,20,65,7.79448093178851,2.50718218570106,5.28642972320423,5.7860745248903,7.17676449986975,1,2
5,20,67,7.79448093178851,2.50718218570106,2.97408815710283,6.57650275707399,7.22922371107858,1,2
5,21,2,7.79448093178851,2.50718218570106,4.79697425439982,6.04896514917591,7.43784352750343,1,2
5,21,4,7.79448093178851,2.50718218570106,5.29743697009778,4.98054438431971,6.95230023122738,1,2
5,21,7,7.79448093178851,2.50718218570106,5.43270181631238,6.1336109672435,7.63041327847579,1,2
5,21,8,7.79448093178851,2.50718218570106,4.89584698562765,7.39222976563274,7.87803171215559,1,2
5,21,11,7.79448093178851,2.50718218570106,5.7057821665661,7.09307215709607,8.01061699445303,1,2
5,21,12,7.79448093178851,2.50718218570106,4.62848166950332,6.59464348609411,7.60815702658976,1,2
5,21,13,7.79448093178851,2.50718218570106,5.82017501432748,5.9050795812679,7.72319308670887,1,2
5,21,14,7.79448093178851,2.50718218570106,5.67545677786226,5.84222618881433,7.65884476068658,1,2
5,21,19,7.79448093178851,2.50718218570106,7.18699862518388,6.84654248227545,8.11906760101347,1,2
5,21,20,7.79448093178851,2.50718218570106,4.42200458007958,6.77995412873011,7.98206533143861,1,2
5,21,21,7.79448093178851,2.50718218570106,4.33881970398037,6.1911584021375,7.48258101166708,1,2
5,21,22,7.79448093178851,2.50718218570106,2.86264805584618,6.99103669132428,8.04246803589514,1,2
5,21,24,7.79448093178851,2.50718218570106,4.48202140415374,5.92944235439922,7.39365453785663,1,2
5,21,26,7.79448093178851,2.50718218570106,5.0157715324882,5.08256252775058,7.80328656998112,1,2
5,21,27,7.79448093178851,2.50718218570106,5.75906635973728,6.12608955296155,7.70092763662135,1,2
5,21,28,7.79448093178851,2.50718218570106,5.59202794275227,5.4974747132829,7.76290425108521,1,2
5,21,29,7.79448093178851,2.50718218570106,6.51739624216789,6.19530179235186,7.76775634836083,1,2
5,21,31,7.79448093178851,2.50718218570106,5.09479213037537,6.44076533697476,7.65706302630406,1,2
5,21,35,7.79448093178851,2.50718218570106,3.31540624151436,5.63626570931428,7.7198878818274,1,2
5,21,37,7.79448093178851,2.50718218570106,4.91368592206709,6.06554157962862,7.68236583618327,1,2
5,21,38,7.79448093178851,2.50718218570106,6.22375277003496,5.9389877051481,7.41072957358296,1,2
5,21,39,7.79448093178851,2.50718218570106,6.90928883346401,5.83719861492131,7.52944710690576,1,2
5,21,41,7.79448093178851,2.50718218570106,4.81027267223752,7.05896004400713,7.65021980524429,1,2
5,21,44,7.79448093178851,2.50718218570106,5.24711913923835,5.25344383070714,7.21978544026806,1,2
5,21,45,7.79448093178851,2.50718218570106,3.41233811996821,5.3282651819334,7.53966826832217,1,2
5,21,46,7.79448093178851,2.50718218570106,3.84894917271202,6.39677353734483,7.61711685708614,1,2
5,21,47,7.79448093178851,2.50718218570106,4.81511537256807,6.05220224137108,7.54103620130399,1,2
5,21,49,7.79448093178851,2.50718218570106,4.99215381357219,6.2859240831,7.66360415185865,1,2
5,21,50,7.79448093178851,2.50718218570106,4.57802914912968,6.00822874242368,7.82005795686231,1,2
5,21,53,7.79448093178851,2.50718218570106,6.98421644390822,5.99405602830104,7.56291822551402,1,2
5,21,55,7.79448093178851,2.50718218570106,4.47342221854557,6.48575979103281,7.55514071492114,1,2
5,21,60,7.79448093178851,2.50718218570106,5.95202227334722,6.48810405707323,7.46023088152853,1,2
5,22,2,7.79448093178851,2.50718218570106,4.58611720238901,5.91190865427436,7.32772523780146,1,2
5,22,3,7.79448093178851,2.50718218570106,4.67807201883119,6.46131326887449,7.50532098583538,1,2
5,22,6,7.79448093178851,2.50718218570106,4.42795203701352,5.33846500318254,7.37707212831639,1,2
5,22,8,7.79448093178851,2.50718218570106,4.18822335006593,6.27263949176697,7.46339929683154,1,2
5,22,9,7.79448093178851,2.50718218570106,6.29059270667186,6.68287855255814,7.75428127248584,1,2
5,22,11,7.79448093178851,2.50718218570106,4.8951161960724,6.83745002857721,7.65641355507395,1,2
5,22,13,7.79448093178851,2.50718218570106,4.74567643788779,5.37662694622492,7.64384414283571,1,2
5,22,14,7.79448093178851,2.50718218570106,5.38421400882149,6.0283016281873,7.57371108687064,1,2
5,22,17,7.79448093178851,2.50718218570106,5.53126086605093,5.90287627659738,7.71997107572441,1,2
5,22,21,7.79448093178851,2.50718218570106,4.10161409201767,6.27553491080061,7.8984766795759,1,2
5,22,23,7.79448093178851,2.50718218570106,3.10337555437155,7.03611878522505,7.18993180098868,1,2
5,22,26,7.79448093178851,2.50718218570106,5.86334312708808,5.60300126293646,6.89521589093852,1,2
5,22,27,7.79448093178851,2.50718218570106,4.60610649148683,5.99591465317415,7.72493732318021,1,2
5,22,28,7.79448093178851,2.50718218570106,6.10814679564081,5.3676718069172,7.31474865630286,1,2
5,22,31,7.79448093178851,2.50718218570106,4.9097812021161,5.46051861264235,7.19494940031259,1,2
5,22,32,7.79448093178851,2.50718218570106,5.07911443043207,5.62002475734848,7.42330140095219,1,2
5,22,33,7.79448093178851,2.50718218570106,5.59189379801805,5.94277567208575,7.44626724918511,1,2
5,22,34,7.79448093178851,2.50718218570106,5.9099685942807,5.53946116289293,7.78036172748821,1,2
5,22,35,7.79448093178851,2.50718218570106,5.22112229936122,5.38114749001256,7.41840921526408,1,2
5,22,36,7.79448093178851,2.50718218570106,6.02871521507335,6.71467540986623,7.7759735487673,1,2
5,22,38,7.79448093178851,2.50718218570106,5.67841372095339,6.29235068943877,7.72516606616711,1,2
5,22,43,7.79448093178851,2.50718218570106,4.61537432407133,6.12140765157974,7.64546380276863,1,2
5,22,45,7.79448093178851,2.50718218570106,5.84633388271915,6.1063231014909,7.5412553175907,1,2
5,22,46,7.79448093178851,2.50718218570106,6.16662578062244,5.63655632660483,7.50554718139803,1,2
5,22,47,7.79448093178851,2.50718218570106,3.9912535288924,6.26370923225518,7.78205803465918,1,2
5,22,48,7.79448093178851,2.50718218570106,4.21433817942576,5.91684414748412,7.43904085833403,1,2
5,22,51,7.79448093178851,2.50718218570106,4.76033156544631,6.37966803033763,7.68178371570784,1,2
5,22,52,7.79448093178851,2.50718218570106,5.0569899900147,5.21816092917759,7.52525626306499,1,2
5,22,55,7.79448093178851,2.50718218570106,6.19815027239546,6.34573785782848,7.92473785771755,1,2
5,22,60,7.79448093178851,2.50718218570106,4.93928363852998,5.35938591525214,7.53037696887693,1,2
5,22,63,7.79448093178851,2.50718218570106,4.927673315667,5.54714073304786,7.37140602344897,1,2
5,22,64,7.79448093178851,2.50718218570106,4.03434520850451,5.94852052878812,7.762033416708,1,2
5,22,68,7.79448093178851,2.50718218570106,6.89981563273453,5.98118341906112,7.64102244895864,1,2
5,22,69,7.79448093178851,2.50718218570106,4.6013370384524,6.17779601694154,7.52659951044043,1,2
5,22,70,7.79448093178851,2.50718218570106,4.67366114773926,5.98265312250263,7.6891557765336,1,2
5,22,71,7.79448093178851,2.50718218570106,4.68766450387842,6.24009107008812,7.53600121849134,1,2
5,22,72,7.79448093178851,2.50718218570106,5.65902812725375,6.35904074704742,7.74492052580069,1,2
5,22,74,7.79448093178851,2.50718218570106,5.64198843765024,5.69165002531064,7.61248132924169,1,2
5,22,77,7.79448093178851,2.50718218570106,4.14610946817597,5.39111530981008,7.5868346359903,1,2
5,22,78,7.79448093178851,2.50718218570106,6.81970905918444,5.32937424188978,7.68813896247281,1,2
5,22,81,7.79448093178851,2.50718218570106,3.8531214633294,5.37398862741797,7.51570571117928,1,2
5,22,82,7.79448093178851,2.50718218570106,6.39113585686794,6.30721794966065,7.7156204711805,1,2
5,22,87,7.79448093178851,2.50718218570106,6.30046473277698,6.46148083948411,7.91432791448543,1,2
5,22,88,7.79448093178851,2.50718218570106,5.50574478003425,5.32669695334395,7.65002026361779,1,2
5,22,89,7.79448093178851,2.50718218570106,4.89769784582476,6.34786803912547,7.86200959136697,1,2
5,22,92,7.79448093178851,2.50718218570106,6.18647171418459,5.14556893117485,7.42397179425182,1,2
5,22,94,7.79448093178851,2.50718218570106,3.30528306007502,6.30621643052402,7.32366042976967,1,2
5,22,95,7.79448093178851,2.50718218570106,5.46092933212567,5.60081253408725,7.55937946790628,1,2
5,22,96,7.79448093178851,2.50718218570106,4.65383880943106,5.78416602916051,7.5770425889938,1,2
5,22,100,7.79448093178851,2.50718218570106,4.34414124465785,6.10657501617911,7.71589230530832,1,2
5,23,1,7.79448093178851,2.50718218570106,6.23208946215711,5.51993966597035,7.80275067833264,1,2
5,23,2,7.79448093178851,2.50718218570106,5.78428840580836,5.88384242100848,7.55517624146442,1,2
5,23,3,7.79448093178851,2.50718218570106,4.62491993829385,5.75856612630208,7.61093483836377,1,2
5,23,5,7.79448093178851,2.50718218570106,5.81086319485456,5.54558076504013,7.51765985698433,1,2
5,23,8,7.79448093178851,2.50718218570106,4.0488478140343,5.84495113210794,7.34776292184507,1,2
5,23,9,7.79448093178851,2.50718218570106,3.95660363636639,6.10687793771169,7.68575483964147,1,2
5,23,10,7.79448093178851,2.50718218570106,5.58176620301865,6.36135240481165,7.70644095093868,1,2
5,23,11,7.79448093178851,2.50718218570106,6.6038109538214,5.96659874261268,7.57934370541385,1,2
5,23,13,7.79448093178851,2.50718218570106,4.75805336210993,5.9090765790024,7.44771707554237,1,2
5,23,15,7.79448093178851,2.50718218570106,5.63235171269945,6.86469629307934,7.98596852339243,1,2
5,23,16,7.79448093178851,2.50718218570106,3.90803077970096,6.09295887111153,7.77332792877911,1,2
5,23,18,7.79448093178851,2.50718218570106,4.79948849377409,5.59803535989604,7.38076230756016,1,2
5,23,19,7.79448093178851,2.50718218570106,5.31761220035504,5.88480043478141,7.64895328866052,1,2
5,23,21,7.79448093178851,2.50718218570106,5.33589250298036,6.11464991339997,7.50299638625523,1,2
5,23,23,7.79448093178851,2.50718218570106,5.82438481147907,5.78608715089501,7.57447226247844,1,2
5,23,25,7.79448093178851,2.50718218570106,7.46763881649899,5.85717786718562,7.77174674891679,1,2
5,23,27,7.79448093178851,2.50718218570106,5.51096988049668,5.3299929146323,7.66195932594785,1,2
5,23,28,7.79448093178851,2.50718218570106,6.18355451511458,6.5150120248311,7.98300543428235,1,2
5,23,29,7.79448093178851,2.50718218570106,7.38756902677314,6.24404900495496,7.78264142020475,1,2
5,23,30,7.79448093178851,2.50718218570106,4.35482882290218,5.69821692092665,7.45540206034106,1,2
5,23,33,7.79448093178851,2.50718218570106,6.26646582901754,5.44918704689703,7.21334656582776,1,2
5,23,35,7.79448093178851,2.50718218570106,4.85434495311529,6.22825336886952,7.09008186935759,1,2
5,23,36,7.79448093178851,2.50718218570106,4.49348126933786,5.88019077205209,7.48567139696121,1,2
5,23,38,7.79448093178851,2.50718218570106,5.77202967880519,5.28011453196136,7.30115208362383,1,2
5,23,40,7.79448093178851,2.50718218570106,4.65066939088412,6.55935247498277,7.16420802854747,1,2
5,23,43,7.79448093178851,2.50718218570106,4.26324009552977,6.23333023218799,7.58601359774142,1,2
5,23,50,7.79448093178851,2.50718218570106,1.64473449045966,6.89151267444203,7.53499579908344,1,2
5,23,52,7.79448093178851,2.50718218570106,3.30403783344938,6.77957533625052,7.36654165333966,1,2
5,23,55,7.79448093178851,2.50718218570106,4.74249123197272,6.51119400897784,7.60669024491861,1,2
5,23,57,7.79448093178851,2.50718218570106,5.30554188665921,6.28914489463413,7.75356572588445,1,2
5,23,58,7.79448093178851,2.50718218570106,5.80696330739729,4.9707131314663,7.15171240333279,1,2
5,23,61,7.79448093178851,2.50718218570106,5.9783699056621,5.34793168510988,7.01335186311403,1,2
5,23,64,7.79448093178851,2.50718218570106,4.9038376083267,6.88673084195094,7.76150003067335,1,2
5,23,65,7.79448093178851,2.50718218570106,4.5260213900018,5.46315420857015,7.62205581361554,1,2
5,23,66,7.79448093178851,2.50718218570106,4.82349367527629,6.79020990056539,7.34956144723034,1,2
5,23,67,7.79448093178851,2.50718218570106,6.66571222675482,5.22654999231773,7.18734575224783,1,2
5,23,71,7.79448093178851,2.50718218570106,5.40376085976584,7.11048803087088,7.84264296828763,1,2
5,23,72,7.79448093178851,2.50718218570106,6.2126131739089,6.00096099346961,7.31633859996014,1,2
5,23,77,7.79448093178851,2.50718218570106,3.57599790939798,5.45505254386583,7.16557011079234,1,2
5,23,81,7.79448093178851,2.50718218570106,4.83588929197237,6.10402105852508,7.60347017454336,1,2
5,23,82,7.79448093178851,2.50718218570106,4.81238094150939,5.35450315485131,7.39455240710957,1,2
5,23,83,7.79448093178851,2.50718218570106,4.65955926196973,6.52508741968448,7.61672668375792,1,2
5,23,84,7.79448093178851,2.50718218570106,6.66347940694076,6.71934484087508,7.75091241052122,1,2
5,23,85,7.79448093178851,2.50718218570106,6.1116830238443,6.03585771516725,7.49946986970049,1,2
5,23,86,7.79448093178851,2.50718218570106,5.86922093562098,5.81139076199451,7.7043141391926,1,2
5,24,1,7.79448093178851,2.50718218570106,4.63505873826346,6.18700477228381,7.07387974780687,1,2
5,24,4,7.79448093178851,2.50718218570106,3.27467463835142,5.99099174271458,7.5169391205328,1,2
5,24,8,7.79448093178851,2.50718218570106,6.30297290371276,5.98747674409147,7.56866140922106,1,2
5,24,9,7.79448093178851,2.50718218570106,4.76820825388731,5.76213525525262,7.40147241946679,1,2
5,24,10,7.79448093178851,2.50718218570106,4.44525073731193,6.21285964946993,7.2940675982994,1,2
5,24,11,7.79448093178851,2.50718218570106,4.1891371819816,5.79677159864691,7.74729837425182,1,2
5,24,14,7.79448093178851,2.50718218570106,3.76577743140034,6.23635854705218,7.75272664274635,1,2
5,24,16,7.79448093178851,2.50718218570106,6.62864030101367,6.36065795507586,7.57730731842016,1,2
5,24,18,7.79448093178851,2.50718218570106,3.9662913586809,6.72559583560339,7.82248006522434,1,2
5,24,19,7.79448093178851,2.50718218570106,5.77368462413447,6.25792808016964,7.62995031835146,1,2
5,24,24,7.79448093178851,2.50718218570106,4.99245169511341,5.91783052437416,7.66045305414602,1,2
5,24,26,7.79448093178851,2.50718218570106,6.25990052179754,5.8725521319638,7.83710535285903,1,2
5,24,27,7.79448093178851,2.50718218570106,4.50441070313334,5.8035056837899,7.76574352603188,1,2
5,24,28,7.79448093178851,2.50718218570106,6.08301077286139,5.71467614573435,7.43641668641866,1,2
5,24,33,7.79448093178851,2.50718218570106,5.7381018793419,6.56879259826871,7.83426516785885,1,2
5,24,35,7.79448093178851,2.50718218570106,6.82980705813366,6.18141963553576,8.16051000904193,1,2
5,24,42,7.79448093178851,2.50718218570106,5.08643750842185,6.06584821694755,7.46241622401615,1,2
5,24,49,7.79448093178851,2.50718218570106,6.28802671109744,7.47510704089554,8.20890195873623,1,2
5,24,50,7.79448093178851,2.50718218570106,5.04346032996679,5.53378082267775,7.74094949891597,1,2
5,24,51,7.79448093178851,2.50718218570106,4.33137373687133,5.43780652110449,7.65733517412137,1,2
5,24,52,7.79448093178851,2.50718218570106,5.16190272611026,5.50068188478921,7.64715599012992,1,2
5,24,53,7.79448093178851,2.50718218570106,6.74334462486769,5.74226003909133,8.13366509533628,1,2
5,24,57,7.79448093178851,2.50718218570106,6.28694629439781,6.24309897045875,7.78664491411365,1,2
5,24,58,7.79448093178851,2.50718218570106,6.26175139951771,6.46143434112071,7.62871008325795,1,2
5,24,60,7.79448093178851,2.50718218570106,5.40932744565666,6.56278467842667,7.73037397813927,1,2
5,24,63,7.79448093178851,2.50718218570106,3.96181045441954,5.28068734546977,7.80730843866268,1,2
5,24,64,7.79448093178851,2.50718218570106,5.22517699693626,5.65387586006137,7.80229826813078,1,2
5,24,66,7.79448093178851,2.50718218570106,4.54695391040837,5.76686310029865,7.74764259484935,1,2
5,24,67,7.79448093178851,2.50718218570106,4.08333300455271,6.30757603677087,7.63498272958073,1,2
5,24,70,7.79448093178851,2.50718218570106,5.52802274248685,6.33746494850954,8.06938566580886,1,2
5,24,73,7.79448093178851,2.50718218570106,6.00498255416724,6.61757977742746,7.95890109598334,1,2
5,24,76,7.79448093178851,2.50718218570106,6.0174675115161,5.88525715415401,7.66838524401502,1,2
5,24,77,7.79448093178851,2.50718218570106,7.02743434899603,5.30180070606401,7.89552064242174,1,2
5,24,81,7.79448093178851,2.50718218570106,5.12542911431944,6.46140128629369,7.86089150814787,1,2
5,24,84,7.79448093178851,2.50718218570106,3.94123399646959,5.65430513949157,7.59634566577352,1,2
5,24,87,7.79448093178851,2.50718218570106,6.46417755944055,5.68248911157249,7.45373169182427,1,2
5,24,89,7.79448093178851,2.50718218570106,5.00173404661637,5.25714424929766,7.76424404711086,1,2
5,25,2,7.79448093178851,2.50718218570106,3.81670999833944,5.53345888978578,7.89742324068438,1,2
5,25,3,7.79448093178851,2.50718218570106,4.23643013536337,6.55609833713694,7.98843304438686,1,2
5,25,4,7.79448093178851,2.50718218570106,5.7562395029208,5.76216286727665,7.94932943649765,1,2
5,25,7,7.79448093178851,2.50718218570106,5.51198225772385,5.36287731786846,7.428767525216,1,2
5,25,8,7.79448093178851,2.50718218570106,4.53833403180733,5.4901970322647,7.96421873041308,1,2
5,25,12,7.79448093178851,2.50718218570106,5.96491148541907,5.99015409300378,8.40705705629365,1,2
5,25,13,7.79448093178851,2.50718218570106,6.09244964858961,5.19599130334534,7.7643064075415,1,2
5,25,19,7.79448093178851,2.50718218570106,5.54834257439589,6.10369189113867,8.23270214857918,1,2
5,25,21,7.79448093178851,2.50718218570106,4.72107404399999,6.26837824480861,7.84619195952733,1,2
5,25,22,7.79448093178851,2.50718218570106,4.38136907073911,6.19495213415268,7.56179716313826,1,2
5,25,25,7.79448093178851,2.50718218570106,5.55088189147332,6.24989646057393,8.13912083584858,1,2
5,25,26,7.79448093178851,2.50718218570106,5.05954420313015,6.48628162431199,7.58143522019546,1,2
5,25,27,7.79448093178851,2.50718218570106,3.57129252727666,6.27831796655306,7.94023768109227,1,2
5,25,29,7.79448093178851,2.50718218570106,5.9457265297861,5.68143722713454,8.058688321373,1,2
5,25,30,7.79448093178851,2.50718218570106,4.84563465911402,6.06672151215575,7.54707568842173,1,2
5,25,32,7.79448093178851,2.50718218570106,6.98195346600381,5.29758496577534,7.71426456675937,1,2
5,25,33,7.79448093178851,2.50718218570106,6.65112733156716,6.42453200704437,8.10549133920411,1,2
5,25,34,7.79448093178851,2.50718218570106,4.73484066910754,5.87216815722913,7.79139485136839,1,2
5,25,35,7.79448093178851,2.50718218570106,4.4318378389568,6.61920938652895,7.48356455754096,1,2
5,25,36,7.79448093178851,2.50718218570106,3.63972671546471,6.72074276793972,7.52234026425893,1,2
5,25,38,7.79448093178851,2.50718218570106,3.28522610076391,5.82240465735714,7.79570610535089,1,2
5,25,41,7.79448093178851,2.50718218570106,4.52079179078033,6.12286243035653,7.82007673397435,1,2
5,25,44,7.79448093178851,2.50718218570106,5.43915927105847,6.18532968115042,7.67090345456689,1,2
5,25,45,7.79448093178851,2.50718218570106,5.14476971880206,6.04568174177892,8.22700881765051,1,2
5,25,47,7.79448093178851,2.50718218570106,4.1235916706789,6.9506588962208,7.93702180943424,1,2
5,25,48,7.79448093178851,2.50718218570106,5.37336587661757,6.48139440896415,8.01666952310866,1,2
5,25,52,7.79448093178851,2.50718218570106,5.85539833760862,6.16203926681582,7.8927289673644,1,2
5,25,53,7.79448093178851,2.50718218570106,4.75857790399622,5.29337088735518,7.85480127437897,1,2
5,25,54,7.79448093178851,2.50718218570106,7.3950959257057,6.79746074037272,7.83712524941332,1,2
5,25,56,7.79448093178851,2.50718218570106,6.01771343368896,4.91756882888773,7.84922674589024,1,2
5,25,57,7.79448093178851,2.50718218570106,2.68799718586939,4.93753157466387,7.25997944278484,1,2
5,25,59,7.79448093178851,2.50718218570106,4.8253442010677,5.34925030493419,8.04755503208586,1,2
5,25,62,7.79448093178851,2.50718218570106,4.76726025487009,6.79863978326862,7.97825505797237,1,2
5,25,64,7.79448093178851,2.50718218570106,5.34316512647951,5.5156779983799,7.63045183795676,1,2
5,25,65,7.79448093178851,2.50718218570106,5.56145963446632,5.7649462719924,7.86337490299236,1,2
5,25,66,7.79448093178851,2.50718218570106,3.38523782573095,5.7432845616638,7.73188725452361,1,2
5,25,69,7.79448093178851,2.50718218570106,4.46991253986008,5.62914236802455,7.79405942392474,1,2
5,25,70,7.79448093178851,2.50718218570106,5.60577985442816,6.18808527494598,7.89182195667593,1,2
5,25,73,7.79448093178851,2.50718218570106,4.48620022024821,5.65654081816207,7.77011636247957,1,2
5,25,75,7.79448093178851,2.50718218570106,4.99142552790921,5.92030667669644,7.66261657183607,1,2
5,25,76,7.79448093178851,2.50718218570106,4.99069784026053,5.53805379567427,7.93905267552967,1,2
5,25,78,7.79448093178851,2.50718218570106,5.87322845299324,6.01116264301405,8.02729192521797,1,2
5,25,79,7.79448093178851,2.50718218570106,4.38954743850755,5.37974377423509,7.67135626634396,1,2
5,25,80,7.79448093178851,2.50718218570106,6.46881748075392,5.39271825500384,8.02226223420875,1,2
5,25,82,7.79448093178851,2.50718218570106,3.59697920981157,5.287660436901,7.70253591870212,1,2
5,25,83,7.79448093178851,2.50718218570106,4.50513961833278,6.30984817179338,7.67768598369887,1,2
5,26,1,7.79448093178851,2.50718218570106,4.8925980035595,6.32786744600397,7.6171126161137,1,2
5,26,2,7.79448093178851,2.50718218570106,3.84056611925208,5.56230128608789,8.24503159211036,1,2
5,26,4,7.79448093178851,2.50718218570106,5.3627508704483,6.08923159541002,8.14400868895451,1,2
5,26,5,7.79448093178851,2.50718218570106,5.40097573408416,5.9371814538096,8.17098052038473,1,2
5,26,6,7.79448093178851,2.50718218570106,3.97922743834928,5.52343876179767,7.41052997078535,1,2
5,26,8,7.79448093178851,2.50718218570106,5.69726624666853,6.2434168018409,8.21188924048436,1,2
5,26,9,7.79448093178851,2.50718218570106,6.16800435624977,5.57311092681619,8.31990907075763,1,2
5,26,11,7.79448093178851,2.50718218570106,4.69906675226626,6.4964095714255,7.65751776468655,1,2
5,26,12,7.79448093178851,2.50718218570106,5.48490529954611,7.08496860634306,8.53463048709614,1,2
5,26,16,7.79448093178851,2.50718218570106,5.03803001000229,6.82632895160963,8.60751890029778,1,2
5,26,17,7.79448093178851,2.50718218570106,3.67561267468143,6.52559867967186,7.80411419398784,1,2
5,26,20,7.79448093178851,2.50718218570106,4.15740312442587,5.38763279719572,7.91604935553194,1,2
5,26,21,7.79448093178851,2.50718218570106,4.09030591153395,7.01168550391586,8.29285994488325,1,2
5,26,22,7.79448093178851,2.50718218570106,5.34427209372714,6.16695194557602,7.76646880298343,1,2
5,26,25,7.79448093178851,2.50718218570106,5.3303866521481,6.33241661105952,7.83682394018404,1,2
5,26,26,7.79448093178851,2.50718218570106,5.72476020321803,5.52650799660916,7.53572597245621,1,2
5,26,27,7.79448093178851,2.50718218570106,4.46285363012684,5.79672947327103,7.8516029113164,1,2
5,26,28,7.79448093178851,2.50718218570106,7.32805835068109,5.20363496225753,7.49192354034976,1,2
5,26,31,7.79448093178851,2.50718218570106,4.1868617300848,6.50112196679233,8.0138819651986,1,2
5,26,32,7.79448093178851,2.50718218570106,3.53438950010357,6.86113001313349,7.85757569074171,1,2
5,26,34,7.79448093178851,2.50718218570106,4.82822642080972,5.50774321055158,7.70013113430932,1,2
5,26,39,7.79448093178851,2.50718218570106,2.68411329701795,5.40790527558144,7.55519625680519,1,2
5,26,41,7.79448093178851,2.50718218570106,5.96711950239852,6.24816810585758,7.73419321025285,1,2
5,26,43,7.79448093178851,2.50718218570106,4.94421281014573,4.88751816834596,7.24329038910976,1,2
5,26,44,7.79448093178851,2.50718218570106,3.89916898318571,6.10165341563612,8.04383776052916,1,2
5,26,45,7.79448093178851,2.50718218570106,4.76983130484315,6.76751524636715,8.05688724036864,1,2
5,26,47,7.79448093178851,2.50718218570106,6.18516888270215,6.12433182036009,7.81503528447361,1,2
5,26,50,7.79448093178851,2.50718218570106,6.45393707238299,6.2328303858063,8.10500179541397,1,2
5,26,51,7.79448093178851,2.50718218570106,7.57685611950585,5.66086183797665,7.95413787353704,1,2
5,26,53,7.79448093178851,2.50718218570106,5.25555593978577,5.97329557754319,8.1877938088549,1,2
5,26,55,7.79448093178851,2.50718218570106,6.57526378052829,6.76430517560429,8.46648858469069,1,2
5,26,56,7.79448093178851,2.50718218570106,4.44476404915054,6.26136855733135,7.88013188385957,1,2
5,26,58,7.79448093178851,2.50718218570106,6.40691997557594,5.90998513888992,7.85289281209059,1,2
5,26,59,7.79448093178851,2.50718218570106,4.09503039737235,6.40685942443515,8.13421701073037,1,2
5,26,60,7.79448093178851,2.50718218570106,4.38620304594721,6.43509816482235,7.68310992490796,1,2
5,26,62,7.79448093178851,2.50718218570106,3.60236947998872,6.93251601389059,8.20560623058725,1,2
5,26,64,7.79448093178851,2.50718218570106,6.90562728352282,4.90496655704528,8.02986124362924,1,2
5,26,67,7.79448093178851,2.50718218570106,4.46558537612411,5.93656833168832,7.91164239572326,1,2
5,26,69,7.79448093178851,2.50718218570106,5.83028482214265,6.34395814716069,7.98784589509977,1,2
5,26,70,7.79448093178851,2.50718218570106,6.15113412645676,6.14700726111214,8.34109144073184,1,2
5,26,73,7.79448093178851,2.50718218570106,4.88230342887857,5.73017516305415,8.05955537086141,1,2
5,26,75,7.79448093178851,2.50718218570106,3.38750117283975,5.296851951995,7.68070252119307,1,2
5,26,76,7.79448093178851,2.50718218570106,5.65868886697589,6.04914312502256,8.10861936125565,1,2
5,26,78,7.79448093178851,2.50718218570106,4.17412032656819,6.24956788815622,7.67703055409347,1,2
5,26,81,7.79448093178851,2.50718218570106,4.95886805963877,5.67574917095326,8.09299045807408,1,2
5,26,82,7.79448093178851,2.50718218570106,3.44267238232587,5.92835825253353,7.85066044561592,1,2
5,26,83,7.79448093178851,2.50718218570106,6.27311459115927,5.67988183964705,7.87883409674303,1,2
5,27,1,7.79448093178851,2.50718218570106,6.46298929986104,6.5263851009869,8.11038566091578,1,2
5,27,3,7.79448093178851,2.50718218570106,4.28237724814568,6.2963859349019,7.68997185461216,1,2
5,27,4,7.79448093178851,2.50718218570106,5.36450544016748,5.60106563461728,8.15733550035558,1,2
5,27,5,7.79448093178851,2.50718218570106,4.11365932632256,6.04360791547592,7.90791304882513,1,2
5,27,6,7.79448093178851,2.50718218570106,4.17163268816364,6.12039558737438,7.51684447143675,1,2
5,27,7,7.79448093178851,2.50718218570106,4.79283059654377,5.33719592094561,7.99895683735601,1,2
5,27,12,7.79448093178851,2.50718218570106,5.71821901402313,5.82826140081538,7.61261804192488,1,2
5,27,14,7.79448093178851,2.50718218570106,5.86146993717418,6.39764604274934,8.37602141015049,1,2
5,27,15,7.79448093178851,2.50718218570106,6.21260761136292,6.21601674708162,8.43259687021486,1,2
5,27,16,7.79448093178851,2.50718218570106,4.95330296825742,5.86279430360454,8.38140285300728,1,2
5,27,17,7.79448093178851,2.50718218570106,7.76862053851462,5.70554597425332,7.93241100929688,1,2
5,27,18,7.79448093178851,2.50718218570106,4.81563747534974,6.41858077216456,8.26641808180505,1,2
5,27,22,7.79448093178851,2.50718218570106,4.37815856880019,4.88102977216448,7.76949216086577,1,2
5,27,23,7.79448093178851,2.50718218570106,4.45903277846678,6.22947987741474,8.22320477455188,1,2
5,27,24,7.79448093178851,2.50718218570106,5.58870787035525,5.90067711925028,7.99016444534697,1,2
5,27,26,7.79448093178851,2.50718218570106,3.25246741401388,5.04482367296317,8.05707926101632,1,2
5,27,27,7.79448093178851,2.50718218570106,5.78426872567639,6.20737356450089,8.57048676883635,1,2
5,27,29,7.79448093178851,2.50718218570106,6.76985137615736,5.58742874508533,8.35187478578033,1,2
5,27,30,7.79448093178851,2.50718218570106,4.76128674738185,5.67754829265147,7.91110710119327,1,2
5,27,32,7.79448093178851,2.50718218570106,5.5751822230857,5.68099131161398,8.21587125302389,1,2
5,27,35,7.79448093178851,2.50718218570106,6.34559867602304,5.69588010472438,8.27657538611864,1,2
5,27,38,7.79448093178851,2.50718218570106,6.71351140820729,6.48936827277852,7.90084301500766,1,2
5,27,41,7.79448093178851,2.50718218570106,3.97113009712788,6.48024045165145,8.2323556414172,1,2
5,27,42,7.79448093178851,2.50718218570106,5.28620278003387,5.65845802473222,8.17033088609586,1,2
5,27,46,7.79448093178851,2.50718218570106,5.80814446825579,6.04481434124682,8.15529105161226,1,2
5,27,51,7.79448093178851,2.50718218570106,5.72734555675434,5.88760468985203,8.07615563117021,1,2
5,27,55,7.79448093178851,2.50718218570106,4.36992659820569,6.89668778346848,7.99120679796362,1,2
5,27,56,7.79448093178851,2.50718218570106,5.27617881560437,6.0881671240493,8.43248844865463,1,2
5,27,57,7.79448093178851,2.50718218570106,4.52109087648129,6.1489297013805,7.88518773420555,1,2
5,27,62,7.79448093178851,2.50718218570106,3.41080903284891,6.44768160188837,7.69792108780302,1,2
5,27,63,7.79448093178851,2.50718218570106,5.18924621458119,5.83420245201025,8.06048404709107,1,2
5,27,64,7.79448093178851,2.50718218570106,4.4986028439895,6.2148125939353,8.20190778147917,1,2
5,27,67,7.79448093178851,2.50718218570106,2.17853951483735,5.60305268071562,7.87284324979841,1,2
5,28,1,7.79448093178851,2.50718218570106,4.61254051392214,6.7179782071107,7.88219822690184,1,2
5,28,2,7.79448093178851,2.50718218570106,3.93140517874825,6.00887590239591,7.54935524079482,1,2
5,28,3,7.79448093178851,2.50718218570106,6.74349372612213,5.86714403109491,8.41776728125824,1,2
5,28,4,7.79448093178851,2.50718218570106,6.88178530711616,5.73207436447559,8.408437381155,1,2
5,28,6,7.79448093178851,2.50718218570106,4.31413369113611,6.62223323900383,7.84810005977968,1,2
5,28,7,7.79448093178851,2.50718218570106,5.5530175562761,5.35086303367996,7.89547096355842,1,2
5,28,8,7.79448093178851,2.50718218570106,4.47693635559373,6.05705689452553,7.91262227473077,1,2
5,28,9,7.79448093178851,2.50718218570106,4.32627633244618,6.11463784012154,7.98678551616731,1,2
5,28,10,7.79448093178851,2.50718218570106,6.20822865806423,5.48057496726283,8.06392508087421,1,2
5,28,11,7.79448093178851,2.50718218570106,5.51635263466252,6.13095924634992,8.42736160974514,1,2
5,28,12,7.79448093178851,2.50718218570106,6.33626239301648,6.50365224158624,8.22590419928845,1,2
5,28,14,7.79448093178851,2.50718218570106,5.45725938085801,5.5931290671631,8.28880326504826,1,2
5,28,17,7.79448093178851,2.50718218570106,4.32601170029145,6.96557049117556,8.4263702121758,1,2
5,28,19,7.79448093178851,2.50718218570106,5.46801070890412,5.80549626975676,8.30335689568389,1,2
5,28,21,7.79448093178851,2.50718218570106,6.82866713731285,6.98012803066255,8.79361345783042,1,2
5,28,22,7.79448093178851,2.50718218570106,5.4910151926031,5.98984084868432,8.05738728929929,1,2
5,28,23,7.79448093178851,2.50718218570106,4.82672846055667,5.40158206585383,8.13678605946852,1,2
5,28,26,7.79448093178851,2.50718218570106,5.54880113276774,6.96130193473283,8.10068762227116,1,2
5,28,30,7.79448093178851,2.50718218570106,4.09402687340007,5.61472283000171,8.51413271632085,1,2
5,28,31,7.79448093178851,2.50718218570106,4.94876758445861,5.86574350139622,7.72858902882627,1,2
5,28,34,7.79448093178851,2.50718218570106,3.84423985555296,6.66980615969426,8.4071675713062,1,2
5,28,35,7.79448093178851,2.50718218570106,6.24320461921911,5.64680868082803,8.06447207853581,1,2
5,28,36,7.79448093178851,2.50718218570106,5.86551146782563,6.51803921153731,8.4876248216816,1,2
5,28,38,7.79448093178851,2.50718218570106,3.53063592778799,6.54677155542745,7.58162034057053,1,2
5,28,39,7.79448093178851,2.50718218570106,5.57456826773645,5.61621343595474,8.04192516840099,1,2
5,28,43,7.79448093178851,2.50718218570106,4.94339030467797,6.03245384102877,8.1668975033425,1,2
5,28,47,7.79448093178851,2.50718218570106,5.61864343356352,6.06332305462797,8.20733404110306,1,2
5,28,51,7.79448093178851,2.50718218570106,5.09961147179771,6.44266462639781,8.30328589866922,1,2
5,28,52,7.79448093178851,2.50718218570106,4.84070897177964,6.53244725979045,8.13629036018612,1,2
5,28,53,7.79448093178851,2.50718218570106,5.5582066017349,5.94133167422416,8.3077286485718,1,2
5,28,57,7.79448093178851,2.50718218570106,3.85450414847282,7.02217904331647,8.49779269301911,1,2
5,28,58,7.79448093178851,2.50718218570106,6.53598215002275,6.36594811201211,8.16736615970194,1,2
5,28,63,7.79448093178851,2.50718218570106,6.21934144733203,7.24174792335212,8.44974913109803,1,2
5,28,64,7.79448093178851,2.50718218570106,6.09367437916768,5.09437268065261,7.85266640288953,1,2
5,28,65,7.79448093178851,2.50718218570106,3.80312819979499,6.17464157326742,8.15939644161254,1,2
5,28,66,7.79448093178851,2.50718218570106,4.89481337787473,5.24323632588525,8.24400838046408,1,2
5,28,67,7.79448093178851,2.50718218570106,6.75581512615644,5.57760823191438,8.76195566717767,1,2
5,28,68,7.79448093178851,2.50718218570106,5.87435919942919,6.25776077468854,8.46322249377244,1,2
5,28,69,7.79448093178851,2.50718218570106,5.25142939646702,5.12690651980159,8.15215874785076,1,2
5,28,72,7.79448093178851,2.50718218570106,5.61347982032045,5.92709727480438,8.62590642018385,1,2
5,28,73,7.79448093178851,2.50718218570106,3.72784739555746,5.37188553521786,7.85598961676772,1,2
5,28,76,7.79448093178851,2.50718218570106,5.45049524662263,6.23526650143658,8.30584719986897,1,2
5,29,1,7.79448093178851,2.50718218570106,5.23788990334826,5.77742059717397,8.42344841362341,1,2
5,29,3,7.79448093178851,2.50718218570106,4.50478485761124,6.39011888866269,8.47969510418631,1,2
5,29,6,7.79448093178851,2.50718218570106,4.57984951049242,5.06717262967157,8.30816449755519,1,2
5,29,7,7.79448093178851,2.50718218570106,4.42133287518582,7.01420653371072,8.02376443045414,1,2
5,29,9,7.79448093178851,2.50718218570106,4.853757305424,6.60284590924297,8.16410346728286,1,2
5,29,10,7.79448093178851,2.50718218570106,5.56913498898083,6.48791427391861,8.45827099831959,1,2
5,29,12,7.79448093178851,2.50718218570106,6.14896392857521,4.7883143062819,8.13351793359209,1,2
5,29,14,7.79448093178851,2.50718218570106,5.13004973976578,6.58820178592856,8.2460053951829,1,2
5,29,15,7.79448093178851,2.50718218570106,5.35794168124777,6.05610904641601,8.45015857663841,1,2
5,29,16,7.79448093178851,2.50718218570106,4.61773606499827,6.19045765790926,7.93290723743592,1,2
5,29,17,7.79448093178851,2.50718218570106,2.39227409728501,5.75672980347424,7.74529332211188,1,2
5,29,20,7.79448093178851,2.50718218570106,6.8883018809931,6.55244626749531,8.44315580632267,1,2
5,29,21,7.79448093178851,2.50718218570106,6.07500577045894,6.49298035016467,8.48886509775569,1,2
5,29,22,7.79448093178851,2.50718218570106,2.46735150253059,5.47122271450435,7.56189882049512,1,2
5,29,24,7.79448093178851,2.50718218570106,5.10279026013342,5.44188414753747,8.06668953876474,1,2
5,29,25,7.79448093178851,2.50718218570106,6.76451911859176,6.18665257446678,8.40434626135072,1,2
5,29,26,7.79448093178851,2.50718218570106,5.7149286634293,6.1587227695075,8.46518171556882,1,2
5,29,28,7.79448093178851,2.50718218570106,3.72390029888672,6.36861692871129,8.47070834715636,1,2
5,29,29,7.79448093178851,2.50718218570106,3.87538662699548,6.58034840106593,8.06280638647579,1,2
5,29,30,7.79448093178851,2.50718218570106,3.74223244918686,5.32603500575008,7.86088005188658,1,2
5,29,31,7.79448093178851,2.50718218570106,3.79959907512299,6.39259497868568,8.32047695282623,1,2
5,29,34,7.79448093178851,2.50718218570106,4.2574663720855,6.19201571665754,8.04101320913615,1,2
5,29,36,7.79448093178851,2.50718218570106,4.79046404103253,6.0865886273678,8.32619007484353,1,2
5,29,37,7.79448093178851,2.50718218570106,4.26254386055189,7.09523728803126,8.20293021907867,1,2
5,29,39,7.79448093178851,2.50718218570106,3.62465171976023,5.56637739002427,7.77913715659991,1,2
5,29,40,7.79448093178851,2.50718218570106,4.71736427486999,5.9053486763493,8.30123351607397,1,2
5,29,46,7.79448093178851,2.50718218570106,6.08741351065277,6.09000423207289,8.23908521517332,1,2
5,29,48,7.79448093178851,2.50718218570106,6.6937187502893,5.57975244981032,8.31917847492133,1,2
5,29,49,7.79448093178851,2.50718218570106,6.78751294779389,5.84486936923769,8.28832217533234,1,2
5,29,51,7.79448093178851,2.50718218570106,4.86535798524149,5.7760835963438,7.88845294944545,1,2
5,29,52,7.79448093178851,2.50718218570106,4.69190148503536,6.7106397509283,8.40029154827327,1,2
5,29,56,7.79448093178851,2.50718218570106,4.48967229941216,5.4652257019518,8.50901905186741,1,2
5,29,58,7.79448093178851,2.50718218570106,5.47063642833511,5.33809720838285,8.21497811851664,1,2
5,29,59,7.79448093178851,2.50718218570106,4.62562452776858,6.65348041608928,8.30387196607586,1,2
5,29,60,7.79448093178851,2.50718218570106,4.85476146977097,6.14705843194137,8.51689962585639,1,2
5,29,61,7.79448093178851,2.50718218570106,3.73846526733306,5.82742924324207,8.24954405619031,1,2
5,29,62,7.79448093178851,2.50718218570106,4.84885722072892,6.62977889882977,8.51235328405956,1,2
5,29,65,7.79448093178851,2.50718218570106,4.84660890214658,6.01207333642445,8.57861205872784,1,2
5,29,68,7.79448093178851,2.50718218570106,6.68425505092962,5.60086093206069,8.42621592667394,1,2
5,30,2,7.79448093178851,2.50718218570106,7.04361844302364,6.18316701567403,8.47623412504947,1,2
5,30,4,7.79448093178851,2.50718218570106,5.21463145081652,6.1163604234768,8.25125138932419,1,2
5,30,7,7.79448093178851,2.50718218570106,4.25157446433478,5.84510199360969,8.1776052942945,1,2
5,30,8,7.79448093178851,2.50718218570106,5.55386436705623,6.10173242373708,8.71888026540984,1,2
5,30,11,7.79448093178851,2.50718218570106,3.4787333870086,6.72283523981463,8.03788207102976,1,2
5,30,14,7.79448093178851,2.50718218570106,4.0588226437032,6.38301814203593,8.13641831368211,1,2
5,30,17,7.79448093178851,2.50718218570106,5.85471573206057,5.84493478306453,8.09843192771683,1,2
5,30,23,7.79448093178851,2.50718218570106,4.62572265944085,5.54802057752836,8.45086198256468,1,2
5,30,25,7.79448093178851,2.50718218570106,5.52151820801943,5.75764079213515,8.25747660177423,1,2
5,30,26,7.79448093178851,2.50718218570106,4.18145314768635,6.18230743624813,8.4337550337404,1,2
5,30,33,7.79448093178851,2.50718218570106,5.79143121194456,6.16738845569625,8.1289156426873,1,2
5,30,35,7.79448093178851,2.50718218570106,4.92795116482177,6.74394331816777,8.28928414326667,1,2
5,30,36,7.79448093178851,2.50718218570106,6.27461568966176,6.05765982320532,8.03628588892813,1,2
5,30,38,7.79448093178851,2.50718218570106,5.02168003896459,6.74095291268978,8.38500375931637,1,2
5,30,40,7.79448093178851,2.50718218570106,4.41254074060943,5.92813495962415,8.23514532378738,1,2
5,30,43,7.79448093178851,2.50718218570106,4.84728993852859,5.26040708135339,7.69428705725564,1,2
5,30,52,7.79448093178851,2.50718218570106,5.33858887906042,6.06099411700976,8.70307579258829,1,2
5,30,54,7.79448093178851,2.50718218570106,2.60690601537699,4.76245293143849,7.77358136991133,1,2
5,30,56,7.79448093178851,2.50718218570106,4.31605563281145,6.37590199200738,8.19300972116331,1,2
5,30,60,7.79448093178851,2.50718218570106,3.4957579457295,5.50300481670833,7.86765008587209,1,2
5,30,62,7.79448093178851,2.50718218570106,6.15266511427362,6.02268699013056,8.61465310086471,1,2
5,30,63,7.79448093178851,2.50718218570106,4.44978212037592,5.19448154871176,8.14731640943108,1,2
5,30,66,7.79448093178851,2.50718218570106,4.15272305228766,4.73220144707585,7.62323947495503,1,2
5,30,67,7.79448093178851,2.50718218570106,5.29756278867285,5.56709594020479,7.90606885330304,1,2
5,30,68,7.79448093178851,2.50718218570106,4.41841457039037,6.28400922552013,8.23809395533635,1,2
5,30,70,7.79448093178851,2.50718218570106,4.68160784481184,5.80514420074114,7.72503100008087,1,2
5,30,71,7.79448093178851,2.50718218570106,5.19295153296341,5.17696061664564,8.24938827282526,1,2
5,30,72,7.79448093178851,2.50718218570106,3.94826137790407,6.20401571606983,8.40518353330604,1,2
5,30,73,7.79448093178851,2.50718218570106,4.47106645751316,5.9884744975059,8.28964622487892,1,2
5,30,74,7.79448093178851,2.50718218570106,4.92872343666653,6.40069485898596,8.18271784960937,1,2
5,30,80,7.79448093178851,2.50718218570106,5.43153414133608,5.95512843142635,8.36836286795421,1,2
5,30,86,7.79448093178851,2.50718218570106,4.17355738221026,5.95285829119265,8.30663030272942,1,2
5,30,87,7.79448093178851,2.50718218570106,4.04156683177753,6.44979183975838,8.10463234328196,1,2
5,30,89,7.79448093178851,2.50718218570106,5.18834380808973,6.53818718810725,8.3601137694391,1,2
5,30,90,7.79448093178851,2.50718218570106,5.3413662190483,5.72734698315724,7.83927266794615,1,2
5,30,91,7.79448093178851,2.50718218570106,4.08705873659939,6.11707919680069,7.89430942581063,1,2
5,30,92,7.79448093178851,2.50718218570106,3.508252912078,6.37897274701075,7.91538382284428,1,2
5,30,93,7.79448093178851,2.50718218570106,4.85163096818293,5.60553232594492,8.90036659501649,1,2
5,30,94,7.79448093178851,2.50718218570106,4.27257703880533,6.08684593966011,8.08955364960234,1,2
5,30,97,7.79448093178851,2.50718218570106,4.91229397799645,6.43408153301905,8.60642963251854,1,2
5,30,99,7.79448093178851,2.50718218570106,5.25968561476388,5.45060500442327,8.13239604987336,1,2
5,31,1,7.79448093178851,2.50718218570106,5.7689644210038,6.59341981967614,8.87700888983333,1,2
5,31,5,7.79448093178851,2.50718218570106,5.40884322598909,5.07031052843068,8.79842887088792,1,2
5,31,6,7.79448093178851,2.50718218570106,2.75678521179013,6.47941563845551,8.24361189801693,1,2
5,31,12,7.79448093178851,2.50718218570106,5.62539107003293,5.29843880723355,7.68067144050736,1,2
5,31,13,7.79448093178851,2.50718218570106,5.34866072093305,5.86081987530745,8.65067830940592,1,2
5,31,15,7.79448093178851,2.50718218570106,4.49605495800205,4.74256222084614,8.61378190076168,1,2
5,31,16,7.79448093178851,2.50718218570106,4.46025039558283,5.66956577412054,8.27744828853551,1,2
5,31,17,7.79448093178851,2.50718218570106,5.15690601932914,6.34449805691095,8.58157607048353,1,2
5,31,19,7.79448093178851,2.50718218570106,3.11684739532398,6.40450959673063,8.3822185206913,1,2
5,31,20,7.79448093178851,2.50718218570106,5.84289795382598,6.15080987350097,8.19844964322385,1,2
5,31,21,7.79448093178851,2.50718218570106,3.60788891019597,5.4654917860348,8.46119135626893,1,2
5,31,22,7.79448093178851,2.50718218570106,5.47958574725433,5.88833906773319,8.35058661152718,1,2
5,31,26,7.79448093178851,2.50718218570106,6.00351438387252,6.96766818948895,8.76577055942199,1,2
5,31,27,7.79448093178851,2.50718218570106,5.12665459005548,6.24071717651786,8.76300116051947,1,2
5,31,28,7.79448093178851,2.50718218570106,4.61001471269288,5.52300415134224,8.34760510408453,1,2
5,31,29,7.79448093178851,2.50718218570106,5.41426599693478,6.80694395774477,8.33726533347458,1,2
5,31,30,7.79448093178851,2.50718218570106,3.7767435243103,6.11806033275208,8.19975770497473,1,2
5,31,31,7.79448093178851,2.50718218570106,5.03784567200449,5.89368948093614,8.55551878880795,1,2
5,31,38,7.79448093178851,2.50718218570106,4.41205987213151,5.35594957091512,8.18551248608952,1,2
5,31,40,7.79448093178851,2.50718218570106,6.64880386575573,4.97215335537608,8.7805310267115,1,2
5,31,41,7.79448093178851,2.50718218570106,3.49268937354193,6.23898573066894,8.74280255460381,1,2
5,31,42,7.79448093178851,2.50718218570106,4.99462936954917,6.45145773439675,7.99368716408248,1,2
5,31,43,7.79448093178851,2.50718218570106,5.02456122215307,5.82959214551769,8.15484601256535,1,2
5,31,45,7.79448093178851,2.50718218570106,6.17147483232134,6.70533417922027,8.36909473804746,1,2
5,31,48,7.79448093178851,2.50718218570106,5.33832821429841,6.27948625287598,8.49570574329912,1,2
5,31,52,7.79448093178851,2.50718218570106,5.68664472275298,5.35913875895478,8.08531886595645,1,2
5,31,55,7.79448093178851,2.50718218570106,5.34581195725136,6.08386653122134,8.46690808889123,1,2
5,31,59,7.79448093178851,2.50718218570106,4.78241772817236,6.11528488830065,8.25163128008604,1,2
5,31,60,7.79448093178851,2.50718218570106,4.18534569849622,6.24703496499013,8.26926863100605,1,2
5,31,63,7.79448093178851,2.50718218570106,4.05582775753785,6.24658690212927,8.05998715793936,1,2
5,31,67,7.79448093178851,2.50718218570106,5.03485339760456,6.77689707291977,8.63768573203477,1,2
5,31,68,7.79448093178851,2.50718218570106,5.14702618641874,5.63797914898664,8.14560404931687,1,2
5,31,70,7.79448093178851,2.50718218570106,4.61556895827078,5.99800073662566,8.06410990119904,1,2
5,31,71,7.79448093178851,2.50718218570106,4.86498902300254,5.55285231957325,8.42758518175076,1,2
5,31,73,7.79448093178851,2.50718218570106,3.80375194347496,4.53596967156833,7.8265098255663,1,2
5,31,74,7.79448093178851,2.50718218570106,4.51872863470915,5.36054896484563,8.2872218279537,1,2
5,31,75,7.79448093178851,2.50718218570106,4.80919969048073,4.98744268513882,7.57783911592518,1,2
5,31,77,7.79448093178851,2.50718218570106,5.3776520263779,5.89507827471197,8.1942176139772,1,2
5,31,78,7.79448093178851,2.50718218570106,5.0298260705211,5.90036098084412,8.34064715681425,1,2
5,32,2,7.79448093178851,2.50718218570106,5.82405464903543,5.99272508887115,8.5648960204327,1,2
5,32,3,7.79448093178851,2.50718218570106,4.37706152538648,6.63116177407558,8.09291059641346,1,2
5,32,4,7.79448093178851,2.50718218570106,6.48682179067318,6.35506590853238,8.45615756722066,1,2
5,32,5,7.79448093178851,2.50718218570106,6.11488343877698,5.17200332961897,8.42146528627753,1,2
5,32,8,7.79448093178851,2.50718218570106,5.20041609396989,6.4889030017191,8.21365460655233,1,2
5,32,12,7.79448093178851,2.50718218570106,6.06899321664806,5.97547660079931,8.02242627615326,1,2
5,32,16,7.79448093178851,2.50718218570106,4.15435409419888,6.18357656160251,7.90151306623922,1,2
5,32,17,7.79448093178851,2.50718218570106,4.30292233532347,5.96127851903115,7.81190333329617,1,2
5,32,18,7.79448093178851,2.50718218570106,3.99921755710653,5.87435462713353,7.83745020673559,1,2
5,32,20,7.79448093178851,2.50718218570106,5.73048258805761,4.74341140340864,7.94585779440599,1,2
5,32,22,7.79448093178851,2.50718218570106,3.77581231529269,5.1483552443144,8.24326363990511,1,2
5,32,24,7.79448093178851,2.50718218570106,3.98215933066135,5.65414531703233,8.22948590250385,1,2
5,32,26,7.79448093178851,2.50718218570106,4.44083577248356,5.07861587081841,8.81199683402624,1,2
5,32,27,7.79448093178851,2.50718218570106,2.6350552446371,6.23569867722932,8.01805852215616,1,2
5,32,28,7.79448093178851,2.50718218570106,4.0519979381902,4.71501295926933,8.38553746534732,1,2
5,32,30,7.79448093178851,2.50718218570106,5.22166430588057,5.89069484200101,8.46464507713957,1,2
5,32,32,7.79448093178851,2.50718218570106,6.18059199489878,5.63210871567282,8.21263329323769,1,2
5,32,37,7.79448093178851,2.50718218570106,3.70784799844011,5.51340571123993,8.37932714723379,1,2
5,32,42,7.79448093178851,2.50718218570106,4.82166290746789,6.09551220224429,8.27140270708592,1,2
5,32,43,7.79448093178851,2.50718218570106,4.74016748736909,5.75935827339601,7.95262443843124,1,2
5,32,44,7.79448093178851,2.50718218570106,6.70571710950389,5.37623711154702,8.00942468874823,1,2
5,32,46,7.79448093178851,2.50718218570106,5.30639175669033,4.71600817737802,7.74473489991527,1,2
5,32,47,7.79448093178851,2.50718218570106,6.1090200824193,6.60277544350617,8.16066598994697,1,2
5,32,48,7.79448093178851,2.50718218570106,4.25463699971128,6.14678636759257,8.08839338033831,1,2
5,32,51,7.79448093178851,2.50718218570106,4.50073312627719,5.5220752463747,8.90532999450405,1,2
5,32,52,7.79448093178851,2.50718218570106,5.90483652783055,6.35609659605672,8.54016220904673,1,2
5,32,53,7.79448093178851,2.50718218570106,5.45902853069333,5.90752770605391,7.94086742157794,1,2
5,32,56,7.79448093178851,2.50718218570106,4.94174708384477,6.26906352006239,8.54957841846656,1,2
5,32,64,7.79448093178851,2.50718218570106,6.5154848387668,6.75954826846014,8.43385569697603,1,2
5,32,66,7.79448093178851,2.50718218570106,3.61124896798143,5.92364397156216,8.05676746519554,1,2
5,32,69,7.79448093178851,2.50718218570106,3.96113512005819,5.05300866948128,8.00629982550374,1,2
5,32,77,7.79448093178851,2.50718218570106,4.05946558758896,6.6194676864907,8.07102975970274,1,2
5,32,81,7.79448093178851,2.50718218570106,3.56063581423883,5.14203654584663,8.11327585692256,1,2
5,32,83,7.79448093178851,2.50718218570106,5.84014214084575,5.68269671681648,8.87024547319966,1,2
5,32,84,7.79448093178851,2.50718218570106,3.95320526268434,6.13267140736879,8.05621336298525,1,2
5,32,86,7.79448093178851,2.50718218570106,4.28902420018587,6.18943148133385,8.34450622399578,1,2
5,32,87,7.79448093178851,2.50718218570106,4.21152359357251,6.5558060455054,7.92523080508747,1,2
5,32,88,7.79448093178851,2.50718218570106,6.25287132482751,5.46399325732131,8.65824536902078,1,2
5,32,89,7.79448093178851,2.50718218570106,3.78266402553784,5.67894851245565,8.05459763342036,1,2
5,32,92,7.79448093178851,2.50718218570106,5.58833310686061,5.77285531174431,8.57703700252509,1,2
5,32,93,7.79448093178851,2.50718218570106,4.18689669790581,6.48517320864759,8.36127166129873,1,2
5,32,94,7.79448093178851,2.50718218570106,4.42282011319727,5.49651708744446,7.8080628038902,1,2
5,32,95,7.79448093178851,2.50718218570106,3.93464388543478,6.42063547452594,7.83218666034131,1,2
5,32,97,7.79448093178851,2.50718218570106,3.80914439303538,6.38982931293228,8.11961032943221,1,2
5,32,98,7.79448093178851,2.50718218570106,6.50949436834822,5.60420433198056,8.52143524998862,1,2
5,33,3,7.79448093178851,2.50718218570106,5.60760314734954,5.44838160046135,8.68707988343548,1,2
5,33,4,7.79448093178851,2.50718218570106,4.33555387536067,6.06680420918879,8.65734917784552,1,2
5,33,5,7.79448093178851,2.50718218570106,5.85910660429471,6.59592626739779,9.35493099419808,1,2
5,33,6,7.79448093178851,2.50718218570106,5.40661096622636,5.97411052101529,8.63250950275216,1,2
5,33,7,7.79448093178851,2.50718218570106,5.64821551138393,5.98382464865462,8.43672273604943,1,2
5,33,9,7.79448093178851,2.50718218570106,3.65861674829122,5.91461975268197,8.62733144403939,1,2
5,33,11,7.79448093178851,2.50718218570106,5.79604816325963,5.91254331754734,8.35597201844187,1,2
5,33,14,7.79448093178851,2.50718218570106,5.66973159130632,5.79999039632426,8.39826896835371,1,2
5,33,15,7.79448093178851,2.50718218570106,4.09923531771779,6.47565025105212,8.49103617973819,1,2
5,33,16,7.79448093178851,2.50718218570106,4.05995775792599,6.64206520050524,8.23865738583702,1,2
5,33,17,7.79448093178851,2.50718218570106,4.95477425319806,5.93912401413061,8.75146045546314,1,2
5,33,19,7.79448093178851,2.50718218570106,4.29235799791675,6.62622550991403,8.46653154303893,1,2
5,33,21,7.79448093178851,2.50718218570106,5.76155317260529,5.5151757332283,8.29600254772324,1,2
5,33,24,7.79448093178851,2.50718218570106,4.57029230872719,6.7378379258079,8.82043691968199,1,2
5,33,26,7.79448093178851,2.50718218570106,4.95356524190556,5.79125934848294,8.53473321570901,1,2
5,33,27,7.79448093178851,2.50718218570106,6.77623090887865,6.47485197705574,8.69124961303962,1,2
5,33,29,7.79448093178851,2.50718218570106,6.6635646287746,6.14344509312878,8.76205865761356,1,2
5,33,31,7.79448093178851,2.50718218570106,6.39170495117683,6.49985431834705,8.48357529621266,1,2
5,33,32,7.79448093178851,2.50718218570106,5.69138482780067,5.8970109616497,8.81131533164289,1,2
5,33,35,7.79448093178851,2.50718218570106,6.1219104785785,5.95103392130926,8.62921893910635,1,2
5,33,36,7.79448093178851,2.50718218570106,4.61261402349905,6.21614608841387,8.15779574136855,1,2
5,33,37,7.79448093178851,2.50718218570106,5.04995629386612,5.79645614974654,8.59204240531505,1,2
5,33,40,7.79448093178851,2.50718218570106,4.53123578934259,6.40458140365062,8.70840392798745,1,2
5,33,42,7.79448093178851,2.50718218570106,5.19501930674654,5.96792684599682,8.73877481127511,1,2
5,33,43,7.79448093178851,2.50718218570106,5.87021487872255,5.95143308424508,8.94782887229588,1,2
5,33,44,7.79448093178851,2.50718218570106,4.2288941324608,5.57092097063362,8.45567368804249,1,2
5,33,45,7.79448093178851,2.50718218570106,4.71202667755433,5.60832762894812,8.19071836771722,1,2
5,33,51,7.79448093178851,2.50718218570106,5.31220840282082,5.48681642756404,8.51912246870021,1,2
5,33,52,7.79448093178851,2.50718218570106,5.86988369364086,6.60793490322605,8.31655402240406,1,2
5,33,54,7.79448093178851,2.50718218570106,4.7635887046412,6.00125187296663,8.63197339485714,1,2
5,33,55,7.79448093178851,2.50718218570106,4.77375003189571,6.36551960693063,8.52720686303617,1,2
5,33,57,7.79448093178851,2.50718218570106,6.74692441817854,7.36726773054815,8.81187822002556,1,2
5,33,59,7.79448093178851,2.50718218570106,4.74178501787746,5.67797949284263,8.4881713198653,1,2
5,33,60,7.79448093178851,2.50718218570106,4.63159636133286,5.70765168920463,7.91805788317732,1,2
5,33,62,7.79448093178851,2.50718218570106,6.19071189938783,5.86864688910042,8.22810702416957,1,2
5,33,64,7.79448093178851,2.50718218570106,5.22732897228859,5.76529901246132,8.6686902368896,1,2
5,33,68,7.79448093178851,2.50718218570106,2.63191983751336,5.40437828702103,8.24791872261083,1,2
5,33,70,7.79448093178851,2.50718218570106,6.02773058762059,6.40636489684579,8.78881038672184,1,2
5,33,72,7.79448093178851,2.50718218570106,6.24293522738898,6.03873218050924,8.69222089340798,1,2
5,33,75,7.79448093178851,2.50718218570106,4.40269888531042,5.7411429572939,8.45338704968973,1,2
5,33,76,7.79448093178851,2.50718218570106,5.51276400590401,5.22233878124122,8.46509165269648,1,2
5,33,77,7.79448093178851,2.50718218570106,4.45761324644304,5.63914853972817,8.59879064841492,1,2
5,33,79,7.79448093178851,2.50718218570106,4.36997299122603,7.26255603561274,8.74852116787361,1,2
5,33,81,7.79448093178851,2.50718218570106,7.38397131221886,6.98520368112056,8.88405278638052,1,2
5,33,83,7.79448093178851,2.50718218570106,5.31770877499067,6.02605942674772,8.67902385962668,1,2
5,33,85,7.79448093178851,2.50718218570106,5.20161023321493,5.1021847116834,8.53514075457612,1,2
5,34,1,7.79448093178851,2.50718218570106,5.14704301479642,5.90599721088065,7.85968058785209,1,2
5,34,3,7.79448093178851,2.50718218570106,5.94685810774266,5.98896875249275,9.01317507708752,1,2
5,34,4,7.79448093178851,2.50718218570106,4.26926533846525,6.45511486990481,8.0551695356127,1,2
5,34,7,7.79448093178851,2.50718218570106,4.05465289943025,5.60604456866898,9.02008631724802,1,2
5,34,8,7.79448093178851,2.50718218570106,5.04234276696698,5.74860053789921,8.29629279408692,1,2
5,34,9,7.79448093178851,2.50718218570106,6.27253556262282,6.00661231711055,8.6696909835827,1,2
5,34,10,7.79448093178851,2.50718218570106,3.3261482279982,6.40965927110613,8.49696022864582,1,2
5,34,12,7.79448093178851,2.50718218570106,4.70366192480021,6.80152982943395,8.40962640478941,1,2
5,34,14,7.79448093178851,2.50718218570106,3.72573691896772,6.44493827174212,8.78043879423683,1,2
5,34,15,7.79448093178851,2.50718218570106,5.20341069460984,6.94031994518453,8.32047017470691,1,2
5,34,18,7.79448093178851,2.50718218570106,4.94400327026755,5.56699950281837,8.47402102031357,1,2
5,34,22,7.79448093178851,2.50718218570106,4.14626229321481,5.51081194214385,8.18133870070408,1,2
5,34,24,7.79448093178851,2.50718218570106,3.42988054215988,6.52337564680932,8.62430040647493,1,2
5,34,29,7.79448093178851,2.50718218570106,5.51098980110153,5.50569417442742,8.69081196067836,1,2
5,34,31,7.79448093178851,2.50718218570106,5.72578768863081,6.15514387329966,8.17725204023246,1,2
5,34,33,7.79448093178851,2.50718218570106,2.09631895729745,5.30011305544192,8.64927551789445,1,2
5,34,34,7.79448093178851,2.50718218570106,6.32228672177674,6.42320447231462,8.16116147836061,1,2
5,34,35,7.79448093178851,2.50718218570106,5.42882843856676,5.89532962605663,8.86343157282808,1,2
5,34,38,7.79448093178851,2.50718218570106,4.79890561987972,6.1571300269325,8.28784611352285,1,2
5,34,40,7.79448093178851,2.50718218570106,5.69485091569534,6.32329325433159,8.62910705885186,1,2
5,34,41,7.79448093178851,2.50718218570106,5.02824163443423,5.61132116882162,8.13993370987222,1,2
5,34,42,7.79448093178851,2.50718218570106,8.1372640532784,6.38401472566752,8.35824470121574,1,2
5,34,44,7.79448093178851,2.50718218570106,5.18957666662158,6.01446925533305,8.69160233570628,1,2
5,34,46,7.79448093178851,2.50718218570106,5.80351912649534,5.68703556959026,8.83520875617599,1,2
5,34,47,7.79448093178851,2.50718218570106,5.13541683843774,5.58975408362815,8.32316513936156,1,2
5,34,50,7.79448093178851,2.50718218570106,4.5759056402291,5.35270401222085,8.56266292719922,1,2
5,34,52,7.79448093178851,2.50718218570106,6.25324994639803,5.82144102014104,8.97785266251824,1,2
5,34,54,7.79448093178851,2.50718218570106,6.24018341526102,6.14472683071698,8.85424749437276,1,2
5,34,55,7.79448093178851,2.50718218570106,6.8233408168558,5.94269599654619,8.09633196415075,1,2
5,34,56,7.79448093178851,2.50718218570106,5.37934906691847,5.58343408125816,8.09312460001788,1,2
5,34,60,7.79448093178851,2.50718218570106,5.74004085410402,5.82073884772604,8.10846693849765,1,2
5,34,61,7.79448093178851,2.50718218570106,6.54071143354521,5.8778653820367,8.25526541886403,1,2
5,34,62,7.79448093178851,2.50718218570106,6.16434518776488,6.37960361418206,8.27821090559745,1,2
5,34,63,7.79448093178851,2.50718218570106,5.55201316737491,6.40484904243475,8.7335502611675,1,2
5,34,64,7.79448093178851,2.50718218570106,4.12251904999769,5.57694907356658,8.34358623871785,1,2
5,34,67,7.79448093178851,2.50718218570106,3.05479712558467,6.06195436689115,8.03345288906585,1,2
5,34,69,7.79448093178851,2.50718218570106,6.17997266429865,5.50355195771319,8.96928568758814,1,2
5,34,70,7.79448093178851,2.50718218570106,4.6272970576117,6.09406672372859,8.96034314683265,1,2
5,34,72,7.79448093178851,2.50718218570106,5.45990527458457,5.61183698823725,8.14005156764656,1,2
5,34,76,7.79448093178851,2.50718218570106,4.46813983020919,5.45375187175906,8.25310887967092,1,2
5,34,77,7.79448093178851,2.50718218570106,4.04810144680143,5.48198920632574,7.87705219677945,1,2
5,34,78,7.79448093178851,2.50718218570106,5.35516145954959,6.30530600788035,8.68451110188204,1,2
5,34,80,7.79448093178851,2.50718218570106,4.47045464133746,6.28328161452576,8.30571520588787,1,2
5,34,81,7.79448093178851,2.50718218570106,5.54177235929096,5.3562298841019,8.128125883941,1,2
5,34,87,7.79448093178851,2.50718218570106,5.17480359125283,5.87382007366185,8.72325847744297,1,2
5,34,88,7.79448093178851,2.50718218570106,3.94572123512872,5.81621836347206,8.70821903265969,1,2
5,34,89,7.79448093178851,2.50718218570106,5.63064999305841,5.83930373646057,8.44261804265187,1,2
5,34,90,7.79448093178851,2.50718218570106,5.8439554161017,5.85716055040616,9.29548952031231,1,2
5,34,91,7.79448093178851,2.50718218570106,6.26644278184756,6.72167458879664,8.52223891259772,1,2
5,34,92,7.79448093178851,2.50718218570106,6.01076281767247,4.52462007704716,8.32983429473178,1,2
5,35,2,7.79448093178851,2.50718218570106,4.93241784180383,6.11582280038825,8.27622851644014,1,2
5,35,3,7.79448093178851,2.50718218570106,5.33335384166009,5.7557810558231,8.22453362727674,1,2
5,35,7,7.79448093178851,2.50718218570106,5.20106039780696,6.8025778968053,8.77820316742896,1,2
5,35,9,7.79448093178851,2.50718218570106,3.77642284837777,5.353090335718,8.4395491308772,1,2
5,35,11,7.79448093178851,2.50718218570106,5.1988691498189,6.28596625946342,8.90140645559096,1,2
5,35,12,7.79448093178851,2.50718218570106,5.47154750633762,6.00202583547289,8.41428468268964,1,2
5,35,17,7.79448093178851,2.50718218570106,5.89220741625457,6.42819063244404,8.75545486533406,1,2
5,35,22,7.79448093178851,2.50718218570106,5.93158151159463,5.8891431013252,8.7515265986827,1,2
5,35,23,7.79448093178851,2.50718218570106,5.07565371943216,5.92550119466845,9.1614765378983,1,2
5,35,24,7.79448093178851,2.50718218570106,6.10817147949499,6.4146163135844,8.7024990566858,1,2
5,35,25,7.79448093178851,2.50718218570106,5.29786973963141,5.77574716447211,8.42109323768302,1,2
5,35,26,7.79448093178851,2.50718218570106,5.0877397436818,5.21494406030751,8.7180491052066,1,2
5,35,31,7.79448093178851,2.50718218570106,5.04724203771437,5.21688569564902,8.38922506578794,1,2
5,35,33,7.79448093178851,2.50718218570106,5.41712185925911,5.89554573265914,9.04321694336664,1,2
5,35,36,7.79448093178851,2.50718218570106,4.78683557359262,5.79200511617765,7.79858328256613,1,2
5,35,37,7.79448093178851,2.50718218570106,4.52821099031374,5.04208053955022,8.31424009001693,1,2
5,35,39,7.79448093178851,2.50718218570106,3.96503573006388,5.9214067151482,8.68518475529594,1,2
5,35,43,7.79448093178851,2.50718218570106,4.54045248008201,5.35248188660966,8.53716057479628,1,2
5,35,44,7.79448093178851,2.50718218570106,4.59381816415344,5.85755056401837,8.0761706319113,1,2
5,35,45,7.79448093178851,2.50718218570106,4.33546664233559,5.42929016050063,8.78553171826182,1,2
5,35,46,7.79448093178851,2.50718218570106,4.7738511216739,6.07331097739134,8.75336853882272,1,2
5,35,47,7.79448093178851,2.50718218570106,5.10076400779503,6.54353347739861,8.51820057626584,1,2
5,35,49,7.79448093178851,2.50718218570106,5.27466559304996,5.98403571666693,8.81622977564992,1,2
5,35,50,7.79448093178851,2.50718218570106,3.3721859581086,5.77546553246388,8.10537405060994,1,2
5,35,51,7.79448093178851,2.50718218570106,5.86188738586124,6.16929833786951,8.46459648934252,1,2
5,35,53,7.79448093178851,2.50718218570106,4.10533130516784,6.00364049759472,7.72400492658043,1,2
5,35,54,7.79448093178851,2.50718218570106,5.39458911842295,5.65395510632033,8.34345512648582,1,2
5,35,58,7.79448093178851,2.50718218570106,5.63250969590753,6.06399090992003,8.45362964883454,1,2
5,35,64,7.79448093178851,2.50718218570106,4.88421907854102,7.04137921246323,8.87970591614277,1,2
5,35,65,7.79448093178851,2.50718218570106,6.25766519516165,5.86407362958482,8.81447573938048,1,2
5,35,66,7.79448093178851,2.50718218570106,4.63224333485215,6.33222828799988,8.53455961432658,1,2
5,35,67,7.79448093178851,2.50718218570106,4.60743997279843,5.62766634383051,8.66035467256995,1,2
5,35,68,7.79448093178851,2.50718218570106,4.21673286720835,6.47759399371995,8.36006257399494,1,2
5,35,70,7.79448093178851,2.50718218570106,5.16470746995597,5.95726125487018,8.26454269723096,1,2
5,35,71,7.79448093178851,2.50718218570106,5.10064464400516,6.16939542712607,8.58674410279519,1,2
5,35,73,7.79448093178851,2.50718218570106,5.5809612545627,5.95398881702971,8.63799148186642,1,2
5,35,76,7.79448093178851,2.50718218570106,5.92903534850082,6.13329321380461,8.4413480335555,1,2
5,35,78,7.79448093178851,2.50718218570106,7.0093048639868,5.70578057835776,8.73380838930345,1,2
5,35,80,7.79448093178851,2.50718218570106,5.62929962641446,4.77430866510875,8.05222269769699,1,2
5,35,84,7.79448093178851,2.50718218570106,4.87561146724124,5.65733571836085,8.56056150477853,1,2
5,35,86,7.79448093178851,2.50718218570106,4.92349518752435,5.52643121523458,8.74253134599037,1,2
5,35,90,7.79448093178851,2.50718218570106,4.77306200473781,6.97304781188911,9.08548905749512,1,2
5,36,1,7.79448093178851,2.50718218570106,5.30168940614668,5.59385417178878,8.55473318418239,1,2
5,36,2,7.79448093178851,2.50718218570106,5.78446862397739,5.77304781897541,8.73543669310736,1,2
5,36,6,7.79448093178851,2.50718218570106,6.33994235758208,6.07268710080658,8.4680681483107,1,2
5,36,8,7.79448093178851,2.50718218570106,5.27130226253566,5.67690851188231,8.83865503209377,1,2
5,36,9,7.79448093178851,2.50718218570106,4.22275324911169,5.93411287243798,7.7396222817135,1,2
5,36,10,7.79448093178851,2.50718218570106,5.00687399843008,6.68286018934534,8.42335170486226,1,2
5,36,11,7.79448093178851,2.50718218570106,4.96292872393908,5.39406588545924,8.4950394752119,1,2
5,36,12,7.79448093178851,2.50718218570106,4.65649909659627,6.49787668389959,9.03122947398078,1,2
5,36,15,7.79448093178851,2.50718218570106,6.95249390047191,5.73721066737005,8.87755287087408,1,2
5,36,16,7.79448093178851,2.50718218570106,5.99131338798727,6.43984440182771,8.33574756429311,1,2
5,36,18,7.79448093178851,2.50718218570106,6.92069244771713,6.24209269941397,8.70592105973862,1,2
5,36,19,7.79448093178851,2.50718218570106,5.06471574049725,5.5936821399785,8.44223087310258,1,2
5,36,24,7.79448093178851,2.50718218570106,4.95761519575966,6.16676268905782,9.07457002141911,1,2
5,36,25,7.79448093178851,2.50718218570106,4.05133330555387,6.3115985785238,8.08689883266342,1,2
5,36,29,7.79448093178851,2.50718218570106,6.08831850477742,5.9546755997518,9.13884054145755,1,2
5,36,30,7.79448093178851,2.50718218570106,5.28364445936306,5.5919099837231,8.55012172467158,1,2
5,36,34,7.79448093178851,2.50718218570106,3.96557045239477,5.60893313624244,8.46843785489144,1,2
5,36,36,7.79448093178851,2.50718218570106,3.64428352443924,5.25135118344916,8.12405459142699,1,2
5,36,38,7.79448093178851,2.50718218570106,2.73228464958263,5.73880420394416,8.61902490257973,1,2
5,36,39,7.79448093178851,2.50718218570106,4.20714008609304,6.27148259391678,8.14644433269709,1,2
5,36,40,7.79448093178851,2.50718218570106,4.94131184190633,5.99563519862042,8.3524603405156,1,2
5,36,41,7.79448093178851,2.50718218570106,5.01764996951486,5.8797816935295,8.10016666214894,1,2
5,36,45,7.79448093178851,2.50718218570106,5.10825467255387,5.41391616382089,8.33242297614913,1,2
5,36,47,7.79448093178851,2.50718218570106,5.39526616074375,5.320637091736,8.3234772434758,1,2
5,36,49,7.79448093178851,2.50718218570106,4.58862884174187,5.62124010884271,8.30923951633325,1,2
5,36,51,7.79448093178851,2.50718218570106,3.91999459023153,5.80426229270742,8.37327701011738,1,2
5,36,52,7.79448093178851,2.50718218570106,4.2920159699078,7.45535930220884,8.50079820605503,1,2
5,36,53,7.79448093178851,2.50718218570106,2.76473251866229,5.89883718642997,8.22809519968987,1,2
5,36,57,7.79448093178851,2.50718218570106,7.82495655608495,5.55352408326869,8.66261306519716,1,2
5,36,58,7.79448093178851,2.50718218570106,5.19628178103999,5.77017274086009,8.74306779660751,1,2
5,36,60,7.79448093178851,2.50718218570106,5.69876968753538,5.82009539227353,8.14376950181006,1,2
5,36,62,7.79448093178851,2.50718218570106,3.74364186478379,5.96977003322006,8.40748672714494,1,2
5,36,64,7.79448093178851,2.50718218570106,4.4716754773565,6.13679570096045,8.6713552230065,1,2
5,36,68,7.79448093178851,2.50718218570106,4.52929690509829,6.37529314475881,8.1752965183304,1,2
5,36,69,7.79448093178851,2.50718218570106,6.02909137835392,5.8648465886696,8.84905939173678,1,2
5,37,1,7.79448093178851,2.50718218570106,3.57889432826884,6.01852461445304,8.68978575358121,1,2
5,37,2,7.79448093178851,2.50718218570106,4.59509293810632,7.09863410055085,8.42417708467712,1,2
5,37,5,7.79448093178851,2.50718218570106,5.52744613813908,5.93314940654405,8.6893330130807,1,2
5,37,6,7.79448093178851,2.50718218570106,3.35504213792426,4.69319687494163,8.23655154396216,1,2
5,37,9,7.79448093178851,2.50718218570106,5.2712016963162,5.57867785882965,8.31954084372707,1,2
5,37,10,7.79448093178851,2.50718218570106,5.30577754641522,5.76080322477895,8.586770975009,1,2
5,37,11,7.79448093178851,2.50718218570106,5.70533203929237,7.02688094768159,8.64343223191083,1,2
5,37,18,7.79448093178851,2.50718218570106,3.42763807719202,6.48580251119624,8.45170677487699,1,2
5,37,19,7.79448093178851,2.50718218570106,5.65293085812287,5.60934829508678,8.87229996128125,1,2
5,37,20,7.79448093178851,2.50718218570106,3.3668406125746,5.84255787457595,8.69569141732278,1,2
5,37,21,7.79448093178851,2.50718218570106,4.79521402906499,6.98109939144151,8.76942024932873,1,2
5,37,23,7.79448093178851,2.50718218570106,4.31332603033447,5.12062453036063,8.2693067292006,1,2
5,37,26,7.79448093178851,2.50718218570106,3.33782439163796,6.26911717739369,9.28970687475299,1,2
5,37,30,7.79448093178851,2.50718218570106,6.64505052594932,5.14132075645577,9.07378766166132,1,2
5,37,32,7.79448093178851,2.50718218570106,4.44613678497402,6.03976828838877,7.95653844845787,1,2
5,37,36,7.79448093178851,2.50718218570106,4.21867232648617,6.02340312496488,8.16965322623657,1,2
5,37,37,7.79448093178851,2.50718218570106,5.55926427801949,6.623621276561,9.02211148359307,1,2
5,37,39,7.79448093178851,2.50718218570106,2.9140162456133,5.90936724022007,8.32749385166399,1,2
5,37,40,7.79448093178851,2.50718218570106,4.60228361109575,5.58599611566878,8.60757480354445,1,2
5,37,41,7.79448093178851,2.50718218570106,5.96553638264002,5.87360108462533,8.25192073234238,1,2
5,37,42,7.79448093178851,2.50718218570106,4.09366268212926,5.36102908803978,8.99789750502777,1,2
5,37,43,7.79448093178851,2.50718218570106,3.73927403109848,6.3681312694193,8.44025043074395,1,2
5,37,44,7.79448093178851,2.50718218570106,5.03008407669505,6.3792173809819,8.95544602793443,1,2
5,37,46,7.79448093178851,2.50718218570106,7.06157628407355,5.55617711237794,8.62600036060553,1,2
5,37,47,7.79448093178851,2.50718218570106,5.05408261901743,6.2880641196088,9.33824084808448,1,2
5,37,49,7.79448093178851,2.50718218570106,5.03705993580133,5.81037595123592,8.84138440298557,1,2
5,37,50,7.79448093178851,2.50718218570106,5.84127038805031,5.59775452902416,8.75642918590419,1,2
5,37,53,7.79448093178851,2.50718218570106,6.42325995300648,5.81473843759286,8.34430002527228,1,2
5,37,58,7.79448093178851,2.50718218570106,6.13253294374941,5.8981286351726,9.06548805550379,1,2
5,37,61,7.79448093178851,2.50718218570106,3.75493619539619,6.42315137825037,7.77443260070281,1,2
5,37,68,7.79448093178851,2.50718218570106,5.78941688486266,6.34962936729766,8.62087425288002,1,2
5,37,69,7.79448093178851,2.50718218570106,5.94200009019752,6.36355356256811,8.96659612816321,1,2
5,37,70,7.79448093178851,2.50718218570106,5.84602015341808,5.56673068980362,8.62158632563894,1,2
5,37,72,7.79448093178851,2.50718218570106,6.15817423044773,5.96379244571363,9.24661597052613,1,2
5,37,73,7.79448093178851,2.50718218570106,5.53916992718107,6.03186517718162,8.55773118380233,1,2
5,37,74,7.79448093178851,2.50718218570106,5.94551394865626,5.64495946906047,8.4255866129435,1,2
5,38,2,7.79448093178851,2.50718218570106,3.48263805364644,6.00499511930122,8.22475877527773,1,2
5,38,4,7.79448093178851,2.50718218570106,6.32494555529653,6.69883499378587,9.09673904776152,1,2
5,38,7,7.79448093178851,2.50718218570106,4.36041662671821,5.86118450366683,8.43965957523606,1,2
5,38,10,7.79448093178851,2.50718218570106,4.99841676407592,6.58166257317718,8.30383878642413,1,2
5,38,12,7.79448093178851,2.50718218570106,4.94387954887957,6.14402927243879,8.64166635660044,1,2
5,38,14,7.79448093178851,2.50718218570106,4.65444610931101,5.85965682599783,8.53276120540139,1,2
5,38,15,7.79448093178851,2.50718218570106,5.16746644196225,5.70115686341815,8.8481911142618,1,2
5,38,20,7.79448093178851,2.50718218570106,4.6750759981429,6.26243229491976,8.57613715774972,1,2
5,38,22,7.79448093178851,2.50718218570106,7.10342450778418,6.01333777207104,8.7809535251697,1,2
5,38,25,7.79448093178851,2.50718218570106,4.15815838884701,5.66171939980408,8.26920678717197,1,2
5,38,26,7.79448093178851,2.50718218570106,4.69664874528028,6.25206709291543,8.52805477102911,1,2
5,38,30,7.79448093178851,2.50718218570106,5.79670289053393,5.0105461190153,9.33831589932813,1,2
5,38,33,7.79448093178851,2.50718218570106,5.7281577925864,5.22484590297007,8.95679649853245,1,2
5,38,35,7.79448093178851,2.50718218570106,5.04765958732851,6.35348699956672,8.91703403014464,1,2
5,38,36,7.79448093178851,2.50718218570106,3.49019048389499,5.6057157581223,8.66155814559826,1,2
5,38,37,7.79448093178851,2.50718218570106,4.81857210039452,5.45421403719432,8.52674741605075,1,2
5,38,40,7.79448093178851,2.50718218570106,4.43450786453732,7.17064543648678,8.21507702771798,1,2
5,38,43,7.79448093178851,2.50718218570106,3.52953516552117,5.09154516966752,8.38652170066727,1,2
5,38,44,7.79448093178851,2.50718218570106,6.75947199536557,4.75835912809759,8.84197746094158,1,2
5,38,49,7.79448093178851,2.50718218570106,4.93370178401881,6.3844931398856,8.56261874181791,1,2
5,38,50,7.79448093178851,2.50718218570106,5.87188640736905,5.99003748193986,8.63682579974705,1,2
5,38,51,7.79448093178851,2.50718218570106,5.43635581931257,6.25588337468926,8.2754241001191,1,2
5,38,52,7.79448093178851,2.50718218570106,5.9290084927373,5.78204259070253,8.912492679579,1,2
5,38,53,7.79448093178851,2.50718218570106,6.83399854676256,5.8369533340568,8.65803484605538,1,2
5,38,54,7.79448093178851,2.50718218570106,5.19511537777565,5.74451351668503,8.65560120120956,1,2
5,38,55,7.79448093178851,2.50718218570106,4.42667773492725,6.06803216381256,8.28165377568491,1,2
5,38,59,7.79448093178851,2.50718218570106,3.80751678979619,5.92213937377885,8.17572494284321,1,2
5,38,64,7.79448093178851,2.50718218570106,4.82119751807625,5.23988408404197,8.46003013639699,1,2
5,38,67,7.79448093178851,2.50718218570106,3.99976985782259,5.5293210026449,8.48150724900556,1,2
5,38,68,7.79448093178851,2.50718218570106,4.18893415252861,6.12028564041639,8.41510316314017,1,2
5,38,70,7.79448093178851,2.50718218570106,4.18358841632533,5.91062610699607,8.39884436615742,1,2
5,38,71,7.79448093178851,2.50718218570106,4.50593846414397,6.38734789973396,8.21157047011088,1,2
5,38,72,7.79448093178851,2.50718218570106,3.19447928267374,5.98693385634535,8.57820309674333,1,2
5,39,3,7.79448093178851,2.50718218570106,5.0569930922555,5.85847898347506,8.85071426635606,1,2
5,39,4,7.79448093178851,2.50718218570106,5.85646223201529,5.47681478413895,8.13690349680053,1,2
5,39,5,7.79448093178851,2.50718218570106,6.07477656168094,5.33378319702093,9.01056632768111,1,2
5,39,7,7.79448093178851,2.50718218570106,5.42360131649913,5.96446731222461,9.27602805425517,1,2
5,39,8,7.79448093178851,2.50718218570106,5.61542921365789,5.83483361671472,8.89510228367106,1,2
5,39,10,7.79448093178851,2.50718218570106,6.13244922328031,6.10439420422904,8.7118419948304,1,2
5,39,11,7.79448093178851,2.50718218570106,4.80148587955482,6.019288845251,8.40850970465839,1,2
5,39,12,7.79448093178851,2.50718218570106,4.52447933348693,7.1517274058286,8.58743643050424,1,2
5,39,13,7.79448093178851,2.50718218570106,3.48960381395817,5.75159319991606,8.14335599021988,1,2
5,39,14,7.79448093178851,2.50718218570106,4.58573261789111,6.54499625219752,8.80442492588814,1,2
5,39,18,7.79448093178851,2.50718218570106,5.1744544886406,6.06629504259723,8.64703402551118,1,2
5,39,20,7.79448093178851,2.50718218570106,3.98551651199954,6.88724797371328,9.16013566330269,1,2
5,39,23,7.79448093178851,2.50718218570106,5.74778212688269,6.05605542678092,8.90465913867774,1,2
5,39,25,7.79448093178851,2.50718218570106,3.89273387009111,5.2381841711666,8.75388562567433,1,2
5,39,26,7.79448093178851,2.50718218570106,3.90425306832931,5.34244116092059,8.70069345301251,1,2
5,39,27,7.79448093178851,2.50718218570106,3.94894181381774,5.03714418906714,8.59828215378257,1,2
5,39,29,7.79448093178851,2.50718218570106,4.85151716844232,5.08769716507941,8.91442945421741,1,2
5,39,33,7.79448093178851,2.50718218570106,5.52161435358111,6.05520209468802,8.89088062709373,1,2
5,39,34,7.79448093178851,2.50718218570106,7.8105919837158,7.65989397152021,9.41240825015792,1,2
5,39,35,7.79448093178851,2.50718218570106,4.4659973722907,5.72311389265851,8.33213263408501,1,2
5,39,36,7.79448093178851,2.50718218570106,5.24882510353504,6.21981728745113,9.20787695842439,1,2
5,39,37,7.79448093178851,2.50718218570106,4.63789406188239,6.34752401173906,7.84809314364885,1,2
5,39,39,7.79448093178851,2.50718218570106,4.8960413560341,5.21604864568426,9.22212184004451,1,2
5,39,41,7.79448093178851,2.50718218570106,4.57145181478752,6.00232888791274,8.70796794885253,1,2
5,39,42,7.79448093178851,2.50718218570106,4.20915399318064,5.50434037203666,8.24397499749909,1,2
5,39,44,7.79448093178851,2.50718218570106,3.92007277414094,5.76613786150756,8.17083263673172,1,2
5,39,45,7.79448093178851,2.50718218570106,5.90536176229875,5.9573977163364,9.33349148925414,1,2
5,39,46,7.79448093178851,2.50718218570106,4.69901891637802,6.06497345094611,8.60496896600317,1,2
5,39,48,7.79448093178851,2.50718218570106,4.48823433053782,5.30793470459183,8.90503191534024,1,2
5,39,52,7.79448093178851,2.50718218570106,5.30273111120826,6.49144171119507,8.91294820955961,1,2
5,39,54,7.79448093178851,2.50718218570106,6.31567115599226,6.25275104838456,8.96176527221625,1,2
5,39,55,7.79448093178851,2.50718218570106,6.29353716519633,5.43777927747384,9.06229234976351,1,2
5,39,56,7.79448093178851,2.50718218570106,3.9216041641323,5.44951003527063,8.59098018921853,1,2
5,39,58,7.79448093178851,2.50718218570106,4.7127314357176,4.77102462036584,8.98797131449802,1,2
5,39,63,7.79448093178851,2.50718218570106,3.0425302210052,5.52778556270196,8.50447201241673,1,2
5,39,65,7.79448093178851,2.50718218570106,6.43475702520803,5.72367835641213,8.90569050066,1,2
5,39,66,7.79448093178851,2.50718218570106,6.10758364054136,6.54897471394242,8.35063487194704,1,2
5,40,2,7.79448093178851,2.50718218570106,5.93754017124181,6.94158567680608,8.909496941621,1,2
5,40,3,7.79448093178851,2.50718218570106,4.84850558684175,6.10299890619013,8.64603384646794,1,2
5,40,4,7.79448093178851,2.50718218570106,4.53260100212639,5.91931752385388,8.99607259354858,1,2
5,40,5,7.79448093178851,2.50718218570106,3.23278303137079,6.24699830086829,8.8666820929496,1,2
5,40,8,7.79448093178851,2.50718218570106,5.20760270060628,6.10283616293517,9.02746739773904,1,2
5,40,10,7.79448093178851,2.50718218570106,7.36345804336574,5.94278320016182,9.26580643936146,1,2
5,40,11,7.79448093178851,2.50718218570106,3.63437659225348,6.20727966388994,8.77611215174792,1,2
5,40,13,7.79448093178851,2.50718218570106,5.73715498409195,5.43810191294384,8.47864464269319,1,2
5,40,14,7.79448093178851,2.50718218570106,5.90391492464893,6.15817946711047,9.13241858100982,1,2
5,40,15,7.79448093178851,2.50718218570106,5.04606100370487,5.72334640791414,8.65142456196374,1,2
5,40,17,7.79448093178851,2.50718218570106,5.99150234061618,5.77569973521833,8.76035820967165,1,2
5,40,18,7.79448093178851,2.50718218570106,5.68443946229857,6.59857357096927,8.97509113347414,1,2
5,40,20,7.79448093178851,2.50718218570106,4.58636191795074,5.82176563891633,8.96924545210493,1,2
5,40,22,7.79448093178851,2.50718218570106,4.566863239031,5.7672648610092,8.54746050774447,1,2
5,40,25,7.79448093178851,2.50718218570106,4.12897706031032,5.61197335578122,8.90541500639099,1,2
5,40,26,7.79448093178851,2.50718218570106,5.22318515333398,5.80534625765201,8.76821970302127,1,2
5,40,30,7.79448093178851,2.50718218570106,7.61226805277309,6.35197643829848,9.26210274948961,1,2
5,40,31,7.79448093178851,2.50718218570106,4.20709786255715,6.98057695572242,8.70975253715194,1,2
5,40,34,7.79448093178851,2.50718218570106,5.44797862305699,5.10757667282265,8.70880958547425,1,2
5,40,35,7.79448093178851,2.50718218570106,4.10359721921285,5.69736421144973,8.41214545351829,1,2
5,40,36,7.79448093178851,2.50718218570106,5.22527600434344,5.64015583056809,8.04985921577768,1,2
5,40,37,7.79448093178851,2.50718218570106,6.50763193691647,4.87726002684523,8.71272589536549,1,2
5,40,39,7.79448093178851,2.50718218570106,5.36511232474461,6.02953905895197,8.91902109986671,1,2
5,40,42,7.79448093178851,2.50718218570106,4.15269711756612,5.92590179357768,8.00643595807843,1,2
5,40,43,7.79448093178851,2.50718218570106,5.67352164905503,6.06797738308789,8.97773238844047,1,2
5,40,44,7.79448093178851,2.50718218570106,5.82871028392814,6.50189008737088,9.2328912500955,1,2
5,40,46,7.79448093178851,2.50718218570106,4.68851505075899,6.66561993099791,8.74864840690214,1,2
5,40,47,7.79448093178851,2.50718218570106,6.20591309267407,7.02685514488569,8.50164421070515,1,2
5,40,53,7.79448093178851,2.50718218570106,5.88367166552962,5.74313108960953,9.04000552199659,1,2
5,40,55,7.79448093178851,2.50718218570106,6.32289832331334,6.15620731040744,9.27398758922211,1,2
5,40,58,7.79448093178851,2.50718218570106,3.7109778787474,7.31618280590754,8.21904165585948,1,2
5,40,59,7.79448093178851,2.50718218570106,7.94421439121624,6.79534221601764,9.25081167842731,1,2
5,40,65,7.79448093178851,2.50718218570106,4.82667025049133,6.51146592351406,8.86000177108991,1,2
5,40,68,7.79448093178851,2.50718218570106,4.97422326419492,5.09180705264787,8.80174962793531,1,2
5,40,69,7.79448093178851,2.50718218570106,4.87255497239707,6.53946459552437,8.82890121544953,1,2
5,40,70,7.79448093178851,2.50718218570106,6.41142395248432,5.98530157324171,9.53194295937701,1,2
5,40,71,7.79448093178851,2.50718218570106,5.40650562449933,6.41502346818991,8.48156934404393,1,2
5,40,75,7.79448093178851,2.50718218570106,6.12186653939495,6.54764788895619,8.71014458112095,1,2
5,40,78,7.79448093178851,2.50718218570106,4.693702226207,4.69834271212759,8.60374418600457,1,2
5,40,79,7.79448093178851,2.50718218570106,6.85420160337875,5.91768293379031,9.45695251398618,1,2
5,40,82,7.79448093178851,2.50718218570106,4.53419253949525,6.30215290111841,9.0142631152101,1,2
5,40,84,7.79448093178851,2.50718218570106,4.34552477346911,6.42234514290079,8.82504820835677,1,2
5,40,86,7.79448093178851,2.50718218570106,5.10615889955097,5.690837564033,9.02143355476285,1,2
5,40,89,7.79448093178851,2.50718218570106,6.09107067545183,5.75261453903226,8.9239143467661,1,2
5,40,91,7.79448093178851,2.50718218570106,4.72697187909935,6.43970928389263,8.89846864126417,1,2
5,40,92,7.79448093178851,2.50718218570106,4.44457116165882,6.14269708936058,8.54407859182274,1,2
5,40,94,7.79448093178851,2.50718218570106,5.86971078380506,5.23440021210272,8.57360245523877,1,2
5,40,95,7.79448093178851,2.50718218570106,5.21466875056553,5.77139888950379,8.926832953208,1,2
5,40,96,7.79448093178851,2.50718218570106,6.43515862353561,6.39183423678213,9.01546734208964,1,2
5,40,98,7.79448093178851,2.50718218570106,6.86217588552074,6.03267500865634,9.06890799497771,1,2
5,41,1,7.79448093178851,2.50718218570106,5.57898441535727,5.54779722794955,9.27560746461867,1,2
5,41,4,7.79448093178851,2.50718218570106,4.97080508426214,5.78760499255924,9.13078854544566,1,2
5,41,5,7.79448093178851,2.50718218570106,3.17709257663992,5.83857018372621,8.57365032047495,1,2
5,41,11,7.79448093178851,2.50718218570106,3.74820334898319,5.63470151471844,8.64851999319007,1,2
5,41,12,7.79448093178851,2.50718218570106,5.0557787121696,6.37997507894043,9.20024910216982,1,2
5,41,14,7.79448093178851,2.50718218570106,4.30292759733876,6.23073781951559,8.97637177054088,1,2
5,41,17,7.79448093178851,2.50718218570106,6.04224504872536,6.07512627847272,8.8287455675359,1,2
5,41,18,7.79448093178851,2.50718218570106,5.60741935517078,5.193151287769,8.52959487135543,1,2
5,41,19,7.79448093178851,2.50718218570106,6.91941268124123,6.900371108696,8.77616858346991,1,2
5,41,21,7.79448093178851,2.50718218570106,4.02630222605989,6.05868073016297,8.95697786335352,1,2
5,41,22,7.79448093178851,2.50718218570106,3.53705034422812,6.08577047364683,8.55715590454712,1,2
5,41,25,7.79448093178851,2.50718218570106,4.2647404408751,6.0947553453981,8.36363602560392,1,2
5,41,26,7.79448093178851,2.50718218570106,5.17264783844373,6.03270611892254,9.04958006178356,1,2
5,41,27,7.79448093178851,2.50718218570106,4.01926628434419,5.45366116959781,8.86837285136439,1,2
5,41,28,7.79448093178851,2.50718218570106,6.22630849628672,6.29141947753848,9.7615102735942,1,2
5,41,29,7.79448093178851,2.50718218570106,4.62933905980804,6.31642868042268,8.95327107269819,1,2
5,41,30,7.79448093178851,2.50718218570106,5.04238009406577,6.39474789444124,8.71281405856034,1,2
5,41,33,7.79448093178851,2.50718218570106,3.74271123231938,6.55002287629961,8.55338761182745,1,2
5,41,35,7.79448093178851,2.50718218570106,6.27803896628615,6.4209406270019,9.47619554989248,1,2
5,41,36,7.79448093178851,2.50718218570106,3.21881208879505,6.22751766434757,8.00554279005734,1,2
5,41,37,7.79448093178851,2.50718218570106,3.76948797670448,6.08547226453437,8.98604278468646,1,2
5,41,38,7.79448093178851,2.50718218570106,3.6151494577855,5.5887358024899,8.10147968369616,1,2
5,41,40,7.79448093178851,2.50718218570106,5.75981375751347,6.35542000440195,9.68249541695577,1,2
5,41,41,7.79448093178851,2.50718218570106,5.7786553340404,6.70244809988203,8.86515277249067,1,2
5,41,42,7.79448093178851,2.50718218570106,4.76046955374974,5.79411327007289,8.70956973349333,1,2
5,41,43,7.79448093178851,2.50718218570106,5.33771829548248,5.55250559924953,8.74795594261503,1,2
5,41,46,7.79448093178851,2.50718218570106,3.22131166486912,5.81391232236565,8.79656972287759,1,2
5,41,47,7.79448093178851,2.50718218570106,4.35480741645473,5.48720091266427,8.89062473971902,1,2
5,41,49,7.79448093178851,2.50718218570106,5.12475381246012,6.24709835301629,9.13870274174858,1,2
5,41,52,7.79448093178851,2.50718218570106,5.21907031906225,6.37994162439994,8.93609327396199,1,2
5,41,53,7.79448093178851,2.50718218570106,5.42213834163835,5.81585624178579,8.57224050255465,1,2
5,41,55,7.79448093178851,2.50718218570106,5.03860527864622,5.67839313457075,8.34527235683484,1,2
5,41,56,7.79448093178851,2.50718218570106,5.61593383286869,5.77827984993033,8.98005018488522,1,2
5,41,57,7.79448093178851,2.50718218570106,5.78629571351526,5.85935821893094,8.96669059375583,1,2
5,41,60,7.79448093178851,2.50718218570106,4.28939475769766,6.30979501674308,8.69146664394315,1,2
5,41,62,7.79448093178851,2.50718218570106,4.78229880763123,5.63227958629258,8.52598553125528,1,2
5,41,66,7.79448093178851,2.50718218570106,5.34513122769964,6.67258510341086,8.92801869864881,1,2
5,41,67,7.79448093178851,2.50718218570106,3.79923630647017,5.83376275633795,8.80700920481706,1,2
5,41,68,7.79448093178851,2.50718218570106,2.77776700676107,6.45783112506371,8.52855238632743,1,2
5,41,69,7.79448093178851,2.50718218570106,3.59028585250235,5.53871239740042,8.92840357196969,1,2
5,41,70,7.79448093178851,2.50718218570106,6.03778657146542,5.55545382531575,8.67821072138025,1,2
5,41,72,7.79448093178851,2.50718218570106,3.64327953775063,6.28268228784648,8.11303196626275,1,2
5,41,73,7.79448093178851,2.50718218570106,4.19839976520923,5.30674612575087,8.74014186285686,1,2
5,41,75,7.79448093178851,2.50718218570106,4.6125920651171,5.87429793643975,9.25102179973165,1,2
5,41,76,7.79448093178851,2.50718218570106,6.39952457119142,6.51305781492978,9.39024825721512,1,2
5,41,77,7.79448093178851,2.50718218570106,6.08989576108534,5.86391779851886,9.08310913286392,1,2
5,41,80,7.79448093178851,2.50718218570106,3.56270239071292,5.91692697705605,8.64758459188159,1,2
5,41,81,7.79448093178851,2.50718218570106,2.98278025893991,6.22561215165311,8.53225060236271,1,2
5,41,82,7.79448093178851,2.50718218570106,4.84971123819612,6.29234085947084,8.59537098705239,1,2
5,41,85,7.79448093178851,2.50718218570106,6.38744020339136,5.41546132065062,9.18646503962708,1,2
5,41,87,7.79448093178851,2.50718218570106,5.58130821424973,5.9314659552606,8.48482685020962,1,2
5,41,91,7.79448093178851,2.50718218570106,4.58565882726675,5.95485536175382,8.8596123874132,1,2
5,41,92,7.79448093178851,2.50718218570106,3.65454832135763,5.92699597696924,8.72049483619897,1,2
5,41,94,7.79448093178851,2.50718218570106,3.87337882740017,5.39574497923189,8.91927304177971,1,2
5,41,95,7.79448093178851,2.50718218570106,5.25551977159057,5.67638173849013,8.93003841592201,1,2
5,41,96,7.79448093178851,2.50718218570106,5.46658148866276,6.2086437129201,8.72152599062156,1,2
6,1,2,6.1437725111454,3.06963321402295,4.74976657894337,5.60042587888396,2.47954750268623,1,2
6,1,4,6.1437725111454,3.06963321402295,5.7626250683014,6.45853039474055,2.93503659422171,1,2
6,1,5,6.1437725111454,3.06963321402295,5.20970653777222,6.41671459548886,2.91094950156405,1,2
6,1,6,6.1437725111454,3.06963321402295,7.23976950619102,4.74919381959931,2.18413834418609,1,2
6,1,7,6.1437725111454,3.06963321402295,4.15958606238062,6.23659336352843,2.77544044937443,1,2
6,1,8,6.1437725111454,3.06963321402295,5.92305241843305,5.98320440977649,2.75770387009487,1,2
6,1,10,6.1437725111454,3.06963321402295,5.54504810753242,6.00409345274498,2.74565844468578,1,2
6,1,11,6.1437725111454,3.06963321402295,3.6606202211233,5.2162785960401,2.62360256976103,1,2
6,1,16,6.1437725111454,3.06963321402295,6.36731745402427,6.86928460593482,3.308359997052,1,2
6,1,17,6.1437725111454,3.06963321402295,5.8795298134286,5.20210489392917,2.37443292213888,1,2
6,1,20,6.1437725111454,3.06963321402295,4.35045777521611,6.99054393741335,3.23824117284574,1,2
6,1,22,6.1437725111454,3.06963321402295,2.3064120383684,6.42844642770864,2.87443973528533,1,2
6,1,23,6.1437725111454,3.06963321402295,4.44413733569815,6.49088590462419,3.05849629610359,1,2
6,1,24,6.1437725111454,3.06963321402295,3.9464798075066,6.16363123779496,2.70343356925364,1,2
6,1,26,6.1437725111454,3.06963321402295,4.53249701292749,5.67743203092489,2.63413042985013,1,2
6,1,27,6.1437725111454,3.06963321402295,4.06445424600826,6.22858137348004,2.78089763259023,1,2
6,1,28,6.1437725111454,3.06963321402295,4.12911705588724,5.89526540593723,2.61488599426733,1,2
6,1,30,6.1437725111454,3.06963321402295,6.58058166806751,6.74610225861324,3.10406425545013,1,2
6,1,32,6.1437725111454,3.06963321402295,5.20675464633022,6.03336620203475,2.78480043988361,1,2
6,1,33,6.1437725111454,3.06963321402295,4.80856651514672,6.43327895364179,3.07633116865371,1,2
6,1,35,6.1437725111454,3.06963321402295,4.87940431039892,5.74096914429098,2.57634692461496,1,2
6,1,36,6.1437725111454,3.06963321402295,4.77890298359561,6.09048533009147,2.82354421132528,1,2
6,1,38,6.1437725111454,3.06963321402295,3.70151858601144,6.7670760255546,2.91761686986294,1,2
6,1,39,6.1437725111454,3.06963321402295,5.50124111144306,6.75553530206702,3.15249986474663,1,2
6,1,40,6.1437725111454,3.06963321402295,5.16983266609557,6.64196576045416,3.04805803513758,1,2
6,1,42,6.1437725111454,3.06963321402295,5.13468019627511,6.05384848190053,2.73090995748228,1,2
6,1,43,6.1437725111454,3.06963321402295,5.78989874903428,6.21489106454148,2.86786127256568,1,2
6,1,46,6.1437725111454,3.06963321402295,3.9667906396486,6.42574431204565,2.84077429354137,1,2
6,1,47,6.1437725111454,3.06963321402295,5.12722742074151,5.62544549670722,2.69024173075677,1,2
6,1,50,6.1437725111454,3.06963321402295,4.24225159489064,6.15695161870651,2.82999542797305,1,2
6,1,51,6.1437725111454,3.06963321402295,6.54184083102022,5.90703593183011,2.65713389204261,1,2
6,1,53,6.1437725111454,3.06963321402295,5.56259625842882,6.78651618346098,2.89374210729309,1,2
6,1,56,6.1437725111454,3.06963321402295,5.87484701308132,5.36317794196907,2.46191580455604,1,2
6,1,58,6.1437725111454,3.06963321402295,6.34816771832992,4.90343564424043,2.31370032474005,1,2
6,1,60,6.1437725111454,3.06963321402295,4.88632237023491,6.28993466665221,2.83935698558558,1,2
6,2,1,6.1437725111454,3.06963321402295,5.75360365632942,6.50835004199195,3.85083061263846,1,2
6,2,4,6.1437725111454,3.06963321402295,3.68718328584323,5.3750585228853,3.39672664700389,1,2
6,2,5,6.1437725111454,3.06963321402295,4.93310174780751,5.45578238201383,3.39866840966556,1,2
6,2,6,6.1437725111454,3.06963321402295,4.83664256179864,6.04351034139401,3.56536321877516,1,2
6,2,7,6.1437725111454,3.06963321402295,4.80371549591096,6.90887192099414,4.06169660517144,1,2
6,2,8,6.1437725111454,3.06963321402295,4.96128567837291,6.65966184379948,3.93625210911577,1,2
6,2,9,6.1437725111454,3.06963321402295,3.47713037701974,5.79957897350009,3.59959334856904,1,2
6,2,11,6.1437725111454,3.06963321402295,4.97984241448534,6.06331876390924,3.76411145183733,1,2
6,2,12,6.1437725111454,3.06963321402295,5.3217597169355,5.39474990897922,3.45978968806085,1,2
6,2,14,6.1437725111454,3.06963321402295,5.799546246638,6.06561347553209,3.7556528380085,1,2
6,2,16,6.1437725111454,3.06963321402295,3.8224030344311,5.9439089083419,3.64974788651816,1,2
6,2,18,6.1437725111454,3.06963321402295,4.83987842737556,6.28016928763312,3.68904139302532,1,2
6,2,19,6.1437725111454,3.06963321402295,5.78299218760671,6.53439047549346,3.78559803264659,1,2
6,2,20,6.1437725111454,3.06963321402295,5.40267905333842,5.42062155736731,3.30969603297773,1,2
6,2,21,6.1437725111454,3.06963321402295,4.08433207843108,5.93043224419833,3.44104334480911,1,2
6,2,22,6.1437725111454,3.06963321402295,5.17130998581925,5.29164134874533,3.48922419849145,1,2
6,2,24,6.1437725111454,3.06963321402295,4.15023123613857,5.93173498853928,3.69805072018665,1,2
6,2,27,6.1437725111454,3.06963321402295,5.37579313054651,6.44019746650139,3.70455984261459,1,2
6,2,28,6.1437725111454,3.06963321402295,4.33062801159127,5.730549549514,3.47782097385708,1,2
6,2,31,6.1437725111454,3.06963321402295,5.75985224261233,6.21404788412189,3.70316021113517,1,2
6,2,34,6.1437725111454,3.06963321402295,5.53513473064221,6.51718608701743,3.79887407728096,1,2
6,2,36,6.1437725111454,3.06963321402295,3.62198207813413,5.87478642105261,3.63763771795312,1,2
6,2,37,6.1437725111454,3.06963321402295,5.17380295499309,5.75343276961815,3.49570112664896,1,2
6,2,38,6.1437725111454,3.06963321402295,6.27641431396856,6.19378188777627,3.57557352477473,1,2
6,2,39,6.1437725111454,3.06963321402295,3.96175426446432,6.51021803748854,3.71600687404015,1,2
6,2,40,6.1437725111454,3.06963321402295,3.95280984086337,6.5403414311685,3.92897842343251,1,2
6,2,41,6.1437725111454,3.06963321402295,3.09279259788917,6.04304511758461,3.49889960491395,1,2
6,2,42,6.1437725111454,3.06963321402295,5.99442299984917,5.11603772792949,3.25225981939577,1,2
6,2,43,6.1437725111454,3.06963321402295,5.21322678787594,5.65307067378229,3.39055781479795,1,2
6,2,44,6.1437725111454,3.06963321402295,4.40148445265765,5.84556407286622,3.68992971807739,1,2
6,2,45,6.1437725111454,3.06963321402295,4.66797244975957,6.78562515409838,3.94349043106402,1,2
6,2,48,6.1437725111454,3.06963321402295,5.6752506993797,6.32743325120573,3.68107159505452,1,2
6,2,49,6.1437725111454,3.06963321402295,4.84317579633819,5.80901066843974,3.53918683621682,1,2
6,2,51,6.1437725111454,3.06963321402295,4.91965667584584,4.47694623849529,3.05622951679278,1,2
6,2,52,6.1437725111454,3.06963321402295,5.11638274076432,6.21197218761881,3.59646710667303,1,2
6,2,53,6.1437725111454,3.06963321402295,5.04320391290169,5.61871472214266,3.47605466562485,1,2
6,2,55,6.1437725111454,3.06963321402295,4.09600062116895,5.87859419541137,3.37903279658942,1,2
6,2,57,6.1437725111454,3.06963321402295,5.23373080689639,6.2818987834464,3.7365498944853,1,2
6,2,58,6.1437725111454,3.06963321402295,4.9005363646618,6.1501347795951,3.44559389929993,1,2
6,2,60,6.1437725111454,3.06963321402295,3.76858086859548,6.05468050890961,3.73934785225219,1,2
6,2,61,6.1437725111454,3.06963321402295,5.48990611044454,5.64685882372894,3.37980808680993,1,2
6,2,62,6.1437725111454,3.06963321402295,6.32273299116847,5.75501026331104,3.53508133917099,1,2
6,2,63,6.1437725111454,3.06963321402295,4.39328980086306,5.38851172467166,3.30287194113512,1,2
6,2,66,6.1437725111454,3.06963321402295,4.57442005368834,6.17646071150349,3.67762336738176,1,2
6,2,67,6.1437725111454,3.06963321402295,5.29409841256079,6.6051807133404,3.79905519396548,1,2
6,2,68,6.1437725111454,3.06963321402295,4.6551686977279,6.26959563860186,3.82695298518554,1,2
6,2,69,6.1437725111454,3.06963321402295,3.95029477025248,5.94801545134032,3.60982800486004,1,2
6,2,70,6.1437725111454,3.06963321402295,5.54231903564899,6.19683392414458,3.68988225688358,1,2
6,2,71,6.1437725111454,3.06963321402295,5.67383673824592,6.97296475677804,3.99632980442048,1,2
6,2,73,6.1437725111454,3.06963321402295,3.90528290746445,4.78542685179836,3.05221754435082,1,2
6,2,74,6.1437725111454,3.06963321402295,4.2511378436121,6.16469839833078,3.73710083881509,1,2
6,2,75,6.1437725111454,3.06963321402295,4.92749040701975,5.75818860262935,3.57233531893336,1,2
6,2,77,6.1437725111454,3.06963321402295,4.50055550235091,6.05578459545812,3.77337221429059,1,2
6,2,78,6.1437725111454,3.06963321402295,4.97349505670251,5.81480541815835,3.36752546880383,1,2
6,2,79,6.1437725111454,3.06963321402295,5.17417865265694,5.66677059920506,3.5279485449247,1,2
6,3,1,6.1437725111454,3.06963321402295,5.22160660347548,4.99267502073094,3.55106324665669,1,2
6,3,2,6.1437725111454,3.06963321402295,4.91148269742744,6.64606824508663,4.55281627484459,1,2
6,3,3,6.1437725111454,3.06963321402295,3.54191371752766,5.91174884319871,4.12391912415786,1,2
6,3,7,6.1437725111454,3.06963321402295,3.44057881509838,5.38848498452196,4.04601603348155,1,2
6,3,9,6.1437725111454,3.06963321402295,3.7518536971994,5.55938437778513,4.05473264689298,1,2
6,3,13,6.1437725111454,3.06963321402295,6.01981572031532,6.57299039918024,4.30392585147521,1,2
6,3,15,6.1437725111454,3.06963321402295,4.29723958310587,5.97628013277681,3.97576455907798,1,2
6,3,16,6.1437725111454,3.06963321402295,6.00826514941524,5.18604936753829,3.6766206886251,1,2
6,3,20,6.1437725111454,3.06963321402295,5.96846258441372,6.68972659838289,4.42476307788874,1,2
6,3,23,6.1437725111454,3.06963321402295,5.40526292188322,5.62299468893645,3.93006552599882,1,2
6,3,25,6.1437725111454,3.06963321402295,4.6990132441913,5.57082473579354,4.05434391472533,1,2
6,3,26,6.1437725111454,3.06963321402295,7.0323398698029,5.95745578345993,4.28092347580117,1,2
6,3,28,6.1437725111454,3.06963321402295,3.98673392752349,6.34471224890332,4.35670395977216,1,2
6,3,29,6.1437725111454,3.06963321402295,5.39363601491247,5.42445242416515,3.77886483712958,1,2
6,3,31,6.1437725111454,3.06963321402295,5.89802167974958,6.12804603963932,4.21535099371119,1,2
6,3,32,6.1437725111454,3.06963321402295,4.74612050771502,5.6302675149755,3.92733866700122,1,2
6,3,33,6.1437725111454,3.06963321402295,4.62277536351894,6.40918954030399,4.408638812134,1,2
6,3,34,6.1437725111454,3.06963321402295,6.29179282206705,6.50329310818155,4.24082916648841,1,2
6,3,35,6.1437725111454,3.06963321402295,4.7962679807845,6.31656432431251,4.18189940058863,1,2
6,3,39,6.1437725111454,3.06963321402295,4.36095406738572,6.52558324390655,4.41612781025799,1,2
6,3,40,6.1437725111454,3.06963321402295,3.77114443072385,5.74685761975081,4.01132295618233,1,2
6,3,43,6.1437725111454,3.06963321402295,5.26931135905189,7.25282965384296,4.82454712050342,1,2
6,3,45,6.1437725111454,3.06963321402295,5.45710674863488,5.29166866187338,3.83409730866739,1,2
6,3,46,6.1437725111454,3.06963321402295,6.57702964172939,5.97262304957966,4.27373490723755,1,2
6,3,49,6.1437725111454,3.06963321402295,4.47853716992742,4.79242179964046,3.70593005985323,1,2
6,3,51,6.1437725111454,3.06963321402295,4.94962649557774,7.27413585877765,4.53280011540264,1,2
6,3,53,6.1437725111454,3.06963321402295,4.92646620689975,6.43673622276187,4.20569904393644,1,2
6,3,54,6.1437725111454,3.06963321402295,4.82350583998882,5.5307470498611,4.0089630998498,1,2
6,3,55,6.1437725111454,3.06963321402295,5.56143058651703,6.07607743604285,4.14139078486821,1,2
6,3,56,6.1437725111454,3.06963321402295,5.57062616902953,6.10489083537905,4.47096665983771,1,2
6,3,58,6.1437725111454,3.06963321402295,6.11855847240218,5.84715023967724,4.19061307060597,1,2
6,3,59,6.1437725111454,3.06963321402295,4.74186620902947,6.74094435738174,4.41858617653151,1,2
6,3,61,6.1437725111454,3.06963321402295,3.31232431244981,5.61782601044256,4.12100452573784,1,2
6,3,63,6.1437725111454,3.06963321402295,5.04196938310885,5.64895070496501,4.0907853195572,1,2
6,3,64,6.1437725111454,3.06963321402295,4.97223156262413,5.62753608390295,4.06722979216865,1,2
6,3,67,6.1437725111454,3.06963321402295,4.08302649462318,6.33844601412586,4.14470741569572,1,2
6,4,1,6.1437725111454,3.06963321402295,2.68609147557916,6.1511250063802,4.77312039433419,1,2
6,4,2,6.1437725111454,3.06963321402295,4.76095059091987,5.14974837354941,4.35404326759467,1,2
6,4,5,6.1437725111454,3.06963321402295,4.36458851172215,5.52135294560337,4.37518136987877,1,2
6,4,6,6.1437725111454,3.06963321402295,4.63116033454875,6.18197124391045,4.63647215223876,1,2
6,4,7,6.1437725111454,3.06963321402295,4.37217905576096,6.12049028618993,4.77805435764317,1,2
6,4,8,6.1437725111454,3.06963321402295,4.04230216327614,6.09276419892632,4.50030697624621,1,2
6,4,9,6.1437725111454,3.06963321402295,4.16870835912847,7.02608304337694,4.87719653553339,1,2
6,4,10,6.1437725111454,3.06963321402295,4.64676068427718,6.76187300077153,4.90523451666235,1,2
6,4,11,6.1437725111454,3.06963321402295,4.56552356276571,5.70602154049337,4.39675141549274,1,2
6,4,12,6.1437725111454,3.06963321402295,3.57182756133933,5.74847140006978,4.67811140374377,1,2
6,4,19,6.1437725111454,3.06963321402295,6.19917078572378,5.38235386026501,4.26908699386362,1,2
6,4,21,6.1437725111454,3.06963321402295,5.93407008761824,5.83589912454435,4.63568258132272,1,2
6,4,25,6.1437725111454,3.06963321402295,4.12931362032299,5.95295913983946,4.57954846992039,1,2
6,4,26,6.1437725111454,3.06963321402295,3.54937428808846,5.57665883253459,4.26886683742841,1,2
6,4,29,6.1437725111454,3.06963321402295,3.31738331025712,4.91727235864712,4.15030918668332,1,2
6,4,33,6.1437725111454,3.06963321402295,1.14841011612081,6.37705070988509,4.76053135142595,1,2
6,4,34,6.1437725111454,3.06963321402295,4.56913262451411,6.04082223810575,4.63434021632092,1,2
6,4,35,6.1437725111454,3.06963321402295,3.51137450652019,5.93046784738914,4.62547529962063,1,2
6,4,37,6.1437725111454,3.06963321402295,6.10087776488211,6.42801771401689,4.82326844755846,1,2
6,4,38,6.1437725111454,3.06963321402295,6.33450144080252,5.40064201681354,4.61082053749482,1,2
6,4,40,6.1437725111454,3.06963321402295,4.87087684977308,6.13086585439852,4.74173196776934,1,2
6,4,41,6.1437725111454,3.06963321402295,5.16240962956751,6.12189724095606,4.63278820030616,1,2
6,4,42,6.1437725111454,3.06963321402295,6.11651860283177,5.26649511106253,4.59015926708257,1,2
6,4,43,6.1437725111454,3.06963321402295,4.82578488257255,6.1274594357274,4.49614166067988,1,2
6,4,44,6.1437725111454,3.06963321402295,5.71827343868106,6.51860939583488,4.86689321251818,1,2
6,4,47,6.1437725111454,3.06963321402295,4.39012136333576,6.2219210079242,4.79168624744601,1,2
6,4,48,6.1437725111454,3.06963321402295,3.710351294814,6.6939648204359,4.99216255936935,1,2
6,4,49,6.1437725111454,3.06963321402295,6.40518978202234,6.11166622122109,4.73115798935082,1,2
6,4,52,6.1437725111454,3.06963321402295,4.96403813699333,6.21787152828365,4.78890803821278,1,2
6,4,53,6.1437725111454,3.06963321402295,6.70891852397183,6.13477979893851,4.69644194927952,1,2
6,4,55,6.1437725111454,3.06963321402295,4.54420354862423,5.93739083311555,4.60216595455633,1,2
6,4,56,6.1437725111454,3.06963321402295,5.29360750861092,5.21260604399596,4.44886551626581,1,2
6,4,57,6.1437725111454,3.06963321402295,5.08904171040565,5.71300712772291,4.51138388310804,1,2
6,4,58,6.1437725111454,3.06963321402295,4.89439345482616,5.90503177577135,4.62125354918434,1,2
6,4,60,6.1437725111454,3.06963321402295,3.81000004073071,5.98073274941348,4.50221803283143,1,2
6,4,63,6.1437725111454,3.06963321402295,5.79082945982543,6.97834734051419,5.04869781436485,1,2
6,4,66,6.1437725111454,3.06963321402295,4.90496421652393,5.54195115220272,4.51509270868146,1,2
6,4,67,6.1437725111454,3.06963321402295,5.38172538886754,6.2546370803313,4.54716636503376,1,2
6,4,73,6.1437725111454,3.06963321402295,2.40152150633329,5.87192668537548,4.30838115181006,1,2
6,4,74,6.1437725111454,3.06963321402295,5.15460145722666,5.22139199836323,4.26466686078294,1,2
6,4,76,6.1437725111454,3.06963321402295,6.22122275176462,6.17054758671055,4.73170127440042,1,2
6,4,77,6.1437725111454,3.06963321402295,3.92714592789237,6.16965466908534,4.79583457385738,1,2
6,4,81,6.1437725111454,3.06963321402295,6.3363841013156,6.20278912441991,4.687345343095,1,2
6,4,82,6.1437725111454,3.06963321402295,4.65186840730956,6.54096771533726,4.95644528781896,1,2
6,4,85,6.1437725111454,3.06963321402295,4.01969211745524,5.29949413431999,4.32409300314613,1,2
6,4,86,6.1437725111454,3.06963321402295,6.68002398177283,6.26849365565793,4.5527112992823,1,2
6,4,89,6.1437725111454,3.06963321402295,5.63790876240605,6.04507917147892,4.72708475617884,1,2
6,4,95,6.1437725111454,3.06963321402295,4.5185848471403,6.28808481452847,4.85761357873942,1,2
6,5,2,6.1437725111454,3.06963321402295,4.59388228512963,6.08286978606618,4.92468214792738,1,2
6,5,4,6.1437725111454,3.06963321402295,1.84946082462951,5.51203081902903,4.60281880831768,1,2
6,5,5,6.1437725111454,3.06963321402295,4.54700542098185,6.92546129418366,5.2610993564341,1,2
6,5,6,6.1437725111454,3.06963321402295,4.75339687294808,5.64081960494656,4.74369067694112,1,2
6,5,7,6.1437725111454,3.06963321402295,5.2794971836301,6.46992169139382,5.24788385260829,1,2
6,5,9,6.1437725111454,3.06963321402295,3.53487006684329,5.58957111419302,4.76368654755579,1,2
6,5,10,6.1437725111454,3.06963321402295,4.5255554014866,5.95436753287598,4.86866983819788,1,2
6,5,11,6.1437725111454,3.06963321402295,3.52851068013949,6.62281139839549,5.06082653763337,1,2
6,5,12,6.1437725111454,3.06963321402295,4.22431411486144,6.43635234976511,5.1057356365547,1,2
6,5,14,6.1437725111454,3.06963321402295,5.10529363711168,6.44332545505874,5.11221816282689,1,2
6,5,16,6.1437725111454,3.06963321402295,3.68872779153708,5.93928510902517,4.77600094552682,1,2
6,5,17,6.1437725111454,3.06963321402295,4.98712268684588,5.97947152141012,4.83081875883203,1,2
6,5,18,6.1437725111454,3.06963321402295,5.46249714637776,5.29669914881096,4.74301298424601,1,2
6,5,24,6.1437725111454,3.06963321402295,5.52930120694511,6.23280451418331,4.91624871276443,1,2
6,5,25,6.1437725111454,3.06963321402295,4.14782759663849,5.15076723765156,4.50034744502877,1,2
6,5,28,6.1437725111454,3.06963321402295,4.00707102063311,6.03443155282561,4.93175441045006,1,2
6,5,30,6.1437725111454,3.06963321402295,4.35897009802484,6.21981638773053,4.86794490192291,1,2
6,5,32,6.1437725111454,3.06963321402295,4.47972004179316,6.00715682984583,4.76350405905383,1,2
6,5,36,6.1437725111454,3.06963321402295,6.50232387738302,6.73844017468349,5.28982122404187,1,2
6,5,38,6.1437725111454,3.06963321402295,5.22333057778292,6.53662914495005,5.16467405889802,1,2
6,5,39,6.1437725111454,3.06963321402295,6.02929586717619,6.12216471856084,4.94880621103142,1,2
6,5,40,6.1437725111454,3.06963321402295,5.3398307246227,6.16058879932088,4.95972838887026,1,2
6,5,42,6.1437725111454,3.06963321402295,5.00504486601885,6.02723903830447,4.88679661051916,1,2
6,5,43,6.1437725111454,3.06963321402295,4.06663254612396,5.39668103492714,4.78048175826786,1,2
6,5,46,6.1437725111454,3.06963321402295,5.92518203149199,5.56545016754372,4.77754178426301,1,2
6,5,50,6.1437725111454,3.06963321402295,5.66448396582759,6.55460384642733,4.88358784549608,1,2
6,5,51,6.1437725111454,3.06963321402295,4.62348964902666,6.7932171560581,5.374455954946,1,2
6,5,53,6.1437725111454,3.06963321402295,6.65187338645482,5.70605009665631,4.81502052162518,1,2
6,5,54,6.1437725111454,3.06963321402295,5.27745720500549,5.85726375481486,4.83741045966164,1,2
6,5,58,6.1437725111454,3.06963321402295,4.93140384191415,5.8451220315049,4.75898071752931,1,2
6,5,59,6.1437725111454,3.06963321402295,6.74622678127816,5.82842521471915,4.84151302377331,1,2
6,5,60,6.1437725111454,3.06963321402295,4.98580861257392,6.45413719408721,4.99961001175932,1,2
6,5,61,6.1437725111454,3.06963321402295,4.19001191826857,5.87839976430939,4.87353728786055,1,2
6,5,62,6.1437725111454,3.06963321402295,4.31765719098006,6.57272178551699,5.17553557228104,1,2
6,5,67,6.1437725111454,3.06963321402295,4.48964824514392,6.12347057429202,4.89961812121092,1,2
6,5,69,6.1437725111454,3.06963321402295,5.86320238420603,6.11510574154097,5.13389803605087,1,2
6,5,70,6.1437725111454,3.06963321402295,5.81671479290049,5.66250762306926,4.82359506300792,1,2
6,5,73,6.1437725111454,3.06963321402295,5.78751675831073,5.99591148957105,4.99030109161926,1,2
6,5,75,6.1437725111454,3.06963321402295,5.25168079395649,6.30943132166498,4.77976229237697,1,2
6,5,77,6.1437725111454,3.06963321402295,5.03756609354461,6.8166073326542,5.36385200574181,1,2
6,5,78,6.1437725111454,3.06963321402295,4.75213338871173,6.04141094604024,4.85029059357065,1,2
6,5,79,6.1437725111454,3.06963321402295,6.24812614726856,5.77551607033394,4.86107754851188,1,2
6,5,81,6.1437725111454,3.06963321402295,4.35492538962411,5.91405297661614,4.72006811584722,1,2
6,5,84,6.1437725111454,3.06963321402295,6.05815999789262,5.81985978818197,4.90706664240897,1,2
6,5,86,6.1437725111454,3.06963321402295,5.41020381897135,6.31393003844793,4.97347807103276,1,2
6,5,89,6.1437725111454,3.06963321402295,6.34087771469919,6.73175873547957,5.22131853974219,1,2
6,5,90,6.1437725111454,3.06963321402295,4.94795179912487,5.76113520513035,4.83875352957151,1,2
6,6,1,6.1437725111454,3.06963321402295,4.46473381265659,6.12514574591019,5.40156115846673,1,2
6,6,2,6.1437725111454,3.06963321402295,5.25543604597684,6.30641827057668,5.62816893705158,1,2
6,6,3,6.1437725111454,3.06963321402295,5.34515619105003,6.30232427069086,5.39559783916779,1,2
6,6,5,6.1437725111454,3.06963321402295,6.52596426338106,5.45556081031161,4.99642906482708,1,2
6,6,6,6.1437725111454,3.06963321402295,5.75693973419979,6.03451381077805,5.29081323399706,1,2
6,6,7,6.1437725111454,3.06963321402295,6.1410190881377,6.39285869533195,5.4451453282457,1,2
6,6,10,6.1437725111454,3.06963321402295,6.21688635886469,6.09258546493108,5.36161320941945,1,2
6,6,11,6.1437725111454,3.06963321402295,5.71983698245684,5.89259275725138,5.27404604691146,1,2
6,6,19,6.1437725111454,3.06963321402295,6.57913979930403,5.62370101914661,5.27822448929539,1,2
6,6,20,6.1437725111454,3.06963321402295,5.19965868119953,5.13587069722286,5.04254181851783,1,2
6,6,22,6.1437725111454,3.06963321402295,4.85016371453803,5.7020700617454,5.28347031202046,1,2
6,6,23,6.1437725111454,3.06963321402295,3.53914974642736,5.48806248968201,5.15233163602059,1,2
6,6,24,6.1437725111454,3.06963321402295,4.71140114939328,6.05874122744099,5.28964755760839,1,2
6,6,25,6.1437725111454,3.06963321402295,4.80164088552057,5.34343592444435,5.19540239971639,1,2
6,6,27,6.1437725111454,3.06963321402295,3.26446082781966,6.48082542361578,5.31286933587829,1,2
6,6,28,6.1437725111454,3.06963321402295,3.07063097227233,6.07251268687395,5.05002939258434,1,2
6,6,29,6.1437725111454,3.06963321402295,4.88009636676064,5.56519030397003,5.19272357361367,1,2
6,6,32,6.1437725111454,3.06963321402295,5.82424323343124,6.61417122473395,5.67762356415328,1,2
6,6,35,6.1437725111454,3.06963321402295,4.8814909251657,6.50673699108321,5.51121019814356,1,2
6,6,36,6.1437725111454,3.06963321402295,5.79698651643877,5.6175316176749,5.21010720635622,1,2
6,6,39,6.1437725111454,3.06963321402295,5.35839332643284,6.17512242129458,5.48809391976901,1,2
6,6,41,6.1437725111454,3.06963321402295,5.28294671997044,5.66438167072581,5.06259554415427,1,2
6,6,42,6.1437725111454,3.06963321402295,4.28907732886861,6.38571363228607,5.50666209670923,1,2
6,6,43,6.1437725111454,3.06963321402295,5.12938941958478,5.82227634617412,5.19977649425924,1,2
6,6,44,6.1437725111454,3.06963321402295,3.85699231232621,5.92185769194737,5.23890583076544,1,2
6,6,45,6.1437725111454,3.06963321402295,4.80981529146052,5.87023443022506,5.30466010742248,1,2
6,6,48,6.1437725111454,3.06963321402295,3.84309262663578,7.15682094814449,5.75885895803077,1,2
6,6,53,6.1437725111454,3.06963321402295,5.37968177752987,5.85140523012111,5.20299076896882,1,2
6,6,54,6.1437725111454,3.06963321402295,4.04474698710689,5.6688809674939,5.21468205865352,1,2
6,6,56,6.1437725111454,3.06963321402295,3.58786849955581,5.59358806628389,5.16908178767787,1,2
6,6,58,6.1437725111454,3.06963321402295,6.43732504882424,5.92989882827003,5.17306841871418,1,2
6,6,61,6.1437725111454,3.06963321402295,3.84477867240971,6.12062782744458,5.23213762863463,1,2
6,6,64,6.1437725111454,3.06963321402295,5.65707295789335,6.00044660485021,5.25456758220515,1,2
6,6,65,6.1437725111454,3.06963321402295,6.07962646256827,5.08261953923916,4.92511474736314,1,2
6,7,1,6.1437725111454,3.06963321402295,5.57480096249937,6.29492992403602,5.48985162664911,1,2
6,7,2,6.1437725111454,3.06963321402295,5.9172994010839,6.45264459157699,5.85602878559162,1,2
6,7,4,6.1437725111454,3.06963321402295,3.96454908626316,6.59606453367435,5.80181472379298,1,2
6,7,5,6.1437725111454,3.06963321402295,3.22439354382962,5.71361513828099,5.32652197015883,1,2
6,7,7,6.1437725111454,3.06963321402295,3.89292502330213,5.68857163499503,5.43373604740712,1,2
6,7,10,6.1437725111454,3.06963321402295,5.53636792596258,5.75683476401499,5.43176776395804,1,2
6,7,12,6.1437725111454,3.06963321402295,5.70536775855852,5.70305641287726,5.47441180041537,1,2
6,7,13,6.1437725111454,3.06963321402295,5.61812478130854,5.65392450834336,5.54175546645534,1,2
6,7,14,6.1437725111454,3.06963321402295,4.72288557760866,6.08968732384958,5.37467694241626,1,2
6,7,15,6.1437725111454,3.06963321402295,4.93930138747605,5.22666794319196,5.38832872548247,1,2
6,7,16,6.1437725111454,3.06963321402295,4.31243836471214,5.83499895543409,5.58418848023408,1,2
6,7,17,6.1437725111454,3.06963321402295,3.23779326319476,5.40713507606463,5.47601998866906,1,2
6,7,21,6.1437725111454,3.06963321402295,4.35791886598942,5.61815796217055,5.37391857544695,1,2
6,7,24,6.1437725111454,3.06963321402295,6.85194539319467,6.47758401553575,5.69894665875592,1,2
6,7,26,6.1437725111454,3.06963321402295,6.83247873178114,5.7146583372798,5.5394041325292,1,2
6,7,28,6.1437725111454,3.06963321402295,4.66143121522807,7.04867232314198,5.88717266350586,1,2
6,7,30,6.1437725111454,3.06963321402295,5.9397945833971,5.74097639423657,5.42631127452902,1,2
6,7,32,6.1437725111454,3.06963321402295,5.9414915093485,6.66488004847469,5.81444963194737,1,2
6,7,34,6.1437725111454,3.06963321402295,5.09446245485445,6.02852148578961,5.6858101346716,1,2
6,7,35,6.1437725111454,3.06963321402295,3.52372608983006,6.50843307286604,5.66741132833307,1,2
6,7,36,6.1437725111454,3.06963321402295,5.07840298514712,5.41568113257404,5.35199835985573,1,2
6,7,41,6.1437725111454,3.06963321402295,3.96593910229193,5.69487984426563,5.3922782774837,1,2
6,7,44,6.1437725111454,3.06963321402295,5.55342626542123,6.01693948945786,5.54950682368582,1,2
6,7,46,6.1437725111454,3.06963321402295,5.18541372843659,5.99854510653563,5.51314388830455,1,2
6,7,51,6.1437725111454,3.06963321402295,5.52998891462748,5.90422033490849,5.47919320175022,1,2
6,7,52,6.1437725111454,3.06963321402295,5.17601407208853,6.10205929970737,5.6701502337583,1,2
6,7,54,6.1437725111454,3.06963321402295,5.54335442959785,5.99879204091382,5.64801862047733,1,2
6,7,55,6.1437725111454,3.06963321402295,4.56897311792185,4.91103336063884,5.33038511883835,1,2
6,7,56,6.1437725111454,3.06963321402295,5.08705377295761,6.32988129195261,5.51084486722181,1,2
6,7,58,6.1437725111454,3.06963321402295,5.4017371473242,7.08358276165732,6.10842473244384,1,2
6,7,61,6.1437725111454,3.06963321402295,3.19888830885069,5.16219448776952,4.96568875733823,1,2
6,7,62,6.1437725111454,3.06963321402295,4.69164689499212,6.23345530408558,5.41594957918809,1,2
6,7,63,6.1437725111454,3.06963321402295,5.35803262755667,6.85206033088213,5.90548063743368,1,2
6,7,64,6.1437725111454,3.06963321402295,3.16271212822058,5.40102952244918,5.33995393996515,1,2
6,7,67,6.1437725111454,3.06963321402295,6.08001914491124,5.29978449331246,5.44645405263317,1,2
6,7,68,6.1437725111454,3.06963321402295,4.92553605113009,5.36661509654844,5.14941770777903,1,2
6,7,71,6.1437725111454,3.06963321402295,7.08363588861724,6.08189692977453,5.68999718522716,1,2
6,7,72,6.1437725111454,3.06963321402295,4.41357987295981,5.99863512287964,5.26997436844089,1,2
6,7,73,6.1437725111454,3.06963321402295,5.18694417128955,5.4276353884713,5.38628665059209,1,2
6,7,75,6.1437725111454,3.06963321402295,4.34661006563223,5.76874545694913,5.44367133680856,1,2
6,7,76,6.1437725111454,3.06963321402295,5.99936939129603,6.77999290626314,5.65843138922914,1,2
6,7,79,6.1437725111454,3.06963321402295,6.1030866086364,5.81057476357823,5.50600303001422,1,2
6,7,80,6.1437725111454,3.06963321402295,5.99042829500296,6.01569467502269,5.54478295412268,1,2
6,7,82,6.1437725111454,3.06963321402295,5.4499881754598,6.76587166221367,5.58119295242916,1,2
6,7,84,6.1437725111454,3.06963321402295,4.56261029226927,6.46382620978687,5.62255194800892,1,2
6,7,86,6.1437725111454,3.06963321402295,5.97054434156374,6.51421945507883,5.73854243980163,1,2
6,7,87,6.1437725111454,3.06963321402295,4.37737396961456,6.34798442562187,5.79822071774056,1,2
6,7,88,6.1437725111454,3.06963321402295,5.65669022850901,6.15350525492341,5.54486584199599,1,2
6,7,91,6.1437725111454,3.06963321402295,5.41298670924178,6.01360988857161,5.36891843400901,1,2
6,7,95,6.1437725111454,3.06963321402295,4.94191935737626,4.82583721171025,5.17716495487228,1,2
6,8,2,6.1437725111454,3.06963321402295,5.440853209394,5.79738584927919,5.73636939628886,1,2
6,8,3,6.1437725111454,3.06963321402295,5.66831166627001,5.71722119602317,5.63173319915408,1,2
6,8,5,6.1437725111454,3.06963321402295,4.08635508863763,5.95987052523675,5.76371404089259,1,2
6,8,8,6.1437725111454,3.06963321402295,4.63841035206511,6.38781193292698,5.67409878801919,1,2
6,8,12,6.1437725111454,3.06963321402295,5.20845321090962,6.83400367798819,6.07336145460812,1,2
6,8,13,6.1437725111454,3.06963321402295,5.79083903053854,5.98610672376083,5.87818675438036,1,2
6,8,14,6.1437725111454,3.06963321402295,5.03487988119546,5.87327326671199,5.69479316230209,1,2
6,8,15,6.1437725111454,3.06963321402295,5.3137806843609,6.13710320565642,5.93452402627338,1,2
6,8,16,6.1437725111454,3.06963321402295,5.51989063566709,5.64519025439943,5.78649883797141,1,2
6,8,18,6.1437725111454,3.06963321402295,6.29318828586139,6.54446505446997,6.08626801570565,1,2
6,8,21,6.1437725111454,3.06963321402295,5.39800575730716,5.09950329355906,5.6222819347483,1,2
6,8,24,6.1437725111454,3.06963321402295,4.64971718251677,6.92160221280214,6.07518066422825,1,2
6,8,27,6.1437725111454,3.06963321402295,4.65408302034185,6.13733169943894,5.89833705118481,1,2
6,8,30,6.1437725111454,3.06963321402295,6.98707297336968,6.25777728368276,5.87724252322091,1,2
6,8,31,6.1437725111454,3.06963321402295,7.72363074173163,6.81422300197291,6.18562952233523,1,2
6,8,32,6.1437725111454,3.06963321402295,6.13045617574421,6.89332687285782,6.05123752174403,1,2
6,8,35,6.1437725111454,3.06963321402295,4.40641983629568,7.08393176854109,5.94936519414699,1,2
6,8,36,6.1437725111454,3.06963321402295,5.80101546664755,6.40670144173532,5.95715520587401,1,2
6,8,38,6.1437725111454,3.06963321402295,4.1030921558902,6.61371961088103,5.88146605073734,1,2
6,8,40,6.1437725111454,3.06963321402295,5.24576514865776,5.5421289359598,5.70211593798771,1,2
6,8,42,6.1437725111454,3.06963321402295,4.26299711476962,4.75328462968054,5.42506593147495,1,2
6,8,45,6.1437725111454,3.06963321402295,4.33726745078977,5.92895068050014,5.72972649599757,1,2
6,8,46,6.1437725111454,3.06963321402295,2.89334742972657,5.78560249808219,5.57608699933302,1,2
6,8,48,6.1437725111454,3.06963321402295,6.71031643521675,6.2242976968269,6.33086144128833,1,2
6,8,50,6.1437725111454,3.06963321402295,4.12212606394435,6.1499683127448,5.82221928816467,1,2
6,8,53,6.1437725111454,3.06963321402295,5.25230659426993,6.11336974960129,5.76153185713126,1,2
6,8,54,6.1437725111454,3.06963321402295,4.62011522780244,6.24067360571883,5.72197328784845,1,2
6,8,56,6.1437725111454,3.06963321402295,2.52160443998905,5.73029415291665,5.62286286552357,1,2
6,8,61,6.1437725111454,3.06963321402295,6.49072098989811,6.7810375216191,5.88869205939517,1,2
6,8,63,6.1437725111454,3.06963321402295,4.74882346191282,6.25811266357336,5.86319646834113,1,2
6,8,64,6.1437725111454,3.06963321402295,4.91349911930125,6.07509439891971,5.66400482972778,1,2
6,8,66,6.1437725111454,3.06963321402295,5.25913968211344,6.21648992296898,6.13390990567014,1,2
6,8,67,6.1437725111454,3.06963321402295,4.92465294440767,6.80618464999025,5.9946121184787,1,2
6,8,68,6.1437725111454,3.06963321402295,6.38159703351204,6.18958709188652,5.92348067024114,1,2
6,8,69,6.1437725111454,3.06963321402295,4.85697973627782,5.84680693043709,5.85719799407919,1,2
6,8,70,6.1437725111454,3.06963321402295,4.44144174617939,6.77618205573225,6.0206937937938,1,2
6,8,71,6.1437725111454,3.06963321402295,5.13764451209782,6.65320659350856,5.74844614099642,1,2
6,9,3,6.1437725111454,3.06963321402295,4.13919132064413,5.31192767261664,5.59578069169316,1,2
6,9,6,6.1437725111454,3.06963321402295,4.1179191982742,5.57556812034525,5.74348827711179,1,2
6,9,8,6.1437725111454,3.06963321402295,4.69708081702773,6.54835478170922,6.09523067136507,1,2
6,9,12,6.1437725111454,3.06963321402295,6.02354843341764,5.07681228276079,5.73909994025669,1,2
6,9,13,6.1437725111454,3.06963321402295,6.15657421635409,6.28727698723085,5.65464327282042,1,2
6,9,14,6.1437725111454,3.06963321402295,4.84567911260197,5.69368242219414,5.6527840336619,1,2
6,9,15,6.1437725111454,3.06963321402295,6.97887199759547,6.21009623794069,5.87590927358435,1,2
6,9,16,6.1437725111454,3.06963321402295,4.22777657488389,6.10241977325137,5.54677726356283,1,2
6,9,17,6.1437725111454,3.06963321402295,3.32186701039012,5.60987103271729,5.60000494497615,1,2
6,9,19,6.1437725111454,3.06963321402295,3.50452771403847,5.68530754766164,5.55292583578794,1,2
6,9,22,6.1437725111454,3.06963321402295,4.73570188248069,6.40243633590056,5.86369213276739,1,2
6,9,23,6.1437725111454,3.06963321402295,5.61839973068138,5.65920446826772,5.53046227442892,1,2
6,9,24,6.1437725111454,3.06963321402295,4.45398905927687,7.18311125434968,6.18985210832357,1,2
6,9,25,6.1437725111454,3.06963321402295,6.5238442930189,5.95153006205328,5.88172950090918,1,2
6,9,27,6.1437725111454,3.06963321402295,5.14646675060049,6.03882500560183,5.73553095819381,1,2
6,9,28,6.1437725111454,3.06963321402295,4.7623965476924,6.68723558593224,6.06077656524148,1,2
6,9,29,6.1437725111454,3.06963321402295,5.50486403232453,6.27120086990915,5.87102089853812,1,2
6,9,31,6.1437725111454,3.06963321402295,4.91478632801432,6.39340770890981,5.81492705343283,1,2
6,9,32,6.1437725111454,3.06963321402295,4.52547775137717,5.44531989103959,5.4371967582201,1,2
6,9,33,6.1437725111454,3.06963321402295,4.59670926331838,5.58938820795331,5.89082715418313,1,2
6,9,36,6.1437725111454,3.06963321402295,4.50740795686036,6.04244967538438,5.7856474922949,1,2
6,9,37,6.1437725111454,3.06963321402295,6.66646086031463,6.38775105376321,6.09576788095644,1,2
6,9,39,6.1437725111454,3.06963321402295,5.79702831235903,6.75877239095709,5.96969100706686,1,2
6,9,42,6.1437725111454,3.06963321402295,6.12269620653325,6.48988513770223,5.89463380835562,1,2
6,9,50,6.1437725111454,3.06963321402295,5.65612640829973,5.71828548515742,5.64455980260635,1,2
6,9,52,6.1437725111454,3.06963321402295,2.60079559195637,6.17126007859736,5.7317677048937,1,2
6,9,53,6.1437725111454,3.06963321402295,5.28354249313316,6.22298407207491,6.00623267035854,1,2
6,9,56,6.1437725111454,3.06963321402295,4.68792657600223,5.54422844578641,5.75807155828762,1,2
6,9,61,6.1437725111454,3.06963321402295,4.36796736305323,6.00151992101109,5.79983149768273,1,2
6,9,62,6.1437725111454,3.06963321402295,4.35766973454578,5.86281358632335,5.64222512892503,1,2
6,9,63,6.1437725111454,3.06963321402295,4.07091403349016,5.92333986118479,5.88322108819627,1,2
6,9,64,6.1437725111454,3.06963321402295,4.93763539089313,5.96329525646043,5.72500222042155,1,2
6,9,65,6.1437725111454,3.06963321402295,5.32654930788293,5.99984539592343,5.85015833021031,1,2
6,9,66,6.1437725111454,3.06963321402295,4.16413574464475,6.11354916364621,5.74451847750112,1,2
6,9,68,6.1437725111454,3.06963321402295,7.13943302307681,5.96017813866409,5.948295050518,1,2
6,9,69,6.1437725111454,3.06963321402295,3.46320915859199,4.86456704209719,5.29893192695979,1,2
6,9,78,6.1437725111454,3.06963321402295,3.96087092329503,5.78899796364665,5.48509206753627,1,2
6,9,79,6.1437725111454,3.06963321402295,6.31178405481475,5.63691999921278,5.75832336210711,1,2
6,10,1,6.1437725111454,3.06963321402295,5.64967191386527,5.1237650655723,5.78448697497204,1,2
6,10,3,6.1437725111454,3.06963321402295,4.68589945322563,6.69737271964544,6.14842728201231,1,2
6,10,4,6.1437725111454,3.06963321402295,3.97663114147612,6.27960805352309,6.07742218657808,1,2
6,10,6,6.1437725111454,3.06963321402295,7.15751248203361,7.14004443301608,6.49862194070968,1,2
6,10,11,6.1437725111454,3.06963321402295,6.58276436748207,6.37432416979683,6.12819131245158,1,2
6,10,13,6.1437725111454,3.06963321402295,4.66049245466874,5.77704427580451,6.13245444083822,1,2
6,10,14,6.1437725111454,3.06963321402295,5.6093808941379,6.5657805958543,6.09709462018086,1,2
6,10,16,6.1437725111454,3.06963321402295,4.67547895941494,6.26458852879885,6.18561059930264,1,2
6,10,17,6.1437725111454,3.06963321402295,3.85278966000823,6.74724734397961,6.17942078199831,1,2
6,10,18,6.1437725111454,3.06963321402295,5.25156390294135,6.48332470756027,6.23035375050442,1,2
6,10,20,6.1437725111454,3.06963321402295,5.03379762887336,6.15452888392608,6.21403759811403,1,2
6,10,21,6.1437725111454,3.06963321402295,2.45635409027529,5.65675752509465,5.89640716126703,1,2
6,10,22,6.1437725111454,3.06963321402295,4.38253634291256,5.27881861832428,5.54023865459919,1,2
6,10,27,6.1437725111454,3.06963321402295,4.63948402503022,6.33815973606622,6.18994382325819,1,2
6,10,32,6.1437725111454,3.06963321402295,5.38872515882319,6.45217262488462,6.15328787222214,1,2
6,10,33,6.1437725111454,3.06963321402295,4.54916972706491,5.64908732567688,5.78476285221628,1,2
6,10,34,6.1437725111454,3.06963321402295,4.02635323524771,5.88330001129364,5.80128665374822,1,2
6,10,36,6.1437725111454,3.06963321402295,4.82304021110152,5.21409320262151,5.843315104412,1,2
6,10,38,6.1437725111454,3.06963321402295,6.39844037589737,6.47879475369665,6.23636383176329,1,2
6,10,39,6.1437725111454,3.06963321402295,3.56280386183811,6.22861409139688,6.13007901455327,1,2
6,10,41,6.1437725111454,3.06963321402295,4.29136758479424,5.58499807730413,6.09165083476159,1,2
6,10,46,6.1437725111454,3.06963321402295,4.86862903747873,4.98479530476878,5.56674456302809,1,2
6,10,47,6.1437725111454,3.06963321402295,5.54491323813031,5.91645957808876,6.21642666357938,1,2
6,10,48,6.1437725111454,3.06963321402295,4.80675415801946,6.37297691385703,5.94551540308902,1,2
6,10,49,6.1437725111454,3.06963321402295,5.37780089110288,5.95668642255824,6.10181558281128,1,2
6,10,50,6.1437725111454,3.06963321402295,4.38128373357666,6.15860067277001,6.00765821782674,1,2
6,10,52,6.1437725111454,3.06963321402295,4.38918845839829,6.71805875916845,6.30531293907644,1,2
6,10,54,6.1437725111454,3.06963321402295,3.25400662544927,6.51138499879718,6.12600078477872,1,2
6,10,55,6.1437725111454,3.06963321402295,5.226698915278,5.83927563303668,5.8156922394055,1,2
6,10,58,6.1437725111454,3.06963321402295,4.05137839569678,5.82472098197427,5.77938350042474,1,2
6,10,60,6.1437725111454,3.06963321402295,6.89775853527288,5.99190473616369,5.80960087240206,1,2
6,11,1,6.1437725111454,3.06963321402295,4.15218959129515,6.30878009165439,6.3660224813957,1,2
6,11,2,6.1437725111454,3.06963321402295,5.01148042919212,6.04957093601257,6.18178812825807,1,2
6,11,3,6.1437725111454,3.06963321402295,4.83521600872571,5.60091770056491,6.11497204954853,1,2
6,11,6,6.1437725111454,3.06963321402295,4.42683835983819,6.23000769013945,6.14583011415119,1,2
6,11,7,6.1437725111454,3.06963321402295,4.64425553059174,5.99269355778792,6.12346761942519,1,2
6,11,11,6.1437725111454,3.06963321402295,5.30827808182932,5.77167684182981,6.13965856096318,1,2
6,11,17,6.1437725111454,3.06963321402295,6.90055157473384,6.23621084440174,6.32107595461968,1,2
6,11,20,6.1437725111454,3.06963321402295,4.6602350052323,5.63033479676577,6.03837649835474,1,2
6,11,22,6.1437725111454,3.06963321402295,5.57713144386854,6.32121621154431,6.454061542321,1,2
6,11,24,6.1437725111454,3.06963321402295,3.99266545421714,6.53309165815009,6.40265832334994,1,2
6,11,25,6.1437725111454,3.06963321402295,4.34553655950721,5.99742462002347,6.03776082075281,1,2
6,11,27,6.1437725111454,3.06963321402295,6.81829229879511,5.63368242019793,6.17752092777172,1,2
6,11,29,6.1437725111454,3.06963321402295,7.36446857711418,5.87923461852619,6.20019124512372,1,2
6,11,32,6.1437725111454,3.06963321402295,5.47782859196016,5.98487466227428,6.43610438663192,1,2
6,11,33,6.1437725111454,3.06963321402295,4.12636251265887,5.48768593270406,5.98558951100451,1,2
6,11,37,6.1437725111454,3.06963321402295,4.59336024394266,6.51524387689117,6.41794417136398,1,2
6,11,38,6.1437725111454,3.06963321402295,6.27893412098016,5.77839397802032,6.14117724157044,1,2
6,11,40,6.1437725111454,3.06963321402295,2.6467775923124,6.27884218546124,6.38703895798946,1,2
6,11,42,6.1437725111454,3.06963321402295,4.86688465059349,5.68974727526025,6.21204413971265,1,2
6,11,45,6.1437725111454,3.06963321402295,5.22829718285601,6.39197858509679,6.27782439559746,1,2
6,11,48,6.1437725111454,3.06963321402295,6.31577430781187,5.7179877992232,6.39061004015038,1,2
6,11,50,6.1437725111454,3.06963321402295,3.98754082424656,5.62244297345697,6.26764443384313,1,2
6,11,51,6.1437725111454,3.06963321402295,4.61205105377704,6.04265017575808,6.23766602349806,1,2
6,11,52,6.1437725111454,3.06963321402295,3.84674490298286,4.96432938991516,5.78754023457108,1,2
6,11,57,6.1437725111454,3.06963321402295,3.31150335476976,5.6727482914495,6.15423846730416,1,2
6,11,58,6.1437725111454,3.06963321402295,4.10549767048426,6.11599145699979,6.30258314460198,1,2
6,11,60,6.1437725111454,3.06963321402295,5.45738071786163,6.17605669209843,6.34048453366425,1,2
6,11,62,6.1437725111454,3.06963321402295,4.76149781589372,6.30509760420781,6.31815491893865,1,2
6,11,73,6.1437725111454,3.06963321402295,5.73160514201636,5.16316148374325,6.16696153921824,1,2
6,11,74,6.1437725111454,3.06963321402295,6.27001293404759,5.82234412283688,6.1263981795503,1,2
6,11,78,6.1437725111454,3.06963321402295,4.72113259231223,7.44435453076448,6.87619922751277,1,2
6,11,79,6.1437725111454,3.06963321402295,2.63397336950443,5.8880428924447,6.10023189209329,1,2
6,11,81,6.1437725111454,3.06963321402295,5.9811854064615,5.20517815941086,5.84450025386996,1,2
6,11,82,6.1437725111454,3.06963321402295,5.17027596272312,6.87063263178549,6.6250989073807,1,2
6,11,83,6.1437725111454,3.06963321402295,4.40365008545255,6.18283537386113,6.24070049636968,1,2
6,11,84,6.1437725111454,3.06963321402295,6.87346237948794,6.14281843089565,6.25942137427492,1,2
6,11,86,6.1437725111454,3.06963321402295,4.42712129331022,6.41247873895027,6.36448210593997,1,2
6,11,87,6.1437725111454,3.06963321402295,4.41954231531897,5.33677563382236,6.04220867214836,1,2
6,11,91,6.1437725111454,3.06963321402295,4.75763656410843,5.87337161710539,6.18172244293073,1,2
6,11,95,6.1437725111454,3.06963321402295,3.34738301520156,6.23788945209141,6.16636688106467,1,2
6,11,96,6.1437725111454,3.06963321402295,4.39324676891188,5.31056070743431,5.76682406751198,1,2
6,11,97,6.1437725111454,3.06963321402295,3.66776908033106,6.2518741162923,6.25996268577453,1,2
6,12,1,6.1437725111454,3.06963321402295,5.99943809455567,6.10950914327669,6.52359930873989,1,2
6,12,3,6.1437725111454,3.06963321402295,4.96028992677978,6.28140802948782,6.31698680554542,1,2
6,12,4,6.1437725111454,3.06963321402295,4.79882997362217,6.39741034784382,6.12318315550453,1,2
6,12,9,6.1437725111454,3.06963321402295,4.36533923496196,6.13260914652652,6.06802627625704,1,2
6,12,12,6.1437725111454,3.06963321402295,4.42934913682125,6.20829214170308,6.43572777193265,1,2
6,12,14,6.1437725111454,3.06963321402295,4.63443061275057,6.21006813431744,6.35494601794108,1,2
6,12,15,6.1437725111454,3.06963321402295,3.80343774783131,5.44240352061492,6.13103645508125,1,2
6,12,16,6.1437725111454,3.06963321402295,5.79285524328872,6.59481210435814,6.58809611267402,1,2
6,12,22,6.1437725111454,3.06963321402295,3.18216949601849,6.43172917314436,6.30464298334368,1,2
6,12,23,6.1437725111454,3.06963321402295,3.12593376286728,6.14236140083104,6.27131019025224,1,2
6,12,25,6.1437725111454,3.06963321402295,5.60648819390058,5.52352998051766,6.10073322263895,1,2
6,12,27,6.1437725111454,3.06963321402295,6.09379825099908,5.96474948605974,6.22876549852832,1,2
6,12,28,6.1437725111454,3.06963321402295,3.46911643178477,6.02525221150416,6.29782205032434,1,2
6,12,29,6.1437725111454,3.06963321402295,4.39815941734645,6.2303441176477,6.27137176533959,1,2
6,12,31,6.1437725111454,3.06963321402295,5.48385136705535,6.14424481617478,6.37901940664125,1,2
6,12,32,6.1437725111454,3.06963321402295,4.06698695745047,4.9694976712109,5.7486962819691,1,2
6,12,33,6.1437725111454,3.06963321402295,6.15077922364897,5.25719370882619,5.99268094760312,1,2
6,12,35,6.1437725111454,3.06963321402295,5.86723483600542,6.15850456047214,6.24396718597731,1,2
6,12,36,6.1437725111454,3.06963321402295,5.15324953487342,6.10590465016037,6.28614223356344,1,2
6,12,37,6.1437725111454,3.06963321402295,5.80354295046397,6.31984924900248,6.28461205637887,1,2
6,12,39,6.1437725111454,3.06963321402295,4.25535303856501,5.76056794636817,6.16027975410596,1,2
6,12,41,6.1437725111454,3.06963321402295,4.14807752461536,6.88317551582369,6.33634166078871,1,2
6,12,42,6.1437725111454,3.06963321402295,5.4119502551628,6.00753141513798,6.15074658621302,1,2
6,12,43,6.1437725111454,3.06963321402295,5.00313825612028,6.56654055589007,6.36876487277984,1,2
6,12,44,6.1437725111454,3.06963321402295,4.06507103082243,6.32400680088684,6.48821866372203,1,2
6,12,48,6.1437725111454,3.06963321402295,4.28262899768015,5.83885761483654,6.15971599834985,1,2
6,12,49,6.1437725111454,3.06963321402295,3.95138234614763,5.90080136606728,6.34978782715657,1,2
6,12,50,6.1437725111454,3.06963321402295,5.03216715585199,4.40805436942555,5.77081215998265,1,2
6,12,52,6.1437725111454,3.06963321402295,4.40748965612426,6.54892598496113,6.4939166462048,1,2
6,12,53,6.1437725111454,3.06963321402295,5.10032962363357,5.84986440224999,6.24049921136498,1,2
6,12,55,6.1437725111454,3.06963321402295,4.04679871767683,5.74689052974234,6.29556637092995,1,2
6,12,58,6.1437725111454,3.06963321402295,4.63203770312328,6.33372861904468,6.46004548064921,1,2
6,12,61,6.1437725111454,3.06963321402295,4.50676857170963,5.95812549487206,6.29905208678022,1,2
6,12,62,6.1437725111454,3.06963321402295,6.2072573840201,5.36703832083827,5.93479640772912,1,2
6,12,66,6.1437725111454,3.06963321402295,5.22192001371982,5.7464083511904,6.37644144889661,1,2
6,12,70,6.1437725111454,3.06963321402295,5.56901912096009,6.67050516651637,6.59643706706638,1,2
6,12,72,6.1437725111454,3.06963321402295,4.86686335476361,5.90277959349771,6.23113823637439,1,2
6,12,74,6.1437725111454,3.06963321402295,4.71365711383896,6.18475176337208,6.61217587819932,1,2
6,12,76,6.1437725111454,3.06963321402295,4.71167914089362,5.56267445354239,5.94368280265965,1,2
6,12,79,6.1437725111454,3.06963321402295,4.97707594973373,5.98920984344189,6.25328478148158,1,2
6,12,81,6.1437725111454,3.06963321402295,5.15643714854277,5.42559506929683,5.97335915514805,1,2
6,13,6,6.1437725111454,3.06963321402295,6.61124397323911,5.39033846502743,6.23545992068491,1,2
6,13,7,6.1437725111454,3.06963321402295,5.46189894657246,6.08918843918105,6.5880584182499,1,2
6,13,8,6.1437725111454,3.06963321402295,6.02411092805778,6.5107994188857,6.41325701926446,1,2
6,13,15,6.1437725111454,3.06963321402295,5.31109791823864,6.5902498760479,6.47790289534313,1,2
6,13,16,6.1437725111454,3.06963321402295,3.22531206650659,5.52712521333829,6.10882492335567,1,2
6,13,18,6.1437725111454,3.06963321402295,4.40964031781957,5.75728090141083,6.18419191792235,1,2
6,13,19,6.1437725111454,3.06963321402295,6.14200928890612,6.3536488149505,6.47607319684421,1,2
6,13,20,6.1437725111454,3.06963321402295,5.29165815776964,4.76535963425712,6.02879089220143,1,2
6,13,21,6.1437725111454,3.06963321402295,4.81778046849768,5.94943376579785,6.21671809853339,1,2
6,13,22,6.1437725111454,3.06963321402295,4.86889852088895,5.26944658115425,5.98955857349379,1,2
6,13,23,6.1437725111454,3.06963321402295,5.41906433553653,5.80830197460354,6.29593387614002,1,2
6,13,24,6.1437725111454,3.06963321402295,3.58164742981431,5.93453937195132,6.0363241819526,1,2
6,13,25,6.1437725111454,3.06963321402295,6.10896076292332,5.70786373960668,6.20074974177709,1,2
6,13,26,6.1437725111454,3.06963321402295,4.66291201693015,5.18336409002652,6.18952131314094,1,2
6,13,30,6.1437725111454,3.06963321402295,4.53954846109295,5.70672609812507,6.5390869976627,1,2
6,13,32,6.1437725111454,3.06963321402295,3.4724299164151,6.15333548854992,6.43265395476992,1,2
6,13,33,6.1437725111454,3.06963321402295,6.30744189528988,5.52629022422071,6.26996499020636,1,2
6,13,34,6.1437725111454,3.06963321402295,4.31396917322462,5.99375280030885,6.17504464807592,1,2
6,13,42,6.1437725111454,3.06963321402295,5.45447163616958,6.80095969277267,6.73705358810536,1,2
6,13,44,6.1437725111454,3.06963321402295,5.90235153171532,5.56448350339628,6.14097425611006,1,2
6,13,47,6.1437725111454,3.06963321402295,4.80097807045821,6.63811302119919,6.38795443276626,1,2
6,13,48,6.1437725111454,3.06963321402295,4.43368383185517,6.26608894351662,6.23618060761443,1,2
6,13,49,6.1437725111454,3.06963321402295,5.96445902538153,6.391212520229,6.55610555046704,1,2
6,13,50,6.1437725111454,3.06963321402295,5.02909329190981,5.98630158110331,6.33937232435158,1,2
6,13,53,6.1437725111454,3.06963321402295,5.36693522720837,6.28585925105909,6.25347556833188,1,2
6,13,54,6.1437725111454,3.06963321402295,4.38675510379669,5.58694789270199,5.90115326652954,1,2
6,13,55,6.1437725111454,3.06963321402295,3.79688406849399,5.96620983471341,6.36658533429382,1,2
6,13,56,6.1437725111454,3.06963321402295,4.94793526721761,5.74812926432182,6.15865991448777,1,2
6,13,57,6.1437725111454,3.06963321402295,4.50579887953532,6.10595266838679,6.44196835342432,1,2
6,13,59,6.1437725111454,3.06963321402295,4.38929380957868,5.71408327501244,6.14633366384278,1,2
6,13,60,6.1437725111454,3.06963321402295,2.39651728403,7.18582068428288,6.54202432951958,1,2
6,13,61,6.1437725111454,3.06963321402295,6.82043665116626,5.95565240155516,6.44074692076961,1,2
6,13,63,6.1437725111454,3.06963321402295,3.98044582178211,5.79729110022074,6.23075320453536,1,2
6,13,65,6.1437725111454,3.06963321402295,6.40437901431158,5.02277069717793,6.19210563164882,1,2
6,13,66,6.1437725111454,3.06963321402295,7.39939142364198,6.2880370581936,6.5632835901928,1,2
6,13,67,6.1437725111454,3.06963321402295,3.26659498973395,6.50989424012978,6.36643975750024,1,2
6,13,68,6.1437725111454,3.06963321402295,3.7200505124274,6.97935709105656,6.46140990822998,1,2
6,13,70,6.1437725111454,3.06963321402295,3.57360187544816,5.84143475004079,6.18243163592455,1,2
6,13,72,6.1437725111454,3.06963321402295,7.1506792987029,5.3585915491914,6.03502784816038,1,2
6,13,73,6.1437725111454,3.06963321402295,5.49977624370252,6.30338076189019,6.30297858054392,1,2
6,13,76,6.1437725111454,3.06963321402295,4.5807721321179,6.367980158389,6.33220157491535,1,2
6,13,77,6.1437725111454,3.06963321402295,7.26761310510921,6.60554683253349,6.58590201474426,1,2
6,13,78,6.1437725111454,3.06963321402295,3.94076208251548,6.82844048779015,6.35608552843036,1,2
6,14,9,6.1437725111454,3.06963321402295,5.07895864206434,6.26730973872189,6.4877729318348,1,2
6,14,10,6.1437725111454,3.06963321402295,5.96641177656657,6.34049001247906,6.65597821260254,1,2
6,14,12,6.1437725111454,3.06963321402295,5.97648978950554,6.09610483061815,6.38519868759649,1,2
6,14,13,6.1437725111454,3.06963321402295,5.985987351189,5.85760638716659,6.31986466646162,1,2
6,14,14,6.1437725111454,3.06963321402295,4.39384533899132,6.70375224528145,6.48234190516526,1,2
6,14,15,6.1437725111454,3.06963321402295,5.07934903959111,6.20976178934771,6.60430451907474,1,2
6,14,18,6.1437725111454,3.06963321402295,6.09510998576102,6.31360772475247,6.49195438173125,1,2
6,14,20,6.1437725111454,3.06963321402295,5.7089846871744,6.78046818660562,6.77557516488383,1,2
6,14,23,6.1437725111454,3.06963321402295,5.08037179752718,5.58380745185295,6.20678799544165,1,2
6,14,25,6.1437725111454,3.06963321402295,4.63436361539622,6.41408229818605,6.65961268081965,1,2
6,14,27,6.1437725111454,3.06963321402295,6.11550196162532,6.30387601011368,6.72775217195262,1,2
6,14,34,6.1437725111454,3.06963321402295,5.45393878373158,5.66298852956633,6.47690875091364,1,2
6,14,36,6.1437725111454,3.06963321402295,5.24534907652649,6.0791463962544,6.50530055289867,1,2
6,14,37,6.1437725111454,3.06963321402295,4.43032097629456,5.8685469170646,6.22427077202786,1,2
6,14,38,6.1437725111454,3.06963321402295,3.50680955766595,5.64312293690241,6.32828722222592,1,2
6,14,39,6.1437725111454,3.06963321402295,4.88885309107932,5.6285558219172,6.24991565914508,1,2
6,14,41,6.1437725111454,3.06963321402295,6.20812402154789,6.36482640314485,6.69193268091021,1,2
6,14,44,6.1437725111454,3.06963321402295,5.24429360043306,6.01952527109642,6.70262214882354,1,2
6,14,45,6.1437725111454,3.06963321402295,5.16669531355167,5.36167089787307,6.5446233173324,1,2
6,14,48,6.1437725111454,3.06963321402295,5.29376143926957,6.36802819865416,6.51269245718633,1,2
6,14,49,6.1437725111454,3.06963321402295,4.04383951443136,6.4578474252107,6.4948294951716,1,2
6,14,50,6.1437725111454,3.06963321402295,5.09583232513414,6.15260227283978,6.5372032323546,1,2
6,14,51,6.1437725111454,3.06963321402295,4.59397941349467,7.01521355389411,6.58425127322313,1,2
6,14,55,6.1437725111454,3.06963321402295,3.58673356628975,6.0544541905492,6.35750796914005,1,2
6,14,56,6.1437725111454,3.06963321402295,3.77044518551415,6.60991428654535,6.86285694034797,1,2
6,14,58,6.1437725111454,3.06963321402295,5.79571502933857,6.43722358332383,6.50590911326897,1,2
6,14,59,6.1437725111454,3.06963321402295,5.71768439398764,5.43735070123738,6.52493855395937,1,2
6,14,60,6.1437725111454,3.06963321402295,4.59705992298737,5.26389696026089,6.14403943412818,1,2
6,14,62,6.1437725111454,3.06963321402295,5.29886182915191,5.87993684220808,6.43032560323104,1,2
6,15,1,6.1437725111454,3.06963321402295,6.87729757271876,6.12864230462271,7.05229330946575,1,2
6,15,2,6.1437725111454,3.06963321402295,4.86563487312182,6.79808796561709,7.04142973984679,1,2
6,15,3,6.1437725111454,3.06963321402295,3.31911826592472,5.36474602921383,6.52761645219734,1,2
6,15,4,6.1437725111454,3.06963321402295,5.26470148354548,5.20443158931814,6.70196038609317,1,2
6,15,9,6.1437725111454,3.06963321402295,3.89735130194115,5.71144887769582,6.74712343486151,1,2
6,15,11,6.1437725111454,3.06963321402295,4.20664479519429,5.80450632320336,6.52882148572452,1,2
6,15,14,6.1437725111454,3.06963321402295,4.64974843159972,6.14199609822538,6.7141367369567,1,2
6,15,18,6.1437725111454,3.06963321402295,3.10472571363196,5.93850800148238,6.72792603493761,1,2
6,15,19,6.1437725111454,3.06963321402295,4.64343785433659,5.98067327967171,6.37038481887362,1,2
6,15,22,6.1437725111454,3.06963321402295,3.01706392244449,6.45113383361891,6.86716481877472,1,2
6,15,26,6.1437725111454,3.06963321402295,5.08982508550533,4.79261580298875,6.28857259873824,1,2
6,15,28,6.1437725111454,3.06963321402295,6.52661206233529,6.42319408626036,6.92735627779547,1,2
6,15,29,6.1437725111454,3.06963321402295,4.24153092094981,6.11089640836432,6.70705725558835,1,2
6,15,30,6.1437725111454,3.06963321402295,5.96294959177708,6.16209259076384,6.85051315892899,1,2
6,15,32,6.1437725111454,3.06963321402295,3.4041135231193,5.65968217360863,6.55551372452277,1,2
6,15,38,6.1437725111454,3.06963321402295,5.37585757406134,5.63824450716055,6.93204728535562,1,2
6,15,43,6.1437725111454,3.06963321402295,3.64222588456691,6.24116449348223,6.72674954141965,1,2
6,15,45,6.1437725111454,3.06963321402295,3.67376421049981,6.5596845127863,6.57915224320438,1,2
6,15,46,6.1437725111454,3.06963321402295,4.3658175956912,5.19906225082004,6.45155023284924,1,2
6,15,49,6.1437725111454,3.06963321402295,6.10298146371242,6.42418908227499,6.8493605777182,1,2
6,15,51,6.1437725111454,3.06963321402295,5.47818701978429,6.87637147778898,7.15172955783761,1,2
6,15,53,6.1437725111454,3.06963321402295,5.2215894150932,6.14287792583617,6.69562258439065,1,2
6,15,55,6.1437725111454,3.06963321402295,4.54656209508484,5.99744398278554,6.72380534163306,1,2
6,15,56,6.1437725111454,3.06963321402295,4.68860740002707,5.66713737416536,6.86272094499516,1,2
6,15,62,6.1437725111454,3.06963321402295,3.98694176316632,6.14525497410445,6.82054751789045,1,2
6,15,65,6.1437725111454,3.06963321402295,5.2895021685233,5.65695053719575,6.69621021805301,1,2
6,15,67,6.1437725111454,3.06963321402295,4.95031204653064,5.83413453672556,6.68727375750034,1,2
6,15,68,6.1437725111454,3.06963321402295,6.45023431731767,6.03812488586402,6.89745836591627,1,2
6,16,1,6.1437725111454,3.06963321402295,5.34154932077676,6.72126690424897,6.86720764795419,1,2
6,16,4,6.1437725111454,3.06963321402295,5.52857983090848,6.22420546109386,6.84777559190521,1,2
6,16,5,6.1437725111454,3.06963321402295,4.33201112061203,6.1891438029163,6.7481140417234,1,2
6,16,6,6.1437725111454,3.06963321402295,3.86179991705888,5.96143767905963,6.60115872800306,1,2
6,16,7,6.1437725111454,3.06963321402295,5.22242991465411,5.89224441117089,6.73610472924904,1,2
6,16,12,6.1437725111454,3.06963321402295,5.48205117344209,5.65147327082769,6.53911019720056,1,2
6,16,18,6.1437725111454,3.06963321402295,7.56255870328418,6.13026852243667,6.57687815689403,1,2
6,16,21,6.1437725111454,3.06963321402295,4.76177677519635,6.47065134984461,6.62878558485738,1,2
6,16,23,6.1437725111454,3.06963321402295,4.59890880628608,5.73409464231631,6.53025518045588,1,2
6,16,28,6.1437725111454,3.06963321402295,4.74557024850289,5.52872041170035,6.57739741734236,1,2
6,16,36,6.1437725111454,3.06963321402295,5.85843699210171,5.64465618877357,6.48298049425602,1,2
6,16,37,6.1437725111454,3.06963321402295,2.91671658844799,5.77562198618649,6.63907623808511,1,2
6,16,38,6.1437725111454,3.06963321402295,5.53714269061044,5.62886240841941,6.58845124053536,1,2
6,16,39,6.1437725111454,3.06963321402295,5.40991389664588,5.57984425343789,6.57026406665849,1,2
6,16,40,6.1437725111454,3.06963321402295,5.65878034803746,6.3066991936082,6.65592418925409,1,2
6,16,42,6.1437725111454,3.06963321402295,4.99477681595538,5.34428550879079,6.35228456885494,1,2
6,16,43,6.1437725111454,3.06963321402295,5.28322145361883,6.0587929642085,6.82453406130606,1,2
6,16,45,6.1437725111454,3.06963321402295,6.06235345273392,5.61765497988823,6.48587832536074,1,2
6,16,46,6.1437725111454,3.06963321402295,5.330479727256,5.83072765743327,6.78610323255065,1,2
6,16,51,6.1437725111454,3.06963321402295,5.45460403764413,6.6399586828433,6.89526245789605,1,2
6,16,54,6.1437725111454,3.06963321402295,2.43027491069334,5.71702692720601,6.27089634687405,1,2
6,16,59,6.1437725111454,3.06963321402295,4.14746087361057,5.37376845489366,6.44709132987813,1,2
6,16,60,6.1437725111454,3.06963321402295,6.66349920907131,5.68266243038732,6.72622713382025,1,2
6,16,61,6.1437725111454,3.06963321402295,6.54377858577569,6.15346381600226,6.65791597375277,1,2
6,16,62,6.1437725111454,3.06963321402295,6.81946886762611,6.29413765140524,6.69872131753457,1,2
6,16,63,6.1437725111454,3.06963321402295,4.24298580476116,6.14344300820809,6.46987178262838,1,2
6,16,64,6.1437725111454,3.06963321402295,2.76051055043985,5.53836285180736,6.45080671520469,1,2
6,16,71,6.1437725111454,3.06963321402295,3.86575076886566,5.26557457201197,6.43139607189684,1,2
6,16,72,6.1437725111454,3.06963321402295,3.58731011821941,5.80226237520973,6.35409740954751,1,2
6,16,73,6.1437725111454,3.06963321402295,5.19975785686496,6.03673011741842,6.70820650477106,1,2
6,16,76,6.1437725111454,3.06963321402295,4.03547115553513,5.77944645282883,6.65636526318601,1,2
6,16,77,6.1437725111454,3.06963321402295,4.68564699010171,6.17031907449241,6.86830524073544,1,2
6,16,80,6.1437725111454,3.06963321402295,3.66576163861768,6.15266623988739,6.61701034782196,1,2
6,16,81,6.1437725111454,3.06963321402295,4.27269919769671,6.36596597076089,6.77739073074219,1,2
6,16,83,6.1437725111454,3.06963321402295,6.13247000186739,5.91485800962951,6.65232367581582,1,2
6,17,2,6.1437725111454,3.06963321402295,5.80368338432772,5.94027429582957,7.21047381378598,1,2
6,17,3,6.1437725111454,3.06963321402295,4.78550804240565,6.39020337531377,7.09339866740447,1,2
6,17,7,6.1437725111454,3.06963321402295,8.44313557739846,5.43958388885446,7.21616835389867,1,2
6,17,8,6.1437725111454,3.06963321402295,5.12284949274685,6.37784407904068,6.97183392978081,1,2
6,17,10,6.1437725111454,3.06963321402295,6.48276199594206,6.4939280589304,7.32611528201034,1,2
6,17,18,6.1437725111454,3.06963321402295,4.24782035644324,6.24653065329363,7.15047933657022,1,2
6,17,23,6.1437725111454,3.06963321402295,4.67661364539399,6.69009290091524,7.31055271424461,1,2
6,17,26,6.1437725111454,3.06963321402295,4.22916315317581,6.02413756680114,7.231269412397,1,2
6,17,27,6.1437725111454,3.06963321402295,4.70508076003161,6.06324622252721,7.04229332222709,1,2
6,17,28,6.1437725111454,3.06963321402295,5.6395335383117,5.60176806093557,6.86840170280201,1,2
6,17,30,6.1437725111454,3.06963321402295,5.44487250897555,6.55498145393349,6.87845101513631,1,2
6,17,31,6.1437725111454,3.06963321402295,6.59837440147507,5.19443971831704,6.73773664591084,1,2
6,17,32,6.1437725111454,3.06963321402295,5.38307044963132,6.85411909892461,7.32957047430503,1,2
6,17,33,6.1437725111454,3.06963321402295,6.44656177173092,6.2054354626532,7.20490673199155,1,2
6,17,34,6.1437725111454,3.06963321402295,3.35313927457429,6.46269399522771,7.26387487703444,1,2
6,17,35,6.1437725111454,3.06963321402295,6.07379748922115,5.29170996796457,7.07982072240913,1,2
6,17,37,6.1437725111454,3.06963321402295,4.66545602430197,5.05855425542615,6.97646459987849,1,2
6,17,38,6.1437725111454,3.06963321402295,7.30845104994306,5.74655939175638,7.29664793125681,1,2
6,17,39,6.1437725111454,3.06963321402295,4.23991258356655,6.8592252978509,7.34287267535386,1,2
6,17,42,6.1437725111454,3.06963321402295,5.4102597389341,6.22644862965744,7.11409867955817,1,2
6,17,46,6.1437725111454,3.06963321402295,6.53180954175541,5.89159448244473,7.19428861858794,1,2
6,17,48,6.1437725111454,3.06963321402295,3.91084710233354,5.86071468670489,6.9587627516148,1,2
6,17,50,6.1437725111454,3.06963321402295,4.84579841839107,6.09424632422795,7.19075608003787,1,2
6,17,51,6.1437725111454,3.06963321402295,5.05269489822537,5.57672677512272,6.95605223153369,1,2
6,17,53,6.1437725111454,3.06963321402295,5.5339734128008,5.75374531830361,7.19327761550407,1,2
6,17,55,6.1437725111454,3.06963321402295,5.9775913019536,6.11835146088958,7.34596364729534,1,2
6,17,59,6.1437725111454,3.06963321402295,5.52367035695593,5.43490341983406,6.83425738239588,1,2
6,17,60,6.1437725111454,3.06963321402295,7.38707915645517,6.01056239180392,6.97049663076188,1,2
6,17,62,6.1437725111454,3.06963321402295,4.95735971123156,6.33682779571296,7.11101079974342,1,2
6,17,63,6.1437725111454,3.06963321402295,4.45112871478581,5.81640616555594,6.95592758245431,1,2
6,17,65,6.1437725111454,3.06963321402295,5.1157345670408,4.95559303559872,7.0268885070144,1,2
6,17,66,6.1437725111454,3.06963321402295,4.63482373054796,5.91578912867222,7.07375764073683,1,2
6,17,69,6.1437725111454,3.06963321402295,3.85101633904414,6.08365258399468,7.07942733841863,1,2
6,17,70,6.1437725111454,3.06963321402295,4.59719672632331,4.77058976984963,6.81644514928828,1,2
6,17,71,6.1437725111454,3.06963321402295,7.22944685430618,5.28816361502674,6.93295318877835,1,2
6,17,72,6.1437725111454,3.06963321402295,5.70440789571375,6.32024207739267,7.41492508085675,1,2
6,17,73,6.1437725111454,3.06963321402295,5.3337069489649,6.00844238081018,6.73698711636986,1,2
6,17,74,6.1437725111454,3.06963321402295,6.90069738550612,5.83793336598713,7.2291930884057,1,2
6,17,76,6.1437725111454,3.06963321402295,5.17575628873922,5.81919288937377,6.90012321499374,1,2
6,17,77,6.1437725111454,3.06963321402295,3.7780367716404,6.07644172632254,7.10825421976623,1,2
6,17,82,6.1437725111454,3.06963321402295,5.6823187540957,5.36712045520327,7.00612104277525,1,2
6,17,84,6.1437725111454,3.06963321402295,4.2023556330396,6.31602548044155,6.95649552917688,1,2
6,17,87,6.1437725111454,3.06963321402295,5.54322980626342,6.13338032586416,7.31377635915027,1,2
6,17,88,6.1437725111454,3.06963321402295,5.54605968951204,5.78875674720888,6.88384289992093,1,2
6,18,3,6.1437725111454,3.06963321402295,5.98316035936178,5.64972897191788,6.98336585044617,1,2
6,18,7,6.1437725111454,3.06963321402295,6.03002693761243,5.53869893609583,7.10302067461495,1,2
6,18,8,6.1437725111454,3.06963321402295,4.24477673088455,6.09713722362765,7.29254275993673,1,2
6,18,11,6.1437725111454,3.06963321402295,5.98598904048727,5.8516463621365,7.31428922062194,1,2
6,18,12,6.1437725111454,3.06963321402295,3.65524311597638,6.13662646424532,7.21962908555802,1,2
6,18,20,6.1437725111454,3.06963321402295,3.82894555635302,6.51430888537534,7.22051294299768,1,2
6,18,21,6.1437725111454,3.06963321402295,3.85169346058137,6.2637212171194,7.17631890269232,1,2
6,18,26,6.1437725111454,3.06963321402295,4.5442105844812,6.52148199349744,7.22309274233963,1,2
6,18,28,6.1437725111454,3.06963321402295,5.42895265403983,5.60358785341139,7.19558365741925,1,2
6,18,29,6.1437725111454,3.06963321402295,4.0788564633152,5.23096131684434,6.73778412850609,1,2
6,18,33,6.1437725111454,3.06963321402295,4.33941545914761,5.5436164399239,6.93634496066389,1,2
6,18,35,6.1437725111454,3.06963321402295,6.1019632486367,6.16210772908483,7.03121484214285,1,2
6,18,36,6.1437725111454,3.06963321402295,5.30512086734301,6.02729554971253,7.06614738201381,1,2
6,18,40,6.1437725111454,3.06963321402295,4.62473433290231,6.04670961292771,6.99409630492869,1,2
6,18,41,6.1437725111454,3.06963321402295,4.43876655668843,6.97257446088644,7.25139072382907,1,2
6,18,44,6.1437725111454,3.06963321402295,4.06888589974171,6.35318493504886,7.35728859464946,1,2
6,18,46,6.1437725111454,3.06963321402295,6.7666002314403,5.65603105071688,6.98938722357462,1,2
6,18,48,6.1437725111454,3.06963321402295,1.5013228724025,5.94304049486732,7.01440052566757,1,2
6,18,49,6.1437725111454,3.06963321402295,3.92352661057166,6.54249756427031,7.27183842105962,1,2
6,18,52,6.1437725111454,3.06963321402295,3.63665190794431,6.23348345910816,7.21254528915,1,2
6,18,56,6.1437725111454,3.06963321402295,5.04776970642136,5.59907237210242,7.09363245460405,1,2
6,18,57,6.1437725111454,3.06963321402295,4.9359926713582,6.33475265026734,6.82013788924652,1,2
6,18,58,6.1437725111454,3.06963321402295,4.4715484507917,6.1969447972241,7.40959544757832,1,2
6,18,59,6.1437725111454,3.06963321402295,4.43518611010606,5.70365943115363,7.23396050033765,1,2
6,18,60,6.1437725111454,3.06963321402295,5.19973138234689,5.7530787461106,6.82172219852134,1,2
6,18,64,6.1437725111454,3.06963321402295,3.9620684019028,5.52559681752407,7.20672996657923,1,2
6,18,65,6.1437725111454,3.06963321402295,4.94763529120588,6.04272098415524,7.27269824554117,1,2
6,18,66,6.1437725111454,3.06963321402295,5.57093342852838,5.26662246609077,6.92226213068691,1,2
6,18,69,6.1437725111454,3.06963321402295,3.61897619533467,6.56514613260568,7.26343347395284,1,2
6,18,72,6.1437725111454,3.06963321402295,3.87267690718984,6.47000853224787,7.08648968350291,1,2
6,18,73,6.1437725111454,3.06963321402295,4.31595147153351,5.63918829319566,7.01005036573838,1,2
6,19,1,6.1437725111454,3.06963321402295,5.73759170529042,5.96648717649071,7.24812003783817,1,2
6,19,5,6.1437725111454,3.06963321402295,5.42001350182635,6.27904984633236,7.54333174363131,1,2
6,19,7,6.1437725111454,3.06963321402295,5.50857927866488,5.36082825039839,7.00505400792963,1,2
6,19,9,6.1437725111454,3.06963321402295,5.95720827714679,5.87327566760782,7.26898143325096,1,2
6,19,13,6.1437725111454,3.06963321402295,4.87327529164739,6.37404222997748,7.11536872518801,1,2
6,19,14,6.1437725111454,3.06963321402295,5.04759622159506,5.83332534126337,7.16759881443095,1,2
6,19,15,6.1437725111454,3.06963321402295,5.84061230867301,5.84244506387146,7.17639665025347,1,2
6,19,19,6.1437725111454,3.06963321402295,5.19745893033821,5.65744848079796,6.99967021301841,1,2
6,19,20,6.1437725111454,3.06963321402295,4.75133584985274,5.58105579598456,7.48613215326013,1,2
6,19,25,6.1437725111454,3.06963321402295,5.98572097306318,5.79539493615466,6.98533280464045,1,2
6,19,27,6.1437725111454,3.06963321402295,3.64925135898655,6.32002799440788,7.10103384828963,1,2
6,19,31,6.1437725111454,3.06963321402295,6.08458663116416,5.72623507345693,7.10688597978524,1,2
6,19,32,6.1437725111454,3.06963321402295,5.08634289797472,6.22731953728613,7.2751837850578,1,2
6,19,35,6.1437725111454,3.06963321402295,6.5048666521951,5.51528689351037,7.25274793171472,1,2
6,19,36,6.1437725111454,3.06963321402295,5.46550068566737,6.20939708274694,7.26107609237212,1,2
6,19,37,6.1437725111454,3.06963321402295,5.883887367235,6.12921949931913,7.31453136045045,1,2
6,19,38,6.1437725111454,3.06963321402295,4.70314253403096,6.24335391737139,7.11932382417933,1,2
6,19,39,6.1437725111454,3.06963321402295,5.30247353157595,6.92668090079949,7.41019961350252,1,2
6,19,41,6.1437725111454,3.06963321402295,5.00575567767584,6.00716956076747,7.09039582204323,1,2
6,19,43,6.1437725111454,3.06963321402295,4.25523629165652,6.24838291719391,7.51191114722174,1,2
6,19,46,6.1437725111454,3.06963321402295,5.26471213424616,6.31049841770954,7.38580743784452,1,2
6,19,48,6.1437725111454,3.06963321402295,4.90891392851261,6.11822146238502,7.10439579200446,1,2
6,19,49,6.1437725111454,3.06963321402295,3.97551691361441,5.8753906734666,7.27474614003432,1,2
6,19,53,6.1437725111454,3.06963321402295,3.85133232542106,5.61094009527556,7.14389769909985,1,2
6,19,54,6.1437725111454,3.06963321402295,5.28694998632414,5.24940486925761,7.32264249191307,1,2
6,19,55,6.1437725111454,3.06963321402295,5.01281048473686,5.89994838474944,7.29896955547417,1,2
6,19,59,6.1437725111454,3.06963321402295,4.77787556968811,6.74905997447587,7.44980255665675,1,2
6,19,61,6.1437725111454,3.06963321402295,5.29772899964184,5.810471717755,7.21445405942697,1,2
6,19,62,6.1437725111454,3.06963321402295,5.71817814712175,6.43897147641835,7.23889740161784,1,2
6,19,64,6.1437725111454,3.06963321402295,4.05060540156149,5.46808127800778,6.84979608418647,1,2
6,19,65,6.1437725111454,3.06963321402295,6.51706680021141,6.15280088215457,7.33680525914659,1,2
6,19,68,6.1437725111454,3.06963321402295,4.92835065114686,6.27470962549098,7.22720053201449,1,2
6,19,70,6.1437725111454,3.06963321402295,5.3503690547624,5.74898285656944,7.06385157974562,1,2
6,19,72,6.1437725111454,3.06963321402295,5.0616813926047,6.3790089485584,7.37119670154669,1,2
6,19,74,6.1437725111454,3.06963321402295,4.32686260477767,6.02376791781567,7.26032397136851,1,2
6,20,2,6.1437725111454,3.06963321402295,7.03913313338164,6.28284721617452,7.56081821715493,1,2
6,20,3,6.1437725111454,3.06963321402295,5.65257377523003,5.98239559795316,7.27827158021427,1,2
6,20,10,6.1437725111454,3.06963321402295,4.5302787852719,5.37754106792011,7.31815515424166,1,2
6,20,12,6.1437725111454,3.06963321402295,5.52943801637006,5.33254863214507,7.4373247708112,1,2
6,20,14,6.1437725111454,3.06963321402295,7.15345707676339,6.3488817710013,7.4555986597698,1,2
6,20,16,6.1437725111454,3.06963321402295,2.95939830333038,5.8741501127984,7.30155192245075,1,2
6,20,17,6.1437725111454,3.06963321402295,6.87165875621659,6.14438917035561,7.60696506504458,1,2
6,20,18,6.1437725111454,3.06963321402295,3.79448786322995,6.5886842842121,7.52017991677508,1,2
6,20,21,6.1437725111454,3.06963321402295,5.77019717899448,5.57469921183689,7.15938916600607,1,2
6,20,23,6.1437725111454,3.06963321402295,3.38740480232606,5.6358883618389,7.19140415443532,1,2
6,20,24,6.1437725111454,3.06963321402295,4.2215665473788,6.16680965977133,7.28397005183205,1,2
6,20,26,6.1437725111454,3.06963321402295,4.97981018975072,5.84279622153364,6.9808012053648,1,2
6,20,33,6.1437725111454,3.06963321402295,5.85137375196961,7.07420059704865,7.59350951296466,1,2
6,20,34,6.1437725111454,3.06963321402295,5.09822774327155,5.99406953219311,7.43007577594927,1,2
6,20,37,6.1437725111454,3.06963321402295,3.87146596180745,6.09624925997108,7.54029875473433,1,2
6,20,38,6.1437725111454,3.06963321402295,7.64706923737793,6.59407029650463,7.46072736446335,1,2
6,20,45,6.1437725111454,3.06963321402295,6.36175263032688,5.87856196137298,7.6998619799106,1,2
6,20,46,6.1437725111454,3.06963321402295,4.85390911192589,5.81303307361763,7.34770570788166,1,2
6,20,48,6.1437725111454,3.06963321402295,4.79621946285867,5.25551565387541,7.02500289906394,1,2
6,20,49,6.1437725111454,3.06963321402295,3.91628248130346,6.22809983729519,7.4132332000706,1,2
6,20,51,6.1437725111454,3.06963321402295,4.30149068539282,6.12918946054952,7.38598086174136,1,2
6,20,53,6.1437725111454,3.06963321402295,5.41541553910709,5.74243600393742,7.66104410883727,1,2
6,20,56,6.1437725111454,3.06963321402295,5.88246607867368,6.29416645844945,7.54963915631007,1,2
6,20,57,6.1437725111454,3.06963321402295,2.97557597900791,5.05972855257489,6.99981284388868,1,2
6,20,58,6.1437725111454,3.06963321402295,3.72683807266639,6.56142267247846,7.18322181651482,1,2
6,20,60,6.1437725111454,3.06963321402295,4.42160897848129,5.77385781097443,7.40201335582712,1,2
6,20,65,6.1437725111454,3.06963321402295,3.79720410508305,6.52801036335266,7.5608850274577,1,2
6,20,68,6.1437725111454,3.06963321402295,3.78665378508645,6.02738338792719,7.06041809177996,1,2
6,20,69,6.1437725111454,3.06963321402295,4.57880156908693,6.09599010989774,7.24601208090655,1,2
6,20,70,6.1437725111454,3.06963321402295,5.16913641157295,5.94853690136538,7.5754359243435,1,2
6,20,71,6.1437725111454,3.06963321402295,6.71826591455989,5.60383854068644,7.41990946103812,1,2
6,20,72,6.1437725111454,3.06963321402295,5.41823250396436,5.42920708876132,7.11153762522583,1,2
6,20,74,6.1437725111454,3.06963321402295,6.19605080088175,5.90489035347187,7.23560281579288,1,2
6,20,75,6.1437725111454,3.06963321402295,6.15645126323719,6.53272100727785,7.53855037550413,1,2
6,20,76,6.1437725111454,3.06963321402295,6.20088910807081,6.63598623895921,7.51279635272823,1,2
6,20,77,6.1437725111454,3.06963321402295,5.88893290850656,5.25666284412371,6.88006075629814,1,2
6,20,78,6.1437725111454,3.06963321402295,5.05540267106598,6.25862851684579,7.43386950735106,1,2
6,20,84,6.1437725111454,3.06963321402295,4.24837134200494,6.12875789216982,7.31750210535108,1,2
6,20,87,6.1437725111454,3.06963321402295,4.99257056552671,4.90938767939674,7.18276487898216,1,2
6,20,89,6.1437725111454,3.06963321402295,4.05458366488326,5.76105846975233,7.1796423299748,1,2
6,20,91,6.1437725111454,3.06963321402295,3.90193866446175,6.11268953335336,7.28472333019484,1,2
6,20,92,6.1437725111454,3.06963321402295,5.20772945718658,6.06262931254314,7.4664175062495,1,2
6,20,94,6.1437725111454,3.06963321402295,3.91679811290475,6.44263167170088,7.39863406483731,1,2
6,20,96,6.1437725111454,3.06963321402295,4.09819497680695,6.59608848140416,7.39969820967279,1,2
6,20,99,6.1437725111454,3.06963321402295,5.3450893407446,6.49129067672333,7.33900189270171,1,2
6,21,1,6.1437725111454,3.06963321402295,6.24298403009513,5.4540007664712,7.43714652236529,1,2
6,21,3,6.1437725111454,3.06963321402295,4.24706061426041,6.70696738847479,7.51431500541758,1,2
6,21,4,6.1437725111454,3.06963321402295,4.22567385628172,5.64953639053787,7.3633153684543,1,2
6,21,5,6.1437725111454,3.06963321402295,4.26276035529551,5.6735071657789,7.38575843771957,1,2
6,21,6,6.1437725111454,3.06963321402295,4.30050801442009,6.73570709217536,7.5419443716372,1,2
6,21,7,6.1437725111454,3.06963321402295,3.09236099648725,6.85430884163504,7.6020445431353,1,2
6,21,8,6.1437725111454,3.06963321402295,5.94303726828364,5.41501639645365,7.20107944420851,1,2
6,21,9,6.1437725111454,3.06963321402295,4.27208595384407,5.85842519194524,7.08799156475328,1,2
6,21,10,6.1437725111454,3.06963321402295,6.78529244834558,6.12854374540612,7.42343396609883,1,2
6,21,11,6.1437725111454,3.06963321402295,4.76100352420542,6.21127840280897,7.71705136701729,1,2
6,21,12,6.1437725111454,3.06963321402295,3.53217337721887,5.09732974572112,7.14148462788682,1,2
6,21,14,6.1437725111454,3.06963321402295,5.50057044981903,5.85344986912979,7.45039344034066,1,2
6,21,16,6.1437725111454,3.06963321402295,3.20176337045498,5.4101793302676,7.0792034548454,1,2
6,21,19,6.1437725111454,3.06963321402295,4.22920350203985,6.22872099016702,7.59416847131218,1,2
6,21,20,6.1437725111454,3.06963321402295,5.1425576037178,6.14284135089774,7.52687945341915,1,2
6,21,35,6.1437725111454,3.06963321402295,6.14094655611766,6.30394338709131,7.58973179354259,1,2
6,21,37,6.1437725111454,3.06963321402295,5.12176120022952,6.73438570876717,7.47762381262587,1,2
6,21,41,6.1437725111454,3.06963321402295,4.92413516431242,5.91065576094316,7.54185888306771,1,2
6,21,47,6.1437725111454,3.06963321402295,4.01009927307464,5.90227390204524,7.74352524153659,1,2
6,21,48,6.1437725111454,3.06963321402295,7.28662382743403,6.11262448462479,7.53628830845454,1,2
6,21,50,6.1437725111454,3.06963321402295,4.91446353898955,6.14553319218278,7.80543663110301,1,2
6,21,51,6.1437725111454,3.06963321402295,5.22009247859165,6.40709625979183,7.64834341437346,1,2
6,21,53,6.1437725111454,3.06963321402295,5.55228780614508,6.04301813749746,7.51662402869314,1,2
6,21,54,6.1437725111454,3.06963321402295,6.77656034075256,6.06445376193407,7.66806872946775,1,2
6,21,55,6.1437725111454,3.06963321402295,6.45005326882215,5.52934734595274,7.62601708234514,1,2
6,21,57,6.1437725111454,3.06963321402295,3.31131098253057,5.81765916992878,6.77387556193704,1,2
6,21,58,6.1437725111454,3.06963321402295,4.66792474672632,5.43797863918692,7.13721945898416,1,2
6,21,59,6.1437725111454,3.06963321402295,4.77764171986179,6.1654304978137,7.53430047664389,1,2
6,21,61,6.1437725111454,3.06963321402295,6.27468060957983,5.07907436425576,7.64225457757109,1,2
6,21,63,6.1437725111454,3.06963321402295,4.97900964434411,6.46133708990559,7.8864339101679,1,2
6,21,65,6.1437725111454,3.06963321402295,5.59197211036779,6.78790431773345,7.52728906743987,1,2
6,21,66,6.1437725111454,3.06963321402295,4.32178553962044,6.18828420203126,7.2384714292477,1,2
6,21,68,6.1437725111454,3.06963321402295,4.03001824817203,5.24645538268082,7.26469226802622,1,2
6,21,69,6.1437725111454,3.06963321402295,3.75639780940806,6.5297732978394,7.63579661502753,1,2
6,21,70,6.1437725111454,3.06963321402295,6.25989375154276,6.01104919947275,7.82215741843976,1,2
6,21,76,6.1437725111454,3.06963321402295,3.41083922208088,6.52805298656996,7.3055272257188,1,2
6,21,77,6.1437725111454,3.06963321402295,5.84947723637827,6.35781097927504,7.69029311844115,1,2
6,22,1,6.1437725111454,3.06963321402295,7.01141920458323,5.85397737580292,7.42470966289788,1,2
6,22,2,6.1437725111454,3.06963321402295,3.79617866729485,5.67213519772265,7.19166623224776,1,2
6,22,3,6.1437725111454,3.06963321402295,4.04373950704589,5.98987877580328,7.20131937763825,1,2
6,22,4,6.1437725111454,3.06963321402295,5.59372022205136,6.14368585372965,7.55234244540799,1,2
6,22,5,6.1437725111454,3.06963321402295,4.86452721398419,6.19933833748282,7.37824300673687,1,2
6,22,6,6.1437725111454,3.06963321402295,3.7222194230674,6.21223854501386,7.28391685490534,1,2
6,22,8,6.1437725111454,3.06963321402295,4.77814501970662,5.84264094097066,7.59964188025567,1,2
6,22,9,6.1437725111454,3.06963321402295,2.47993083468325,6.04027599273046,7.53359965687952,1,2
6,22,13,6.1437725111454,3.06963321402295,5.17994514163197,6.07456805321958,7.47953957171878,1,2
6,22,16,6.1437725111454,3.06963321402295,5.19011022025442,5.85853115106128,7.3659049382676,1,2
6,22,17,6.1437725111454,3.06963321402295,7.1025877993675,5.32680935857546,7.13462728940435,1,2
6,22,18,6.1437725111454,3.06963321402295,4.57656618560932,6.42500111384786,7.53371920588152,1,2
6,22,22,6.1437725111454,3.06963321402295,4.97669601360244,6.26977560111957,7.38419139531094,1,2
6,22,23,6.1437725111454,3.06963321402295,4.39667311585775,6.75086450275751,7.11979570768734,1,2
6,22,25,6.1437725111454,3.06963321402295,4.27112756718257,6.17635470069199,7.33897421499518,1,2
6,22,28,6.1437725111454,3.06963321402295,5.66449189837419,5.82231140446223,7.54957326366738,1,2
6,22,29,6.1437725111454,3.06963321402295,5.16786786246478,5.7901272154884,7.01615440654145,1,2
6,22,33,6.1437725111454,3.06963321402295,4.06976104206298,5.52009661512786,7.36837603056553,1,2
6,22,36,6.1437725111454,3.06963321402295,5.70128549442119,5.92136477705386,7.43525928847551,1,2
6,22,39,6.1437725111454,3.06963321402295,4.39678364395667,5.86067311250319,7.30861243854289,1,2
6,22,40,6.1437725111454,3.06963321402295,4.12336737659945,4.968756315743,7.01913611571876,1,2
6,22,48,6.1437725111454,3.06963321402295,3.89471728443996,5.77920727222976,7.40782519288776,1,2
6,22,49,6.1437725111454,3.06963321402295,4.6697111379687,5.44096222998705,7.23116505711116,1,2
6,22,50,6.1437725111454,3.06963321402295,4.64510812253471,5.23185832677823,7.00217410500518,1,2
6,22,53,6.1437725111454,3.06963321402295,5.34137226485477,6.48660628545586,7.49357963130004,1,2
6,22,54,6.1437725111454,3.06963321402295,4.50737841371838,5.65259769554586,7.30113711375768,1,2
6,22,55,6.1437725111454,3.06963321402295,4.66306928071123,6.84508467904224,7.21315380680723,1,2
6,22,56,6.1437725111454,3.06963321402295,7.57248160620591,5.70687350957762,7.44975927376583,1,2
6,22,57,6.1437725111454,3.06963321402295,4.53105324783616,6.13673873462379,7.53737680522062,1,2
6,22,58,6.1437725111454,3.06963321402295,5.57793876280936,5.57119360107943,7.50017016283973,1,2
6,22,59,6.1437725111454,3.06963321402295,6.00123485575332,6.72566173519842,7.73521710849608,1,2
6,22,61,6.1437725111454,3.06963321402295,6.16455262020777,5.86855578840093,7.37145359055608,1,2
6,22,64,6.1437725111454,3.06963321402295,5.41029200615303,6.07967817149692,7.72441491271381,1,2
6,22,65,6.1437725111454,3.06963321402295,4.02807923924409,5.21853519464106,7.17582732078093,1,2
6,22,66,6.1437725111454,3.06963321402295,3.43645511850812,5.60624445561704,6.89375105743608,1,2
6,22,68,6.1437725111454,3.06963321402295,5.31479979040984,5.16563764074365,7.58336855594265,1,2
6,22,71,6.1437725111454,3.06963321402295,6.40584546216103,5.93633586101584,7.13827976097942,1,2
6,22,72,6.1437725111454,3.06963321402295,4.69627056312964,6.38433147310583,7.46712946176183,1,2
6,22,74,6.1437725111454,3.06963321402295,3.8609693054188,6.6555591129706,7.10854240609325,1,2
6,22,75,6.1437725111454,3.06963321402295,5.2155116063055,6.41859633300351,7.51615765797538,1,2
6,22,76,6.1437725111454,3.06963321402295,3.1225921653479,5.66837041485533,7.13063639838436,1,2
6,22,79,6.1437725111454,3.06963321402295,5.16406166693756,6.00620488612477,7.32337984702433,1,2
6,22,81,6.1437725111454,3.06963321402295,5.56247546954059,6.43044869613952,7.40351093305961,1,2
6,22,82,6.1437725111454,3.06963321402295,3.83827964533957,5.75698246811112,7.67456688781394,1,2
6,22,84,6.1437725111454,3.06963321402295,5.34277865457255,5.55489583349171,7.24039741880255,1,2
6,22,85,6.1437725111454,3.06963321402295,5.21641824701898,6.15696301054229,7.72429263995904,1,2
6,22,86,6.1437725111454,3.06963321402295,4.23589426205,5.62570738293655,7.08897200543478,1,2
6,22,88,6.1437725111454,3.06963321402295,5.67753154466833,6.55587996714908,7.6003877911576,1,2
6,23,1,6.1437725111454,3.06963321402295,5.98180265291757,5.99298196440929,7.39207413059925,1,2
6,23,3,6.1437725111454,3.06963321402295,5.43639445931386,6.77210599344831,7.72206680421722,1,2
6,23,7,6.1437725111454,3.06963321402295,5.12080471724312,6.36113467721685,7.5245616521686,1,2
6,23,8,6.1437725111454,3.06963321402295,5.35558412668946,5.18878247928002,7.21562283423509,1,2
6,23,9,6.1437725111454,3.06963321402295,3.14214006334715,6.52536670356633,7.70734139253591,1,2
6,23,11,6.1437725111454,3.06963321402295,3.72708825158974,6.82776452814754,7.57606416611917,1,2
6,23,12,6.1437725111454,3.06963321402295,5.50100649219541,5.94965329007746,7.38752517968902,1,2
6,23,14,6.1437725111454,3.06963321402295,4.44044440050432,5.58669704901034,7.55506838611355,1,2
6,23,16,6.1437725111454,3.06963321402295,5.60638652789381,5.47300393687646,7.58602482942228,1,2
6,23,19,6.1437725111454,3.06963321402295,5.89619438659226,5.41880496371904,7.49921163498644,1,2
6,23,22,6.1437725111454,3.06963321402295,4.09812448994022,6.24877389937279,7.44731948910893,1,2
6,23,23,6.1437725111454,3.06963321402295,4.43808893553992,6.14810078631327,7.51520517867734,1,2
6,23,25,6.1437725111454,3.06963321402295,6.08843945772144,6.37807619000569,7.82144664707986,1,2
6,23,27,6.1437725111454,3.06963321402295,5.04973787299296,6.03450770004719,7.36485397817864,1,2
6,23,28,6.1437725111454,3.06963321402295,4.03104996930652,6.40865325369422,7.21136787873924,1,2
6,23,30,6.1437725111454,3.06963321402295,3.78234310392688,5.88159104068078,7.52486703077303,1,2
6,23,33,6.1437725111454,3.06963321402295,4.72220372115422,5.84631376055091,7.87671595941423,1,2
6,23,37,6.1437725111454,3.06963321402295,4.67481631494643,5.53686885126954,7.27137709373786,1,2
6,23,38,6.1437725111454,3.06963321402295,5.54923118842024,6.27583228831648,7.63122759307695,1,2
6,23,41,6.1437725111454,3.06963321402295,3.82589907662656,5.96739400012773,7.42027384152781,1,2
6,23,42,6.1437725111454,3.06963321402295,5.48013502118381,5.45945576774962,7.33739620195431,1,2
6,23,44,6.1437725111454,3.06963321402295,6.02377637424238,5.86076545764728,7.3633345707971,1,2
6,23,46,6.1437725111454,3.06963321402295,4.83531059456603,5.15320332186313,7.52260516243529,1,2
6,23,50,6.1437725111454,3.06963321402295,5.35185884125171,5.71582783470701,7.46780882032879,1,2
6,23,52,6.1437725111454,3.06963321402295,4.66628386764709,6.40260496076828,7.51655171286779,1,2
6,23,53,6.1437725111454,3.06963321402295,4.6381705833083,6.49917036467427,7.63786633780376,1,2
6,23,56,6.1437725111454,3.06963321402295,5.34093333381131,6.33618253322583,7.37196239646441,1,2
6,23,58,6.1437725111454,3.06963321402295,6.3430262389661,6.6953478771907,8.06087643901504,1,2
6,23,59,6.1437725111454,3.06963321402295,4.77700280057524,6.25522566705534,7.44472401054046,1,2
6,23,62,6.1437725111454,3.06963321402295,4.34772676206039,5.95151472411576,7.74574596926574,1,2
6,23,63,6.1437725111454,3.06963321402295,3.86285002570376,6.31265943604591,7.63080954606567,1,2
6,23,64,6.1437725111454,3.06963321402295,4.19204833539529,5.69393108441477,7.26720902515664,1,2
6,23,67,6.1437725111454,3.06963321402295,4.852339592145,6.18783974154862,7.75220437525432,1,2
6,23,71,6.1437725111454,3.06963321402295,4.2239462950686,5.88189088755621,7.47827762343167,1,2
6,23,73,6.1437725111454,3.06963321402295,4.46696942679852,5.83583129685831,7.60310299236191,1,2
6,23,74,6.1437725111454,3.06963321402295,4.76428691441129,6.58572901475562,7.57353289852073,1,2
6,23,75,6.1437725111454,3.06963321402295,5.71008361231365,5.86673806765059,7.61901287239393,1,2
6,23,77,6.1437725111454,3.06963321402295,2.25218555286228,6.4517905310244,7.24532048630308,1,2
6,23,78,6.1437725111454,3.06963321402295,5.32264173630124,5.69546084709933,7.51734020094122,1,2
6,23,79,6.1437725111454,3.06963321402295,3.47424992372967,6.05106117956533,7.40140415015518,1,2
6,23,80,6.1437725111454,3.06963321402295,5.37351504777585,6.53531639448013,7.60145723900188,1,2
6,23,81,6.1437725111454,3.06963321402295,6.37093632189039,5.91282437248845,7.77146899764462,1,2
6,23,82,6.1437725111454,3.06963321402295,6.24009167713247,5.73720023923689,7.85618119637345,1,2
6,23,84,6.1437725111454,3.06963321402295,4.33982507988878,5.26924667455938,7.50240585623581,1,2
6,23,87,6.1437725111454,3.06963321402295,5.52980636907496,6.16430296452891,7.70075414366473,1,2
6,23,88,6.1437725111454,3.06963321402295,5.1484529897316,6.35548732541401,7.76824396629046,1,2
6,23,90,6.1437725111454,3.06963321402295,4.73127508294612,5.64079835775648,7.70580683031043,1,2
6,23,91,6.1437725111454,3.06963321402295,6.21251803382354,5.07034192148416,7.17604760260801,1,2
6,24,1,6.1437725111454,3.06963321402295,4.79132019478069,7.17385247086541,7.7538622717832,1,2
6,24,2,6.1437725111454,3.06963321402295,6.17697007115454,6.42470853774661,8.32106026376273,1,2
6,24,5,6.1437725111454,3.06963321402295,5.38206163450504,4.54604349144225,7.32863364532627,1,2
6,24,9,6.1437725111454,3.06963321402295,6.15450500270429,6.28269563540614,7.81548604547037,1,2
6,24,14,6.1437725111454,3.06963321402295,5.63913541733949,5.71626120811465,7.73782034577616,1,2
6,24,15,6.1437725111454,3.06963321402295,5.88341889809122,5.98110128741242,7.60511919715208,1,2
6,24,16,6.1437725111454,3.06963321402295,6.70796073808303,6.47096138095839,8.08441389252849,1,2
6,24,18,6.1437725111454,3.06963321402295,5.2949711955377,5.71117681134128,7.7113809446718,1,2
6,24,21,6.1437725111454,3.06963321402295,6.99927612653549,5.96643769744616,7.92978795544117,1,2
6,24,23,6.1437725111454,3.06963321402295,5.91116671812685,5.38907007299517,7.33514758291396,1,2
6,24,25,6.1437725111454,3.06963321402295,5.92106035464278,6.24451223975747,7.91961630547563,1,2
6,24,26,6.1437725111454,3.06963321402295,3.88654280373246,6.37348400271694,7.60056470710274,1,2
6,24,29,6.1437725111454,3.06963321402295,4.20450546168943,5.86202244345186,7.37730332102997,1,2
6,24,31,6.1437725111454,3.06963321402295,5.87264757019423,6.59914581609214,7.94831154682025,1,2
6,24,33,6.1437725111454,3.06963321402295,6.75220731614041,5.602324842605,7.89134898006247,1,2
6,24,34,6.1437725111454,3.06963321402295,5.1793579013164,6.43510613133127,7.80049664621545,1,2
6,24,35,6.1437725111454,3.06963321402295,3.32493229575977,6.4190488037586,7.61573684681061,1,2
6,24,36,6.1437725111454,3.06963321402295,3.69690807481632,6.10641464939376,7.7306598586567,1,2
6,24,38,6.1437725111454,3.06963321402295,5.88281998978129,5.97321230704827,8.06561376430073,1,2
6,24,39,6.1437725111454,3.06963321402295,4.83445807506695,5.66238861181244,7.48222714609409,1,2
6,24,40,6.1437725111454,3.06963321402295,3.50512753783987,6.99438115348355,8.15310136077557,1,2
6,24,42,6.1437725111454,3.06963321402295,3.23990451123462,5.82066628785981,7.40216787734634,1,2
6,24,45,6.1437725111454,3.06963321402295,5.30401878255446,6.17321494622702,7.67253356383942,1,2
6,24,51,6.1437725111454,3.06963321402295,3.94023914122922,6.38874511604839,7.68780991241571,1,2
6,24,52,6.1437725111454,3.06963321402295,5.06171708784124,5.87740353159857,7.44241412809347,1,2
6,24,53,6.1437725111454,3.06963321402295,4.89624528786272,5.47128384624654,7.73490330736841,1,2
6,24,55,6.1437725111454,3.06963321402295,5.48858307476847,5.97251122767916,7.66349540704954,1,2
6,24,58,6.1437725111454,3.06963321402295,6.25152539215505,6.10534484295887,7.82181945842158,1,2
6,24,59,6.1437725111454,3.06963321402295,5.27485296573932,6.93576480478323,7.9968836395716,1,2
6,24,60,6.1437725111454,3.06963321402295,4.24266625408763,5.53817273559563,7.22185595021708,1,2
6,24,61,6.1437725111454,3.06963321402295,6.3636811585913,6.09043060275905,7.68257664550963,1,2
6,24,63,6.1437725111454,3.06963321402295,5.55073050197192,5.64053606246818,7.44037363670009,1,2
6,24,65,6.1437725111454,3.06963321402295,4.68932226942761,5.87250503118694,7.88215786914547,1,2
6,24,67,6.1437725111454,3.06963321402295,4.31439383192547,6.36575737478036,7.57773769804054,1,2
6,24,68,6.1437725111454,3.06963321402295,4.82959676237311,6.0161218942861,7.60175353514183,1,2
6,24,71,6.1437725111454,3.06963321402295,4.61323510282061,4.96403739895051,7.73951454944766,1,2
6,25,1,6.1437725111454,3.06963321402295,4.13559140354796,5.94342299317075,7.80541257050609,1,2
6,25,2,6.1437725111454,3.06963321402295,5.2214168936765,5.68076633356097,7.98295364110069,1,2
6,25,3,6.1437725111454,3.06963321402295,7.88060466495681,5.62116865215277,7.779867828964,1,2
6,25,5,6.1437725111454,3.06963321402295,4.51931428786836,6.34735503525557,7.49900210566268,1,2
6,25,6,6.1437725111454,3.06963321402295,3.93123479342548,6.65248786935152,8.02686133084338,1,2
6,25,7,6.1437725111454,3.06963321402295,4.86127161486255,5.39810034557268,7.8528780661949,1,2
6,25,8,6.1437725111454,3.06963321402295,4.54071328997762,6.10541846026015,7.74359962976573,1,2
6,25,11,6.1437725111454,3.06963321402295,5.01317572991544,6.81075900359258,7.96078473981071,1,2
6,25,12,6.1437725111454,3.06963321402295,5.68031713722804,6.27489053090652,8.1232949751956,1,2
6,25,16,6.1437725111454,3.06963321402295,3.81213808184056,6.50593296722551,7.40936185299507,1,2
6,25,17,6.1437725111454,3.06963321402295,5.52949580830544,5.20461642813113,7.64435102492184,1,2
6,25,21,6.1437725111454,3.06963321402295,4.8201567902065,5.96592265707605,8.37897493976374,1,2
6,25,24,6.1437725111454,3.06963321402295,6.84202089527012,5.78277491411875,8.03943413756877,1,2
6,25,28,6.1437725111454,3.06963321402295,3.14940343169206,5.94803013908672,7.86397527231667,1,2
6,25,31,6.1437725111454,3.06963321402295,4.23003899519029,5.90323754178597,7.73785218534045,1,2
6,25,34,6.1437725111454,3.06963321402295,6.04075446526993,5.93031918702381,7.58785529681545,1,2
6,25,38,6.1437725111454,3.06963321402295,4.82411135005578,6.75490449013009,7.94509711907816,1,2
6,25,39,6.1437725111454,3.06963321402295,3.66225748720421,6.08622970729746,7.41470392830485,1,2
6,25,41,6.1437725111454,3.06963321402295,5.18112241011795,5.07385276298467,7.80896027938117,1,2
6,25,43,6.1437725111454,3.06963321402295,8.00872217638741,6.11524592091138,8.12896820552445,1,2
6,25,44,6.1437725111454,3.06963321402295,5.60771768450435,5.84752216147293,7.73715121356999,1,2
6,25,47,6.1437725111454,3.06963321402295,5.03656820488055,7.16854627204407,8.02836373326477,1,2
6,25,49,6.1437725111454,3.06963321402295,5.43505139217297,5.83405061270939,7.28199059866706,1,2
6,25,52,6.1437725111454,3.06963321402295,4.99759708353455,6.11596879537392,7.56684322771017,1,2
6,25,54,6.1437725111454,3.06963321402295,6.05671578102103,4.86140727946653,7.53284376556374,1,2
6,25,55,6.1437725111454,3.06963321402295,4.78948167897148,6.50382922630378,7.86017611441985,1,2
6,25,60,6.1437725111454,3.06963321402295,3.65215336191033,6.15430848795407,7.44921627912249,1,2
6,25,61,6.1437725111454,3.06963321402295,5.55495792223912,6.49385336145156,7.95207995092091,1,2
6,26,1,6.1437725111454,3.06963321402295,5.07133641970339,5.86103727766731,7.72047758650487,1,2
6,26,3,6.1437725111454,3.06963321402295,4.77430659659819,5.75299469833159,7.4324537593285,1,2
6,26,4,6.1437725111454,3.06963321402295,4.8610982218615,6.07754885038188,7.84183505857576,1,2
6,26,10,6.1437725111454,3.06963321402295,4.10686389224223,6.12294688237525,7.74795812199895,1,2
6,26,16,6.1437725111454,3.06963321402295,3.65539075373502,5.91627525768079,7.61876719778141,1,2
6,26,18,6.1437725111454,3.06963321402295,5.46498894965014,6.10791791541591,7.72576554245537,1,2
6,26,20,6.1437725111454,3.06963321402295,5.34626582238231,7.35400997975496,7.72972286507268,1,2
6,26,24,6.1437725111454,3.06963321402295,5.70493029193273,6.33310674968489,7.76016404928242,1,2
6,26,25,6.1437725111454,3.06963321402295,6.0876504277921,6.34165105053984,7.72191112049599,1,2
6,26,26,6.1437725111454,3.06963321402295,4.48473943340932,7.1023194110145,8.14998843759949,1,2
6,26,28,6.1437725111454,3.06963321402295,4.98419803866191,5.90252057968653,7.78734298775305,1,2
6,26,30,6.1437725111454,3.06963321402295,3.85948652529387,6.58816480107138,7.54453219536311,1,2
6,26,32,6.1437725111454,3.06963321402295,6.25118715581459,6.5331373162826,7.75263328961487,1,2
6,26,34,6.1437725111454,3.06963321402295,6.81136634001655,5.45330447655498,7.83484617292328,1,2
6,26,42,6.1437725111454,3.06963321402295,5.19905267253964,6.15825953045131,7.86159056237555,1,2
6,26,43,6.1437725111454,3.06963321402295,4.73481280736233,6.26379237231416,7.45105795348788,1,2
6,26,45,6.1437725111454,3.06963321402295,4.53219747696436,5.79808066615025,7.90847921348439,1,2
6,26,46,6.1437725111454,3.06963321402295,5.89077762089662,5.31549198904942,7.61391091751306,1,2
6,26,49,6.1437725111454,3.06963321402295,6.78426254069517,5.29239377077595,7.65726856820142,1,2
6,26,50,6.1437725111454,3.06963321402295,4.16904662998137,5.92688236611419,7.76511805181875,1,2
6,26,52,6.1437725111454,3.06963321402295,5.99758529746239,5.88528067869027,7.87625416017334,1,2
6,26,53,6.1437725111454,3.06963321402295,5.02082971047786,6.67021241637084,7.72615367817193,1,2
6,26,54,6.1437725111454,3.06963321402295,3.96715029800048,5.65999312273164,7.75622403331022,1,2
6,26,57,6.1437725111454,3.06963321402295,4.21498491606046,6.11287280729818,7.48049689500353,1,2
6,26,59,6.1437725111454,3.06963321402295,4.94243121112814,6.55198108832025,7.89029645594821,1,2
6,26,63,6.1437725111454,3.06963321402295,4.24459285007743,5.26689902212611,7.63206570019628,1,2
6,26,65,6.1437725111454,3.06963321402295,5.17324344916781,5.62163258373791,7.59488883852141,1,2
6,26,71,6.1437725111454,3.06963321402295,4.78475726989606,6.29210218708848,8.00947726378115,1,2
6,26,73,6.1437725111454,3.06963321402295,4.62205881167374,5.5062046109401,7.57156224592277,1,2
6,26,74,6.1437725111454,3.06963321402295,3.48738578380209,5.72895429616487,7.81471110486568,1,2
6,26,77,6.1437725111454,3.06963321402295,6.28452372782134,5.37424280307873,7.88809759356004,1,2
6,26,78,6.1437725111454,3.06963321402295,4.24436108938916,5.88536166515757,7.07029574226758,1,2
6,26,79,6.1437725111454,3.06963321402295,5.28898386905065,6.22227300967051,7.64881434525278,1,2
6,26,81,6.1437725111454,3.06963321402295,3.93074347865468,6.52273236900062,7.96378349142941,1,2
6,26,84,6.1437725111454,3.06963321402295,6.08104031252707,5.09632306539628,7.33581612086633,1,2
6,26,85,6.1437725111454,3.06963321402295,5.56280744951631,5.94026076549771,7.72467782919176,1,2
6,26,86,6.1437725111454,3.06963321402295,3.85920737268135,5.42466265446966,7.66292714954526,1,2
6,26,88,6.1437725111454,3.06963321402295,5.20560065742868,5.05842910955399,7.42082836324572,1,2
6,26,89,6.1437725111454,3.06963321402295,6.35823125139848,6.11095789467198,7.4983175833379,1,2
6,26,90,6.1437725111454,3.06963321402295,5.62489444880912,5.57557515439373,7.64533088215278,1,2
6,27,1,6.1437725111454,3.06963321402295,6.06440563065013,6.18517859337735,7.9493799141395,1,2
6,27,4,6.1437725111454,3.06963321402295,4.67182595801029,5.37755976505721,7.62243820812051,1,2
6,27,5,6.1437725111454,3.06963321402295,5.18806196798524,5.78807592580124,8.01906320706368,1,2
6,27,7,6.1437725111454,3.06963321402295,4.54680003668853,5.96181613838202,7.82786902881227,1,2
6,27,9,6.1437725111454,3.06963321402295,5.01593489951265,5.51399238546915,8.24193456351202,1,2
6,27,13,6.1437725111454,3.06963321402295,6.4034900485219,5.31848869047386,7.98886802551518,1,2
6,27,18,6.1437725111454,3.06963321402295,4.3548630792453,6.19102913962184,7.66266029313472,1,2
6,27,20,6.1437725111454,3.06963321402295,4.26368391462049,4.71194215046098,7.43249841028616,1,2
6,27,21,6.1437725111454,3.06963321402295,4.76475690659283,5.82783022987792,8.3137479300173,1,2
6,27,23,6.1437725111454,3.06963321402295,4.76025065379482,6.27811925755999,7.76631037810688,1,2
6,27,25,6.1437725111454,3.06963321402295,3.97620238108946,5.70238256449199,7.62596134966235,1,2
6,27,26,6.1437725111454,3.06963321402295,6.94743683969015,7.34636935828353,8.20125745418563,1,2
6,27,27,6.1437725111454,3.06963321402295,4.46002195876914,5.66958688691391,7.86297437734611,1,2
6,27,28,6.1437725111454,3.06963321402295,4.50636341220643,5.35485779427179,8.04858230438401,1,2
6,27,30,6.1437725111454,3.06963321402295,5.03925470179879,5.02613817981039,8.07461030439124,1,2
6,27,32,6.1437725111454,3.06963321402295,6.98125355260943,6.06105104032917,8.24099185338288,1,2
6,27,34,6.1437725111454,3.06963321402295,3.78610353438774,6.13939317590239,7.62735230816942,1,2
6,27,35,6.1437725111454,3.06963321402295,2.40589634788771,5.96270612688133,7.95526250248158,1,2
6,27,36,6.1437725111454,3.06963321402295,2.99936304091131,5.1782243281015,7.95425331697739,1,2
6,27,38,6.1437725111454,3.06963321402295,5.16505228296181,6.69107828248076,8.35547434318937,1,2
6,27,39,6.1437725111454,3.06963321402295,3.14208758754541,6.135999752431,7.72993915135329,1,2
6,27,43,6.1437725111454,3.06963321402295,5.36378847812983,5.81314542451097,8.35163921305188,1,2
6,27,44,6.1437725111454,3.06963321402295,3.82915333496608,5.62395694197555,7.43082633188731,1,2
6,27,45,6.1437725111454,3.06963321402295,5.17757778924412,5.9464796234675,7.81062002457944,1,2
6,27,46,6.1437725111454,3.06963321402295,3.41264662366359,5.54678696588448,7.91312813578012,1,2
6,27,47,6.1437725111454,3.06963321402295,3.38120968983298,5.91975611980547,8.15412217824455,1,2
6,27,48,6.1437725111454,3.06963321402295,4.55519813848347,5.81301079686728,8.00458382964992,1,2
6,27,51,6.1437725111454,3.06963321402295,6.09504782625383,5.8250945061869,8.06499583251765,1,2
6,27,52,6.1437725111454,3.06963321402295,4.01168359291955,5.97597900084528,8.17545246465286,1,2
6,27,53,6.1437725111454,3.06963321402295,4.08523736649463,6.68762614512392,7.9444280102464,1,2
6,27,56,6.1437725111454,3.06963321402295,6.80942991498007,4.7720611610381,8.1393618409541,1,2
6,27,57,6.1437725111454,3.06963321402295,3.7257850207812,5.72654297120141,7.83633662531641,1,2
6,27,59,6.1437725111454,3.06963321402295,4.98201941164974,6.25679401631717,7.78990080063086,1,2
6,27,60,6.1437725111454,3.06963321402295,5.27295625520254,6.60871877223696,7.58801340248475,1,2
6,27,61,6.1437725111454,3.06963321402295,5.9800836200304,6.42349439508235,8.09969940062661,1,2
6,27,63,6.1437725111454,3.06963321402295,4.21702409093015,6.22773050573823,8.29023804439734,1,2
6,27,65,6.1437725111454,3.06963321402295,4.42305157083052,6.3104133796586,7.90199578041628,1,2
6,27,68,6.1437725111454,3.06963321402295,4.84837289696785,6.6180353696928,8.09701334340944,1,2
6,27,69,6.1437725111454,3.06963321402295,4.96738137145469,5.30093978141838,7.89625525487356,1,2
6,27,70,6.1437725111454,3.06963321402295,5.7841769277643,6.21021668790549,8.2454328721848,1,2
6,27,73,6.1437725111454,3.06963321402295,2.0873368962312,6.19470155014121,7.72221962281374,1,2
6,27,74,6.1437725111454,3.06963321402295,5.47532991564014,6.9734105874733,8.07567275043132,1,2
6,27,79,6.1437725111454,3.06963321402295,4.98935141343822,6.1623592082576,7.899685166886,1,2
6,27,80,6.1437725111454,3.06963321402295,4.47819457014531,6.4542479858567,7.95320192345493,1,2
6,27,81,6.1437725111454,3.06963321402295,4.48641615177483,7.16064437177593,8.44935831968522,1,2
6,27,85,6.1437725111454,3.06963321402295,3.88339543778078,5.31539717641968,7.63332205852176,1,2
6,27,87,6.1437725111454,3.06963321402295,4.16188760160594,6.14744656516167,7.89823724077277,1,2
6,27,90,6.1437725111454,3.06963321402295,5.05381076758558,6.78324123548943,8.07793276791157,1,2
6,27,91,6.1437725111454,3.06963321402295,6.49584849895151,6.50548874280275,7.98529415188913,1,2
6,27,93,6.1437725111454,3.06963321402295,6.6284087994929,5.54930812523685,7.85879320152233,1,2
6,28,2,6.1437725111454,3.06963321402295,4.68990908701814,5.57018810504255,8.01560300961197,1,2
6,28,3,6.1437725111454,3.06963321402295,4.23599595423098,5.79483521309652,7.7867121157051,1,2
6,28,5,6.1437725111454,3.06963321402295,5.19707847501071,5.95315102554677,8.04192768965095,1,2
6,28,6,6.1437725111454,3.06963321402295,4.19866116323447,6.11547569824919,8.01630890578655,1,2
6,28,8,6.1437725111454,3.06963321402295,4.32496980977643,6.14111299393722,8.36564492870463,1,2
6,28,9,6.1437725111454,3.06963321402295,4.7141702353505,4.85881611209433,7.79599166200175,1,2
6,28,12,6.1437725111454,3.06963321402295,4.70981652796198,4.85315786604489,7.84221070226781,1,2
6,28,15,6.1437725111454,3.06963321402295,6.70551729653249,6.06867276470194,7.85625499742687,1,2
6,28,16,6.1437725111454,3.06963321402295,5.81008189293676,5.97884378149545,8.0700863523481,1,2
6,28,17,6.1437725111454,3.06963321402295,5.63552001151657,5.28656511544589,8.03511906627452,1,2
6,28,18,6.1437725111454,3.06963321402295,3.83074453109577,6.63549597442503,8.2684582355023,1,2
6,28,23,6.1437725111454,3.06963321402295,4.42650134478383,5.4984423872259,8.048633355725,1,2
6,28,24,6.1437725111454,3.06963321402295,4.77850330236257,6.05648585150453,8.22410861979867,1,2
6,28,25,6.1437725111454,3.06963321402295,5.83670164364865,6.18536020252593,8.0363033976102,1,2
6,28,26,6.1437725111454,3.06963321402295,5.95843953588547,5.88483086523285,7.98296373279982,1,2
6,28,27,6.1437725111454,3.06963321402295,4.60975292154495,6.19044804717938,8.06266836224605,1,2
6,28,28,6.1437725111454,3.06963321402295,5.11949618837986,5.87984073735592,7.96219568314859,1,2
6,28,30,6.1437725111454,3.06963321402295,4.39052565352516,5.8789878207178,8.19548149267139,1,2
6,28,32,6.1437725111454,3.06963321402295,5.68150442540587,5.58217743048374,8.33554802801717,1,2
6,28,33,6.1437725111454,3.06963321402295,4.22819062016611,5.44209658484063,8.21358753046522,1,2
6,28,34,6.1437725111454,3.06963321402295,4.17885652401682,7.19799804733768,7.90431325277245,1,2
6,28,35,6.1437725111454,3.06963321402295,5.59506726852463,6.60647689802367,8.39828846160163,1,2
6,28,37,6.1437725111454,3.06963321402295,4.68224892625438,5.67060301930223,7.95011734351318,1,2
6,28,39,6.1437725111454,3.06963321402295,4.23753816679025,5.66518141584619,7.96973162460998,1,2
6,28,41,6.1437725111454,3.06963321402295,5.34822213553862,6.33805894932706,7.80682636496786,1,2
6,28,49,6.1437725111454,3.06963321402295,5.41978898025347,6.95825253811957,8.16437192015813,1,2
6,28,51,6.1437725111454,3.06963321402295,4.25751771272524,6.1080368625594,8.09845239343194,1,2
6,28,53,6.1437725111454,3.06963321402295,4.59295793644249,5.05795922433474,8.09828266551917,1,2
6,28,54,6.1437725111454,3.06963321402295,3.7075046906893,6.78342253304518,8.11630146587551,1,2
6,28,55,6.1437725111454,3.06963321402295,4.35016720929754,6.22944099913576,8.27693598817232,1,2
6,28,56,6.1437725111454,3.06963321402295,7.67911443217723,6.25578013734712,8.41027111748185,1,2
6,28,58,6.1437725111454,3.06963321402295,5.35335248692973,6.65823836748344,7.99033228032328,1,2
6,28,60,6.1437725111454,3.06963321402295,4.41727774695379,5.80115852303031,8.07707519661507,1,2
6,28,63,6.1437725111454,3.06963321402295,3.65536443982514,6.42798670210829,7.78452369606428,1,2
6,28,65,6.1437725111454,3.06963321402295,6.08302982930406,5.45899839514285,8.42074302629175,1,2
6,28,67,6.1437725111454,3.06963321402295,5.18537968392599,5.63115346816091,8.33342642293365,1,2
6,28,70,6.1437725111454,3.06963321402295,5.02567516756037,5.47588460527094,7.86790568099712,1,2
6,28,72,6.1437725111454,3.06963321402295,2.61602307352748,5.75126275709523,7.92641682962817,1,2
6,28,74,6.1437725111454,3.06963321402295,5.59235547237486,6.56492470279935,8.27035822439121,1,2
6,28,77,6.1437725111454,3.06963321402295,5.16455419339056,5.47209832839682,7.95912221207928,1,2
6,28,78,6.1437725111454,3.06963321402295,4.22378003915107,6.117584523713,7.87071228536205,1,2
6,28,82,6.1437725111454,3.06963321402295,6.21102795452417,6.74772023204771,8.46444244146649,1,2
6,29,10,6.1437725111454,3.06963321402295,5.06592674223217,5.92127853513527,8.35849699993528,1,2
6,29,14,6.1437725111454,3.06963321402295,6.22950633931005,6.59879796218158,8.3937482066602,1,2
6,29,16,6.1437725111454,3.06963321402295,4.41002830004594,6.07605899747504,8.24409723230353,1,2
6,29,17,6.1437725111454,3.06963321402295,4.03477958785875,5.39535001855401,7.71567710741248,1,2
6,29,19,6.1437725111454,3.06963321402295,3.91654021302781,6.48017411449541,7.88734866956399,1,2
6,29,21,6.1437725111454,3.06963321402295,5.8693684632577,6.12039794844075,8.02306214746719,1,2
6,29,23,6.1437725111454,3.06963321402295,3.03651362769515,6.21998640843489,7.83133621183891,1,2
6,29,24,6.1437725111454,3.06963321402295,4.19917473825182,5.86259800521156,7.64098584837133,1,2
6,29,31,6.1437725111454,3.06963321402295,3.8890251806655,5.1647753177528,7.58365898526429,1,2
6,29,32,6.1437725111454,3.06963321402295,3.72807445520348,5.45676709357121,7.68592218539965,1,2
6,29,35,6.1437725111454,3.06963321402295,4.49828298279102,6.09400537687558,8.19201580421844,1,2
6,29,36,6.1437725111454,3.06963321402295,4.413899548379,6.12932182222049,8.25278462509889,1,2
6,29,37,6.1437725111454,3.06963321402295,5.95106669434508,6.25522946034319,8.28534703274412,1,2
6,29,38,6.1437725111454,3.06963321402295,5.74888972428358,5.1670835160695,8.31410434250999,1,2
6,29,39,6.1437725111454,3.06963321402295,5.10404142520574,5.73147239568569,7.79320912170283,1,2
6,29,40,6.1437725111454,3.06963321402295,6.1657569914418,5.74975412116722,7.85184016866382,1,2
6,29,42,6.1437725111454,3.06963321402295,5.28454664867434,5.74031795512389,8.06015252115819,1,2
6,29,43,6.1437725111454,3.06963321402295,5.48753179476474,6.09022215515343,8.20100949329053,1,2
6,29,44,6.1437725111454,3.06963321402295,4.91552018029918,6.16691220813752,7.80233592295615,1,2
6,29,46,6.1437725111454,3.06963321402295,6.09763881206064,7.03149559742452,8.31153306891469,1,2
6,29,48,6.1437725111454,3.06963321402295,4.43230213221162,5.38567753334337,7.55207715429147,1,2
6,29,50,6.1437725111454,3.06963321402295,4.96423647826695,5.4967282459971,7.81699345531766,1,2
6,29,51,6.1437725111454,3.06963321402295,5.18719636432743,6.49031369654777,8.15865017814229,1,2
6,29,52,6.1437725111454,3.06963321402295,6.44189770471842,6.77240594066277,7.94771310398828,1,2
6,29,55,6.1437725111454,3.06963321402295,5.59829900386994,6.37078862749311,8.00087766349413,1,2
6,29,56,6.1437725111454,3.06963321402295,4.90785454356433,6.37847112344708,7.9179425405314,1,2
6,29,57,6.1437725111454,3.06963321402295,5.41768233957749,6.0554504929477,7.74475613461546,1,2
6,29,58,6.1437725111454,3.06963321402295,5.24687488779419,6.09355068585714,8.18373583483303,1,2
6,29,60,6.1437725111454,3.06963321402295,4.68710289554523,5.87812602891726,8.16840061728879,1,2
6,29,61,6.1437725111454,3.06963321402295,4.41764003701774,6.83312966629622,7.94465533748927,1,2
6,29,63,6.1437725111454,3.06963321402295,5.53316156235635,5.17168393874409,7.85052230045375,1,2
6,29,64,6.1437725111454,3.06963321402295,2.83176979876549,5.67057513434981,8.2699703144351,1,2
6,29,65,6.1437725111454,3.06963321402295,5.07160096291254,6.47162657228589,8.21283222483509,1,2
6,29,70,6.1437725111454,3.06963321402295,5.9489353369771,5.28451763175157,7.50397594564136,1,2
6,29,71,6.1437725111454,3.06963321402295,4.03880414687051,6.08951404610775,7.82124174287143,1,2
6,29,73,6.1437725111454,3.06963321402295,5.40334205703947,6.73141562448164,8.10964075007214,1,2
6,29,74,6.1437725111454,3.06963321402295,4.94455782303467,5.56557152268799,7.98656985297788,1,2
6,29,75,6.1437725111454,3.06963321402295,2.91885461966657,6.32447602812239,7.90096320126698,1,2
6,29,76,6.1437725111454,3.06963321402295,5.9867554261909,7.03026388669677,8.31101798994966,1,2
6,29,77,6.1437725111454,3.06963321402295,5.3633358193204,5.46841431501823,8.27125133604552,1,2
6,29,78,6.1437725111454,3.06963321402295,5.00985459345896,6.59996602452558,8.15121452303465,1,2
6,29,80,6.1437725111454,3.06963321402295,5.92036112269384,6.7384286385386,8.33401062543458,1,2
6,29,81,6.1437725111454,3.06963321402295,5.01070219936171,6.30768359595362,7.79583996971476,1,2
6,29,83,6.1437725111454,3.06963321402295,5.56915178155299,5.93467609095531,7.99234297628445,1,2
6,29,84,6.1437725111454,3.06963321402295,4.54400684377021,6.00302009509152,8.18801326364812,1,2
6,30,3,6.1437725111454,3.06963321402295,4.66079411084108,6.24316314574793,7.83227430436164,1,2
6,30,4,6.1437725111454,3.06963321402295,3.83136122779001,5.82315162897149,7.97382236987343,1,2
6,30,7,6.1437725111454,3.06963321402295,5.11510915022746,6.19728612021302,8.03947377411642,1,2
6,30,8,6.1437725111454,3.06963321402295,5.75328409288679,6.35606267852728,8.35325664001423,1,2
6,30,9,6.1437725111454,3.06963321402295,4.87792624232541,6.11219699617149,8.05431161218207,1,2
6,30,10,6.1437725111454,3.06963321402295,4.93068488715994,6.34742564097598,8.20505480688012,1,2
6,30,15,6.1437725111454,3.06963321402295,5.47241959360194,5.44465055274672,8.2422685420356,1,2
6,30,16,6.1437725111454,3.06963321402295,4.77644889510282,6.54173234104213,8.25959390698011,1,2
6,30,17,6.1437725111454,3.06963321402295,6.30497471156353,5.63227407224128,7.90451246873936,1,2
6,30,18,6.1437725111454,3.06963321402295,5.6699157371982,5.76155896488901,7.95443710255904,1,2
6,30,20,6.1437725111454,3.06963321402295,4.28203580780801,6.46885105877555,8.37788527744683,1,2
6,30,21,6.1437725111454,3.06963321402295,5.25594392735978,5.70162672138194,8.38854531595111,1,2
6,30,22,6.1437725111454,3.06963321402295,5.80210887925623,5.88518088733868,8.23104355112983,1,2
6,30,23,6.1437725111454,3.06963321402295,6.42482035417906,5.31460844333306,8.25771786962647,1,2
6,30,27,6.1437725111454,3.06963321402295,5.1210599673544,6.54883786685538,8.19676855938564,1,2
6,30,30,6.1437725111454,3.06963321402295,4.55288426285725,6.22956074772226,8.19411523688998,1,2
6,30,34,6.1437725111454,3.06963321402295,4.80390487822197,6.14131550949139,8.57991388004115,1,2
6,30,35,6.1437725111454,3.06963321402295,4.35962692517524,5.82285502883959,7.84937465049764,1,2
6,30,37,6.1437725111454,3.06963321402295,4.74870185181301,7.30158643757094,8.65365007562994,1,2
6,30,38,6.1437725111454,3.06963321402295,5.68242284369429,5.57222955586748,8.2722188149283,1,2
6,30,39,6.1437725111454,3.06963321402295,5.57367252564704,5.94390267989952,8.2429232407684,1,2
6,30,40,6.1437725111454,3.06963321402295,5.95837941939072,6.17402923999503,8.43968579477747,1,2
6,30,43,6.1437725111454,3.06963321402295,3.95666017143442,5.02391705710084,7.79807628317022,1,2
6,30,44,6.1437725111454,3.06963321402295,4.55969660870877,6.42914186832393,8.26500686032073,1,2
6,30,45,6.1437725111454,3.06963321402295,5.11780771193835,6.25494103366937,8.48847825700954,1,2
6,30,47,6.1437725111454,3.06963321402295,4.1716560952608,5.2266256295934,8.11923797679016,1,2
6,30,50,6.1437725111454,3.06963321402295,5.02392097490871,7.09082517062446,8.37934439140141,1,2
6,30,51,6.1437725111454,3.06963321402295,4.20516022436973,5.77960041876042,8.30277751500815,1,2
6,30,53,6.1437725111454,3.06963321402295,3.61597402153995,6.35600665206223,8.28525215714493,1,2
6,30,54,6.1437725111454,3.06963321402295,4.47695989188215,5.97587095628503,8.07971426294568,1,2
6,30,56,6.1437725111454,3.06963321402295,4.72845945130076,4.94131255239988,7.86386137327915,1,2
6,30,57,6.1437725111454,3.06963321402295,4.76010452469275,5.20655336067871,8.20177710791203,1,2
6,30,59,6.1437725111454,3.06963321402295,5.6136317555382,5.44201946327369,8.31266656671764,1,2
6,30,62,6.1437725111454,3.06963321402295,3.98388084671886,6.049961772775,7.76621425778666,1,2
6,30,63,6.1437725111454,3.06963321402295,5.1152310119403,5.82774414612607,8.27890800553115,1,2
6,30,64,6.1437725111454,3.06963321402295,4.64323744787255,6.06686843776293,8.2963848168577,1,2
6,30,66,6.1437725111454,3.06963321402295,4.38294857896665,5.76034604563498,7.7629468770029,1,2
6,30,68,6.1437725111454,3.06963321402295,3.84179829127994,6.44860121564548,8.36787141316569,1,2
6,30,69,6.1437725111454,3.06963321402295,3.28870348575601,5.49345429697771,7.43735931200277,1,2
6,30,72,6.1437725111454,3.06963321402295,3.05482256179671,5.93089693214414,7.99422698379227,1,2
6,31,5,6.1437725111454,3.06963321402295,5.84130818694668,5.85788251757203,8.088006519031,1,2
6,31,6,6.1437725111454,3.06963321402295,4.05459923997117,7.02365308483667,8.58309202489331,1,2
6,31,7,6.1437725111454,3.06963321402295,4.32629621823029,5.81016883615331,8.12463757166481,1,2
6,31,8,6.1437725111454,3.06963321402295,5.47498585230204,7.0480972209153,8.36192475152207,1,2
6,31,10,6.1437725111454,3.06963321402295,6.02148394294462,6.43191845348801,8.94320612151582,1,2
6,31,11,6.1437725111454,3.06963321402295,1.97832190698096,6.16864513960351,8.39442582974337,1,2
6,31,12,6.1437725111454,3.06963321402295,6.01269981352318,6.41931714299506,8.32765204304715,1,2
6,31,14,6.1437725111454,3.06963321402295,4.21263014966639,5.93874518296013,7.97391289170783,1,2
6,31,16,6.1437725111454,3.06963321402295,5.35915531646106,5.23701749443188,8.25351439375737,1,2
6,31,19,6.1437725111454,3.06963321402295,6.08404503318161,7.31244651281226,8.39276370069504,1,2
6,31,24,6.1437725111454,3.06963321402295,4.96356190762453,4.96988302010803,8.49489487374683,1,2
6,31,26,6.1437725111454,3.06963321402295,6.15673907047654,5.37824787187644,8.63490325783141,1,2
6,31,28,6.1437725111454,3.06963321402295,5.19194546762232,5.61470953106018,8.51854171329041,1,2
6,31,29,6.1437725111454,3.06963321402295,5.83990714775233,5.79270922258291,8.71986673380982,1,2
6,31,30,6.1437725111454,3.06963321402295,6.2293704695994,6.22168277779617,8.58436764928306,1,2
6,31,31,6.1437725111454,3.06963321402295,4.95579350962937,5.54087713975057,8.39471462683679,1,2
6,31,32,6.1437725111454,3.06963321402295,5.4957482385221,5.42371327021062,7.98830871066599,1,2
6,31,33,6.1437725111454,3.06963321402295,4.06893278297398,5.82363945497151,8.2450885162906,1,2
6,31,34,6.1437725111454,3.06963321402295,5.32181025803957,6.57223275546361,8.93909308383417,1,2
6,31,36,6.1437725111454,3.06963321402295,5.32825003853012,6.24135767031642,8.7145090952033,1,2
6,31,38,6.1437725111454,3.06963321402295,4.27521379752315,5.75093556929201,8.85686875303825,1,2
6,31,40,6.1437725111454,3.06963321402295,5.04521236685398,4.86323475275533,8.39743267494539,1,2
6,31,41,6.1437725111454,3.06963321402295,4.10143357160836,6.2079390682159,8.27636425791791,1,2
6,31,42,6.1437725111454,3.06963321402295,4.52898406017201,5.72218507916908,8.15328799833536,1,2
6,31,43,6.1437725111454,3.06963321402295,5.80896563158168,6.6662308265803,8.89964756009626,1,2
6,31,44,6.1437725111454,3.06963321402295,3.98526826629594,5.84857425288593,7.95598622459636,1,2
6,31,50,6.1437725111454,3.06963321402295,4.92594747036703,4.95733754691317,8.26797631382554,1,2
6,31,53,6.1437725111454,3.06963321402295,4.8309622550725,6.94507489352932,8.21587892785519,1,2
6,31,54,6.1437725111454,3.06963321402295,6.23878684983962,6.29342245916088,8.75820756193072,1,2
6,31,57,6.1437725111454,3.06963321402295,4.48575033324929,5.79839840591566,8.43881851057658,1,2
6,31,58,6.1437725111454,3.06963321402295,6.37173750466638,6.20278964793324,8.30258567877284,1,2
6,31,61,6.1437725111454,3.06963321402295,4.51470550888116,5.51737269586908,8.23499312751979,1,2
6,31,63,6.1437725111454,3.06963321402295,4.4432784618535,5.82546668566173,8.53472684334829,1,2
6,31,65,6.1437725111454,3.06963321402295,6.19608591304533,6.24514953874966,8.64801108721182,1,2
6,31,67,6.1437725111454,3.06963321402295,6.33984300519093,5.99629423566814,8.72432322213156,1,2
6,31,68,6.1437725111454,3.06963321402295,5.94573957713894,6.62617118336988,8.05781382520811,1,2
6,31,70,6.1437725111454,3.06963321402295,5.33685909189362,6.53904337551739,8.50809494659956,1,2
6,31,71,6.1437725111454,3.06963321402295,3.67038720245336,5.85545443552917,8.28213373615817,1,2
6,31,72,6.1437725111454,3.06963321402295,5.57912380415991,5.53359621279374,8.47069291270734,1,2
6,31,73,6.1437725111454,3.06963321402295,5.84440712611224,5.83813286726837,8.26670114077637,1,2
6,31,75,6.1437725111454,3.06963321402295,6.06539388412132,6.90085400673966,8.78553278398743,1,2
6,31,76,6.1437725111454,3.06963321402295,5.00677692684651,6.00928958792312,8.29586529507004,1,2
6,31,78,6.1437725111454,3.06963321402295,4.41105517685534,6.38103349336481,8.44696252487379,1,2
6,31,79,6.1437725111454,3.06963321402295,4.86427944819484,6.14793577298599,8.39778142034208,1,2
6,31,81,6.1437725111454,3.06963321402295,4.9809625267848,6.16244219447462,8.27616907669823,1,2
6,31,86,6.1437725111454,3.06963321402295,4.38471807383059,5.2596365653169,8.37013647894641,1,2
6,31,87,6.1437725111454,3.06963321402295,5.98900744016462,5.91803148052182,9.02411745343537,1,2
6,31,91,6.1437725111454,3.06963321402295,4.14106567655464,5.55420474924645,7.975833282498,1,2
6,31,93,6.1437725111454,3.06963321402295,5.62376274371313,6.10860083380791,8.09630426153891,1,2
6,31,94,6.1437725111454,3.06963321402295,3.22496086889778,5.91987975871932,8.19088742714357,1,2
6,32,2,6.1437725111454,3.06963321402295,5.02804533650172,5.27799555892101,8.53820899127148,1,2
6,32,3,6.1437725111454,3.06963321402295,3.85581690416661,5.44050117712045,8.18808954678754,1,2
6,32,4,6.1437725111454,3.06963321402295,4.17428284169436,5.94000011575037,8.14056097320025,1,2
6,32,5,6.1437725111454,3.06963321402295,4.15228301504479,5.97297608883226,7.7611602105818,1,2
6,32,7,6.1437725111454,3.06963321402295,6.05921039502291,6.0168660875105,8.59761611366324,1,2
6,32,8,6.1437725111454,3.06963321402295,5.29286424155692,5.42374523257302,8.14609261604709,1,2
6,32,9,6.1437725111454,3.06963321402295,5.40293565422424,6.59529140117546,8.46527168087096,1,2
6,32,10,6.1437725111454,3.06963321402295,5.28906250437305,5.7807003863735,8.33736637615623,1,2
6,32,13,6.1437725111454,3.06963321402295,3.54577947148447,6.36096028204725,7.94734413152823,1,2
6,32,17,6.1437725111454,3.06963321402295,5.32303336611264,6.71663873720234,8.68149882900205,1,2
6,32,19,6.1437725111454,3.06963321402295,6.57277874486633,5.30879854242096,8.59236397404122,1,2
6,32,21,6.1437725111454,3.06963321402295,5.70565779852663,6.2508441087656,8.17306926378527,1,2
6,32,25,6.1437725111454,3.06963321402295,5.13333713948892,6.48490780206707,8.36916540935622,1,2
6,32,27,6.1437725111454,3.06963321402295,4.00850418276162,6.44915250585893,8.45052877439449,1,2
6,32,28,6.1437725111454,3.06963321402295,5.14346466911571,5.49520929508445,8.42885600645707,1,2
6,32,31,6.1437725111454,3.06963321402295,4.33992459826039,6.16673661795938,8.34719603537028,1,2
6,32,35,6.1437725111454,3.06963321402295,4.69632494721687,6.49792493050274,8.75228698040906,1,2
6,32,36,6.1437725111454,3.06963321402295,5.86821236385362,5.62334954788026,8.5497205274921,1,2
6,32,37,6.1437725111454,3.06963321402295,4.48468145914426,6.28331157862876,8.2228651561287,1,2
6,32,41,6.1437725111454,3.06963321402295,4.82103191995176,6.24906437366409,8.44827944324627,1,2
6,32,48,6.1437725111454,3.06963321402295,3.63641428962383,6.35452976294188,8.19692504418101,1,2
6,32,49,6.1437725111454,3.06963321402295,5.64777579864938,6.50326762139024,8.58653671029086,1,2
6,32,52,6.1437725111454,3.06963321402295,5.80376568133498,5.29931822928746,8.47109872673814,1,2
6,32,53,6.1437725111454,3.06963321402295,6.30584807222691,6.2043111652276,8.43351225840102,1,2
6,32,56,6.1437725111454,3.06963321402295,6.17560155793838,5.72400865649215,8.33220768367313,1,2
6,32,59,6.1437725111454,3.06963321402295,4.7627744132556,5.67684018703101,7.97178361046695,1,2
6,32,60,6.1437725111454,3.06963321402295,8.70140194623875,5.0428910361798,8.52705614443582,1,2
6,32,61,6.1437725111454,3.06963321402295,7.26275188360078,5.7399888918941,8.76357077968838,1,2
6,32,64,6.1437725111454,3.06963321402295,5.06317861707162,6.19440002953987,8.92126373847028,1,2
6,32,65,6.1437725111454,3.06963321402295,4.80122490050353,6.00075852929367,9.15604151864793,1,2
6,32,66,6.1437725111454,3.06963321402295,5.19703110433888,5.79064728237451,8.41244444701204,1,2
6,32,68,6.1437725111454,3.06963321402295,5.79699472757295,5.35049886978622,8.53056432787098,1,2
6,32,73,6.1437725111454,3.06963321402295,3.66490921665084,6.49105460718192,7.9825142705925,1,2
6,32,75,6.1437725111454,3.06963321402295,6.09326978674584,6.01707348880866,8.60768262578943,1,2
6,32,76,6.1437725111454,3.06963321402295,5.95343668166612,5.98606100448988,8.66432667827407,1,2
6,32,78,6.1437725111454,3.06963321402295,5.26684145167823,5.85468967870421,8.41872732025336,1,2
6,32,81,6.1437725111454,3.06963321402295,4.68716196624796,5.26880319859557,8.03018368201897,1,2
6,32,82,6.1437725111454,3.06963321402295,3.47440788926917,5.50527275802251,8.26045285750552,1,2
6,32,83,6.1437725111454,3.06963321402295,4.20252861498256,6.97119942888305,8.29199145927274,1,2
6,32,84,6.1437725111454,3.06963321402295,7.26810101240004,5.73377348149105,8.42165870747331,1,2
6,32,89,6.1437725111454,3.06963321402295,5.54747618197439,6.14379578366113,8.31101513215166,1,2
6,32,90,6.1437725111454,3.06963321402295,6.20199851059157,6.2899645732035,8.63549695204602,1,2
6,32,91,6.1437725111454,3.06963321402295,5.14119246262403,4.7791710320836,8.15865504414465,1,2
6,32,93,6.1437725111454,3.06963321402295,6.13272440190524,5.21500153155131,8.24945120350656,1,2
6,32,94,6.1437725111454,3.06963321402295,5.73192837821588,5.57965080900886,8.60419267851135,1,2
6,32,95,6.1437725111454,3.06963321402295,4.93863460524758,6.65749056044551,8.78093953098131,1,2
6,32,96,6.1437725111454,3.06963321402295,4.57788397341381,5.58102736913837,8.68393099361857,1,2
6,33,3,6.1437725111454,3.06963321402295,4.11642886755048,6.68660968062328,8.49972594380492,1,2
6,33,5,6.1437725111454,3.06963321402295,3.56353420332803,6.70605734826226,8.57486890697897,1,2
6,33,10,6.1437725111454,3.06963321402295,6.28794515173766,5.66092365469004,8.57250874333992,1,2
6,33,11,6.1437725111454,3.06963321402295,4.43391042048824,6.1259899456135,8.53126130728511,1,2
6,33,13,6.1437725111454,3.06963321402295,4.4797030297575,6.48434124109934,8.43006534594974,1,2
6,33,15,6.1437725111454,3.06963321402295,5.31815150713906,5.5030965594775,8.62048558119387,1,2
6,33,16,6.1437725111454,3.06963321402295,4.91618311689134,5.84154332247072,8.51075105603002,1,2
6,33,17,6.1437725111454,3.06963321402295,5.61207763084398,4.98767882330886,8.84386489254605,1,2
6,33,19,6.1437725111454,3.06963321402295,3.29560630889593,5.72147238090664,8.46374147849803,1,2
6,33,20,6.1437725111454,3.06963321402295,6.57198326887163,6.63711965449004,8.46029650443106,1,2
6,33,21,6.1437725111454,3.06963321402295,4.27331459521088,6.30144956178086,8.33690565557013,1,2
6,33,22,6.1437725111454,3.06963321402295,5.06845448713234,6.47834446674251,8.80170933757867,1,2
6,33,24,6.1437725111454,3.06963321402295,5.38396930276019,5.72764023481735,8.79885102926209,1,2
6,33,25,6.1437725111454,3.06963321402295,5.13653478415329,6.09010347697481,8.78691874023603,1,2
6,33,26,6.1437725111454,3.06963321402295,4.87127997034597,5.18262040087381,8.38228067442911,1,2
6,33,27,6.1437725111454,3.06963321402295,6.54557224250931,5.79759481480744,8.37738772936344,1,2
6,33,29,6.1437725111454,3.06963321402295,5.7393509819639,5.64739996217597,8.59559727642347,1,2
6,33,30,6.1437725111454,3.06963321402295,5.33402769028568,6.71223032326842,8.54061259032022,1,2
6,33,34,6.1437725111454,3.06963321402295,5.79006850493527,5.66468051433834,8.49029094412445,1,2
6,33,35,6.1437725111454,3.06963321402295,7.37410708776249,6.22179938749164,8.63151929615215,1,2
6,33,37,6.1437725111454,3.06963321402295,3.65835008052709,6.19758711457147,8.48133882533079,1,2
6,33,40,6.1437725111454,3.06963321402295,5.1163567474533,6.33827183834235,8.80539866335129,1,2
6,33,42,6.1437725111454,3.06963321402295,5.44524880109587,5.38772611937449,8.76045573229191,1,2
6,33,43,6.1437725111454,3.06963321402295,4.4503915973502,5.91018864874512,8.2823774193458,1,2
6,33,44,6.1437725111454,3.06963321402295,5.39378392896595,5.57605375693357,8.29188854431272,1,2
6,33,45,6.1437725111454,3.06963321402295,3.8482906478368,6.53476831115736,8.43158311624435,1,2
6,33,46,6.1437725111454,3.06963321402295,3.53261971833918,6.22910602416826,8.44926780054843,1,2
6,33,47,6.1437725111454,3.06963321402295,5.23875258223974,5.86855526416846,8.59059422187824,1,2
6,33,51,6.1437725111454,3.06963321402295,5.15350066342993,5.43934556698825,8.22788070034025,1,2
6,33,52,6.1437725111454,3.06963321402295,4.75987755550479,6.48705302816197,8.13107495337629,1,2
6,33,53,6.1437725111454,3.06963321402295,3.98937501952825,6.34577366576508,8.71502892291842,1,2
6,33,56,6.1437725111454,3.06963321402295,4.97992617580588,5.4745664381774,8.13682955427372,1,2
6,33,62,6.1437725111454,3.06963321402295,4.35936172957108,6.21021668848654,8.35381875202342,1,2
6,33,63,6.1437725111454,3.06963321402295,4.88654714960158,6.57077615737446,8.23889866018867,1,2
6,33,65,6.1437725111454,3.06963321402295,6.45856174346431,5.56812703348828,8.49418048192698,1,2
6,33,66,6.1437725111454,3.06963321402295,4.06797530336709,5.15375865434744,8.14352521807014,1,2
6,33,67,6.1437725111454,3.06963321402295,5.18141318313576,6.64033417196617,9.23191153399283,1,2
6,33,70,6.1437725111454,3.06963321402295,4.13893379920582,5.56658903345724,8.52858889246208,1,2
6,33,71,6.1437725111454,3.06963321402295,4.6450160354534,5.91261551386266,8.20834425011445,1,2
6,33,74,6.1437725111454,3.06963321402295,3.52817932932891,5.67247430171046,8.11375544794,1,2
6,33,76,6.1437725111454,3.06963321402295,5.90558439323214,6.08439602691214,8.41074017430679,1,2
6,33,77,6.1437725111454,3.06963321402295,4.97030142160295,5.67613336656561,8.80493610254867,1,2
6,34,1,6.1437725111454,3.06963321402295,6.27527468803839,6.03002788435165,8.95326089251755,1,2
6,34,2,6.1437725111454,3.06963321402295,6.25452804063259,5.3525420235943,8.53851032889125,1,2
6,34,4,6.1437725111454,3.06963321402295,5.63693706721566,6.78961794603772,8.59100626596559,1,2
6,34,5,6.1437725111454,3.06963321402295,3.29825763870509,6.08623211321637,8.21291034391317,1,2
6,34,8,6.1437725111454,3.06963321402295,5.64914770844563,5.85349246990337,9.07208207975772,1,2
6,34,9,6.1437725111454,3.06963321402295,5.93173244675187,6.25464236819554,9.14300290673631,1,2
6,34,11,6.1437725111454,3.06963321402295,3.01377367691381,6.22416140214357,8.24137432868893,1,2
6,34,12,6.1437725111454,3.06963321402295,4.74591015885561,6.29377302749092,9.0274595459256,1,2
6,34,13,6.1437725111454,3.06963321402295,4.15682476477659,6.26313816454157,8.41304416735004,1,2
6,34,15,6.1437725111454,3.06963321402295,4.12430635758554,5.75576740510059,8.43478608124343,1,2
6,34,16,6.1437725111454,3.06963321402295,4.8623257397092,6.20635721161132,8.65945616628465,1,2
6,34,17,6.1437725111454,3.06963321402295,5.70298584700971,5.8149416922933,8.72451475789097,1,2
6,34,18,6.1437725111454,3.06963321402295,5.51728441765702,6.3187914724785,8.35699678393349,1,2
6,34,19,6.1437725111454,3.06963321402295,5.17782996445594,6.14344625137496,8.96127482877113,1,2
6,34,21,6.1437725111454,3.06963321402295,3.65352105708079,6.42068233983074,8.07016131573328,1,2
6,34,25,6.1437725111454,3.06963321402295,4.842345238154,5.91193355456264,8.11944961731014,1,2
6,34,27,6.1437725111454,3.06963321402295,3.69713647046209,5.4957562154247,8.74024296356186,1,2
6,34,29,6.1437725111454,3.06963321402295,4.3179579837388,6.34058412532082,7.90477218262027,1,2
6,34,31,6.1437725111454,3.06963321402295,4.95501772233066,6.14276039174463,8.71389171502184,1,2
6,34,32,6.1437725111454,3.06963321402295,4.89501111767831,6.30156122697442,8.42323662440793,1,2
6,34,33,6.1437725111454,3.06963321402295,4.25398747697822,6.50483842351445,8.50027016605471,1,2
6,34,35,6.1437725111454,3.06963321402295,5.42506933336779,6.6302177772133,8.05779326941264,1,2
6,34,37,6.1437725111454,3.06963321402295,4.56076632223662,5.5824062806387,8.81843145451224,1,2
6,34,38,6.1437725111454,3.06963321402295,4.8028980710395,6.08478639440124,7.95632609856478,1,2
6,34,39,6.1437725111454,3.06963321402295,6.11922985851072,6.70814182239862,8.26732052357338,1,2
6,34,41,6.1437725111454,3.06963321402295,7.89639416799653,6.40071781220483,8.69870314217004,1,2
6,34,43,6.1437725111454,3.06963321402295,5.15621197628777,7.17622971130762,8.40365078472358,1,2
6,34,45,6.1437725111454,3.06963321402295,3.65232318146131,6.62886315271577,8.45516178962846,1,2
6,34,49,6.1437725111454,3.06963321402295,4.0781034670895,6.55077325611307,9.29001416644464,1,2
6,34,52,6.1437725111454,3.06963321402295,5.00691075973472,5.60985539599956,8.69760785638093,1,2
6,34,62,6.1437725111454,3.06963321402295,3.61578533263477,5.83306754092096,8.3599640330869,1,2
6,35,1,6.1437725111454,3.06963321402295,5.05148552538932,6.5200184911094,8.35389378023248,1,2
6,35,2,6.1437725111454,3.06963321402295,6.29496301276666,6.17128165191003,8.74581887258322,1,2
6,35,3,6.1437725111454,3.06963321402295,4.59868456266226,5.86931089523657,8.19975063386675,1,2
6,35,7,6.1437725111454,3.06963321402295,4.3014965254955,6.12507417304509,8.03451100256802,1,2
6,35,11,6.1437725111454,3.06963321402295,6.83730284269039,6.44838061868752,8.49449214018152,1,2
6,35,12,6.1437725111454,3.06963321402295,4.09916122631922,5.10531572154002,8.58506492112595,1,2
6,35,14,6.1437725111454,3.06963321402295,5.12498942783259,5.02533521840139,8.58518156520035,1,2
6,35,16,6.1437725111454,3.06963321402295,4.98834752355753,6.00681506384162,8.37924975644683,1,2
6,35,18,6.1437725111454,3.06963321402295,4.10764363467748,6.70407485906553,9.39210893081707,1,2
6,35,20,6.1437725111454,3.06963321402295,4.65130001901792,5.19176464683241,8.64886407917858,1,2
6,35,21,6.1437725111454,3.06963321402295,5.91949111432962,6.35854185385364,8.01963498608437,1,2
6,35,22,6.1437725111454,3.06963321402295,4.84107246515239,6.924135518053,8.44110525016107,1,2
6,35,23,6.1437725111454,3.06963321402295,5.25000149841549,4.71947963885961,8.32731113341482,1,2
6,35,27,6.1437725111454,3.06963321402295,4.08577177643755,5.08542305435319,8.7391433069498,1,2
6,35,29,6.1437725111454,3.06963321402295,5.75754062289308,6.02461309420321,9.02923271346333,1,2
6,35,30,6.1437725111454,3.06963321402295,4.22153277875953,5.87686750946184,8.88645365391054,1,2
6,35,31,6.1437725111454,3.06963321402295,5.25208950808439,6.09692017943291,8.59081906133165,1,2
6,35,32,6.1437725111454,3.06963321402295,4.96634566674398,6.95389719324831,8.39835388752178,1,2
6,35,34,6.1437725111454,3.06963321402295,5.05421614944349,6.54057151494772,8.53966916400734,1,2
6,35,35,6.1437725111454,3.06963321402295,3.34908563320407,6.86384361508544,8.23876550719676,1,2
6,35,40,6.1437725111454,3.06963321402295,4.54819250735884,6.25200284651822,8.87939591342773,1,2
6,35,41,6.1437725111454,3.06963321402295,5.51494002823421,6.34917138578553,8.97877792109658,1,2
6,35,44,6.1437725111454,3.06963321402295,6.39335558680013,5.92584447307017,8.61934028088362,1,2
6,35,47,6.1437725111454,3.06963321402295,4.12845656999898,5.98623331214117,8.4533126279898,1,2
6,35,48,6.1437725111454,3.06963321402295,3.1159374442483,6.38537321419752,8.43508035818639,1,2
6,35,51,6.1437725111454,3.06963321402295,5.58886218106993,6.02574397914191,8.63974496563441,1,2
6,35,54,6.1437725111454,3.06963321402295,6.16368379861143,5.08622958059112,8.2500433489445,1,2
6,35,56,6.1437725111454,3.06963321402295,6.10413466164314,5.93397637997154,8.74940881694854,1,2
6,35,57,6.1437725111454,3.06963321402295,6.48602249979803,5.61836622569013,9.31277474019959,1,2
6,35,58,6.1437725111454,3.06963321402295,4.07513796707998,5.84970325576957,8.68899153201331,1,2
6,35,59,6.1437725111454,3.06963321402295,4.93647430638575,6.29996316387885,8.21195392433839,1,2
6,35,60,6.1437725111454,3.06963321402295,4.48710708479525,6.22423376710233,8.35552811167372,1,2
6,35,65,6.1437725111454,3.06963321402295,5.05189439323591,5.59049307569042,8.63029740852487,1,2
6,35,68,6.1437725111454,3.06963321402295,6.22232838348709,5.49311445130145,8.66946287332746,1,2
6,35,71,6.1437725111454,3.06963321402295,4.40083623456121,5.86933369726565,8.66475042036771,1,2
6,35,72,6.1437725111454,3.06963321402295,4.55364903554524,5.48021173905284,8.92189472039617,1,2
6,35,75,6.1437725111454,3.06963321402295,2.26785774005442,6.33706347716599,8.11331163964384,1,2
6,35,78,6.1437725111454,3.06963321402295,5.89292150894625,5.93748813235997,9.0085883324714,1,2
6,35,79,6.1437725111454,3.06963321402295,3.63959166063681,5.9400253682631,8.23293979910003,1,2
6,35,82,6.1437725111454,3.06963321402295,5.6513329958632,5.92460707403865,8.4721330316172,1,2
6,35,83,6.1437725111454,3.06963321402295,3.11145743815549,6.22651063086271,8.02285361829332,1,2
6,35,85,6.1437725111454,3.06963321402295,4.64831805064614,5.17342871939893,8.26090697432124,1,2
6,35,87,6.1437725111454,3.06963321402295,4.44087333066948,5.68404712608266,8.61273055694731,1,2
6,35,88,6.1437725111454,3.06963321402295,5.43190232270741,5.35702924536233,8.01501509585529,1,2
6,35,89,6.1437725111454,3.06963321402295,4.40754143119082,6.55459865528597,8.50761971713018,1,2
6,35,91,6.1437725111454,3.06963321402295,5.22347721337128,6.44348872797637,8.39815576678378,1,2
6,36,3,6.1437725111454,3.06963321402295,5.64243119358878,6.55216688579696,8.91039944142928,1,2
6,36,4,6.1437725111454,3.06963321402295,2.92042135992533,6.17119501360905,8.52687064271626,1,2
6,36,5,6.1437725111454,3.06963321402295,5.67092247787193,6.33427801695202,8.87797378913504,1,2
6,36,9,6.1437725111454,3.06963321402295,4.46902852571665,6.16684802882833,8.89678583039285,1,2
6,36,11,6.1437725111454,3.06963321402295,5.80122568778303,5.84184731273268,8.85091416603833,1,2
6,36,12,6.1437725111454,3.06963321402295,4.64166159329797,5.65094742160663,8.64100344078107,1,2
6,36,13,6.1437725111454,3.06963321402295,4.15910706016437,6.46565566325776,8.65880653685481,1,2
6,36,15,6.1437725111454,3.06963321402295,4.85472480800844,6.39064671234314,8.32980101028935,1,2
6,36,18,6.1437725111454,3.06963321402295,5.53879194440456,7.16769980575617,8.5622134181562,1,2
6,36,19,6.1437725111454,3.06963321402295,2.82194895724178,5.13856271501373,7.85732412506159,1,2
6,36,20,6.1437725111454,3.06963321402295,4.33988764069103,6.10600580842207,8.72359733676192,1,2
6,36,21,6.1437725111454,3.06963321402295,4.66380144123075,5.94227199461355,9.03354805482931,1,2
6,36,22,6.1437725111454,3.06963321402295,4.07634117802909,7.32019218924077,8.67360773790647,1,2
6,36,23,6.1437725111454,3.06963321402295,4.39421036667226,6.44622431243786,8.5624404341056,1,2
6,36,24,6.1437725111454,3.06963321402295,5.84140650047678,5.32477394282503,8.73906699509215,1,2
6,36,25,6.1437725111454,3.06963321402295,5.76530673411848,6.45048028670855,8.94256552771129,1,2
6,36,27,6.1437725111454,3.06963321402295,6.3582957687097,5.77172085359061,9.30802863727665,1,2
6,36,28,6.1437725111454,3.06963321402295,5.76375003710515,6.27697341261426,8.4347055365146,1,2
6,36,31,6.1437725111454,3.06963321402295,3.62792362967559,5.64930107257507,8.27599385487101,1,2
6,36,33,6.1437725111454,3.06963321402295,3.13495849409322,5.61738637478531,8.36068956640182,1,2
6,36,34,6.1437725111454,3.06963321402295,5.79651638337875,6.29306550784674,8.12619030723817,1,2
6,36,35,6.1437725111454,3.06963321402295,6.6905826516191,5.81810259359193,8.94536326853002,1,2
6,36,38,6.1437725111454,3.06963321402295,6.008510661475,6.07581937362553,8.83591609493263,1,2
6,36,46,6.1437725111454,3.06963321402295,4.83408607391072,6.96676614730543,8.37230685899535,1,2
6,36,49,6.1437725111454,3.06963321402295,3.87598302201042,6.00928993841595,8.19520805735133,1,2
6,36,51,6.1437725111454,3.06963321402295,3.90134813931237,6.71330466091564,8.45791525938594,1,2
6,36,54,6.1437725111454,3.06963321402295,5.18260801580308,5.6732655363844,8.33827622226407,1,2
6,36,57,6.1437725111454,3.06963321402295,5.66144070131777,6.37450402966878,9.053268820933,1,2
6,36,59,6.1437725111454,3.06963321402295,3.95496022631713,6.48214532359866,8.74165005268712,1,2
6,36,61,6.1437725111454,3.06963321402295,5.06875373295526,5.65690641730367,8.80577030729871,1,2
6,36,62,6.1437725111454,3.06963321402295,3.25390215025931,5.67551648025512,8.38920949713421,1,2
6,36,63,6.1437725111454,3.06963321402295,5.81448284762548,6.02356520904491,8.77070026121314,1,2
6,36,65,6.1437725111454,3.06963321402295,6.89720748061894,6.00379378654723,8.85673088065283,1,2
6,36,66,6.1437725111454,3.06963321402295,6.46162923497831,6.08804034136266,8.67199849808932,1,2
6,36,67,6.1437725111454,3.06963321402295,4.62477198460883,5.53808976916656,8.47288128219454,1,2
6,36,68,6.1437725111454,3.06963321402295,5.00475775160978,5.9334597101068,9.11093560212132,1,2
6,36,69,6.1437725111454,3.06963321402295,3.47426199476031,5.9416364552209,8.13167760612903,1,2
6,36,71,6.1437725111454,3.06963321402295,4.59874348809621,5.81671688703319,8.64174992631391,1,2
6,36,72,6.1437725111454,3.06963321402295,4.92362524476568,5.96335292241801,8.83739738581753,1,2
6,36,74,6.1437725111454,3.06963321402295,4.85386981490818,6.42374300118027,8.90176267832781,1,2
6,36,76,6.1437725111454,3.06963321402295,4.77783518676442,6.15591385834167,8.38071674852306,1,2
6,37,2,6.1437725111454,3.06963321402295,4.66491556881545,6.30308957808498,8.42105085922235,1,2
6,37,9,6.1437725111454,3.06963321402295,3.97827107351043,6.54072046007541,8.61902156491046,1,2
6,37,11,6.1437725111454,3.06963321402295,5.1026068710796,6.23901235311327,8.77326429765251,1,2
6,37,12,6.1437725111454,3.06963321402295,5.40177417552521,6.24046691684339,8.63518882035904,1,2
6,37,13,6.1437725111454,3.06963321402295,4.11232268023334,5.61710347204468,9.18761377845709,1,2
6,37,15,6.1437725111454,3.06963321402295,5.94642051315639,5.97805771829874,9.17083099469741,1,2
6,37,16,6.1437725111454,3.06963321402295,3.97147785863802,5.62657208943564,8.73286324230709,1,2
6,37,17,6.1437725111454,3.06963321402295,4.62834423057212,5.92284482442494,9.16028271333954,1,2
6,37,19,6.1437725111454,3.06963321402295,4.63548820877428,6.61373056084658,9.14989002203514,1,2
6,37,20,6.1437725111454,3.06963321402295,5.33835869162576,7.15733334964196,8.45468449823967,1,2
6,37,21,6.1437725111454,3.06963321402295,4.53955985469953,5.58164368937636,8.49017947576762,1,2
6,37,23,6.1437725111454,3.06963321402295,6.57741692636587,5.66907356956932,8.69263668973792,1,2
6,37,24,6.1437725111454,3.06963321402295,5.42878062299355,6.38204071099933,9.16095389312016,1,2
6,37,28,6.1437725111454,3.06963321402295,4.66650742366724,6.58821380390151,8.81218697564113,1,2
6,37,29,6.1437725111454,3.06963321402295,6.0912602646496,6.28568815293593,8.3640544031558,1,2
6,37,30,6.1437725111454,3.06963321402295,5.62871071021377,7.27003225209359,8.57865367243117,1,2
6,37,34,6.1437725111454,3.06963321402295,5.18704155712882,5.41733994370805,8.92099907569258,1,2
6,37,36,6.1437725111454,3.06963321402295,4.25097485901195,5.6625677754158,8.7137211729646,1,2
6,37,37,6.1437725111454,3.06963321402295,4.99120616214197,6.26769047221639,8.41474863576879,1,2
6,37,39,6.1437725111454,3.06963321402295,5.37180978635003,6.8936593219435,9.00523097399557,1,2
6,37,40,6.1437725111454,3.06963321402295,4.44897877177883,5.82499136054087,9.15947532909946,1,2
6,37,41,6.1437725111454,3.06963321402295,4.77200183535963,5.71737451487938,8.87382834670121,1,2
6,37,42,6.1437725111454,3.06963321402295,5.32410968532431,6.59641859820159,8.68840514306225,1,2
6,37,45,6.1437725111454,3.06963321402295,4.573613557126,5.98241955016244,9.1783089461025,1,2
6,37,46,6.1437725111454,3.06963321402295,5.70516814157498,5.56381116022777,9.06189273848013,1,2
6,37,47,6.1437725111454,3.06963321402295,5.08553022501731,6.11824828943615,8.80010230262987,1,2
6,37,48,6.1437725111454,3.06963321402295,4.71322741969641,6.07063975926042,9.22169075348619,1,2
6,37,51,6.1437725111454,3.06963321402295,3.50918819878874,6.32035124297012,8.92732273173619,1,2
6,37,54,6.1437725111454,3.06963321402295,3.69877982670716,5.57116316331814,8.40712537453343,1,2
6,37,57,6.1437725111454,3.06963321402295,5.84393129834182,4.96642967597431,8.46553049925087,1,2
6,37,59,6.1437725111454,3.06963321402295,4.54581097011869,6.3822998946872,9.05045525906954,1,2
6,37,60,6.1437725111454,3.06963321402295,4.8247708809399,6.86096401763292,8.69570200821162,1,2
6,37,62,6.1437725111454,3.06963321402295,5.29045115153302,5.94949601915616,8.64496529727257,1,2
6,37,63,6.1437725111454,3.06963321402295,5.36768462405217,6.26407970968341,9.07791330035126,1,2
6,37,66,6.1437725111454,3.06963321402295,4.35310142067202,5.99645156848892,8.27315035538032,1,2
6,37,67,6.1437725111454,3.06963321402295,2.46648529163021,6.43740571181617,8.33904595134315,1,2
6,38,2,6.1437725111454,3.06963321402295,4.37898005354204,6.60008847606383,8.9956694250433,1,2
6,38,5,6.1437725111454,3.06963321402295,2.81655506449963,5.72195520188382,8.21325768726562,1,2
6,38,8,6.1437725111454,3.06963321402295,4.87674841579864,6.17825712324936,9.17783835157451,1,2
6,38,12,6.1437725111454,3.06963321402295,4.02000122391439,6.31937029324634,8.93451112532369,1,2
6,38,15,6.1437725111454,3.06963321402295,5.8756697295985,6.35817348384147,9.01803167703995,1,2
6,38,16,6.1437725111454,3.06963321402295,4.01939794853312,6.26144533542423,8.62456445846919,1,2
6,38,18,6.1437725111454,3.06963321402295,4.75388811983259,5.7952386883789,8.82447471143813,1,2
6,38,22,6.1437725111454,3.06963321402295,5.20264631697504,6.04941417122455,8.82299163087952,1,2
6,38,23,6.1437725111454,3.06963321402295,5.29368747581718,6.60031124979831,9.03552693262941,1,2
6,38,25,6.1437725111454,3.06963321402295,5.4095092606768,7.39947563437467,8.90362581210641,1,2
6,38,27,6.1437725111454,3.06963321402295,4.72456712243546,5.6396662919738,8.66348729763695,1,2
6,38,30,6.1437725111454,3.06963321402295,5.86010002994681,6.22650032532819,9.42499277200571,1,2
6,38,31,6.1437725111454,3.06963321402295,5.08342582744186,5.55167945504409,8.74457635495939,1,2
6,38,33,6.1437725111454,3.06963321402295,4.66318181888708,6.71654267810603,8.34586962015225,1,2
6,38,34,6.1437725111454,3.06963321402295,3.79448677200653,6.00016955566383,8.21953238572322,1,2
6,38,35,6.1437725111454,3.06963321402295,3.41805677423079,5.99896599820641,8.62266875439787,1,2
6,38,36,6.1437725111454,3.06963321402295,3.26927317061039,6.42541554353691,8.42600238487432,1,2
6,38,37,6.1437725111454,3.06963321402295,4.96044876789349,6.26634173676481,8.65552157634108,1,2
6,38,38,6.1437725111454,3.06963321402295,4.04771873209258,6.49460782792388,8.38217525259732,1,2
6,38,39,6.1437725111454,3.06963321402295,2.67604450605259,7.36915275502518,8.71712711561655,1,2
6,38,40,6.1437725111454,3.06963321402295,3.95690144420851,5.96386463885131,8.12419409784658,1,2
6,38,42,6.1437725111454,3.06963321402295,5.95863520562451,6.74765196645002,8.20500308052853,1,2
6,38,43,6.1437725111454,3.06963321402295,4.51566794094543,6.29713211417933,8.74179876752617,1,2
6,38,45,6.1437725111454,3.06963321402295,7.19568814516942,6.0382330068521,9.30953537595609,1,2
6,38,48,6.1437725111454,3.06963321402295,5.17677120990215,5.51691962937529,8.0595678550597,1,2
6,38,49,6.1437725111454,3.06963321402295,4.31793361310732,5.80391808810704,8.68152707575748,1,2
6,38,52,6.1437725111454,3.06963321402295,3.48459643852198,6.10037718943998,8.3793179707003,1,2
6,38,53,6.1437725111454,3.06963321402295,5.0634889117185,5.12795018228781,8.47413318707054,1,2
6,38,54,6.1437725111454,3.06963321402295,5.54041569596066,5.43258693462003,8.8470862923121,1,2
6,38,55,6.1437725111454,3.06963321402295,5.96929186560605,6.45028121371352,8.7111604577872,1,2
6,38,56,6.1437725111454,3.06963321402295,5.2501590170896,6.06809050164895,8.31008466932382,1,2
6,38,57,6.1437725111454,3.06963321402295,5.70937531803073,6.58603259177178,8.53118564067554,1,2
6,38,60,6.1437725111454,3.06963321402295,3.61288452928079,5.96848883971079,8.99495962318765,1,2
6,38,61,6.1437725111454,3.06963321402295,3.97347637608806,6.387374038041,8.66291339847415,1,2
6,38,65,6.1437725111454,3.06963321402295,5.81593435473496,6.31300965510851,8.82622584751385,1,2
6,38,66,6.1437725111454,3.06963321402295,4.54248834754472,6.39670135914157,8.64408351685184,1,2
6,38,67,6.1437725111454,3.06963321402295,4.58797168084262,6.79948087219971,9.13680464400402,1,2
6,38,70,6.1437725111454,3.06963321402295,4.79309971148175,5.92878858212826,8.79742931052852,1,2
6,38,71,6.1437725111454,3.06963321402295,6.40947788355808,6.44536080720287,8.96762515188629,1,2
6,38,76,6.1437725111454,3.06963321402295,6.31833435176953,6.10299139853396,8.85872796399128,1,2
6,38,79,6.1437725111454,3.06963321402295,4.26818149277526,5.74352496404879,8.81755776195915,1,2
6,38,80,6.1437725111454,3.06963321402295,4.92723569767872,6.43789373057455,8.45438404646202,1,2
6,38,83,6.1437725111454,3.06963321402295,6.01025140915076,5.8992364700903,8.46966226080125,1,2
6,38,86,6.1437725111454,3.06963321402295,5.39986243526502,5.73309066481241,7.99659564039477,1,2
6,38,87,6.1437725111454,3.06963321402295,5.97620303282495,6.58818289368509,8.44558044839313,1,2
6,38,88,6.1437725111454,3.06963321402295,3.93415323834383,6.49266628177825,8.39826194812539,1,2
6,38,89,6.1437725111454,3.06963321402295,5.33606030803003,5.61158971837111,8.46143606642396,1,2
6,38,91,6.1437725111454,3.06963321402295,4.36728763764633,6.08901830591022,8.47684426002489,1,2
6,39,2,6.1437725111454,3.06963321402295,6.32371698343777,5.35659742653174,9.24125021343006,1,2
6,39,3,6.1437725111454,3.06963321402295,6.84319251724619,6.68787327286968,8.82376894571688,1,2
6,39,7,6.1437725111454,3.06963321402295,5.08624232607338,6.14286808258122,8.58927112812073,1,2
6,39,8,6.1437725111454,3.06963321402295,2.67057830928377,5.44444662495661,8.78799841536856,1,2
6,39,9,6.1437725111454,3.06963321402295,5.64634200757276,5.9952202646784,8.48761802087831,1,2
6,39,10,6.1437725111454,3.06963321402295,6.54880025180185,5.51785165022771,8.62805255546976,1,2
6,39,11,6.1437725111454,3.06963321402295,5.26143638577515,6.08081529280447,8.92607007712046,1,2
6,39,16,6.1437725111454,3.06963321402295,4.15158468356377,5.82790074820879,8.77578959712608,1,2
6,39,22,6.1437725111454,3.06963321402295,6.09729131338557,5.93282102875788,9.22268452989733,1,2
6,39,23,6.1437725111454,3.06963321402295,5.09937611974976,6.02617783265946,8.67536034140694,1,2
6,39,24,6.1437725111454,3.06963321402295,4.44450387236438,5.92331731890598,9.382663666352,1,2
6,39,25,6.1437725111454,3.06963321402295,3.96960522776263,6.01095027257682,8.39378164233767,1,2
6,39,28,6.1437725111454,3.06963321402295,4.64830326657904,6.08045566148263,8.88072551726155,1,2
6,39,30,6.1437725111454,3.06963321402295,4.40230430643164,5.5860438783547,8.77085674069472,1,2
6,39,32,6.1437725111454,3.06963321402295,7.87894101505359,6.53268270216758,9.21024371613406,1,2
6,39,33,6.1437725111454,3.06963321402295,6.10392893772627,6.3724042352899,9.20831453339842,1,2
6,39,35,6.1437725111454,3.06963321402295,4.56755843222815,5.72952925958542,8.90113584744212,1,2
6,39,36,6.1437725111454,3.06963321402295,5.05784151064273,6.06315367924341,8.30106494492842,1,2
6,39,37,6.1437725111454,3.06963321402295,3.98478454028614,6.19093120943614,8.50989799137336,1,2
6,39,39,6.1437725111454,3.06963321402295,4.85551277939271,6.78724093699916,8.5182508096527,1,2
6,39,41,6.1437725111454,3.06963321402295,3.97482737085241,4.94765094835236,9.100538791672,1,2
6,39,43,6.1437725111454,3.06963321402295,4.53158215585346,5.23063935142201,8.95338094901033,1,2
6,39,45,6.1437725111454,3.06963321402295,4.02195845766102,5.40106521812175,8.42465187481132,1,2
6,39,46,6.1437725111454,3.06963321402295,5.39054210127195,6.05897255528425,9.09186983275576,1,2
6,39,49,6.1437725111454,3.06963321402295,4.73438467265456,5.85789828581568,8.78233790557155,1,2
6,39,50,6.1437725111454,3.06963321402295,4.10124107525236,5.47443546137772,8.60950483373337,1,2
6,39,52,6.1437725111454,3.06963321402295,3.91995089323447,6.24669954183307,8.69129480849163,1,2
6,39,54,6.1437725111454,3.06963321402295,3.27718772378584,6.76571735241871,9.21661903555962,1,2
6,39,55,6.1437725111454,3.06963321402295,3.53369156547546,5.95514460314862,8.37003389583088,1,2
6,39,56,6.1437725111454,3.06963321402295,5.76127901927583,5.80427848586471,9.25822179064334,1,2
6,39,57,6.1437725111454,3.06963321402295,3.77965044131812,5.63714887463367,8.44084096917337,1,2
6,39,58,6.1437725111454,3.06963321402295,4.04933291636038,6.4135720492843,8.55985771833822,1,2
6,39,60,6.1437725111454,3.06963321402295,3.61341388713504,5.05570276443845,8.81005766420195,1,2
6,39,61,6.1437725111454,3.06963321402295,4.65721363131317,6.9953616122003,8.67099802773998,1,2
6,39,62,6.1437725111454,3.06963321402295,4.20888253534749,6.23648072517589,8.56284660422215,1,2
6,39,63,6.1437725111454,3.06963321402295,5.40865003061851,5.84851999691208,8.85218112682727,1,2
6,39,65,6.1437725111454,3.06963321402295,4.50110424626969,6.17844424843842,8.1333297631676,1,2
6,40,1,6.1437725111454,3.06963321402295,5.86123853609627,6.32232811968955,8.79335900344679,1,2
6,40,3,6.1437725111454,3.06963321402295,5.56756330864817,5.70429449952989,8.83238768771185,1,2
6,40,4,6.1437725111454,3.06963321402295,4.05694668471841,5.65709336172359,8.86500525812287,1,2
6,40,5,6.1437725111454,3.06963321402295,4.5558703504608,6.10873676724799,9.18142406657282,1,2
6,40,6,6.1437725111454,3.06963321402295,5.74058697160634,5.97998319405646,9.26552901772832,1,2
6,40,7,6.1437725111454,3.06963321402295,7.53316675796777,6.1099034009177,9.54678931653101,1,2
6,40,8,6.1437725111454,3.06963321402295,4.97312879437559,6.30169787454962,8.92276737707309,1,2
6,40,11,6.1437725111454,3.06963321402295,4.8222931325969,5.0756959965328,9.05966060717493,1,2
6,40,12,6.1437725111454,3.06963321402295,4.85182057247212,6.2354091543839,9.17318252463449,1,2
6,40,15,6.1437725111454,3.06963321402295,3.12124786248487,5.80419701874485,8.74179579304311,1,2
6,40,16,6.1437725111454,3.06963321402295,4.81542131151196,5.98595738450394,8.50138437226155,1,2
6,40,18,6.1437725111454,3.06963321402295,4.12123036241237,5.67966005327457,9.0557363120521,1,2
6,40,22,6.1437725111454,3.06963321402295,5.59989117719115,5.64949571752635,9.21976986761473,1,2
6,40,24,6.1437725111454,3.06963321402295,4.94654592313709,6.03782415400539,8.71552907723056,1,2
6,40,25,6.1437725111454,3.06963321402295,5.54347144071061,5.43432428099334,9.04221492412758,1,2
6,40,31,6.1437725111454,3.06963321402295,3.75171819772042,5.90516204240626,9.06973703795039,1,2
6,40,32,6.1437725111454,3.06963321402295,4.77932220142941,5.88997447085561,9.29570784872569,1,2
6,40,33,6.1437725111454,3.06963321402295,3.08737207709966,6.03163518495086,9.3397891738353,1,2
6,40,34,6.1437725111454,3.06963321402295,4.75506391351744,5.75616988115981,9.19222467970224,1,2
6,40,37,6.1437725111454,3.06963321402295,3.93212346965832,5.72488203038949,8.87802886611006,1,2
6,40,38,6.1437725111454,3.06963321402295,5.98547574031015,5.75209136204661,8.96396897330678,1,2
6,40,40,6.1437725111454,3.06963321402295,5.39291663868504,6.45296685501282,9.74242862307871,1,2
6,40,41,6.1437725111454,3.06963321402295,6.02590641936969,5.79422741781101,8.8724138440512,1,2
6,40,42,6.1437725111454,3.06963321402295,6.33889172584164,5.50434896580578,9.33021208786324,1,2
6,40,43,6.1437725111454,3.06963321402295,7.24914105147107,6.35064180443943,8.97671008362154,1,2
6,40,44,6.1437725111454,3.06963321402295,5.65165976417764,5.56966269497112,8.95046194061119,1,2
6,40,48,6.1437725111454,3.06963321402295,6.17213841725958,5.49440476006622,9.47225838086983,1,2
6,40,49,6.1437725111454,3.06963321402295,4.85955205862586,5.64886408499004,9.03530843993141,1,2
6,40,50,6.1437725111454,3.06963321402295,6.5435059876354,5.41062881377718,9.28284436593519,1,2
6,40,53,6.1437725111454,3.06963321402295,6.81815194586971,5.07684406042289,8.86751658044422,1,2
6,40,54,6.1437725111454,3.06963321402295,2.33062322119385,6.5352660386672,8.45927091489653,1,2
6,40,55,6.1437725111454,3.06963321402295,5.51437170309768,6.39677613165628,9.33617906902945,1,2
6,40,56,6.1437725111454,3.06963321402295,4.49820246140439,6.04835487080671,9.54072437297798,1,2
6,40,57,6.1437725111454,3.06963321402295,4.52800330478526,5.72349699282612,8.81714644261008,1,2
6,40,58,6.1437725111454,3.06963321402295,5.8442000802916,5.80485082502205,9.45341153631664,1,2
6,40,63,6.1437725111454,3.06963321402295,4.9602727353007,6.0448727619824,9.2787492981706,1,2
6,40,64,6.1437725111454,3.06963321402295,4.34288729071303,4.88849415633464,9.31703364852465,1,2
6,40,66,6.1437725111454,3.06963321402295,5.04565354345107,6.70213530228748,8.81852010664318,1,2
6,40,68,6.1437725111454,3.06963321402295,6.1123249353888,5.33581279893898,8.86987833798471,1,2
6,40,69,6.1437725111454,3.06963321402295,5.7834974907511,6.48315189642501,9.20595574621248,1,2
6,40,70,6.1437725111454,3.06963321402295,4.44066829016515,6.12253177927696,9.14055730389924,1,2
6,40,74,6.1437725111454,3.06963321402295,5.1764969066766,5.24663170428121,9.67395955799483,1,2
6,41,2,6.1437725111454,3.06963321402295,3.80392003243432,6.9073308485799,9.13214422022298,1,2
6,41,3,6.1437725111454,3.06963321402295,6.25992458972337,6.03222755175464,9.54020460061029,1,2
6,41,4,6.1437725111454,3.06963321402295,5.08912733092673,6.87740466830128,9.00712258983073,1,2
6,41,7,6.1437725111454,3.06963321402295,5.48053845813934,6.05335598216359,9.45584550319563,1,2
6,41,14,6.1437725111454,3.06963321402295,5.30663877988632,6.29984770911118,9.10503040315402,1,2
6,41,18,6.1437725111454,3.06963321402295,3.16233516748475,5.5307201536508,8.65652873266982,1,2
6,41,19,6.1437725111454,3.06963321402295,5.81504420084946,6.13067461578135,9.51740741843014,1,2
6,41,20,6.1437725111454,3.06963321402295,7.9094528201374,6.40068386169533,9.82425525594887,1,2
6,41,21,6.1437725111454,3.06963321402295,5.63499347647448,6.1125129339803,9.02469562030696,1,2
6,41,25,6.1437725111454,3.06963321402295,5.22211591986562,4.9705712189387,8.98242261678205,1,2
6,41,26,6.1437725111454,3.06963321402295,4.79761447500838,6.51911385558592,9.38133237213252,1,2
6,41,27,6.1437725111454,3.06963321402295,4.50906127424745,6.57488892892534,9.57154998255826,1,2
6,41,30,6.1437725111454,3.06963321402295,4.69658234924094,6.16150369073897,8.81992517198855,1,2
6,41,31,6.1437725111454,3.06963321402295,3.70978653761316,5.97241843201173,9.04259342800881,1,2
6,41,33,6.1437725111454,3.06963321402295,4.7627857839087,5.95090924062225,9.04498510371676,1,2
6,41,35,6.1437725111454,3.06963321402295,6.23755171453838,6.28210509596068,9.97448727230739,1,2
6,41,36,6.1437725111454,3.06963321402295,6.77141141986832,6.75711187601042,8.94794353194319,1,2
6,41,38,6.1437725111454,3.06963321402295,5.48365812858059,5.8170685881347,8.57933850363944,1,2
6,41,41,6.1437725111454,3.06963321402295,6.05198268211033,5.70869559817225,9.95200791207462,1,2
6,41,42,6.1437725111454,3.06963321402295,5.25195484732213,5.83179172579943,9.12835872567403,1,2
6,41,45,6.1437725111454,3.06963321402295,3.81181596739546,7.0162688749841,8.90605150108446,1,2
6,41,47,6.1437725111454,3.06963321402295,3.44139321701645,5.91517556716186,8.93534358676205,1,2
6,41,48,6.1437725111454,3.06963321402295,4.76588082727095,5.5398034936059,9.53261083388054,1,2
6,41,50,6.1437725111454,3.06963321402295,4.52973247250629,6.4351168845591,9.03713415387263,1,2
6,41,51,6.1437725111454,3.06963321402295,4.1109746312633,6.46306786803358,8.53373987641718,1,2
6,41,52,6.1437725111454,3.06963321402295,5.23366915857233,6.40113019951352,9.00900256980373,1,2
6,41,53,6.1437725111454,3.06963321402295,5.11656200843765,5.84724962503302,8.93195678563129,1,2
6,41,54,6.1437725111454,3.06963321402295,5.1483781608185,6.59575180832594,9.07760519379121,1,2
6,41,56,6.1437725111454,3.06963321402295,4.87519930029755,5.50566754048292,9.4559136073483,1,2
6,41,57,6.1437725111454,3.06963321402295,4.91202848979776,5.01282738890557,9.28173722487271,1,2
6,41,58,6.1437725111454,3.06963321402295,4.53406884586382,6.71990154075222,9.12216911465753,1,2
6,41,59,6.1437725111454,3.06963321402295,4.52646671589763,6.10894626852569,8.89387219692079,1,2
6,41,62,6.1437725111454,3.06963321402295,4.26996497025706,6.2771578619598,9.3449463335062,1,2
6,41,63,6.1437725111454,3.06963321402295,6.39976127830478,6.45851420622719,9.23135856469203,1,2
6,41,65,6.1437725111454,3.06963321402295,3.51513737131969,6.11173046783565,9.0649171960647,1,2
6,41,68,6.1437725111454,3.06963321402295,5.33651956771483,5.19503174567996,8.25695042942843,1,2
6,41,70,6.1437725111454,3.06963321402295,4.94364800926142,6.11169160702266,9.32445378114885,1,2
6,41,71,6.1437725111454,3.06963321402295,3.54292507129546,6.35255045892814,8.95688597665557,1,2
6,41,75,6.1437725111454,3.06963321402295,5.66134963353161,5.16912985518295,9.0956075240905,1,2
6,41,79,6.1437725111454,3.06963321402295,5.23723898509991,5.60449895545787,9.14158407889198,1,2
6,41,80,6.1437725111454,3.06963321402295,5.2169563543747,6.02427746335624,9.20825420614471,1,2
6,41,81,6.1437725111454,3.06963321402295,3.67957277779616,4.76104465849025,8.97259827988533,1,2
7,1,1,8.10420390423849,4.26494628370017,5.23856872898822,5.78182225879262,2.21655377596516,1,2
7,1,2,8.10420390423849,4.26494628370017,6.02857964306924,5.68494129615381,2.22471774655411,1,2
7,1,6,8.10420390423849,4.26494628370017,5.77964307678132,5.17819432152153,1.8776838450391,1,2
7,1,11,8.10420390423849,4.26494628370017,4.21501662304447,5.3761332584085,1.82870909179814,1,2
7,1,12,8.10420390423849,4.26494628370017,3.2161723412949,6.47534220071081,2.67096518045353,1,2
7,1,14,8.10420390423849,4.26494628370017,4.3638280459606,5.38718344121003,1.94425365789488,1,2
7,1,17,8.10420390423849,4.26494628370017,3.63922544444146,6.06915277802175,2.36275219210267,1,2
7,1,19,8.10420390423849,4.26494628370017,5.28739657811874,5.07453177887254,1.96333333960191,1,2
7,1,20,8.10420390423849,4.26494628370017,6.60915993926375,5.77617688634167,2.28043783724483,1,2
7,1,22,8.10420390423849,4.26494628370017,5.96168504135095,6.80608318628753,2.48763862952089,1,2
7,1,26,8.10420390423849,4.26494628370017,3.7419310496048,6.28350548188329,2.44458247098643,1,2
7,1,27,8.10420390423849,4.26494628370017,3.83051927240984,6.31320812081727,2.41470780524802,1,2
7,1,35,8.10420390423849,4.26494628370017,3.69293273700869,6.5225566641635,2.45782176218995,1,2
7,1,36,8.10420390423849,4.26494628370017,4.13650931437007,6.41248418328903,2.72085657819739,1,2
7,1,39,8.10420390423849,4.26494628370017,4.67847819548245,6.96258584673263,2.78736706680806,1,2
7,1,41,8.10420390423849,4.26494628370017,6.04398468710387,5.64094440529866,1.95740982515533,1,2
7,1,44,8.10420390423849,4.26494628370017,5.8942477754424,6.5175529851064,2.49381333887095,1,2
7,1,45,8.10420390423849,4.26494628370017,4.31059121640361,5.72608166249806,2.19876204738027,1,2
7,1,46,8.10420390423849,4.26494628370017,5.05826618973574,4.73938425956295,1.900191104463,1,2
7,1,47,8.10420390423849,4.26494628370017,6.6471780022481,6.22680697798647,2.33698439726129,1,2
7,1,51,8.10420390423849,4.26494628370017,4.60275380822265,6.69675641326959,2.51915703878858,1,2
7,1,52,8.10420390423849,4.26494628370017,4.1305957411213,6.25901174157355,2.45746673150448,1,2
7,1,54,8.10420390423849,4.26494628370017,4.63201997352365,5.90824653534719,2.4410554934635,1,2
7,1,57,8.10420390423849,4.26494628370017,3.54155480414394,6.06160006067892,2.23536123276391,1,2
7,1,59,8.10420390423849,4.26494628370017,4.59337169806767,6.34408846983436,2.53378544785269,1,2
7,1,61,8.10420390423849,4.26494628370017,5.38030047122845,6.03644653616591,2.3092312700049,1,2
7,1,62,8.10420390423849,4.26494628370017,3.23843139739518,6.27389979700668,2.44285259713263,1,2
7,1,64,8.10420390423849,4.26494628370017,4.59417754382425,6.3637175992947,2.48717905113243,1,2
7,1,66,8.10420390423849,4.26494628370017,4.88552881361024,5.61600396915521,1.96119252079412,1,2
7,1,69,8.10420390423849,4.26494628370017,2.54919427971983,6.32283323617276,2.31476275373786,1,2
7,1,70,8.10420390423849,4.26494628370017,6.06837721023331,6.62637262456696,2.35841165255356,1,2
7,1,72,8.10420390423849,4.26494628370017,5.73410793865078,5.8904002042828,2.3327417822608,1,2
7,1,73,8.10420390423849,4.26494628370017,6.05528063936781,5.95664600543154,2.25819618847662,1,2
7,1,74,8.10420390423849,4.26494628370017,4.39680014325938,5.63309327693005,2.28751156974856,1,2
7,1,75,8.10420390423849,4.26494628370017,5.57163922279599,5.03277974910005,1.86152165077258,1,2
7,1,77,8.10420390423849,4.26494628370017,4.86722138191816,7.03689973957403,2.7908921095821,1,2
7,2,3,8.10420390423849,4.26494628370017,4.77025329182263,6.28249353787552,3.70161602971741,1,2
7,2,4,8.10420390423849,4.26494628370017,4.54997493124114,5.8031881913143,3.33184540209349,1,2
7,2,8,8.10420390423849,4.26494628370017,5.66660982187974,5.64852866328364,3.51715087446984,1,2
7,2,9,8.10420390423849,4.26494628370017,5.35256596450975,5.36516704087539,3.32310615067646,1,2
7,2,11,8.10420390423849,4.26494628370017,6.57484541885119,5.71493043263128,3.50043904543539,1,2
7,2,13,8.10420390423849,4.26494628370017,4.01006198279469,6.88206318296081,3.99001920781111,1,2
7,2,16,8.10420390423849,4.26494628370017,4.83144207580447,5.68170672809012,3.51895056712736,1,2
7,2,17,8.10420390423849,4.26494628370017,7.2006372776608,5.6811854075563,3.57388720565534,1,2
7,2,20,8.10420390423849,4.26494628370017,5.88185919890259,6.62897194002184,3.80921299725832,1,2
7,2,21,8.10420390423849,4.26494628370017,2.99988826837425,6.03873644024151,3.44496745015646,1,2
7,2,22,8.10420390423849,4.26494628370017,7.77754524450921,5.4903425143335,3.56543944182846,1,2
7,2,23,8.10420390423849,4.26494628370017,5.14194126321449,6.24924480829486,3.66651574874025,1,2
7,2,24,8.10420390423849,4.26494628370017,4.08146951258391,6.13767378302328,3.67075636945415,1,2
7,2,26,8.10420390423849,4.26494628370017,4.95449978163985,5.90881555484792,3.40352170460964,1,2
7,2,27,8.10420390423849,4.26494628370017,4.82168040438481,6.17920769786937,3.82881544335814,1,2
7,2,29,8.10420390423849,4.26494628370017,5.36055110485867,6.52221691501381,3.77921714460552,1,2
7,2,30,8.10420390423849,4.26494628370017,5.8310342513759,6.39660865515858,3.73166370842708,1,2
7,2,34,8.10420390423849,4.26494628370017,4.32115616022872,5.64127258468561,3.47309091619078,1,2
7,2,37,8.10420390423849,4.26494628370017,5.32842301884478,6.12320197529527,3.53628198697744,1,2
7,2,38,8.10420390423849,4.26494628370017,5.4253477968326,6.29722961430096,3.58518472988207,1,2
7,2,39,8.10420390423849,4.26494628370017,4.83056369049851,6.700261221855,3.80479611976585,1,2
7,2,42,8.10420390423849,4.26494628370017,5.25055693241749,5.4707614822711,3.48426540287729,1,2
7,2,46,8.10420390423849,4.26494628370017,3.95372947709868,5.65090715115369,3.32691134439879,1,2
7,2,49,8.10420390423849,4.26494628370017,5.06916703828987,6.17396243418731,3.67297562452979,1,2
7,2,50,8.10420390423849,4.26494628370017,4.80397354790911,5.221832151663,3.37887400720699,1,2
7,2,52,8.10420390423849,4.26494628370017,4.94073865553684,6.30867873883588,3.63349579698721,1,2
7,2,54,8.10420390423849,4.26494628370017,6.81364419914751,6.03245391839363,3.49848884333975,1,2
7,2,55,8.10420390423849,4.26494628370017,4.51810182635052,6.04346312321167,3.6012037312774,1,2
7,2,57,8.10420390423849,4.26494628370017,6.29712798486454,6.56976031478692,3.94388337402936,1,2
7,2,61,8.10420390423849,4.26494628370017,4.82016567632528,6.09631032425302,3.70618928073635,1,2
7,2,62,8.10420390423849,4.26494628370017,5.12885916625945,6.17280958245722,3.5493416516542,1,2
7,2,64,8.10420390423849,4.26494628370017,3.60979665882405,6.30599539164657,3.66053445564487,1,2
7,3,1,8.10420390423849,4.26494628370017,4.57891619533357,6.25506747548227,4.24635290830494,1,2
7,3,9,8.10420390423849,4.26494628370017,5.64189955836259,6.98173694624671,4.67213871950602,1,2
7,3,10,8.10420390423849,4.26494628370017,4.38042672701563,6.41089003768327,4.6019250202795,1,2
7,3,11,8.10420390423849,4.26494628370017,5.83172701926632,5.8971937268411,4.18352527594308,1,2
7,3,12,8.10420390423849,4.26494628370017,3.87614653611988,5.36611333775047,4.08086363246898,1,2
7,3,13,8.10420390423849,4.26494628370017,5.07441553799366,6.66727996162418,4.51199358884564,1,2
7,3,15,8.10420390423849,4.26494628370017,6.38953529602872,6.77972670730766,4.34728339011901,1,2
7,3,16,8.10420390423849,4.26494628370017,3.75453836891722,5.76496632687966,3.99264146964222,1,2
7,3,17,8.10420390423849,4.26494628370017,4.85441874365909,6.42227744552322,4.46168922607982,1,2
7,3,18,8.10420390423849,4.26494628370017,6.84062018636603,6.57197452063698,4.42329264556777,1,2
7,3,20,8.10420390423849,4.26494628370017,4.65768211854627,5.65066458341644,4.09277078727446,1,2
7,3,21,8.10420390423849,4.26494628370017,4.99182230982378,5.82977156539374,4.19534680010065,1,2
7,3,22,8.10420390423849,4.26494628370017,6.6567990981479,5.69415859447835,4.22233227263692,1,2
7,3,24,8.10420390423849,4.26494628370017,3.43977261491262,5.6457935756,4.1403242081574,1,2
7,3,25,8.10420390423849,4.26494628370017,5.58058545256779,6.02964519362961,4.15301658610639,1,2
7,3,29,8.10420390423849,4.26494628370017,4.95633621427556,5.24188619034236,3.84902924004563,1,2
7,3,32,8.10420390423849,4.26494628370017,6.32691641254305,6.56894595968942,4.49440031599198,1,2
7,3,33,8.10420390423849,4.26494628370017,4.19455319607784,5.01301012392866,3.86416070344618,1,2
7,3,34,8.10420390423849,4.26494628370017,5.94061970009375,5.7811018469677,4.0643644270382,1,2
7,3,36,8.10420390423849,4.26494628370017,4.63012574832571,6.20721697641204,4.07335315288033,1,2
7,3,37,8.10420390423849,4.26494628370017,5.20194619325101,5.59326327755972,4.15652990056374,1,2
7,3,42,8.10420390423849,4.26494628370017,3.27140005248181,5.58560984750105,4.12250654896158,1,2
7,3,43,8.10420390423849,4.26494628370017,4.83636813693853,5.84192344238558,4.1921657201884,1,2
7,3,44,8.10420390423849,4.26494628370017,4.99264928140094,6.24595198058288,4.59684423592878,1,2
7,3,45,8.10420390423849,4.26494628370017,5.53087848684167,5.84173178098702,4.25959525346046,1,2
7,3,46,8.10420390423849,4.26494628370017,3.68274589893106,6.5674609349516,4.52398360184119,1,2
7,3,50,8.10420390423849,4.26494628370017,4.94476625443012,5.65837458290963,3.92237219055772,1,2
7,3,52,8.10420390423849,4.26494628370017,6.08845010256002,5.8696102852238,4.18530555980021,1,2
7,3,53,8.10420390423849,4.26494628370017,5.22819866187781,5.73455410390188,4.09081891889564,1,2
7,3,54,8.10420390423849,4.26494628370017,5.20501003017015,6.73329302599532,4.44034296939997,1,2
7,3,59,8.10420390423849,4.26494628370017,4.84824737189315,6.47636951365843,4.45429812493908,1,2
7,3,64,8.10420390423849,4.26494628370017,4.30189546004191,6.04428553829781,4.06559261240892,1,2
7,3,68,8.10420390423849,4.26494628370017,5.1809100569289,6.37452030391825,4.33648897930704,1,2
7,3,70,8.10420390423849,4.26494628370017,5.95519628758675,5.73755935612477,4.14531853894666,1,2
7,3,71,8.10420390423849,4.26494628370017,3.12972193818023,5.51391508440089,3.87781191193235,1,2
7,4,4,8.10420390423849,4.26494628370017,5.83892633681261,6.68393090950964,4.9272392128197,1,2
7,4,6,8.10420390423849,4.26494628370017,3.52877860299445,5.85964249213274,4.59545008344468,1,2
7,4,7,8.10420390423849,4.26494628370017,5.36176087223402,5.40755516263463,4.60636029417555,1,2
7,4,11,8.10420390423849,4.26494628370017,4.03985421216223,6.82578121079242,5.04787285762462,1,2
7,4,12,8.10420390423849,4.26494628370017,3.69613562884746,6.39764040055109,4.88683130722576,1,2
7,4,13,8.10420390423849,4.26494628370017,4.42098859861014,6.15270142774262,4.74585264460324,1,2
7,4,14,8.10420390423849,4.26494628370017,5.43726400058124,6.04253544331359,4.64520887033724,1,2
7,4,15,8.10420390423849,4.26494628370017,4.02020679834516,5.9159926642965,4.65300061042596,1,2
7,4,16,8.10420390423849,4.26494628370017,5.82301857808468,5.49378304220037,4.55696987713126,1,2
7,4,17,8.10420390423849,4.26494628370017,5.62933253415816,6.01602907050008,4.68345067125271,1,2
7,4,18,8.10420390423849,4.26494628370017,5.49450403706871,6.42435716610677,4.92653292069406,1,2
7,4,20,8.10420390423849,4.26494628370017,5.27579091268146,5.47670015329453,4.50289697053486,1,2
7,4,21,8.10420390423849,4.26494628370017,5.38772507909856,5.96784558082132,4.64553084341286,1,2
7,4,24,8.10420390423849,4.26494628370017,6.33742472874525,4.8739164079779,4.28595574918814,1,2
7,4,25,8.10420390423849,4.26494628370017,4.09186994604136,6.34803307157705,4.942335163718,1,2
7,4,29,8.10420390423849,4.26494628370017,4.42028338152667,5.55364571975145,4.49219555496124,1,2
7,4,31,8.10420390423849,4.26494628370017,4.60219457170939,6.08649280768558,4.81588768682407,1,2
7,4,33,8.10420390423849,4.26494628370017,4.53963093343119,6.161386512236,4.76293201212877,1,2
7,4,34,8.10420390423849,4.26494628370017,3.44017421198521,6.29850426149971,4.90889785132697,1,2
7,4,36,8.10420390423849,4.26494628370017,3.88342850987407,6.49197532460231,4.90187837557428,1,2
7,4,37,8.10420390423849,4.26494628370017,4.92804261799088,6.62308732395988,4.91618043518651,1,2
7,4,38,8.10420390423849,4.26494628370017,5.97497783423,6.82727991671817,5.00505689280821,1,2
7,4,39,8.10420390423849,4.26494628370017,3.80431026123944,5.38329506270154,4.5863185248239,1,2
7,4,40,8.10420390423849,4.26494628370017,6.15678155023597,5.93862949836037,4.64364852803056,1,2
7,4,42,8.10420390423849,4.26494628370017,5.23833365732699,6.19904304724648,4.79850793900073,1,2
7,4,43,8.10420390423849,4.26494628370017,5.50373544031641,6.53448598300292,5.07889563410234,1,2
7,4,45,8.10420390423849,4.26494628370017,4.87817232064212,5.43443981611469,4.53371155641239,1,2
7,4,46,8.10420390423849,4.26494628370017,5.75285640631951,5.72477292626637,4.59825251726561,1,2
7,4,47,8.10420390423849,4.26494628370017,2.41512515878325,7.13732957226767,5.27660001176349,1,2
7,4,49,8.10420390423849,4.26494628370017,5.61035662871841,5.84260944169285,4.72137464466368,1,2
7,4,50,8.10420390423849,4.26494628370017,5.56445707783022,5.45687289158063,4.65102952414032,1,2
7,4,51,8.10420390423849,4.26494628370017,5.99248818699213,5.70164871455434,4.78821119725898,1,2
7,4,54,8.10420390423849,4.26494628370017,4.03018923001361,5.43230707610658,4.45934642138032,1,2
7,4,58,8.10420390423849,4.26494628370017,7.08873768225993,5.55031292100958,4.60333367374831,1,2
7,4,60,8.10420390423849,4.26494628370017,3.99099298376833,5.72747081737814,4.47234262173303,1,2
7,4,61,8.10420390423849,4.26494628370017,4.51932401770669,6.31979313344806,4.81977894186489,1,2
7,4,62,8.10420390423849,4.26494628370017,5.28018490417977,5.74076466907553,4.68816087003833,1,2
7,4,63,8.10420390423849,4.26494628370017,6.45104105585878,5.77969161371123,4.56217565882396,1,2
7,4,64,8.10420390423849,4.26494628370017,4.0991492397055,6.86500975971268,4.99642914973909,1,2
7,4,65,8.10420390423849,4.26494628370017,4.29234528343533,7.03198799800768,5.04366978309034,1,2
7,4,66,8.10420390423849,4.26494628370017,4.93758820342257,6.54961649345719,4.94289943481651,1,2
7,4,67,8.10420390423849,4.26494628370017,4.54707091248415,6.04294696737971,4.84838939372685,1,2
7,4,70,8.10420390423849,4.26494628370017,4.97626916782503,5.90761200603764,4.79547918222482,1,2
7,4,72,8.10420390423849,4.26494628370017,5.35960350483714,5.58182677032865,4.75253014910919,1,2
7,4,73,8.10420390423849,4.26494628370017,4.27969737074258,6.07700122327365,4.73975364973941,1,2
7,5,2,8.10420390423849,4.26494628370017,4.04995105723151,5.98518811408103,4.88272100171887,1,2
7,5,3,8.10420390423849,4.26494628370017,4.78385080218645,5.89352752194162,4.85008635523127,1,2
7,5,6,8.10420390423849,4.26494628370017,5.18780676175624,5.49796908195513,4.72624857586078,1,2
7,5,7,8.10420390423849,4.26494628370017,6.07050019162583,5.94009333580469,5.15935053148679,1,2
7,5,9,8.10420390423849,4.26494628370017,4.58706803232804,5.44036131840572,4.98168136050576,1,2
7,5,10,8.10420390423849,4.26494628370017,5.52058403704877,6.20614274755698,4.8206710614723,1,2
7,5,12,8.10420390423849,4.26494628370017,4.2153353501646,6.09983355833387,5.19727163605349,1,2
7,5,13,8.10420390423849,4.26494628370017,4.6731642777693,6.69667061114925,5.20577873633113,1,2
7,5,17,8.10420390423849,4.26494628370017,4.07174254931431,6.01207712727014,4.95304955142809,1,2
7,5,21,8.10420390423849,4.26494628370017,4.40682320060383,5.73425109188967,4.87414578819669,1,2
7,5,22,8.10420390423849,4.26494628370017,5.12425016366479,6.15562332929467,5.01675733077981,1,2
7,5,25,8.10420390423849,4.26494628370017,5.76431225432039,6.49023669831595,5.16393505751564,1,2
7,5,26,8.10420390423849,4.26494628370017,4.08201845657686,6.58166180238894,5.18291883254047,1,2
7,5,29,8.10420390423849,4.26494628370017,5.59914408960049,5.29674911385722,4.80476819137388,1,2
7,5,32,8.10420390423849,4.26494628370017,4.52160616827775,6.37512691002462,5.24226334812207,1,2
7,5,33,8.10420390423849,4.26494628370017,6.12160518851093,5.93737828953805,5.10611984652636,1,2
7,5,35,8.10420390423849,4.26494628370017,3.9280981371217,5.93256516743232,4.86841808071862,1,2
7,5,36,8.10420390423849,4.26494628370017,5.20907346358859,5.6321566874364,4.86735595564062,1,2
7,5,40,8.10420390423849,4.26494628370017,4.95407264202295,6.08532814062659,5.23779136423991,1,2
7,5,42,8.10420390423849,4.26494628370017,4.4714368340738,5.4630553672909,4.82483179684103,1,2
7,5,47,8.10420390423849,4.26494628370017,5.48204152838572,5.15632422385854,4.77487624368887,1,2
7,5,49,8.10420390423849,4.26494628370017,3.61092892854903,6.18901862485074,5.01765682096764,1,2
7,5,52,8.10420390423849,4.26494628370017,4.48080450270179,6.43142853469842,5.00462740346449,1,2
7,5,53,8.10420390423849,4.26494628370017,5.89462466438903,6.20255162191722,5.26908988971341,1,2
7,5,55,8.10420390423849,4.26494628370017,4.22223983667403,5.6010194417636,4.90270515549706,1,2
7,5,56,8.10420390423849,4.26494628370017,4.30879094511823,5.58727247056638,4.87148860757069,1,2
7,5,57,8.10420390423849,4.26494628370017,4.39609154398939,5.67715160307152,5.04601684235108,1,2
7,5,60,8.10420390423849,4.26494628370017,4.83260577414171,5.03230026717907,4.49075727750267,1,2
7,5,62,8.10420390423849,4.26494628370017,5.05233177254968,6.36627603479014,5.19834059500592,1,2
7,6,1,8.10420390423849,4.26494628370017,5.10350961639301,6.18144132137608,5.2581750025921,1,2
7,6,2,8.10420390423849,4.26494628370017,4.63014404949804,6.52327436930993,5.52238898179745,1,2
7,6,3,8.10420390423849,4.26494628370017,3.88737920220064,6.51742409261011,5.24941875764253,1,2
7,6,4,8.10420390423849,4.26494628370017,5.71269518281801,5.35513837136512,5.05643042177679,1,2
7,6,5,8.10420390423849,4.26494628370017,4.91988189055998,4.84522592076627,5.1342282523004,1,2
7,6,8,8.10420390423849,4.26494628370017,5.06365360868625,5.82496289499764,5.25431756390127,1,2
7,6,11,8.10420390423849,4.26494628370017,3.7769243294491,5.33429291618716,5.1315692800312,1,2
7,6,13,8.10420390423849,4.26494628370017,4.20491849154459,5.43547073380046,5.20509410781906,1,2
7,6,14,8.10420390423849,4.26494628370017,2.96397647353163,6.12583133953987,5.38687366843613,1,2
7,6,15,8.10420390423849,4.26494628370017,5.6913997078848,6.25668800959457,5.55980993214036,1,2
7,6,17,8.10420390423849,4.26494628370017,4.61041493539976,6.07843211664433,5.49573936581633,1,2
7,6,23,8.10420390423849,4.26494628370017,6.52268258015065,6.07458978878632,5.35026183120892,1,2
7,6,24,8.10420390423849,4.26494628370017,4.02436457068675,5.80798005160481,5.22938303038559,1,2
7,6,25,8.10420390423849,4.26494628370017,5.83890952315627,5.60761800104943,5.18930101652156,1,2
7,6,28,8.10420390423849,4.26494628370017,4.31451468303425,5.68300138054726,5.06834755628186,1,2
7,6,29,8.10420390423849,4.26494628370017,4.83547245745575,6.0132905485189,5.59738399303875,1,2
7,6,31,8.10420390423849,4.26494628370017,3.67043116347229,5.899796284171,5.65743903801905,1,2
7,6,32,8.10420390423849,4.26494628370017,5.81318532766703,5.62994204134144,5.16550525621441,1,2
7,6,33,8.10420390423849,4.26494628370017,5.1317192653891,6.666494306098,5.65147420071325,1,2
7,6,38,8.10420390423849,4.26494628370017,6.15027846000236,6.95605939864678,5.83501031676164,1,2
7,6,39,8.10420390423849,4.26494628370017,2.91126456918037,5.9213526010851,5.42346277082781,1,2
7,6,40,8.10420390423849,4.26494628370017,4.0713323063136,6.90249588567429,5.77042478304278,1,2
7,6,41,8.10420390423849,4.26494628370017,4.53907679575623,6.39900428243959,5.51882332670702,1,2
7,6,43,8.10420390423849,4.26494628370017,5.26529837187441,6.22581171455538,5.41594291799115,1,2
7,6,44,8.10420390423849,4.26494628370017,4.69073272441688,5.37482557324623,5.08716277980937,1,2
7,6,45,8.10420390423849,4.26494628370017,4.18498812298445,5.46062677698787,5.05578073398078,1,2
7,6,48,8.10420390423849,4.26494628370017,6.44901650287387,6.24230071481981,5.56987249279999,1,2
7,6,49,8.10420390423849,4.26494628370017,4.64610615761661,6.31136862159635,5.56758938312848,1,2
7,6,50,8.10420390423849,4.26494628370017,3.09959426532528,6.29513516457717,5.63152854841842,1,2
7,6,51,8.10420390423849,4.26494628370017,5.93787586082862,5.75267931079895,5.20536183311276,1,2
7,6,52,8.10420390423849,4.26494628370017,4.98529439769315,5.55020930024411,5.0940167572219,1,2
7,6,53,8.10420390423849,4.26494628370017,6.08851034054336,5.83034776298331,5.43766740068413,1,2
7,6,55,8.10420390423849,4.26494628370017,5.22279799800184,6.19512121185037,5.49110340629116,1,2
7,6,56,8.10420390423849,4.26494628370017,5.14408663667429,6.35434447354838,5.46370238397488,1,2
7,6,59,8.10420390423849,4.26494628370017,5.26310792853258,5.47957225486864,5.19016351193589,1,2
7,6,61,8.10420390423849,4.26494628370017,4.41357390898001,5.95011019443669,5.25275872804263,1,2
7,6,62,8.10420390423849,4.26494628370017,5.44095682941973,5.76191385052025,5.30240846039842,1,2
7,6,63,8.10420390423849,4.26494628370017,6.16989012498864,6.29368342780351,5.59300564576962,1,2
7,6,64,8.10420390423849,4.26494628370017,5.48546496382316,6.45073585595548,5.59605725800568,1,2
7,6,65,8.10420390423849,4.26494628370017,4.15922014026078,5.81850574109676,5.22539629940648,1,2
7,6,66,8.10420390423849,4.26494628370017,4.81642233877009,6.20408697923894,5.41492021022071,1,2
7,6,69,8.10420390423849,4.26494628370017,4.97260679988886,6.15761383686383,5.4532259512904,1,2
7,6,70,8.10420390423849,4.26494628370017,4.69076889005267,4.79611365696046,4.90332107280972,1,2
7,6,71,8.10420390423849,4.26494628370017,6.33892230228937,4.77438043280509,4.90549182701941,1,2
7,6,74,8.10420390423849,4.26494628370017,5.14054882938668,5.60216040473863,5.12363201235698,1,2
7,6,75,8.10420390423849,4.26494628370017,5.00204096619483,5.78519771948013,5.37667988838876,1,2
7,6,79,8.10420390423849,4.26494628370017,3.21164539570472,5.80914238326705,5.3598588570521,1,2
7,6,80,8.10420390423849,4.26494628370017,6.87060386057257,5.07522989870215,5.10755094169726,1,2
7,6,84,8.10420390423849,4.26494628370017,3.69949493515588,5.18808788776493,5.37543084761035,1,2
7,6,86,8.10420390423849,4.26494628370017,6.3919490556899,5.72332209720737,5.47370157036002,1,2
7,6,88,8.10420390423849,4.26494628370017,4.89961944588027,5.63851725936531,5.10468039900785,1,2
7,6,96,8.10420390423849,4.26494628370017,5.22631688117582,5.48514844751148,5.25451957406511,1,2
7,7,2,8.10420390423849,4.26494628370017,4.50860622986991,6.23606234274755,5.8196179166403,1,2
7,7,3,8.10420390423849,4.26494628370017,6.13143241742429,5.57016561611866,5.33040361776737,1,2
7,7,6,8.10420390423849,4.26494628370017,5.71448090813689,5.55482392217535,5.4159348844959,1,2
7,7,7,8.10420390423849,4.26494628370017,7.59428846962462,6.41851955939767,5.74475261163137,1,2
7,7,9,8.10420390423849,4.26494628370017,6.76829751417721,5.91517990367282,5.60470508944575,1,2
7,7,12,8.10420390423849,4.26494628370017,5.2805391863682,6.08508732218682,5.61141700728506,1,2
7,7,13,8.10420390423849,4.26494628370017,5.6016538241526,6.16155694410662,5.67489481585409,1,2
7,7,14,8.10420390423849,4.26494628370017,6.81351664560099,5.29285110646386,5.34774152351926,1,2
7,7,17,8.10420390423849,4.26494628370017,7.38607325910594,6.1970785865768,5.78632552461691,1,2
7,7,19,8.10420390423849,4.26494628370017,5.36197744749461,6.22285305010569,5.79499819158482,1,2
7,7,21,8.10420390423849,4.26494628370017,6.44710518046303,5.51629240343109,5.20076687934517,1,2
7,7,22,8.10420390423849,4.26494628370017,5.54065711745769,5.78120571281476,5.47076889457684,1,2
7,7,25,8.10420390423849,4.26494628370017,3.51969771850654,6.49984824145759,5.58836955067597,1,2
7,7,26,8.10420390423849,4.26494628370017,4.07526996107382,6.00522935554005,5.70663202294977,1,2
7,7,27,8.10420390423849,4.26494628370017,3.68880689937479,5.89438076389298,5.61032589116749,1,2
7,7,30,8.10420390423849,4.26494628370017,3.5437010464657,6.33930417914255,5.88628690936528,1,2
7,7,33,8.10420390423849,4.26494628370017,5.68406932186496,5.95658933966385,5.46558866724835,1,2
7,7,34,8.10420390423849,4.26494628370017,5.82735087377324,5.74082493306014,5.52313946125034,1,2
7,7,35,8.10420390423849,4.26494628370017,4.37340268050086,6.37723705800231,5.71874344699284,1,2
7,7,36,8.10420390423849,4.26494628370017,6.54605470075584,7.42216407671215,6.26195168968846,1,2
7,7,37,8.10420390423849,4.26494628370017,5.04445894934727,5.73969998423981,5.42289265219261,1,2
7,7,38,8.10420390423849,4.26494628370017,5.9886835668911,6.16769354507314,5.82936006668576,1,2
7,7,39,8.10420390423849,4.26494628370017,3.28440960157921,5.76688426968122,5.56922111438076,1,2
7,7,43,8.10420390423849,4.26494628370017,3.55271024029782,6.60419443967836,5.78599459710442,1,2
7,7,46,8.10420390423849,4.26494628370017,5.35163999033567,5.73562484784366,5.47589270144039,1,2
7,7,49,8.10420390423849,4.26494628370017,3.79990486953403,5.63081135270259,5.51398650255824,1,2
7,7,50,8.10420390423849,4.26494628370017,5.32779815122736,5.38994150123254,5.33716639016157,1,2
7,7,52,8.10420390423849,4.26494628370017,3.98855926159958,6.12317996243957,5.63085789807438,1,2
7,7,56,8.10420390423849,4.26494628370017,4.70530309072189,6.70641848551381,5.88822916310438,1,2
7,7,60,8.10420390423849,4.26494628370017,7.10129927926184,5.5192092109441,5.26211569626952,1,2
7,7,62,8.10420390423849,4.26494628370017,4.13828130043986,7.58710044833265,6.17445941087075,1,2
7,7,63,8.10420390423849,4.26494628370017,6.41054452368659,5.58264096329089,5.46498200168498,1,2
7,7,64,8.10420390423849,4.26494628370017,3.00932108633485,5.51447066984781,5.31659637996081,1,2
7,7,66,8.10420390423849,4.26494628370017,4.39824846661153,7.32950856985296,5.99028814545198,1,2
7,7,67,8.10420390423849,4.26494628370017,7.18814273643603,6.28947123749032,5.78980815923113,1,2
7,7,68,8.10420390423849,4.26494628370017,3.92647633939273,5.19888909410769,5.14101032545492,1,2
7,7,72,8.10420390423849,4.26494628370017,4.40027370259007,5.91675772589565,5.37258943520168,1,2
7,7,74,8.10420390423849,4.26494628370017,5.0832376594245,6.35705257157221,5.6954425506611,1,2
7,7,77,8.10420390423849,4.26494628370017,5.94508297224311,6.31359857891785,5.69405301175078,1,2
7,7,79,8.10420390423849,4.26494628370017,6.03820350587817,6.20974821646715,5.73566702043395,1,2
7,8,2,8.10420390423849,4.26494628370017,6.41337401588241,6.145289778909,6.27037347144081,1,2
7,8,4,8.10420390423849,4.26494628370017,5.46429675060253,5.46419583770104,5.66742234592463,1,2
7,8,5,8.10420390423849,4.26494628370017,5.89401678283136,7.35261303175516,6.20190517171772,1,2
7,8,7,8.10420390423849,4.26494628370017,3.84119673874779,4.90102045259102,5.54563682404744,1,2
7,8,10,8.10420390423849,4.26494628370017,5.3018660405929,5.23830037831581,5.66475849976638,1,2
7,8,12,8.10420390423849,4.26494628370017,5.19583229136121,5.72712948258748,6.06948139626143,1,2
7,8,13,8.10420390423849,4.26494628370017,6.11817200755293,5.03719323962652,5.47334994554651,1,2
7,8,15,8.10420390423849,4.26494628370017,6.30335211277004,5.66953428967651,5.75583599551653,1,2
7,8,16,8.10420390423849,4.26494628370017,5.85106668758831,5.93263550346939,5.90311502837903,1,2
7,8,21,8.10420390423849,4.26494628370017,3.4917019180528,6.20331461824116,5.8813206861507,1,2
7,8,22,8.10420390423849,4.26494628370017,3.76876027228866,5.20133532491974,5.53761168055456,1,2
7,8,23,8.10420390423849,4.26494628370017,4.20804543321509,5.03598665313477,5.63099600302896,1,2
7,8,24,8.10420390423849,4.26494628370017,2.98990637399852,6.00996936350295,5.9073820136462,1,2
7,8,25,8.10420390423849,4.26494628370017,6.10310137684904,5.44789077021777,5.79788420112926,1,2
7,8,27,8.10420390423849,4.26494628370017,5.80362771376606,6.34821930763973,6.06294487175777,1,2
7,8,29,8.10420390423849,4.26494628370017,4.92825041307468,5.95101875240048,5.85452649493147,1,2
7,8,31,8.10420390423849,4.26494628370017,4.32064981327316,5.74821023579908,5.99408811820064,1,2
7,8,33,8.10420390423849,4.26494628370017,5.2068379369075,5.78447597753474,5.74967516753988,1,2
7,8,34,8.10420390423849,4.26494628370017,6.89759772813088,5.93557585268496,6.0598375679861,1,2
7,8,40,8.10420390423849,4.26494628370017,5.97889885091894,5.96095747691509,5.73883169837833,1,2
7,8,44,8.10420390423849,4.26494628370017,5.17503691156919,7.05170698513458,6.31109907241292,1,2
7,8,45,8.10420390423849,4.26494628370017,4.433277253968,5.92498479067626,5.89809981562026,1,2
7,8,49,8.10420390423849,4.26494628370017,4.3245009297405,6.5576593023881,6.18930713187113,1,2
7,8,52,8.10420390423849,4.26494628370017,3.44443683069557,6.32483373747228,6.184274720755,1,2
7,8,53,8.10420390423849,4.26494628370017,6.41044656942695,6.63092323281396,6.27434791659308,1,2
7,8,56,8.10420390423849,4.26494628370017,4.56431347456413,6.25258510398714,5.91831067585062,1,2
7,8,57,8.10420390423849,4.26494628370017,4.34452018363429,5.89571998482054,5.88992752308882,1,2
7,8,59,8.10420390423849,4.26494628370017,5.41829592511092,5.27535634995181,5.54528839673125,1,2
7,8,60,8.10420390423849,4.26494628370017,6.04734117730433,6.21242319481741,6.18440114575843,1,2
7,9,1,8.10420390423849,4.26494628370017,4.25986303261581,6.60311996444441,6.28531405286537,1,2
7,9,7,8.10420390423849,4.26494628370017,5.05708924645171,5.41889153137432,5.94575467164312,1,2
7,9,9,8.10420390423849,4.26494628370017,6.08310759469965,6.96712276342184,6.64718235679363,1,2
7,9,13,8.10420390423849,4.26494628370017,5.56098580469522,6.86202211249189,6.26974222552838,1,2
7,9,15,8.10420390423849,4.26494628370017,5.91568797515188,6.20867293954729,6.15803769117132,1,2
7,9,16,8.10420390423849,4.26494628370017,6.67420095866998,5.66023162226542,6.02193091678986,1,2
7,9,17,8.10420390423849,4.26494628370017,5.07203006819619,6.13986597676927,6.0467051521644,1,2
7,9,18,8.10420390423849,4.26494628370017,2.81947575342083,6.24143843229097,6.17408473646866,1,2
7,9,21,8.10420390423849,4.26494628370017,6.12687378989573,6.08015168548096,6.05744462000367,1,2
7,9,23,8.10420390423849,4.26494628370017,5.06843688577565,6.18910719381226,6.2480235482779,1,2
7,9,25,8.10420390423849,4.26494628370017,5.47872053457564,6.20653459038699,6.08471454019364,1,2
7,9,26,8.10420390423849,4.26494628370017,4.76479430458357,5.35377868922268,5.85302881055579,1,2
7,9,27,8.10420390423849,4.26494628370017,4.66865073112548,5.77601005962639,6.05104393343806,1,2
7,9,31,8.10420390423849,4.26494628370017,5.15608219648457,6.43530854071721,6.30740572588798,1,2
7,9,33,8.10420390423849,4.26494628370017,4.74492193875845,6.2776131254821,6.31661064677732,1,2
7,9,37,8.10420390423849,4.26494628370017,3.90386632451744,6.05716426135567,6.12594230810335,1,2
7,9,38,8.10420390423849,4.26494628370017,5.24748815249899,5.82319644949532,6.14031422848286,1,2
7,9,39,8.10420390423849,4.26494628370017,5.38852740711442,6.69730588252847,6.39499810084879,1,2
7,9,40,8.10420390423849,4.26494628370017,5.61767313300699,6.99859801648972,6.47502241131506,1,2
7,9,42,8.10420390423849,4.26494628370017,3.7871473151068,6.36203916932996,6.2833918099039,1,2
7,9,46,8.10420390423849,4.26494628370017,3.20787868526005,5.75736839496034,5.9896533454303,1,2
7,9,48,8.10420390423849,4.26494628370017,5.68441098853407,6.04430302019332,6.10198721060386,1,2
7,9,49,8.10420390423849,4.26494628370017,4.12559344004298,6.81663075631285,6.30169902967687,1,2
7,9,52,8.10420390423849,4.26494628370017,6.23109819771305,5.44114970347897,5.86654164243532,1,2
7,9,53,8.10420390423849,4.26494628370017,6.4618991301173,5.9152498516849,6.03560388106425,1,2
7,9,54,8.10420390423849,4.26494628370017,4.87993701470352,6.64969787612645,6.27287862381471,1,2
7,9,56,8.10420390423849,4.26494628370017,5.23845951838002,5.8599242875106,6.10018923453829,1,2
7,9,57,8.10420390423849,4.26494628370017,5.96461351525921,5.47782137664309,6.21046336145203,1,2
7,9,58,8.10420390423849,4.26494628370017,4.66605976600508,5.52236463510594,5.88208747333072,1,2
7,9,59,8.10420390423849,4.26494628370017,5.28197548076459,5.06971679855136,6.06564417823991,1,2
7,9,60,8.10420390423849,4.26494628370017,4.56151197575435,6.63008429220072,6.56137535006202,1,2
7,9,62,8.10420390423849,4.26494628370017,3.43880035769793,6.70454702577225,6.32112780884669,1,2
7,9,63,8.10420390423849,4.26494628370017,5.39572021641993,5.47397965438232,6.08921305539418,1,2
7,9,66,8.10420390423849,4.26494628370017,4.0404952523883,6.46167611918367,6.2585672607623,1,2
7,9,70,8.10420390423849,4.26494628370017,7.44259328326815,6.27282977405029,6.48624919301313,1,2
7,9,71,8.10420390423849,4.26494628370017,5.32812617776212,6.07285361126889,6.00920050926277,1,2
7,9,73,8.10420390423849,4.26494628370017,7.64254978873819,7.02661536488365,6.53330063682956,1,2
7,9,74,8.10420390423849,4.26494628370017,4.79299640643386,6.25557899541553,6.25562000047042,1,2
7,9,75,8.10420390423849,4.26494628370017,5.42737759532238,5.97405994704509,6.29288350220043,1,2
7,9,76,8.10420390423849,4.26494628370017,5.46547011207328,6.34077091343971,6.33477897609117,1,2
7,10,1,8.10420390423849,4.26494628370017,4.83729113141472,5.9731365937708,6.45278083289376,1,2
7,10,3,8.10420390423849,4.26494628370017,4.26706304128082,5.68400008018156,6.273123715552,1,2
7,10,5,8.10420390423849,4.26494628370017,4.44278959341773,6.19416952544584,6.1805406805727,1,2
7,10,9,8.10420390423849,4.26494628370017,5.17257507397587,5.42432414078152,6.35017300207094,1,2
7,10,13,8.10420390423849,4.26494628370017,2.91173551529085,6.70367992840553,6.69504336393721,1,2
7,10,15,8.10420390423849,4.26494628370017,6.03690536567486,5.61839527827542,6.19172259561001,1,2
7,10,17,8.10420390423849,4.26494628370017,5.88477660832915,6.03443834894685,6.46345713498498,1,2
7,10,18,8.10420390423849,4.26494628370017,5.78226600486715,5.41476652109722,6.26054710500369,1,2
7,10,26,8.10420390423849,4.26494628370017,4.33491926700102,6.91998203412436,6.58880542249262,1,2
7,10,27,8.10420390423849,4.26494628370017,6.39595771339846,6.50213619418477,6.66223211640182,1,2
7,10,28,8.10420390423849,4.26494628370017,6.44976869518389,5.31449134553521,6.24342781645989,1,2
7,10,29,8.10420390423849,4.26494628370017,2.97481938412241,5.73632931024141,6.02933212068057,1,2
7,10,31,8.10420390423849,4.26494628370017,5.48507102831065,5.23218868832296,6.16133327538906,1,2
7,10,33,8.10420390423849,4.26494628370017,5.28509788977578,6.43356742573046,6.68745610874106,1,2
7,10,35,8.10420390423849,4.26494628370017,4.02354985096156,6.62312500848057,6.5920544382063,1,2
7,10,37,8.10420390423849,4.26494628370017,5.92504515368712,5.52142453391621,6.3427173985767,1,2
7,10,39,8.10420390423849,4.26494628370017,6.09004858262989,6.19244112053788,6.54708711831263,1,2
7,10,41,8.10420390423849,4.26494628370017,5.54404269647951,6.23251684839956,6.64251521027181,1,2
7,10,44,8.10420390423849,4.26494628370017,4.6164421466051,5.63316556239658,6.20995721136332,1,2
7,10,45,8.10420390423849,4.26494628370017,5.50912481695031,6.21255295505263,6.5341779620685,1,2
7,10,46,8.10420390423849,4.26494628370017,3.12816567865413,6.25065209077171,6.40524152910553,1,2
7,10,47,8.10420390423849,4.26494628370017,5.72494985750528,6.71704508225734,6.69984211512993,1,2
7,10,50,8.10420390423849,4.26494628370017,6.28806634599941,5.97900032598031,6.31529262282626,1,2
7,10,51,8.10420390423849,4.26494628370017,3.11431785083596,4.82957833337138,6.02483960666719,1,2
7,10,54,8.10420390423849,4.26494628370017,5.52066906485873,5.62805536538078,6.07885666349383,1,2
7,10,55,8.10420390423849,4.26494628370017,4.98027068050064,5.79877553387705,6.4724543135547,1,2
7,10,58,8.10420390423849,4.26494628370017,4.84987915337087,6.10693434486072,6.4086328146124,1,2
7,10,59,8.10420390423849,4.26494628370017,7.48261401096149,5.4864418283274,6.4267769864501,1,2
7,10,60,8.10420390423849,4.26494628370017,5.69448423049059,5.49151673304206,6.13593255595969,1,2
7,10,61,8.10420390423849,4.26494628370017,7.08112143654284,5.92660873458947,6.32992568178466,1,2
7,10,63,8.10420390423849,4.26494628370017,4.87589031934766,5.91521856594704,6.02218504016535,1,2
7,10,64,8.10420390423849,4.26494628370017,3.92238213771961,5.47911075869604,6.25175084353656,1,2
7,10,68,8.10420390423849,4.26494628370017,5.45492533900768,6.23447956216467,6.505745777439,1,2
7,10,69,8.10420390423849,4.26494628370017,3.99647100966273,6.54380345638158,6.60568489970815,1,2
7,10,72,8.10420390423849,4.26494628370017,5.74615774984066,5.96380845029028,6.38778120020185,1,2
7,10,73,8.10420390423849,4.26494628370017,4.12598556593551,5.35808390659452,6.00806335580471,1,2
7,10,74,8.10420390423849,4.26494628370017,3.39863711690467,5.75072913262379,6.01368446775954,1,2
7,10,77,8.10420390423849,4.26494628370017,4.52953243751239,5.88861695429939,6.32567116189091,1,2
7,10,78,8.10420390423849,4.26494628370017,4.08721394941626,6.04436969148919,6.34353093438932,1,2
7,10,81,8.10420390423849,4.26494628370017,5.92057338592509,5.52971916546055,6.07897996962113,1,2
7,11,2,8.10420390423849,4.26494628370017,5.1301136144316,6.13438357328536,6.362889457624,1,2
7,11,3,8.10420390423849,4.26494628370017,3.19102322323912,5.56659857479262,6.45337925799013,1,2
7,11,6,8.10420390423849,4.26494628370017,4.34963549043198,6.14921739486101,6.28512684145795,1,2
7,11,7,8.10420390423849,4.26494628370017,5.30596074589,6.88693272513615,6.72012601862326,1,2
7,11,12,8.10420390423849,4.26494628370017,6.34421503302699,7.71947904942723,7.01529126895245,1,2
7,11,13,8.10420390423849,4.26494628370017,7.15632364849189,5.33594157625788,6.29138007184957,1,2
7,11,14,8.10420390423849,4.26494628370017,5.66067071723169,5.84145068697966,6.32100207963982,1,2
7,11,16,8.10420390423849,4.26494628370017,3.88849612265943,5.31700811770207,6.25672527825947,1,2
7,11,20,8.10420390423849,4.26494628370017,5.51119196671209,5.16005135705162,6.47488646214837,1,2
7,11,21,8.10420390423849,4.26494628370017,4.51808752589732,6.04475461309768,6.48001451617573,1,2
7,11,22,8.10420390423849,4.26494628370017,6.91114491619788,5.67839315992328,6.64608363730349,1,2
7,11,23,8.10420390423849,4.26494628370017,5.45333842336718,6.01120176728047,6.4968678745926,1,2
7,11,27,8.10420390423849,4.26494628370017,4.27418714394547,6.47651456708376,6.36588091636328,1,2
7,11,28,8.10420390423849,4.26494628370017,4.71719597219716,5.7313979947487,6.33572366256882,1,2
7,11,29,8.10420390423849,4.26494628370017,3.92746218323396,5.96970754050135,6.50532701635737,1,2
7,11,31,8.10420390423849,4.26494628370017,5.959234934516,5.98370275075793,6.40828284926378,1,2
7,11,33,8.10420390423849,4.26494628370017,6.72340112716426,6.11476920689637,6.54964050371489,1,2
7,11,34,8.10420390423849,4.26494628370017,5.04506755701689,6.98012433996862,6.80206108462742,1,2
7,11,37,8.10420390423849,4.26494628370017,4.34764238782432,6.01211043287743,6.51618517282829,1,2
7,11,40,8.10420390423849,4.26494628370017,5.460155673331,6.31204670263224,6.53530661170595,1,2
7,11,41,8.10420390423849,4.26494628370017,3.3462835507059,6.6507240273694,6.41160049379762,1,2
7,11,42,8.10420390423849,4.26494628370017,5.17138217948608,4.90141717913607,6.00270614769383,1,2
7,11,45,8.10420390423849,4.26494628370017,5.91464596307358,5.98118046199267,6.51992907745542,1,2
7,11,47,8.10420390423849,4.26494628370017,5.76507663033221,6.48372656687669,6.67825732091747,1,2
7,11,51,8.10420390423849,4.26494628370017,5.08404302114727,5.39902597760192,6.25095873734701,1,2
7,11,52,8.10420390423849,4.26494628370017,6.07369268276507,6.41297056324196,6.66394151851898,1,2
7,11,53,8.10420390423849,4.26494628370017,6.726375184181,5.30535805877889,6.16937714016529,1,2
7,11,58,8.10420390423849,4.26494628370017,5.09690043818165,5.86753622394579,6.4283797011794,1,2
7,11,60,8.10420390423849,4.26494628370017,3.63823240643901,6.83949605539625,6.65187118383223,1,2
7,11,65,8.10420390423849,4.26494628370017,3.5727804679389,6.25135945921918,6.45999083259919,1,2
7,11,66,8.10420390423849,4.26494628370017,3.72010432648642,6.4416669879412,6.83425489653827,1,2
7,11,69,8.10420390423849,4.26494628370017,6.48285494067624,6.15553343478472,6.54445611677467,1,2
7,11,74,8.10420390423849,4.26494628370017,4.04514640454873,6.03526960487741,6.45674243018092,1,2
7,11,77,8.10420390423849,4.26494628370017,5.8368770412389,5.59879195141526,6.00510161821221,1,2
7,11,79,8.10420390423849,4.26494628370017,6.43084828999565,6.44306259925917,6.57499932198168,1,2
7,11,86,8.10420390423849,4.26494628370017,4.88822262165211,6.70062983968021,6.64923249577945,1,2
7,11,87,8.10420390423849,4.26494628370017,3.41156880745402,5.11196739475932,6.08407656157378,1,2
7,11,88,8.10420390423849,4.26494628370017,4.52579873650724,5.79643871502939,6.41743153268938,1,2
7,11,91,8.10420390423849,4.26494628370017,5.39081460978211,5.84869207768412,6.58142695920377,1,2
7,11,92,8.10420390423849,4.26494628370017,4.97567337942131,5.80006655418131,6.37252439743191,1,2
7,11,93,8.10420390423849,4.26494628370017,6.46222430629546,5.71074350233256,6.39236807644577,1,2
7,11,94,8.10420390423849,4.26494628370017,4.29866716206069,5.71418239822863,6.3598161285078,1,2
7,11,95,8.10420390423849,4.26494628370017,2.67017647115639,5.60594344787381,6.34540457624413,1,2
7,11,97,8.10420390423849,4.26494628370017,5.3693179719902,5.42778401541366,6.43266622982402,1,2
7,11,98,8.10420390423849,4.26494628370017,5.15358964469533,6.27260569192819,6.6518847243206,1,2
7,11,99,8.10420390423849,4.26494628370017,3.79954068763125,6.28495860171386,6.5963050739968,1,2
7,12,3,8.10420390423849,4.26494628370017,3.13284119613524,6.02439467072194,6.8884230478111,1,2
7,12,4,8.10420390423849,4.26494628370017,4.2799218865182,5.96575075899935,6.85297582536872,1,2
7,12,6,8.10420390423849,4.26494628370017,6.46886281576629,6.62058915553126,6.72260138528443,1,2
7,12,9,8.10420390423849,4.26494628370017,7.26603452710187,5.65784105424061,6.55048914963172,1,2
7,12,10,8.10420390423849,4.26494628370017,4.83836836321708,5.44786031592864,6.43704050694404,1,2
7,12,12,8.10420390423849,4.26494628370017,4.17130619928258,6.23781412994131,6.79588862928134,1,2
7,12,13,8.10420390423849,4.26494628370017,6.31054596607222,5.51037589388256,6.6625920330786,1,2
7,12,14,8.10420390423849,4.26494628370017,4.76647787855063,5.93775572724694,6.51801161097584,1,2
7,12,15,8.10420390423849,4.26494628370017,5.59312975742689,6.25545122235332,6.73135317065074,1,2
7,12,18,8.10420390423849,4.26494628370017,5.5484588165413,6.04594900063663,6.83572080637566,1,2
7,12,19,8.10420390423849,4.26494628370017,5.3400204612567,5.44054418586704,6.40679647363667,1,2
7,12,22,8.10420390423849,4.26494628370017,5.48292870192984,6.74553658242089,6.79923678405137,1,2
7,12,25,8.10420390423849,4.26494628370017,4.62383241320104,5.1492615913081,6.38939958152001,1,2
7,12,26,8.10420390423849,4.26494628370017,4.67305597369471,5.16165575918977,6.35127308369524,1,2
7,12,27,8.10420390423849,4.26494628370017,5.08054449163508,6.41993564704637,6.88377358631617,1,2
7,12,34,8.10420390423849,4.26494628370017,4.60990182073179,6.040139621833,6.73751464901912,1,2
7,12,35,8.10420390423849,4.26494628370017,5.44478886650408,6.48399557421693,6.64591102821491,1,2
7,12,36,8.10420390423849,4.26494628370017,5.03988779552756,5.38607602791002,6.23419206509294,1,2
7,12,38,8.10420390423849,4.26494628370017,4.65168514408483,6.4321719609435,7.02172071087842,1,2
7,12,39,8.10420390423849,4.26494628370017,4.41661174519061,6.11868579111676,6.42010824158114,1,2
7,12,40,8.10420390423849,4.26494628370017,4.88179321508865,6.26556082191626,6.75222048475282,1,2
7,12,41,8.10420390423849,4.26494628370017,4.50125211213722,6.02384711644515,6.84244618025443,1,2
7,12,42,8.10420390423849,4.26494628370017,5.21388399015309,5.66958680511406,6.78692680179394,1,2
7,12,46,8.10420390423849,4.26494628370017,5.45692358749383,6.35375753815212,6.76587002915718,1,2
7,12,47,8.10420390423849,4.26494628370017,4.78053526894123,5.6771269416104,6.55181544886221,1,2
7,12,48,8.10420390423849,4.26494628370017,4.07796421176888,5.51128939387274,6.21791685001819,1,2
7,12,51,8.10420390423849,4.26494628370017,4.42739618197008,5.94301880168212,6.85031425147779,1,2
7,12,53,8.10420390423849,4.26494628370017,5.46849161541923,6.48606026841081,6.67670657621835,1,2
7,12,54,8.10420390423849,4.26494628370017,4.42197604030771,5.44078789050203,6.40250467820758,1,2
7,12,58,8.10420390423849,4.26494628370017,5.9753487210634,5.77649725845465,6.52088813250524,1,2
7,12,59,8.10420390423849,4.26494628370017,4.360962225501,6.18735623987857,6.64448729609148,1,2
7,12,61,8.10420390423849,4.26494628370017,5.16517630028186,5.93480338896606,6.6409598454243,1,2
7,13,1,8.10420390423849,4.26494628370017,6.8753651785676,4.63725800420346,6.56887963954271,1,2
7,13,3,8.10420390423849,4.26494628370017,4.55593978759864,6.23574551074939,6.9716804037472,1,2
7,13,5,8.10420390423849,4.26494628370017,6.33289443217192,5.46457382283197,6.97030333026277,1,2
7,13,6,8.10420390423849,4.26494628370017,5.62538703835618,5.65104302282568,6.91406281699457,1,2
7,13,10,8.10420390423849,4.26494628370017,5.10039611168115,6.10670916843652,7.03304448948127,1,2
7,13,11,8.10420390423849,4.26494628370017,4.78667411905098,6.52302940888715,6.70928899869143,1,2
7,13,12,8.10420390423849,4.26494628370017,4.83219458612292,6.00776462123343,6.96721706737058,1,2
7,13,17,8.10420390423849,4.26494628370017,5.36292777074316,6.18208141422856,7.29310689637606,1,2
7,13,18,8.10420390423849,4.26494628370017,6.18166956565931,6.23478963801418,7.22193911646897,1,2
7,13,19,8.10420390423849,4.26494628370017,5.65768465175973,6.07018999180393,7.04739261110349,1,2
7,13,20,8.10420390423849,4.26494628370017,3.61920662536947,7.02052842599612,7.1078134404275,1,2
7,13,22,8.10420390423849,4.26494628370017,2.830036105809,5.98890386895406,6.90917121036945,1,2
7,13,23,8.10420390423849,4.26494628370017,5.46582138634245,5.94322624037717,7.09399575161569,1,2
7,13,26,8.10420390423849,4.26494628370017,2.16255945233893,6.93729671526688,7.21859308111992,1,2
7,13,27,8.10420390423849,4.26494628370017,4.80884619159933,6.29655708900856,7.10205262287246,1,2
7,13,28,8.10420390423849,4.26494628370017,5.36066526764275,5.89836619440229,6.97377681979851,1,2
7,13,29,8.10420390423849,4.26494628370017,5.44087341359126,5.86229414598805,7.05926118380444,1,2
7,13,31,8.10420390423849,4.26494628370017,4.79015096093842,6.58091465778017,7.1037556487647,1,2
7,13,33,8.10420390423849,4.26494628370017,5.66729514715046,6.22319597509665,7.30916821039002,1,2
7,13,36,8.10420390423849,4.26494628370017,7.12232669268947,6.13166602678155,7.07363687042826,1,2
7,13,39,8.10420390423849,4.26494628370017,5.24326824843409,6.40667848678236,7.05773343173537,1,2
7,13,42,8.10420390423849,4.26494628370017,6.03392852329994,5.94738799853534,7.04127902167667,1,2
7,13,44,8.10420390423849,4.26494628370017,5.40139455719095,6.33500452858292,7.5900255995533,1,2
7,13,45,8.10420390423849,4.26494628370017,4.04368701735656,5.61940337312304,6.7647498817027,1,2
7,13,47,8.10420390423849,4.26494628370017,5.05325496770494,5.94633354621456,7.29893819957751,1,2
7,13,50,8.10420390423849,4.26494628370017,4.67715630631765,6.62338677577609,7.19784344074105,1,2
7,13,52,8.10420390423849,4.26494628370017,6.14515131866001,6.14079737820793,6.80973959204002,1,2
7,13,53,8.10420390423849,4.26494628370017,4.15673883039653,6.42109008337576,7.09675373323616,1,2
7,13,56,8.10420390423849,4.26494628370017,2.73783311700879,6.63450579780118,7.27761309697517,1,2
7,13,58,8.10420390423849,4.26494628370017,3.30307331884198,6.82673080846048,7.37434416508715,1,2
7,13,61,8.10420390423849,4.26494628370017,3.56134368985304,6.03882592187582,6.86509888227614,1,2
7,13,64,8.10420390423849,4.26494628370017,4.8198521617692,6.54761596318813,7.12751949496491,1,2
7,13,65,8.10420390423849,4.26494628370017,4.05995529980049,5.97234077458136,6.98745732369652,1,2
7,13,66,8.10420390423849,4.26494628370017,6.10819826097963,5.93796576410445,7.0813359939844,1,2
7,13,70,8.10420390423849,4.26494628370017,4.47343427290946,5.82530534381969,6.92991729066215,1,2
7,13,71,8.10420390423849,4.26494628370017,4.88740835239419,5.6092534288167,6.75324812834713,1,2
7,13,72,8.10420390423849,4.26494628370017,5.08577064958147,4.988083480787,6.84082837025538,1,2
7,13,73,8.10420390423849,4.26494628370017,5.96006895483763,6.39300033749216,7.02809724382791,1,2
7,13,74,8.10420390423849,4.26494628370017,4.32141221913305,6.21258803688329,6.99619871097598,1,2
7,13,75,8.10420390423849,4.26494628370017,4.61806107797899,6.84061820454304,7.24637079391881,1,2
7,13,76,8.10420390423849,4.26494628370017,6.52373279135977,6.48479818179212,7.31786382199599,1,2
7,13,79,8.10420390423849,4.26494628370017,4.63030177265306,6.82727398632492,7.32728499235516,1,2
7,13,85,8.10420390423849,4.26494628370017,5.5845703023412,6.53943961739997,7.24993753210967,1,2
7,13,88,8.10420390423849,4.26494628370017,5.51494457066802,5.6238569818752,7.01056438506315,1,2
7,13,90,8.10420390423849,4.26494628370017,4.60508868160165,5.8512957840116,7.13946389833429,1,2
7,13,91,8.10420390423849,4.26494628370017,4.66772158917098,6.09583084212925,7.12225761545068,1,2
7,13,93,8.10420390423849,4.26494628370017,3.8751433151682,5.206803366876,6.89956315949737,1,2
7,13,94,8.10420390423849,4.26494628370017,4.83780819099858,6.09907839505876,7.10670765510141,1,2
7,13,95,8.10420390423849,4.26494628370017,5.80755546249509,6.17580136125211,7.15546458991409,1,2
7,13,97,8.10420390423849,4.26494628370017,4.87857173403738,6.13231270797561,6.92011991443647,1,2
7,13,98,8.10420390423849,4.26494628370017,4.4620838623752,6.24403334889949,6.99871390490632,1,2
7,14,1,8.10420390423849,4.26494628370017,6.85156449445361,6.32123625532142,7.08984030870418,1,2
7,14,2,8.10420390423849,4.26494628370017,5.81491199616998,5.04306203767589,6.97708588726297,1,2
7,14,9,8.10420390423849,4.26494628370017,5.82630685605658,5.84039173344414,6.95254174098414,1,2
7,14,11,8.10420390423849,4.26494628370017,5.60164188474406,6.22725720239716,7.22188156686188,1,2
7,14,12,8.10420390423849,4.26494628370017,5.2891116453595,6.04880855393605,7.15309462412997,1,2
7,14,14,8.10420390423849,4.26494628370017,4.79529442931246,5.45434062128086,7.02659561879098,1,2
7,14,15,8.10420390423849,4.26494628370017,3.61847890147258,6.31038587585703,7.26563720321157,1,2
7,14,18,8.10420390423849,4.26494628370017,4.19134778434304,6.31786203869433,7.31580800310349,1,2
7,14,19,8.10420390423849,4.26494628370017,4.1158546382366,5.66861960164793,7.07056711197257,1,2
7,14,21,8.10420390423849,4.26494628370017,4.50805113704545,6.17589325555195,6.96788084146101,1,2
7,14,22,8.10420390423849,4.26494628370017,3.56551880633438,5.11861538062485,6.73084803013362,1,2
7,14,24,8.10420390423849,4.26494628370017,6.16346590439993,5.99548470465521,7.16044693664112,1,2
7,14,25,8.10420390423849,4.26494628370017,4.564584259578,5.91996561972712,7.11829267498812,1,2
7,14,28,8.10420390423849,4.26494628370017,4.3428555708508,6.32073404390487,6.99387401558256,1,2
7,14,29,8.10420390423849,4.26494628370017,5.14742004327395,5.93525368925327,7.38737362310396,1,2
7,14,36,8.10420390423849,4.26494628370017,5.80337241499854,5.57568421016491,7.10227030214539,1,2
7,14,39,8.10420390423849,4.26494628370017,5.83329125239446,6.12130327616845,7.1172126501244,1,2
7,14,40,8.10420390423849,4.26494628370017,5.09802645234026,5.38407660977765,7.1141657268273,1,2
7,14,44,8.10420390423849,4.26494628370017,5.78272883476061,5.69780865393953,7.27563951477434,1,2
7,14,45,8.10420390423849,4.26494628370017,6.4969715372739,5.52601287666434,6.90291020296028,1,2
7,14,48,8.10420390423849,4.26494628370017,5.6649784910034,6.67053940050544,7.42189781625816,1,2
7,14,49,8.10420390423849,4.26494628370017,4.08095763606863,5.66406602843976,6.81876218585573,1,2
7,14,51,8.10420390423849,4.26494628370017,5.75610335385373,6.23318866661466,7.35343350318819,1,2
7,14,52,8.10420390423849,4.26494628370017,4.15191169075297,5.8177696347562,6.93424311651244,1,2
7,14,53,8.10420390423849,4.26494628370017,3.48916494366501,6.5441179920304,7.38571303289265,1,2
7,14,54,8.10420390423849,4.26494628370017,3.72018979567152,5.71008318223193,6.97253609935067,1,2
7,14,57,8.10420390423849,4.26494628370017,6.04415149075814,6.4500719011142,7.35180288499163,1,2
7,14,61,8.10420390423849,4.26494628370017,5.04746054134044,5.93061432696596,7.21277828146486,1,2
7,14,62,8.10420390423849,4.26494628370017,3.00504929564568,5.82323447082242,6.70902755873155,1,2
7,14,63,8.10420390423849,4.26494628370017,3.66850768894164,5.91187881530218,6.72453988375618,1,2
7,14,65,8.10420390423849,4.26494628370017,6.88216872525924,6.43188670399341,7.34920403276823,1,2
7,14,67,8.10420390423849,4.26494628370017,6.12763774947004,6.27625535026567,7.1489521524911,1,2
7,14,70,8.10420390423849,4.26494628370017,6.054381395409,6.92782290711244,7.37896523996152,1,2
7,14,71,8.10420390423849,4.26494628370017,7.50091220294611,6.08761162206715,7.18920863277844,1,2
7,14,72,8.10420390423849,4.26494628370017,4.25043838485155,5.72417081687468,6.97430526888129,1,2
7,14,75,8.10420390423849,4.26494628370017,5.07938507332129,6.90449607110678,7.42612918288188,1,2
7,14,76,8.10420390423849,4.26494628370017,6.00179885861457,4.77514755962062,7.02589898102984,1,2
7,14,82,8.10420390423849,4.26494628370017,4.56318794534806,5.50487130658114,6.87360586537217,1,2
7,14,83,8.10420390423849,4.26494628370017,5.37931629955763,4.71432886469257,6.69195919196993,1,2
7,14,85,8.10420390423849,4.26494628370017,4.95408185806133,5.97657880598156,6.9160449214946,1,2
7,14,92,8.10420390423849,4.26494628370017,3.81508547408527,6.77668675663439,7.21305652392695,1,2
7,14,93,8.10420390423849,4.26494628370017,6.44787642742551,6.05054571220748,7.11987503492937,1,2
7,14,94,8.10420390423849,4.26494628370017,5.9612891786552,6.0900831304012,7.4195226251492,1,2
7,14,95,8.10420390423849,4.26494628370017,5.08052729629833,5.53151453875078,6.85636951237078,1,2
7,15,3,8.10420390423849,4.26494628370017,4.97700392784994,4.95701915631187,7.20594034801462,1,2
7,15,5,8.10420390423849,4.26494628370017,5.66228141183426,5.31192069714311,6.96652986979345,1,2
7,15,6,8.10420390423849,4.26494628370017,5.8987881319744,6.2213016794303,7.05475373092949,1,2
7,15,9,8.10420390423849,4.26494628370017,5.05908816979569,5.30792528346353,7.22393706638399,1,2
7,15,12,8.10420390423849,4.26494628370017,4.26212371614474,6.53748016852425,7.54350637028103,1,2
7,15,14,8.10420390423849,4.26494628370017,3.40945947395964,5.39108607688794,7.16801202425978,1,2
7,15,15,8.10420390423849,4.26494628370017,4.98318332314066,5.46139808075973,7.09640408423357,1,2
7,15,16,8.10420390423849,4.26494628370017,5.93302069854686,6.12055686639167,7.31852284137975,1,2
7,15,17,8.10420390423849,4.26494628370017,7.2921955276656,7.28750998293911,7.868238303669,1,2
7,15,19,8.10420390423849,4.26494628370017,4.42471398759004,6.12118613022122,7.01324274390245,1,2
7,15,20,8.10420390423849,4.26494628370017,3.76807983912128,6.23541191475986,7.40798499323437,1,2
7,15,21,8.10420390423849,4.26494628370017,5.85300841679307,6.85692965928676,7.62586608356592,1,2
7,15,24,8.10420390423849,4.26494628370017,6.17544754973005,6.4774514061293,7.48658858501337,1,2
7,15,29,8.10420390423849,4.26494628370017,5.71675465591837,6.31791970012922,7.22283008782606,1,2
7,15,30,8.10420390423849,4.26494628370017,4.88540853615398,5.84660404162774,7.26393768857841,1,2
7,15,31,8.10420390423849,4.26494628370017,5.57275303571318,6.31430269565777,7.64776509690144,1,2
7,15,33,8.10420390423849,4.26494628370017,5.24709670324953,5.83174841234129,7.11307182170952,1,2
7,15,35,8.10420390423849,4.26494628370017,5.85594070012994,6.5002936963995,7.55516028010365,1,2
7,15,36,8.10420390423849,4.26494628370017,5.70936096113266,6.60714329561564,7.60164269441029,1,2
7,15,40,8.10420390423849,4.26494628370017,3.6491348026094,5.8258029151988,7.30786688485319,1,2
7,15,42,8.10420390423849,4.26494628370017,4.94012336501683,6.28610864271895,7.49746781727343,1,2
7,15,44,8.10420390423849,4.26494628370017,6.29934480888193,6.7195702596924,7.34360317413403,1,2
7,15,46,8.10420390423849,4.26494628370017,3.11868147941995,5.22433101594487,7.04376548409636,1,2
7,15,51,8.10420390423849,4.26494628370017,5.66565316901668,5.08410658812545,7.03337305783344,1,2
7,15,54,8.10420390423849,4.26494628370017,4.02546601712626,4.92007841509784,6.72519460666834,1,2
7,15,55,8.10420390423849,4.26494628370017,5.53474434376868,5.97520501723464,7.28588597919175,1,2
7,15,57,8.10420390423849,4.26494628370017,5.18110076548282,6.0879292890508,7.28359568966817,1,2
7,15,58,8.10420390423849,4.26494628370017,4.75632388780508,5.64016186749051,7.05411996420522,1,2
7,15,61,8.10420390423849,4.26494628370017,5.87406402308783,5.64910237357666,7.15440645750931,1,2
7,15,62,8.10420390423849,4.26494628370017,5.79613569770918,6.35640573481994,7.23055879721632,1,2
7,15,65,8.10420390423849,4.26494628370017,5.26065969942,5.93269706940387,7.2762453264141,1,2
7,15,67,8.10420390423849,4.26494628370017,6.32525686201428,5.82034985580597,7.30038063662439,1,2
7,15,68,8.10420390423849,4.26494628370017,7.12399104965289,5.4370622620987,7.29868560058401,1,2
7,15,71,8.10420390423849,4.26494628370017,3.42658464290507,5.8591116198118,7.01103587599107,1,2
7,15,72,8.10420390423849,4.26494628370017,6.32822642599022,6.05115761399687,7.2300999779932,1,2
7,15,73,8.10420390423849,4.26494628370017,5.63494661022026,5.812830069635,7.2940712871773,1,2
7,15,74,8.10420390423849,4.26494628370017,5.25522973881686,5.29218073021069,7.26894918294551,1,2
7,15,82,8.10420390423849,4.26494628370017,6.77315805610181,5.86499894264041,7.25561135580313,1,2
7,15,84,8.10420390423849,4.26494628370017,3.98372680940483,6.19215333979301,7.16922213025927,1,2
7,15,87,8.10420390423849,4.26494628370017,6.00415155602704,5.79487218630837,7.32475616294876,1,2
7,15,88,8.10420390423849,4.26494628370017,5.69461879761167,6.67953950688212,7.60673088111919,1,2
7,15,92,8.10420390423849,4.26494628370017,5.27006023261329,5.36330531794194,7.32549852934467,1,2
7,15,94,8.10420390423849,4.26494628370017,6.93501672805868,5.43925689837846,7.32859900977898,1,2
7,15,95,8.10420390423849,4.26494628370017,4.40578940927244,5.63971724518821,7.24931392190183,1,2
7,15,97,8.10420390423849,4.26494628370017,4.57383019786962,6.25762872563126,7.31428929977483,1,2
7,16,2,8.10420390423849,4.26494628370017,6.51135093111852,6.85460288406821,7.43733755295218,1,2
7,16,4,8.10420390423849,4.26494628370017,4.81003501888717,6.01757081447382,7.31393724713269,1,2
7,16,5,8.10420390423849,4.26494628370017,3.56583314186889,5.89844591089152,6.90122747961138,1,2
7,16,6,8.10420390423849,4.26494628370017,4.56285255774683,5.36061930550203,7.15339334611728,1,2
7,16,8,8.10420390423849,4.26494628370017,6.66377176535921,6.91273936864689,7.51837975843963,1,2
7,16,11,8.10420390423849,4.26494628370017,5.44603955797662,6.1653118892554,7.31536430692966,1,2
7,16,13,8.10420390423849,4.26494628370017,6.93200434147365,6.18988262609615,7.55573304211687,1,2
7,16,14,8.10420390423849,4.26494628370017,6.00840201428618,6.98757722807319,7.81357064057237,1,2
7,16,17,8.10420390423849,4.26494628370017,4.77876038961105,5.96709013373549,7.27360965081637,1,2
7,16,18,8.10420390423849,4.26494628370017,4.5315512875201,5.55660312863399,7.47880218629064,1,2
7,16,20,8.10420390423849,4.26494628370017,4.89910748608836,6.20909186162068,7.39880308114806,1,2
7,16,21,8.10420390423849,4.26494628370017,5.40461205859062,6.27898127283247,7.44038983927915,1,2
7,16,24,8.10420390423849,4.26494628370017,4.5708226427401,6.14178716049096,7.5038000802787,1,2
7,16,27,8.10420390423849,4.26494628370017,5.50775126815088,6.39010118165046,7.58637148785473,1,2
7,16,28,8.10420390423849,4.26494628370017,3.13621337655852,5.45919028873301,7.08111669377956,1,2
7,16,29,8.10420390423849,4.26494628370017,4.54774162810526,6.61406525849125,7.58079442674952,1,2
7,16,32,8.10420390423849,4.26494628370017,5.99081400865241,5.93599488462969,7.21606306369869,1,2
7,16,36,8.10420390423849,4.26494628370017,4.30802622174809,4.98157103803884,7.10648953684363,1,2
7,16,38,8.10420390423849,4.26494628370017,4.45817772920289,6.12872847995169,7.64938865722402,1,2
7,16,40,8.10420390423849,4.26494628370017,4.56315130328935,5.78254242418119,7.19449311585794,1,2
7,16,43,8.10420390423849,4.26494628370017,4.48177102103805,5.11570364156813,7.37325924482024,1,2
7,16,47,8.10420390423849,4.26494628370017,5.47739523344526,7.33561174188432,7.63816927996104,1,2
7,16,48,8.10420390423849,4.26494628370017,5.72634685762714,6.36220476340404,7.23591991714705,1,2
7,16,49,8.10420390423849,4.26494628370017,5.60823808183685,5.87309897429438,7.05061071862243,1,2
7,16,50,8.10420390423849,4.26494628370017,3.54545552884195,6.32576934867967,7.44367558270325,1,2
7,16,51,8.10420390423849,4.26494628370017,6.34747981074281,5.6741673438691,7.30955214963928,1,2
7,16,52,8.10420390423849,4.26494628370017,4.67754324345033,6.29759580162476,7.26031421074431,1,2
7,16,55,8.10420390423849,4.26494628370017,3.5615651075508,6.48065173481906,7.28467761274213,1,2
7,16,57,8.10420390423849,4.26494628370017,2.8948151527288,6.92152216328618,7.61526826789333,1,2
7,16,58,8.10420390423849,4.26494628370017,3.65619892734678,6.28855559333561,7.48500398539619,1,2
7,16,61,8.10420390423849,4.26494628370017,3.25921813180229,6.07322544253627,7.09911538118539,1,2
7,16,63,8.10420390423849,4.26494628370017,4.63203718140596,5.99567356930649,6.92669533464885,1,2
7,16,66,8.10420390423849,4.26494628370017,5.73239751180036,5.78275761736985,7.63389197741855,1,2
7,17,2,8.10420390423849,4.26494628370017,4.36721765117389,6.16927576570212,7.46339345004428,1,2
7,17,4,8.10420390423849,4.26494628370017,5.68488062217967,5.20940241259788,7.45002292962061,1,2
7,17,5,8.10420390423849,4.26494628370017,5.5501170826702,6.19328824511415,7.69653449930301,1,2
7,17,7,8.10420390423849,4.26494628370017,6.44505992259849,6.11043182930808,7.91060029399375,1,2
7,17,10,8.10420390423849,4.26494628370017,5.03150870574438,5.67001562840883,7.55699064434616,1,2
7,17,11,8.10420390423849,4.26494628370017,3.69278723309693,5.57244379834975,7.42690003617941,1,2
7,17,13,8.10420390423849,4.26494628370017,5.85441374720256,6.6798933506875,7.64172579708295,1,2
7,17,14,8.10420390423849,4.26494628370017,4.60212904444059,6.11396304227762,7.81683727383985,1,2
7,17,15,8.10420390423849,4.26494628370017,4.00925267752448,5.7503191234323,7.62370270713022,1,2
7,17,16,8.10420390423849,4.26494628370017,7.23965614430714,6.75032396895127,7.62751855487131,1,2
7,17,24,8.10420390423849,4.26494628370017,5.52215458046847,6.60229899770691,7.67655107059271,1,2
7,17,25,8.10420390423849,4.26494628370017,5.31100888352586,6.33330699578199,7.81592266816507,1,2
7,17,27,8.10420390423849,4.26494628370017,5.43809844190642,6.81787316489937,7.51412855531045,1,2
7,17,29,8.10420390423849,4.26494628370017,6.90546579547544,6.1174059240467,7.52725833372996,1,2
7,17,30,8.10420390423849,4.26494628370017,5.24791412114744,5.57270200855365,7.49416491411169,1,2
7,17,31,8.10420390423849,4.26494628370017,5.14238399278806,5.73500449068648,7.42429802837159,1,2
7,17,32,8.10420390423849,4.26494628370017,4.37542276855756,6.5182079348931,7.68810620021001,1,2
7,17,35,8.10420390423849,4.26494628370017,5.84799388997053,5.60890654492986,7.58905332826702,1,2
7,17,36,8.10420390423849,4.26494628370017,5.29727750249276,5.80007335041136,7.6478655685183,1,2
7,17,37,8.10420390423849,4.26494628370017,4.45755662262488,6.07876666620597,7.62638308936956,1,2
7,17,38,8.10420390423849,4.26494628370017,5.43647558470388,6.27157925767333,7.72590857394657,1,2
7,17,40,8.10420390423849,4.26494628370017,7.00822853188115,5.807285373033,7.70809449628933,1,2
7,17,41,8.10420390423849,4.26494628370017,4.05280738827644,6.02383652071495,7.22403597297348,1,2
7,17,43,8.10420390423849,4.26494628370017,6.01213414218721,6.51135166271542,7.65420820190066,1,2
7,17,44,8.10420390423849,4.26494628370017,5.33745139868127,5.335728438531,7.62741457011772,1,2
7,17,48,8.10420390423849,4.26494628370017,3.91512829228406,6.22201872802699,7.51990016681889,1,2
7,17,51,8.10420390423849,4.26494628370017,5.83034512356061,6.7722360966566,7.76767953329409,1,2
7,17,52,8.10420390423849,4.26494628370017,4.17087263961778,5.6933519208385,7.34213317669902,1,2
7,17,54,8.10420390423849,4.26494628370017,4.36093061624654,5.89989239152185,7.37142949863909,1,2
7,17,55,8.10420390423849,4.26494628370017,5.1007018813195,6.33445745720554,7.22264424851685,1,2
7,17,56,8.10420390423849,4.26494628370017,4.58641412106329,6.19010726363711,7.44364565670067,1,2
7,17,58,8.10420390423849,4.26494628370017,5.82554024623579,5.20157200135778,7.48609113040135,1,2
7,17,59,8.10420390423849,4.26494628370017,4.87369044901488,6.10806171246463,7.73565691597352,1,2
7,17,60,8.10420390423849,4.26494628370017,6.01069530821721,5.91067896093206,7.73423005197814,1,2
7,17,61,8.10420390423849,4.26494628370017,5.54492118579725,5.75096230608919,7.68260655294052,1,2
7,17,63,8.10420390423849,4.26494628370017,5.23681436565174,5.3763416886254,7.12353704841398,1,2
7,17,65,8.10420390423849,4.26494628370017,3.82207756021263,6.14525654589207,7.62507552955676,1,2
7,17,67,8.10420390423849,4.26494628370017,5.49269590916823,5.8240463483426,7.49556647489658,1,2
7,17,68,8.10420390423849,4.26494628370017,4.91982260077831,6.75760296391078,7.68483682705048,1,2
7,17,69,8.10420390423849,4.26494628370017,4.3222107737301,5.7086779772503,7.24025941653215,1,2
7,17,70,8.10420390423849,4.26494628370017,5.47564099306169,6.11156060216803,7.65444244425034,1,2
7,17,71,8.10420390423849,4.26494628370017,4.92053683151287,5.84183589578472,7.61485887482712,1,2
7,17,72,8.10420390423849,4.26494628370017,4.69631081740052,5.9681160630912,7.57353583391393,1,2
7,17,73,8.10420390423849,4.26494628370017,4.95269798585579,5.94754839524141,7.38680987274374,1,2
7,18,2,8.10420390423849,4.26494628370017,6.80322521615966,6.14709905614833,8.06775654953837,1,2
7,18,3,8.10420390423849,4.26494628370017,4.76881055695203,5.90242254511186,7.84113398752538,1,2
7,18,4,8.10420390423849,4.26494628370017,4.1659286754564,5.27747392784054,7.30097343749325,1,2
7,18,5,8.10420390423849,4.26494628370017,5.49847300039799,6.36854006404685,7.76512465220972,1,2
7,18,12,8.10420390423849,4.26494628370017,5.68522219353231,6.34434209279376,7.66738742163303,1,2
7,18,13,8.10420390423849,4.26494628370017,3.66251174162137,5.52406487765309,7.2887599980913,1,2
7,18,15,8.10420390423849,4.26494628370017,6.39122444685969,5.97528927563712,7.55461168221967,1,2
7,18,16,8.10420390423849,4.26494628370017,6.08253882551909,6.16531407135806,7.7117036775712,1,2
7,18,17,8.10420390423849,4.26494628370017,3.94363715684499,6.27991248882656,7.73501567575834,1,2
7,18,18,8.10420390423849,4.26494628370017,5.87228943517101,5.12754310458986,7.57117058836024,1,2
7,18,21,8.10420390423849,4.26494628370017,3.73865068658322,6.98112439013605,7.9088147536766,1,2
7,18,23,8.10420390423849,4.26494628370017,5.8368906434806,5.61234416709397,7.36316276352222,1,2
7,18,25,8.10420390423849,4.26494628370017,4.02008837827703,6.84689197755339,7.77835321377877,1,2
7,18,26,8.10420390423849,4.26494628370017,4.55576885255623,5.79739709867741,7.33835309976794,1,2
7,18,29,8.10420390423849,4.26494628370017,4.55258788554211,5.82637662721795,7.7378533117958,1,2
7,18,30,8.10420390423849,4.26494628370017,5.98018040416744,6.31470927494888,7.4463041020479,1,2
7,18,33,8.10420390423849,4.26494628370017,5.33828803831264,5.90518504711469,7.43894013059749,1,2
7,18,34,8.10420390423849,4.26494628370017,3.91161985824599,5.49429907235125,7.5421913500057,1,2
7,18,36,8.10420390423849,4.26494628370017,6.34114043768212,5.1923393961603,7.62915026946252,1,2
7,18,38,8.10420390423849,4.26494628370017,5.34338990590226,5.30792588290818,7.35671960746197,1,2
7,18,39,8.10420390423849,4.26494628370017,5.48696775901712,5.06547012545574,7.57121969577532,1,2
7,18,42,8.10420390423849,4.26494628370017,3.64582742559392,5.47665614664644,7.3201463633998,1,2
7,18,43,8.10420390423849,4.26494628370017,5.36338724452214,7.31192068058561,7.89778829931174,1,2
7,18,44,8.10420390423849,4.26494628370017,5.14435927236983,6.00171565833033,7.63280052328024,1,2
7,18,45,8.10420390423849,4.26494628370017,3.12931891208025,5.83447577459806,7.24644901618501,1,2
7,18,49,8.10420390423849,4.26494628370017,6.22112808515082,6.33654350022478,7.606347121878,1,2
7,18,50,8.10420390423849,4.26494628370017,5.36866212287678,5.80222785767576,7.33984791586899,1,2
7,18,51,8.10420390423849,4.26494628370017,4.70626894997809,5.45999832836886,7.5218135511851,1,2
7,18,53,8.10420390423849,4.26494628370017,3.36974132452552,6.27123807502881,7.69711526959122,1,2
7,18,55,8.10420390423849,4.26494628370017,5.99623036455038,5.65229354973917,7.40980027344603,1,2
7,18,56,8.10420390423849,4.26494628370017,6.14735432226251,7.00077789896542,7.7339379852938,1,2
7,18,57,8.10420390423849,4.26494628370017,5.67975161283287,6.11057265001276,7.5787825671023,1,2
7,18,58,8.10420390423849,4.26494628370017,4.47326229264852,6.05854432755705,7.71256105522273,1,2
7,18,59,8.10420390423849,4.26494628370017,5.29449757967399,5.42423942057174,7.61653996823656,1,2
7,18,60,8.10420390423849,4.26494628370017,6.33780541878116,5.66080668763823,7.53753391272379,1,2
7,18,63,8.10420390423849,4.26494628370017,4.97178316440025,6.09132042487235,7.58470989353677,1,2
7,18,65,8.10420390423849,4.26494628370017,4.3440685351158,6.07354717536013,7.45957704029239,1,2
7,18,67,8.10420390423849,4.26494628370017,4.21584429596302,6.22641707007351,7.83596781955405,1,2
7,18,68,8.10420390423849,4.26494628370017,4.10804457507545,6.62360019611855,7.86228046567433,1,2
7,18,69,8.10420390423849,4.26494628370017,6.18114957762087,5.44641746464005,7.48956165753527,1,2
7,18,70,8.10420390423849,4.26494628370017,5.92181496874978,5.59625856048062,7.90806908518788,1,2
7,18,71,8.10420390423849,4.26494628370017,4.99816576628471,5.64644446779973,7.60835188929538,1,2
7,18,72,8.10420390423849,4.26494628370017,4.08849255900459,5.79815708145874,7.51797595200776,1,2
7,18,73,8.10420390423849,4.26494628370017,4.42191229203852,6.40943223419544,7.93774492225668,1,2
7,18,76,8.10420390423849,4.26494628370017,4.95929738967259,5.71490927178833,7.70775621011663,1,2
7,18,78,8.10420390423849,4.26494628370017,4.47139430969734,5.61563980886947,7.62420756945749,1,2
7,19,1,8.10420390423849,4.26494628370017,4.30598516617835,5.58060050680962,7.65205503360512,1,2
7,19,3,8.10420390423849,4.26494628370017,6.49469903094524,5.84624480320695,7.80920764473851,1,2
7,19,6,8.10420390423849,4.26494628370017,2.98435747487126,5.3141751403664,7.26664862544174,1,2
7,19,8,8.10420390423849,4.26494628370017,6.48940276628389,5.78826693491271,7.9377599020093,1,2
7,19,10,8.10420390423849,4.26494628370017,6.37919157860036,6.4887054664229,8.32507717326007,1,2
7,19,11,8.10420390423849,4.26494628370017,5.40829752591644,5.63652791707793,7.75466576683433,1,2
7,19,12,8.10420390423849,4.26494628370017,4.01830119462666,6.06515493896337,7.88406025130156,1,2
7,19,14,8.10420390423849,4.26494628370017,4.69503757751639,6.1789461145649,8.09062500625254,1,2
7,19,17,8.10420390423849,4.26494628370017,5.52869818735968,5.4247396004954,8.01398630893861,1,2
7,19,22,8.10420390423849,4.26494628370017,4.11403323997934,6.14666461809816,7.8791554376495,1,2
7,19,23,8.10420390423849,4.26494628370017,4.37657049916002,5.74588797553182,7.66470430220204,1,2
7,19,30,8.10420390423849,4.26494628370017,4.98811477090281,5.87428061251482,8.13233905750823,1,2
7,19,31,8.10420390423849,4.26494628370017,3.61867535794009,5.83470795056185,7.56096346354955,1,2
7,19,34,8.10420390423849,4.26494628370017,5.5176612218048,5.98102865193073,7.81679400663123,1,2
7,19,36,8.10420390423849,4.26494628370017,3.93405092150539,5.5573564813902,7.47672509762441,1,2
7,19,37,8.10420390423849,4.26494628370017,4.2119993186501,5.5546394080151,7.83553094118374,1,2
7,19,39,8.10420390423849,4.26494628370017,3.52327561755035,6.4368677650823,7.84286062564832,1,2
7,19,43,8.10420390423849,4.26494628370017,4.22468061364694,6.65952492615757,8.02205678783694,1,2
7,19,45,8.10420390423849,4.26494628370017,4.19736483280435,7.09807507628492,8.13398166059471,1,2
7,19,46,8.10420390423849,4.26494628370017,7.72630005673346,6.31255412123917,8.33313412586104,1,2
7,19,47,8.10420390423849,4.26494628370017,4.06854044107312,5.66742880744523,7.81209516547884,1,2
7,19,50,8.10420390423849,4.26494628370017,5.54216229050199,6.45098829712672,8.13466408061393,1,2
7,19,52,8.10420390423849,4.26494628370017,5.03395973522849,5.8923762365429,7.70447884173366,1,2
7,19,54,8.10420390423849,4.26494628370017,4.86086549406546,6.24676727763207,7.78748412049741,1,2
7,19,56,8.10420390423849,4.26494628370017,6.11489368253742,6.34110495133105,8.25444080041211,1,2
7,19,60,8.10420390423849,4.26494628370017,6.25701182679075,5.63503709942057,8.03227021143743,1,2
7,19,61,8.10420390423849,4.26494628370017,6.76429808187803,5.81498509254013,8.04456081069246,1,2
7,19,62,8.10420390423849,4.26494628370017,5.16427235559906,6.07574122273092,8.19414341960176,1,2
7,19,63,8.10420390423849,4.26494628370017,4.5542701150885,6.97339228670693,8.4865217666012,1,2
7,19,65,8.10420390423849,4.26494628370017,6.0816632293569,5.66196970633991,7.91693239290464,1,2
7,19,69,8.10420390423849,4.26494628370017,6.03870205402634,5.98546955716702,8.04427290171475,1,2
7,19,70,8.10420390423849,4.26494628370017,4.63432920938105,6.05835016535057,7.93017724980445,1,2
7,19,71,8.10420390423849,4.26494628370017,4.63991570545627,6.17059460576123,7.78492534387544,1,2
7,20,1,8.10420390423849,4.26494628370017,2.66985750278898,5.6991649743879,8.07798368633447,1,2
7,20,3,8.10420390423849,4.26494628370017,5.59759767195798,6.41509772647144,8.28527003385911,1,2
7,20,5,8.10420390423849,4.26494628370017,4.5730577455319,5.99142877378431,7.81591308337055,1,2
7,20,7,8.10420390423849,4.26494628370017,4.79450921821354,6.83586793361625,8.07229568592014,1,2
7,20,8,8.10420390423849,4.26494628370017,5.207265037504,5.98701525658876,8.01534297906791,1,2
7,20,9,8.10420390423849,4.26494628370017,6.166449665117,6.17809064245333,7.87219395199217,1,2
7,20,10,8.10420390423849,4.26494628370017,5.73269279886167,5.66456003968044,8.02179131087582,1,2
7,20,12,8.10420390423849,4.26494628370017,6.99556316833421,5.79731903356483,7.93912611208365,1,2
7,20,13,8.10420390423849,4.26494628370017,4.45213000547097,6.05144354580391,7.83283488774741,1,2
7,20,16,8.10420390423849,4.26494628370017,5.13442341979346,5.07168293776395,7.7965988837132,1,2
7,20,18,8.10420390423849,4.26494628370017,5.7673972959895,5.96674062835993,7.79193677862257,1,2
7,20,20,8.10420390423849,4.26494628370017,5.29232655930758,6.35120232611928,8.21075973144588,1,2
7,20,24,8.10420390423849,4.26494628370017,4.52119146507928,6.72206065736799,7.76780154446502,1,2
7,20,25,8.10420390423849,4.26494628370017,4.79042480618809,6.38269066436681,7.90800816773465,1,2
7,20,26,8.10420390423849,4.26494628370017,3.81821748415252,5.47863477055707,7.60627635883897,1,2
7,20,28,8.10420390423849,4.26494628370017,5.45976658087115,5.00538006006014,7.99851931694453,1,2
7,20,35,8.10420390423849,4.26494628370017,4.6685663820343,5.50516594506562,7.76176113343616,1,2
7,20,36,8.10420390423849,4.26494628370017,4.97415564914727,5.73446056437746,8.10007874265317,1,2
7,20,38,8.10420390423849,4.26494628370017,5.46271248889158,5.88130826075279,7.84225993556157,1,2
7,20,42,8.10420390423849,4.26494628370017,5.90564588754204,6.40835638310653,7.95853731636182,1,2
7,20,44,8.10420390423849,4.26494628370017,6.31726429407474,6.4006784358316,8.07812981064955,1,2
7,20,47,8.10420390423849,4.26494628370017,3.82729855781701,5.84965517723643,7.64049000715703,1,2
7,20,48,8.10420390423849,4.26494628370017,5.52117373862889,6.45303446173198,8.30426472153179,1,2
7,20,51,8.10420390423849,4.26494628370017,5.23306563335434,6.46052855975937,7.96835508366411,1,2
7,20,52,8.10420390423849,4.26494628370017,5.86912468498166,6.54123732382784,8.19758792359382,1,2
7,20,53,8.10420390423849,4.26494628370017,5.19683952254772,6.29198569289585,8.04350770797021,1,2
7,20,56,8.10420390423849,4.26494628370017,4.05476016370488,6.33666296147272,8.04154726815761,1,2
7,20,57,8.10420390423849,4.26494628370017,4.9633156488306,6.1538412382313,8.20055391716012,1,2
7,20,58,8.10420390423849,4.26494628370017,3.15898312554934,6.31517456284523,8.15677329818752,1,2
7,20,59,8.10420390423849,4.26494628370017,5.41763571168051,5.79231305144029,7.98977138345504,1,2
7,20,62,8.10420390423849,4.26494628370017,4.66262610262769,7.65011191988206,8.35971234924688,1,2
7,20,65,8.10420390423849,4.26494628370017,5.89980956241239,6.04560266858773,8.0918956955032,1,2
7,20,69,8.10420390423849,4.26494628370017,4.08583876765885,6.2785199023923,7.7193878502678,1,2
7,20,73,8.10420390423849,4.26494628370017,4.86728379570749,6.60555456592709,8.15811876540822,1,2
7,21,2,8.10420390423849,4.26494628370017,4.24439111192112,5.31677520935556,8.33211308892922,1,2
7,21,9,8.10420390423849,4.26494628370017,5.35012083091669,5.61379964593576,8.29275236394863,1,2
7,21,13,8.10420390423849,4.26494628370017,4.73313202052315,5.34279964134139,8.43999770356763,1,2
7,21,15,8.10420390423849,4.26494628370017,6.24347397758499,5.83752645000618,8.16347520658578,1,2
7,21,16,8.10420390423849,4.26494628370017,4.38220870387002,5.7946517333159,8.34787758849011,1,2
7,21,18,8.10420390423849,4.26494628370017,5.36079125673755,5.5602758967787,8.03144149993151,1,2
7,21,19,8.10420390423849,4.26494628370017,5.010124779663,6.35473019887784,8.34337336735344,1,2
7,21,21,8.10420390423849,4.26494628370017,6.66355152059793,6.36060038566141,8.63232410050901,1,2
7,21,24,8.10420390423849,4.26494628370017,4.37274457149112,6.69318029509859,8.37801843324962,1,2
7,21,25,8.10420390423849,4.26494628370017,4.90594876923275,5.6901713841137,8.32652761036786,1,2
7,21,26,8.10420390423849,4.26494628370017,4.06268709198413,5.00867588503948,8.08531246004077,1,2
7,21,27,8.10420390423849,4.26494628370017,3.67561149989696,6.6366433216628,8.40549924926483,1,2
7,21,28,8.10420390423849,4.26494628370017,5.3887887040041,6.19833110645755,8.50450342783615,1,2
7,21,32,8.10420390423849,4.26494628370017,5.32481046084347,5.52042470338138,8.09739359491596,1,2
7,21,33,8.10420390423849,4.26494628370017,4.473507156403,5.81515517691438,8.36271597634432,1,2
7,21,34,8.10420390423849,4.26494628370017,5.98947095830999,6.29096145508727,8.1893221135565,1,2
7,21,35,8.10420390423849,4.26494628370017,3.61984866521492,6.29935361005227,8.10178947756195,1,2
7,21,39,8.10420390423849,4.26494628370017,7.62598026788131,7.19638542144728,8.88022455224531,1,2
7,21,40,8.10420390423849,4.26494628370017,4.89713624839032,6.37385571757652,8.4478931320669,1,2
7,21,45,8.10420390423849,4.26494628370017,3.39678325763816,6.84362286724971,8.32530726783494,1,2
7,21,46,8.10420390423849,4.26494628370017,5.62607828524995,6.67341634955217,8.41118840745958,1,2
7,21,47,8.10420390423849,4.26494628370017,4.91471497287088,6.56192880128098,8.28313179523443,1,2
7,21,48,8.10420390423849,4.26494628370017,5.56582710513923,6.38724898841794,8.32207709182148,1,2
7,21,49,8.10420390423849,4.26494628370017,5.01517654184913,6.26544962393794,8.09376122380508,1,2
7,21,52,8.10420390423849,4.26494628370017,3.94719019111414,6.24885589476302,8.25208303390138,1,2
7,21,55,8.10420390423849,4.26494628370017,5.18499295363224,5.17103398509511,8.2521889992647,1,2
7,21,56,8.10420390423849,4.26494628370017,5.47622893170684,5.74191284975634,8.33010721316778,1,2
7,21,57,8.10420390423849,4.26494628370017,5.90232259068659,5.04569741274103,8.3021055020105,1,2
7,21,58,8.10420390423849,4.26494628370017,5.75623402534944,6.44453064524985,8.28561526944911,1,2
7,21,62,8.10420390423849,4.26494628370017,4.59836147543402,6.53886312443498,8.20452527542171,1,2
7,21,63,8.10420390423849,4.26494628370017,4.82298836026494,6.70716800066156,8.46381106589579,1,2
7,21,64,8.10420390423849,4.26494628370017,4.44644383975792,5.54378403946455,7.90588164289519,1,2
7,21,65,8.10420390423849,4.26494628370017,4.05351970850827,5.9755148458558,7.76224286196525,1,2
7,22,1,8.10420390423849,4.26494628370017,4.76399173468599,6.16112380320529,8.14101682983644,1,2
7,22,3,8.10420390423849,4.26494628370017,5.13954312263804,6.03485187471343,8.48128285457772,1,2
7,22,4,8.10420390423849,4.26494628370017,5.65093221551175,6.38157272599066,8.21876068978752,1,2
7,22,6,8.10420390423849,4.26494628370017,4.38081806511962,5.90964905828078,7.95731437689855,1,2
7,22,11,8.10420390423849,4.26494628370017,4.61295445996795,6.2513837236219,8.0845728028409,1,2
7,22,15,8.10420390423849,4.26494628370017,3.9891451745834,5.50420548561113,8.38508937608768,1,2
7,22,16,8.10420390423849,4.26494628370017,3.89581561673304,6.0373451726561,8.20747488455226,1,2
7,22,18,8.10420390423849,4.26494628370017,4.43189042952771,6.21380528044091,8.28229229359878,1,2
7,22,20,8.10420390423849,4.26494628370017,4.97089073025028,5.87895061630129,8.00051248036756,1,2
7,22,21,8.10420390423849,4.26494628370017,5.49826295138417,6.25717336571799,8.35622355587581,1,2
7,22,22,8.10420390423849,4.26494628370017,7.07950400785429,6.34187194831613,8.34712770281999,1,2
7,22,25,8.10420390423849,4.26494628370017,6.40567491996796,5.85132924654131,8.44563725676509,1,2
7,22,29,8.10420390423849,4.26494628370017,4.47860665526763,6.4779849743001,8.28028406671896,1,2
7,22,31,8.10420390423849,4.26494628370017,5.11628314369953,5.65826227171375,8.07180397613422,1,2
7,22,33,8.10420390423849,4.26494628370017,5.18348196704622,5.44032480441151,7.8661611858911,1,2
7,22,34,8.10420390423849,4.26494628370017,5.9012821425886,5.45702952695372,7.92164378706287,1,2
7,22,37,8.10420390423849,4.26494628370017,5.27890339165857,5.21328061093615,8.13716699724356,1,2
7,22,38,8.10420390423849,4.26494628370017,5.26710137875914,6.824144167039,8.24890136544287,1,2
7,22,41,8.10420390423849,4.26494628370017,6.62111387198574,6.83462990040017,8.39567098015295,1,2
7,22,42,8.10420390423849,4.26494628370017,5.6018446844407,5.97737342817313,8.41452955209442,1,2
7,22,43,8.10420390423849,4.26494628370017,4.50967520052736,6.13262967815474,8.53270096108593,1,2
7,22,44,8.10420390423849,4.26494628370017,4.23780191111689,5.72457585558809,7.95003664944723,1,2
7,22,46,8.10420390423849,4.26494628370017,5.78327054345318,6.58615226039912,8.27589569249879,1,2
7,22,47,8.10420390423849,4.26494628370017,4.49895872234755,5.92854614941302,8.50778069490498,1,2
7,22,49,8.10420390423849,4.26494628370017,1.5715880026613,5.25245987688334,7.59837546371987,1,2
7,22,50,8.10420390423849,4.26494628370017,3.90580460440805,5.83442696109393,8.26145000051269,1,2
7,22,51,8.10420390423849,4.26494628370017,4.22045185975612,5.07827377333476,7.59618003889622,1,2
7,22,52,8.10420390423849,4.26494628370017,4.9359116235734,5.74137597981008,8.03186622287434,1,2
7,22,53,8.10420390423849,4.26494628370017,5.12234122047779,6.36014464577942,8.31187071336661,1,2
7,22,54,8.10420390423849,4.26494628370017,5.49604660578672,6.01108514569736,8.31261818999638,1,2
7,22,56,8.10420390423849,4.26494628370017,4.75227546671385,6.04212199807762,7.89475054420187,1,2
7,22,57,8.10420390423849,4.26494628370017,3.05124909691153,5.48755479206249,7.9221672846628,1,2
7,22,58,8.10420390423849,4.26494628370017,5.8817340673381,4.57462635073413,8.35492561765304,1,2
7,22,59,8.10420390423849,4.26494628370017,3.58213077361334,6.33498900119789,8.28708560982628,1,2
7,22,60,8.10420390423849,4.26494628370017,8.11698495126686,6.39211512617695,8.74616501036146,1,2
7,22,62,8.10420390423849,4.26494628370017,5.08508573922605,5.06686622883306,7.81614213626241,1,2
7,22,65,8.10420390423849,4.26494628370017,4.52231824648573,5.24711945813681,8.00026490560359,1,2
7,22,68,8.10420390423849,4.26494628370017,7.05971362768128,5.69978104560617,8.29813870318284,1,2
7,22,69,8.10420390423849,4.26494628370017,4.76145406291108,6.2097212891079,8.26605532234334,1,2
7,22,70,8.10420390423849,4.26494628370017,5.99660798183102,6.20028109418151,8.18599002359757,1,2
7,22,72,8.10420390423849,4.26494628370017,6.37970142309911,5.70619654743102,8.22098461143802,1,2
7,22,74,8.10420390423849,4.26494628370017,5.67861374643933,5.66780230560774,8.03821306178941,1,2
7,22,77,8.10420390423849,4.26494628370017,3.75770126485884,6.5854296814442,8.38587745141733,1,2
7,22,78,8.10420390423849,4.26494628370017,4.38158636216978,6.14649135439205,8.3885301445512,1,2
7,22,79,8.10420390423849,4.26494628370017,6.01606894153676,5.55781607737167,8.35005109709327,1,2
7,22,80,8.10420390423849,4.26494628370017,5.38948151554564,5.8653849976273,8.71270565943435,1,2
7,22,85,8.10420390423849,4.26494628370017,5.99489718149134,6.23392042519129,8.39904182217505,1,2
7,22,86,8.10420390423849,4.26494628370017,4.54706177844602,5.59579529197221,7.98322442885353,1,2
7,22,87,8.10420390423849,4.26494628370017,4.18157572150329,5.24558379931394,8.01458775199177,1,2
7,22,88,8.10420390423849,4.26494628370017,5.86911677566518,5.69772409699918,8.65255258591902,1,2
7,22,89,8.10420390423849,4.26494628370017,7.30525828662947,5.94783911921861,8.10141825937223,1,2
7,22,91,8.10420390423849,4.26494628370017,4.26420236040287,5.28321275990704,8.13841334498858,1,2
7,23,2,8.10420390423849,4.26494628370017,4.44229019387217,5.22143413939412,8.33512756280597,1,2
7,23,3,8.10420390423849,4.26494628370017,4.59528291708713,5.95844537969674,8.75512166307346,1,2
7,23,5,8.10420390423849,4.26494628370017,5.1003023457548,5.97340226849281,8.34887937795703,1,2
7,23,7,8.10420390423849,4.26494628370017,5.16819232448743,5.55314014620618,8.77679300218753,1,2
7,23,9,8.10420390423849,4.26494628370017,5.19684835253345,6.31316605997823,8.586608426698,1,2
7,23,10,8.10420390423849,4.26494628370017,5.06879555167783,4.67212380147844,8.19438612250917,1,2
7,23,11,8.10420390423849,4.26494628370017,5.05744364091087,5.86745343781941,8.78215036029696,1,2
7,23,15,8.10420390423849,4.26494628370017,5.11327006612604,6.45689200104674,8.73993581583541,1,2
7,23,20,8.10420390423849,4.26494628370017,4.8804091317331,6.77442456036683,8.74397005172598,1,2
7,23,24,8.10420390423849,4.26494628370017,4.25005253111732,6.661734630743,8.95512242101781,1,2
7,23,28,8.10420390423849,4.26494628370017,4.51519210378457,6.05120770869122,8.25370099993285,1,2
7,23,29,8.10420390423849,4.26494628370017,5.915943832725,6.14734075182937,8.71488566456905,1,2
7,23,30,8.10420390423849,4.26494628370017,3.34589178633371,6.72953725489397,8.24299715686466,1,2
7,23,31,8.10420390423849,4.26494628370017,5.91753737325437,5.55574875863796,8.52923887594484,1,2
7,23,32,8.10420390423849,4.26494628370017,4.63798335439237,6.08024604833926,8.5918565250383,1,2
7,23,34,8.10420390423849,4.26494628370017,5.37916168514748,5.95526536868248,8.51005599431106,1,2
7,23,35,8.10420390423849,4.26494628370017,4.28838903752172,7.57650805081973,8.97105674654767,1,2
7,23,38,8.10420390423849,4.26494628370017,3.93557595884006,5.67443408526728,8.43334040143787,1,2
7,23,39,8.10420390423849,4.26494628370017,5.90022637790446,6.52785834972533,8.75920741859651,1,2
7,23,41,8.10420390423849,4.26494628370017,4.49181149246055,6.05218134735343,8.64428587600003,1,2
7,23,42,8.10420390423849,4.26494628370017,2.90690095210957,6.32830784216799,8.41436507696478,1,2
7,23,46,8.10420390423849,4.26494628370017,3.89386832829232,6.44991472669963,8.24019595421279,1,2
7,23,48,8.10420390423849,4.26494628370017,4.2596021241843,5.6654338747117,8.51164551009586,1,2
7,23,49,8.10420390423849,4.26494628370017,4.76991662806506,6.89599451310111,8.75351091982993,1,2
7,23,51,8.10420390423849,4.26494628370017,4.06002863376247,6.24761572093645,8.4769080800599,1,2
7,23,53,8.10420390423849,4.26494628370017,4.83389058132458,6.1709336069325,8.62845101592664,1,2
7,23,56,8.10420390423849,4.26494628370017,3.21811613757779,5.84187795762983,8.55201401867273,1,2
7,23,59,8.10420390423849,4.26494628370017,4.53482747324322,5.73132100233097,8.51164942523561,1,2
7,23,60,8.10420390423849,4.26494628370017,3.88826551884654,5.42997117961696,8.17701151184179,1,2
7,23,63,8.10420390423849,4.26494628370017,3.87674738755569,6.19156910049546,8.39263706228145,1,2
7,23,64,8.10420390423849,4.26494628370017,3.74751787166818,6.46300075062851,8.6247808020545,1,2
7,23,66,8.10420390423849,4.26494628370017,5.90660647069578,6.48713585274281,8.90801843220896,1,2
7,23,67,8.10420390423849,4.26494628370017,6.98720865534845,7.10244805654316,8.73153665902513,1,2
7,23,68,8.10420390423849,4.26494628370017,3.64805314834718,5.91178646405816,8.33357467727269,1,2
7,23,72,8.10420390423849,4.26494628370017,4.2818925496999,5.29667302840363,8.50946288198035,1,2
7,23,75,8.10420390423849,4.26494628370017,6.12489558030778,5.85583225197029,8.82156313625361,1,2
7,23,78,8.10420390423849,4.26494628370017,4.67336088195506,5.60720830274382,8.10248122874356,1,2
7,23,79,8.10420390423849,4.26494628370017,5.85678343860197,5.60673355092989,8.34420696502728,1,2
7,23,81,8.10420390423849,4.26494628370017,4.04225934024523,6.06124598736825,8.29127040381567,1,2
7,23,83,8.10420390423849,4.26494628370017,5.85943649399479,5.89877396859466,8.4979964156812,1,2
7,23,84,8.10420390423849,4.26494628370017,6.03579602610818,6.5732249823915,8.57601384719793,1,2
7,23,86,8.10420390423849,4.26494628370017,3.69429494085488,5.77701057579973,8.41381555021427,1,2
7,24,1,8.10420390423849,4.26494628370017,6.58854623726399,5.98431359171932,8.56537471673295,1,2
7,24,2,8.10420390423849,4.26494628370017,7.50848912124339,5.00578696002393,8.48309615945269,1,2
7,24,3,8.10420390423849,4.26494628370017,5.20966330598366,6.6551920392654,8.82635473528122,1,2
7,24,4,8.10420390423849,4.26494628370017,4.86514838566406,6.23913104415328,8.60813989401776,1,2
7,24,7,8.10420390423849,4.26494628370017,5.16460309012249,6.52776646542369,8.21922149961862,1,2
7,24,8,8.10420390423849,4.26494628370017,3.28812670580595,6.29372295702837,8.29488915379464,1,2
7,24,10,8.10420390423849,4.26494628370017,3.74910564624877,6.63941018976245,8.65254637348317,1,2
7,24,11,8.10420390423849,4.26494628370017,4.80987680333195,6.05984167018265,8.38137506925521,1,2
7,24,12,8.10420390423849,4.26494628370017,4.82368009314653,6.2191849848702,8.37417120791669,1,2
7,24,15,8.10420390423849,4.26494628370017,5.72655444078212,6.26621733213218,8.50723038777382,1,2
7,24,16,8.10420390423849,4.26494628370017,5.35119851022373,5.45576116121228,8.29704785528645,1,2
7,24,17,8.10420390423849,4.26494628370017,3.49280356968844,6.38255018908781,8.27591677583808,1,2
7,24,20,8.10420390423849,4.26494628370017,4.01485407011729,5.56404490980077,8.76880730484503,1,2
7,24,22,8.10420390423849,4.26494628370017,5.29756602943171,5.9633114671819,8.61783624234452,1,2
7,24,23,8.10420390423849,4.26494628370017,4.9733539008593,6.0792095701467,8.46961890991541,1,2
7,24,24,8.10420390423849,4.26494628370017,5.66423219663271,6.04418317186593,8.56702751394994,1,2
7,24,30,8.10420390423849,4.26494628370017,5.90266736043003,6.11204521327102,8.66443053563714,1,2
7,24,31,8.10420390423849,4.26494628370017,5.43746804719013,5.53952675274192,8.15945499775639,1,2
7,24,37,8.10420390423849,4.26494628370017,5.68690612144709,6.63567259009464,8.57508638199543,1,2
7,24,40,8.10420390423849,4.26494628370017,6.18952263176313,6.23960846220043,8.45010733182095,1,2
7,24,43,8.10420390423849,4.26494628370017,3.78371307575066,5.76576965769621,8.15830619781448,1,2
7,24,44,8.10420390423849,4.26494628370017,4.25117808270042,6.30343101030658,8.31801712782505,1,2
7,24,47,8.10420390423849,4.26494628370017,4.99646711644859,6.55869844573776,8.87483614967815,1,2
7,24,49,8.10420390423849,4.26494628370017,4.74552767515117,5.8984035671165,8.39380235967447,1,2
7,24,50,8.10420390423849,4.26494628370017,4.67762994534931,5.75376949438556,8.14291309390004,1,2
7,24,51,8.10420390423849,4.26494628370017,4.24136281704909,5.95133218765261,8.66488415022309,1,2
7,24,53,8.10420390423849,4.26494628370017,4.76464017679796,6.83366886443411,8.87687951189882,1,2
7,24,54,8.10420390423849,4.26494628370017,3.88061812607821,5.91011469113353,8.34035675293563,1,2
7,24,61,8.10420390423849,4.26494628370017,5.49392196797865,5.45910720292562,8.23714445348306,1,2
7,24,63,8.10420390423849,4.26494628370017,4.83520861736177,5.93363334797033,8.25574214986512,1,2
7,24,66,8.10420390423849,4.26494628370017,4.21494058992186,5.57913529739438,8.22062354831374,1,2
7,24,67,8.10420390423849,4.26494628370017,2.74631013633658,5.41630300433832,8.14697966662816,1,2
7,24,68,8.10420390423849,4.26494628370017,5.45476944569398,6.25323039162289,8.70862401328022,1,2
7,24,69,8.10420390423849,4.26494628370017,4.78143009161024,5.522913484778,8.18965053182582,1,2
7,24,70,8.10420390423849,4.26494628370017,3.6662699158882,6.22783484303657,8.09468842352571,1,2
7,25,2,8.10420390423849,4.26494628370017,6.86542438896765,5.6967845927017,8.97822790189902,1,2
7,25,3,8.10420390423849,4.26494628370017,6.97061107926161,5.94292171949807,8.48009082041981,1,2
7,25,4,8.10420390423849,4.26494628370017,3.93166209078984,5.11808210977806,8.33763750253412,1,2
7,25,5,8.10420390423849,4.26494628370017,4.27957570416879,6.22411800323511,8.70564719934905,1,2
7,25,6,8.10420390423849,4.26494628370017,4.53663349698896,5.43966267541865,8.35303390598371,1,2
7,25,8,8.10420390423849,4.26494628370017,3.88389534507397,6.519271619965,8.83955099904436,1,2
7,25,10,8.10420390423849,4.26494628370017,3.90297263275001,5.87931144663652,8.97009287825213,1,2
7,25,11,8.10420390423849,4.26494628370017,5.66396687020979,6.15485167089696,8.82628861977954,1,2
7,25,14,8.10420390423849,4.26494628370017,4.3597956525689,5.48045766649962,8.36433836049015,1,2
7,25,15,8.10420390423849,4.26494628370017,3.74061162101908,4.97435152684753,7.99457111222162,1,2
7,25,17,8.10420390423849,4.26494628370017,5.72960091148441,6.46850513654041,8.64632084858071,1,2
7,25,18,8.10420390423849,4.26494628370017,4.25209082145592,5.98826800368199,8.17841938530818,1,2
7,25,21,8.10420390423849,4.26494628370017,5.71916485529826,5.910900764292,8.93969928125846,1,2
7,25,24,8.10420390423849,4.26494628370017,5.13232718782651,6.05511728268385,8.53988734826353,1,2
7,25,28,8.10420390423849,4.26494628370017,4.68053049870767,6.09123051326843,8.46788431014449,1,2
7,25,30,8.10420390423849,4.26494628370017,5.43403639583499,5.51408399648929,8.37742758946636,1,2
7,25,32,8.10420390423849,4.26494628370017,5.57259871194902,6.89716709473444,8.84130530789153,1,2
7,25,33,8.10420390423849,4.26494628370017,5.70850619933816,7.21183441736946,8.76025656824674,1,2
7,25,34,8.10420390423849,4.26494628370017,4.89598406936141,6.9973534434775,8.76623685093283,1,2
7,25,35,8.10420390423849,4.26494628370017,3.76297434377155,5.7485601125439,8.66943027624211,1,2
7,25,36,8.10420390423849,4.26494628370017,4.60628781338316,6.16182639818015,8.44867256248822,1,2
7,25,38,8.10420390423849,4.26494628370017,4.54865687564348,5.77982865985485,8.46836047244221,1,2
7,25,39,8.10420390423849,4.26494628370017,6.0992820083779,6.43228936049565,8.26689754407981,1,2
7,25,40,8.10420390423849,4.26494628370017,5.14840257136015,7.29962480072761,9.06330425301947,1,2
7,25,41,8.10420390423849,4.26494628370017,4.5014151756799,5.22803980872199,8.32755667073468,1,2
7,25,43,8.10420390423849,4.26494628370017,5.3829098085117,5.50517196307009,8.5085112695989,1,2
7,25,45,8.10420390423849,4.26494628370017,5.56136265446789,6.56107066309329,8.37336485738712,1,2
7,25,47,8.10420390423849,4.26494628370017,5.59384745908484,6.62203230455189,8.54664948196495,1,2
7,25,49,8.10420390423849,4.26494628370017,5.82579795428095,6.42309472063064,8.34010883121611,1,2
7,25,55,8.10420390423849,4.26494628370017,5.28551755362116,5.92213179710175,8.49101200049559,1,2
7,25,56,8.10420390423849,4.26494628370017,4.13999024776064,5.88099020073304,8.59708470947927,1,2
7,25,62,8.10420390423849,4.26494628370017,5.90613942757086,6.18024670904899,8.49133927959706,1,2
7,25,63,8.10420390423849,4.26494628370017,3.23711526581611,5.90542303462076,8.24386341206655,1,2
7,25,65,8.10420390423849,4.26494628370017,4.46834123472545,5.17461688510461,8.19046912248569,1,2
7,25,66,8.10420390423849,4.26494628370017,6.26386755208144,6.13044107203924,8.41341453831515,1,2
7,25,68,8.10420390423849,4.26494628370017,5.10041271378742,6.37123009196385,8.51472196808909,1,2
7,25,71,8.10420390423849,4.26494628370017,6.14842606566192,6.4402199111611,8.17316047978351,1,2
7,26,4,8.10420390423849,4.26494628370017,5.59967493349234,5.62728151785516,9.16911169689129,1,2
7,26,5,8.10420390423849,4.26494628370017,4.45709607143392,5.80558404250257,8.81918846692421,1,2
7,26,7,8.10420390423849,4.26494628370017,3.87100916925883,7.39319095065552,8.8103809957239,1,2
7,26,8,8.10420390423849,4.26494628370017,3.80346302121826,5.31417588326131,8.77904208261244,1,2
7,26,10,8.10420390423849,4.26494628370017,4.20672448244816,6.34347755064443,8.57287277782936,1,2
7,26,11,8.10420390423849,4.26494628370017,6.01310743389257,5.49997125655703,8.78648456905523,1,2
7,26,12,8.10420390423849,4.26494628370017,3.42998072115607,5.26202745055625,8.65025531531184,1,2
7,26,15,8.10420390423849,4.26494628370017,5.55630561937189,6.15711014245723,8.52116370804566,1,2
7,26,17,8.10420390423849,4.26494628370017,5.34812390511878,5.62972176378701,9.08386349125266,1,2
7,26,20,8.10420390423849,4.26494628370017,6.55116648283433,6.39938517823633,8.67299082387819,1,2
7,26,22,8.10420390423849,4.26494628370017,4.62161911632349,5.77600302273983,8.55042242591385,1,2
7,26,23,8.10420390423849,4.26494628370017,6.26028451504121,6.44356583473611,8.99952014433009,1,2
7,26,24,8.10420390423849,4.26494628370017,4.628842480647,6.40383542156058,8.96294843588256,1,2
7,26,29,8.10420390423849,4.26494628370017,4.78919063508975,6.4921565689366,9.09480125021051,1,2
7,26,30,8.10420390423849,4.26494628370017,5.06318017152779,5.58199163073415,8.63450050937641,1,2
7,26,31,8.10420390423849,4.26494628370017,3.96352493455741,6.76028690167276,9.09983444046205,1,2
7,26,35,8.10420390423849,4.26494628370017,6.86491591966028,4.619689748821,8.7400151223917,1,2
7,26,36,8.10420390423849,4.26494628370017,5.83244166533559,7.18259660835182,9.1800172482347,1,2
7,26,37,8.10420390423849,4.26494628370017,4.43639702883036,5.98243931823561,8.80046057151275,1,2
7,26,38,8.10420390423849,4.26494628370017,5.41422338513414,5.58224146577342,8.81121125989343,1,2
7,26,39,8.10420390423849,4.26494628370017,3.73458473460446,5.89997444584945,8.97589028991564,1,2
7,26,40,8.10420390423849,4.26494628370017,4.79600575916638,5.83052045532506,9.15281840417579,1,2
7,26,42,8.10420390423849,4.26494628370017,4.14937556655664,5.68182419753127,8.58293613161586,1,2
7,26,43,8.10420390423849,4.26494628370017,4.90589945090548,5.86974927345211,8.87675182767825,1,2
7,26,47,8.10420390423849,4.26494628370017,4.84594709071171,5.65347027537653,8.31671463324286,1,2
7,26,49,8.10420390423849,4.26494628370017,3.13326983782068,5.9834559921601,8.77814412110842,1,2
7,26,51,8.10420390423849,4.26494628370017,4.27617446271962,5.97826950340008,8.93574056931416,1,2
7,26,52,8.10420390423849,4.26494628370017,3.83291715528814,5.69525748302695,8.74072922742455,1,2
7,26,57,8.10420390423849,4.26494628370017,5.18821076096858,6.15936612271362,8.77178985561609,1,2
7,26,60,8.10420390423849,4.26494628370017,7.06823070679747,6.49356959592804,9.02208131122164,1,2
7,26,63,8.10420390423849,4.26494628370017,4.92550747368438,6.05885595389997,8.84801982815429,1,2
7,26,69,8.10420390423849,4.26494628370017,4.2963844115062,5.88917336861787,8.93260434936904,1,2
7,26,70,8.10420390423849,4.26494628370017,4.40867077932033,6.40505411079453,9.13104776092373,1,2
7,26,72,8.10420390423849,4.26494628370017,3.87978021279873,5.3482008541364,8.48356495615555,1,2
7,26,74,8.10420390423849,4.26494628370017,4.74145965680999,6.41774506485812,8.55956241642823,1,2
7,26,75,8.10420390423849,4.26494628370017,4.56436358233681,5.60445995535038,8.76252328563287,1,2
7,26,77,8.10420390423849,4.26494628370017,5.78504143022606,6.56680337661608,9.01927322018668,1,2
7,26,80,8.10420390423849,4.26494628370017,4.79142689280001,6.38921573597133,8.81481648345245,1,2
7,26,82,8.10420390423849,4.26494628370017,7.11874509391466,5.10207228014976,9.27256535367775,1,2
7,26,84,8.10420390423849,4.26494628370017,2.81206911116883,5.63063588357989,8.78048670726555,1,2
7,26,86,8.10420390423849,4.26494628370017,4.98295197621978,6.1984360156271,9.01331478158876,1,2
7,26,90,8.10420390423849,4.26494628370017,4.64672538968658,5.71102724328935,8.93485760258574,1,2
7,26,96,8.10420390423849,4.26494628370017,6.29492087435986,6.32064766076605,9.08013040255207,1,2
7,26,97,8.10420390423849,4.26494628370017,6.70483768204011,5.95464340938721,9.11842186620619,1,2
7,27,1,8.10420390423849,4.26494628370017,4.95621604632636,5.54630711156314,8.63519148544536,1,2
7,27,2,8.10420390423849,4.26494628370017,6.67504332698371,5.87162834934819,9.11879987459906,1,2
7,27,8,8.10420390423849,4.26494628370017,5.13642790113388,4.92716272968477,8.64686823445609,1,2
7,27,10,8.10420390423849,4.26494628370017,3.98861047812596,6.09140436697661,8.66030605779729,1,2
7,27,13,8.10420390423849,4.26494628370017,4.82102404468328,6.40569964087111,9.05029093558331,1,2
7,27,15,8.10420390423849,4.26494628370017,4.90339603446912,6.67482153041703,8.94902803450776,1,2
7,27,18,8.10420390423849,4.26494628370017,4.93037576409129,5.12828923087135,8.85459852565374,1,2
7,27,19,8.10420390423849,4.26494628370017,3.55176836068274,6.84223180989865,9.16002056230279,1,2
7,27,20,8.10420390423849,4.26494628370017,5.39053153804992,6.41649086515059,8.98989314636945,1,2
7,27,21,8.10420390423849,4.26494628370017,5.09882650925758,6.89079444925019,8.88069998223347,1,2
7,27,23,8.10420390423849,4.26494628370017,6.42432576601074,6.54933999802415,8.75451973467154,1,2
7,27,25,8.10420390423849,4.26494628370017,4.3108911924073,5.13786769221021,8.96209934984092,1,2
7,27,29,8.10420390423849,4.26494628370017,7.01349211502036,6.01523148748768,8.81311607424109,1,2
7,27,30,8.10420390423849,4.26494628370017,5.84596558263578,6.30631702921081,8.5282780062794,1,2
7,27,35,8.10420390423849,4.26494628370017,6.02930686250879,5.33887197123198,8.99010221221737,1,2
7,27,37,8.10420390423849,4.26494628370017,4.34979434653244,5.46455212388517,8.82400740066558,1,2
7,27,38,8.10420390423849,4.26494628370017,4.74016662294028,5.84779267811565,9.11393742683078,1,2
7,27,40,8.10420390423849,4.26494628370017,5.81177894337835,6.33377653520676,8.99594705852725,1,2
7,27,41,8.10420390423849,4.26494628370017,6.41166536550758,5.07186108829554,8.74335925906055,1,2
7,27,45,8.10420390423849,4.26494628370017,6.34400286662687,6.0583126599775,8.98872053763863,1,2
7,27,46,8.10420390423849,4.26494628370017,5.47826865582644,6.25193670092303,8.95005076312688,1,2
7,27,48,8.10420390423849,4.26494628370017,5.47819013942232,5.38080099958891,8.89158783342949,1,2
7,27,54,8.10420390423849,4.26494628370017,3.84769809820254,6.39151826502823,8.40330956162931,1,2
7,27,55,8.10420390423849,4.26494628370017,2.24987617275414,5.56862707215587,8.14618467398019,1,2
7,27,58,8.10420390423849,4.26494628370017,5.29953385877659,6.56401054025309,9.15381165887645,1,2
7,27,59,8.10420390423849,4.26494628370017,4.28135459780484,6.21211862899211,8.89193445029296,1,2
7,27,62,8.10420390423849,4.26494628370017,4.95750488273261,6.71183461254038,8.95831416317113,1,2
7,27,63,8.10420390423849,4.26494628370017,4.9040201358873,5.9082715458666,8.91081514094154,1,2
7,27,64,8.10420390423849,4.26494628370017,4.44357255177898,6.08121244977296,8.74473070980875,1,2
7,27,67,8.10420390423849,4.26494628370017,2.79004704659259,6.34111960761772,8.82311247721983,1,2
7,27,68,8.10420390423849,4.26494628370017,4.38060098418531,7.25319734994405,9.24125088088174,1,2
7,28,2,8.10420390423849,4.26494628370017,4.91940437400376,5.97551474286333,8.5955650434176,1,2
7,28,3,8.10420390423849,4.26494628370017,6.08326621315727,6.27739547696386,8.74664261564906,1,2
7,28,4,8.10420390423849,4.26494628370017,6.59423776498811,5.1223765762802,8.8033508951409,1,2
7,28,5,8.10420390423849,4.26494628370017,4.8250496720706,6.29227584827007,8.9424863919363,1,2
7,28,7,8.10420390423849,4.26494628370017,5.93817563316056,6.56329360837239,8.6950514801199,1,2
7,28,8,8.10420390423849,4.26494628370017,6.27952403116954,6.27268676086475,8.90329209718729,1,2
7,28,9,8.10420390423849,4.26494628370017,4.58599346616187,6.07813417020669,8.53151501290538,1,2
7,28,10,8.10420390423849,4.26494628370017,6.57076387860875,6.30365359254576,8.9657747772463,1,2
7,28,12,8.10420390423849,4.26494628370017,4.77342970655964,6.40704944067941,8.58486617827655,1,2
7,28,16,8.10420390423849,4.26494628370017,4.20216253520906,7.07012003741721,8.76709133398529,1,2
7,28,17,8.10420390423849,4.26494628370017,6.80819310797929,5.33059125281121,9.01973890108367,1,2
7,28,21,8.10420390423849,4.26494628370017,5.74854407892866,6.14402512011432,8.47503205313819,1,2
7,28,22,8.10420390423849,4.26494628370017,3.99746444946509,5.67657776109457,8.48775410611292,1,2
7,28,24,8.10420390423849,4.26494628370017,5.41487951582574,6.77293151671386,9.14229710671837,1,2
7,28,25,8.10420390423849,4.26494628370017,6.54387136021026,7.21365310739626,8.52931988605289,1,2
7,28,26,8.10420390423849,4.26494628370017,6.02539157640443,6.30303765326091,8.92329559655328,1,2
7,28,27,8.10420390423849,4.26494628370017,6.44837019435105,6.3038834450698,9.1058457458811,1,2
7,28,29,8.10420390423849,4.26494628370017,5.46342710401974,6.22433710155949,8.91178632332302,1,2
7,28,30,8.10420390423849,4.26494628370017,4.83929855550233,6.91930291972028,8.81594581184038,1,2
7,28,31,8.10420390423849,4.26494628370017,5.90436480693024,6.77367261457103,9.06887338170951,1,2
7,28,32,8.10420390423849,4.26494628370017,5.90439063776603,6.39253346917611,9.35363160089212,1,2
7,28,34,8.10420390423849,4.26494628370017,5.72539834480063,5.88619770843243,8.76147685688036,1,2
7,28,37,8.10420390423849,4.26494628370017,7.2955694583806,5.30747565878806,8.62841530816032,1,2
7,28,40,8.10420390423849,4.26494628370017,2.24023247062999,5.57186483939431,8.51406009155904,1,2
7,28,42,8.10420390423849,4.26494628370017,6.30353852266255,6.36047275873427,8.98194416983051,1,2
7,28,45,8.10420390423849,4.26494628370017,3.83264663215639,5.31160307071563,8.01654327508256,1,2
7,28,47,8.10420390423849,4.26494628370017,4.8201332023568,6.39795679663675,8.96200914341069,1,2
7,28,48,8.10420390423849,4.26494628370017,5.88239456120176,6.30158684948545,8.85222017693526,1,2
7,28,49,8.10420390423849,4.26494628370017,4.64494518532784,6.12935410441333,8.7473384762718,1,2
7,28,52,8.10420390423849,4.26494628370017,7.90652938400713,6.31629250100642,9.11971148040802,1,2
7,28,53,8.10420390423849,4.26494628370017,6.17169651836848,6.17639244072553,9.12207579843041,1,2
7,28,54,8.10420390423849,4.26494628370017,5.76193296249943,5.65209393434369,8.37871930153125,1,2
7,28,57,8.10420390423849,4.26494628370017,5.1245972429897,6.16309952026141,8.86441448544576,1,2
7,28,58,8.10420390423849,4.26494628370017,4.75526554287645,6.02312958064938,8.30600432035526,1,2
7,28,60,8.10420390423849,4.26494628370017,5.39964258579508,6.46205942286131,8.77685694373476,1,2
7,28,62,8.10420390423849,4.26494628370017,5.63737298837532,6.22436382333124,9.08824992601157,1,2
7,28,66,8.10420390423849,4.26494628370017,5.5294376203909,6.47303368875379,9.092654679884,1,2
7,28,68,8.10420390423849,4.26494628370017,3.59857005758476,5.87698519970514,8.77502737850909,1,2
7,28,69,8.10420390423849,4.26494628370017,4.14443349919071,5.36376896887913,8.3492592740526,1,2
7,28,70,8.10420390423849,4.26494628370017,5.28570979726756,6.54636047399028,9.21454233089952,1,2
7,28,71,8.10420390423849,4.26494628370017,5.03786602394219,6.29114034609731,9.12790516935335,1,2
7,28,76,8.10420390423849,4.26494628370017,5.95313800246383,5.60146695352294,9.02417860038197,1,2
7,28,80,8.10420390423849,4.26494628370017,4.64237216166459,5.53969404708427,8.20367171023716,1,2
7,28,82,8.10420390423849,4.26494628370017,4.75897911247365,5.63715383770787,8.54391069576313,1,2
7,28,83,8.10420390423849,4.26494628370017,5.25849995492014,5.83841566648284,8.54874369006639,1,2
7,28,84,8.10420390423849,4.26494628370017,4.467767597198,6.3388772812078,8.98918690801555,1,2
7,28,86,8.10420390423849,4.26494628370017,4.922918571292,5.15025133593854,8.77086062988144,1,2
7,28,87,8.10420390423849,4.26494628370017,5.15257939939489,5.91354868655476,8.78239092600962,1,2
7,28,88,8.10420390423849,4.26494628370017,5.74233839586529,6.25552787481181,8.55311401360155,1,2
7,28,89,8.10420390423849,4.26494628370017,5.10309898223398,5.49948716165546,8.6672739667612,1,2
7,28,91,8.10420390423849,4.26494628370017,3.23684721727127,5.73353497141572,8.20750815597455,1,2
7,28,92,8.10420390423849,4.26494628370017,4.67007691409339,5.63451934066976,9.1992707595244,1,2
7,28,93,8.10420390423849,4.26494628370017,3.35945553153257,6.96345125963083,8.64423233634218,1,2
7,28,94,8.10420390423849,4.26494628370017,5.6191721427091,6.05644204605477,8.78527863112222,1,2
7,28,97,8.10420390423849,4.26494628370017,6.10500150377353,7.00978751298538,8.9588454105207,1,2
7,28,99,8.10420390423849,4.26494628370017,4.90512199363448,6.21721158236954,8.51996534430398,1,2
7,29,1,8.10420390423849,4.26494628370017,2.98868191620369,6.40944308174011,8.79160901431601,1,2
7,29,2,8.10420390423849,4.26494628370017,4.84145683167203,5.00846886808618,8.73728162825315,1,2
7,29,4,8.10420390423849,4.26494628370017,5.96094420421229,6.08393684140747,9.30460491155964,1,2
7,29,8,8.10420390423849,4.26494628370017,4.18423707854136,6.22474534090626,8.37381609286519,1,2
7,29,9,8.10420390423849,4.26494628370017,5.21032715523007,6.36183726303777,8.95573096206676,1,2
7,29,11,8.10420390423849,4.26494628370017,3.08130674880759,5.4284544507303,8.70935921445557,1,2
7,29,12,8.10420390423849,4.26494628370017,4.73021661531971,5.57369880003969,8.9573913755414,1,2
7,29,13,8.10420390423849,4.26494628370017,6.3243435155268,6.35138918215685,9.55616114754799,1,2
7,29,15,8.10420390423849,4.26494628370017,6.85170412769936,5.76627702440515,9.15741316354389,1,2
7,29,19,8.10420390423849,4.26494628370017,5.38686482961376,6.03773106397899,9.05883727876634,1,2
7,29,22,8.10420390423849,4.26494628370017,4.90560341297225,6.11796238101189,9.28853245920086,1,2
7,29,23,8.10420390423849,4.26494628370017,5.43856658580308,5.60314221232768,9.02234156709838,1,2
7,29,26,8.10420390423849,4.26494628370017,6.45048907832265,6.81984125727003,8.89351656399567,1,2
7,29,27,8.10420390423849,4.26494628370017,3.75949085312876,6.11907599335682,8.95804188426327,1,2
7,29,31,8.10420390423849,4.26494628370017,6.41828447314769,5.78293142666435,9.46429075380264,1,2
7,29,33,8.10420390423849,4.26494628370017,5.28413624091084,6.36318808454929,9.21038869325476,1,2
7,29,34,8.10420390423849,4.26494628370017,5.38063647585185,6.26061719553439,8.89445128143938,1,2
7,29,35,8.10420390423849,4.26494628370017,4.56002186823879,6.54406497523975,8.54727685338555,1,2
7,29,38,8.10420390423849,4.26494628370017,5.71018650628116,4.89903578315558,9.14195090020974,1,2
7,29,39,8.10420390423849,4.26494628370017,6.83355864967988,5.94132453596949,9.19261168318902,1,2
7,29,42,8.10420390423849,4.26494628370017,4.11669619614346,6.07464602310796,8.52817435475843,1,2
7,29,43,8.10420390423849,4.26494628370017,4.30606007390888,6.08134196618402,9.14119897552059,1,2
7,29,44,8.10420390423849,4.26494628370017,6.55100381942445,5.67618546650617,8.93245930692296,1,2
7,29,45,8.10420390423849,4.26494628370017,2.68087803633653,6.08206062586236,8.69304149566129,1,2
7,29,46,8.10420390423849,4.26494628370017,4.47968661907391,5.61457563682469,9.05816605384743,1,2
7,29,47,8.10420390423849,4.26494628370017,4.5008614974647,5.6731765614977,9.05312557996075,1,2
7,29,48,8.10420390423849,4.26494628370017,5.26738424610351,5.41918126137772,9.10546931653485,1,2
7,29,49,8.10420390423849,4.26494628370017,4.79609698046313,5.45443296089015,8.92395769116628,1,2
7,29,50,8.10420390423849,4.26494628370017,4.98787675784852,6.1941811467412,8.97556003392313,1,2
7,29,51,8.10420390423849,4.26494628370017,5.5366421035452,5.80701658861814,9.38624501803599,1,2
7,29,52,8.10420390423849,4.26494628370017,5.79760710603756,5.84028713387733,9.22325810885063,1,2
7,29,57,8.10420390423849,4.26494628370017,4.33877593555924,5.67408415128385,9.12947752163833,1,2
7,29,58,8.10420390423849,4.26494628370017,4.37934228819049,5.67499825973715,8.93836120768837,1,2
7,29,59,8.10420390423849,4.26494628370017,3.58471457703597,5.269396654802,8.89102704521323,1,2
7,29,60,8.10420390423849,4.26494628370017,5.23343833339267,7.18201131438356,8.65482378847305,1,2
7,29,61,8.10420390423849,4.26494628370017,4.97358621279458,6.454478669226,9.05399435207593,1,2
7,30,2,8.10420390423849,4.26494628370017,4.2699351712757,5.65983495782774,9.34734567528929,1,2
7,30,6,8.10420390423849,4.26494628370017,4.33899655448134,6.49625672678943,9.11027401281746,1,2
7,30,7,8.10420390423849,4.26494628370017,4.09174346929478,6.50274508619353,9.18986618358083,1,2
7,30,8,8.10420390423849,4.26494628370017,5.35217210820883,5.83679841103402,9.34891242014048,1,2
7,30,9,8.10420390423849,4.26494628370017,5.69249413009371,5.99361994632609,9.27569794865965,1,2
7,30,10,8.10420390423849,4.26494628370017,7.43671248859272,5.60433677905362,9.61251329908155,1,2
7,30,11,8.10420390423849,4.26494628370017,5.61127099948845,5.90440048336039,9.41316323817055,1,2
7,30,12,8.10420390423849,4.26494628370017,7.48244166518237,5.9010175723289,9.58971887985536,1,2
7,30,13,8.10420390423849,4.26494628370017,3.40840221981792,6.07088591578494,8.71514925810629,1,2
7,30,14,8.10420390423849,4.26494628370017,5.23127431300701,6.23831946820442,9.17958811282977,1,2
7,30,15,8.10420390423849,4.26494628370017,4.9558663983116,5.91979288401474,9.19809568015007,1,2
7,30,16,8.10420390423849,4.26494628370017,4.2454073668637,6.37417937342586,9.03167088481839,1,2
7,30,17,8.10420390423849,4.26494628370017,4.90040883767692,6.06506821033752,9.42666303739588,1,2
7,30,22,8.10420390423849,4.26494628370017,5.32687320800642,5.70220356956148,9.5895074549673,1,2
7,30,23,8.10420390423849,4.26494628370017,5.03162358586738,5.54105902719278,9.25119042892528,1,2
7,30,24,8.10420390423849,4.26494628370017,4.20328631559731,5.06655466989312,9.1023114547988,1,2
7,30,25,8.10420390423849,4.26494628370017,4.96411641873235,5.71156204545435,9.16718890047731,1,2
7,30,26,8.10420390423849,4.26494628370017,4.26380721107315,5.49151609578862,8.95638819590968,1,2
7,30,28,8.10420390423849,4.26494628370017,4.68891581622333,6.61928440931983,8.9090458572515,1,2
7,30,29,8.10420390423849,4.26494628370017,4.63899480839154,6.19722788950107,9.07768495380819,1,2
7,30,31,8.10420390423849,4.26494628370017,4.9735274890107,5.85264654268062,9.08338672612145,1,2
7,30,33,8.10420390423849,4.26494628370017,6.44593914537508,5.76562950831321,9.21374097070349,1,2
7,30,35,8.10420390423849,4.26494628370017,4.42413674167734,6.52061964873713,9.56411289790717,1,2
7,30,36,8.10420390423849,4.26494628370017,4.56187399488711,5.60547135767885,9.1758144813652,1,2
7,30,40,8.10420390423849,4.26494628370017,4.21776907185984,6.11360972322917,9.01818388660237,1,2
7,30,43,8.10420390423849,4.26494628370017,5.33907065498759,6.29748824379889,9.22690373743431,1,2
7,30,45,8.10420390423849,4.26494628370017,5.45245771721493,5.88572641969624,9.20001434536774,1,2
7,30,46,8.10420390423849,4.26494628370017,4.12341119819112,5.42335259582187,9.23381205442274,1,2
7,30,47,8.10420390423849,4.26494628370017,6.81957094115577,6.54034797879056,9.46266429856231,1,2
7,30,50,8.10420390423849,4.26494628370017,4.60934506825142,6.2513388036881,9.3063945696001,1,2
7,30,51,8.10420390423849,4.26494628370017,6.22304438579244,6.21433305637068,9.40343925240977,1,2
7,30,52,8.10420390423849,4.26494628370017,6.37589619744887,6.13034481266473,9.07236984608525,1,2
7,30,53,8.10420390423849,4.26494628370017,4.19326397905519,5.88786823874917,8.89431647787909,1,2
7,30,54,8.10420390423849,4.26494628370017,5.93949445365306,6.50117466849375,9.30422928108536,1,2
7,30,55,8.10420390423849,4.26494628370017,4.932897030009,6.118076864404,9.25951523206618,1,2
7,30,57,8.10420390423849,4.26494628370017,6.03501774920327,5.6425562154605,9.74027736497458,1,2
7,30,59,8.10420390423849,4.26494628370017,4.87791415397263,6.11056928753092,9.36189920318669,1,2
7,30,61,8.10420390423849,4.26494628370017,4.40349534537275,5.85468468038897,9.51915989327216,1,2
7,30,63,8.10420390423849,4.26494628370017,4.79193961942365,6.03579528318151,9.79505919761277,1,2
7,31,1,8.10420390423849,4.26494628370017,3.93703668742641,6.74596505444105,9.22893203746311,1,2
7,31,2,8.10420390423849,4.26494628370017,4.59524949136403,6.54422328377839,9.04606709099011,1,2
7,31,4,8.10420390423849,4.26494628370017,6.3162542081414,5.29331782058995,8.76412242160918,1,2
7,31,7,8.10420390423849,4.26494628370017,4.42951360283802,5.77107034030672,9.01028656379483,1,2
7,31,8,8.10420390423849,4.26494628370017,6.03034840494665,5.88068675768109,9.29701823581989,1,2
7,31,10,8.10420390423849,4.26494628370017,2.97471651995443,6.34844652880822,9.30573416250686,1,2
7,31,13,8.10420390423849,4.26494628370017,5.66625424902613,6.24696568301371,9.14839939902579,1,2
7,31,15,8.10420390423849,4.26494628370017,5.6232471090653,5.74189745752777,9.13900141795413,1,2
7,31,16,8.10420390423849,4.26494628370017,4.69590910753913,6.33075966176579,8.96871883391171,1,2
7,31,17,8.10420390423849,4.26494628370017,3.08202244245901,5.89267799375069,8.88845307901258,1,2
7,31,18,8.10420390423849,4.26494628370017,5.20253288025357,5.12830258790925,9.1248619444628,1,2
7,31,19,8.10420390423849,4.26494628370017,5.55171592994334,6.16022828994941,9.03011818343163,1,2
7,31,20,8.10420390423849,4.26494628370017,6.11081979669719,5.23657018704807,9.31297088450601,1,2
7,31,21,8.10420390423849,4.26494628370017,6.45853788349153,6.32397115347845,9.44220132092278,1,2
7,31,24,8.10420390423849,4.26494628370017,4.71077008127712,5.57014332791652,9.23125826736868,1,2
7,31,27,8.10420390423849,4.26494628370017,3.38708581931807,5.6932455239329,9.24590391436701,1,2
7,31,28,8.10420390423849,4.26494628370017,4.68274512406899,5.22768178785169,9.05508903602268,1,2
7,31,29,8.10420390423849,4.26494628370017,4.70816008034204,5.79121774640434,9.65766688312242,1,2
7,31,30,8.10420390423849,4.26494628370017,5.90629191840636,4.93692332546767,9.44576337387435,1,2
7,31,33,8.10420390423849,4.26494628370017,5.03055154636335,6.21029264982548,8.97773836770504,1,2
7,31,34,8.10420390423849,4.26494628370017,3.84967476890046,5.30286389320684,8.78031197650113,1,2
7,31,35,8.10420390423849,4.26494628370017,5.81179341166498,6.01998705203046,9.04285151885648,1,2
7,31,37,8.10420390423849,4.26494628370017,4.8610271159831,6.24120080849699,9.52860400318803,1,2
7,31,40,8.10420390423849,4.26494628370017,3.23393183971176,6.01928421840397,9.37744216022751,1,2
7,31,42,8.10420390423849,4.26494628370017,4.98820843497783,6.9040279344419,9.02192536624143,1,2
7,31,43,8.10420390423849,4.26494628370017,4.59463263757628,6.03776395213009,8.77748940683853,1,2
7,31,44,8.10420390423849,4.26494628370017,5.74184714419837,5.76867780082892,9.07603117013342,1,2
7,31,45,8.10420390423849,4.26494628370017,5.72489709215354,6.72202966465157,9.03906582965262,1,2
7,31,52,8.10420390423849,4.26494628370017,4.65022123804364,5.83297096967083,8.66977030626945,1,2
7,31,53,8.10420390423849,4.26494628370017,6.39382461268602,6.29433726285502,8.98194851743876,1,2
7,31,55,8.10420390423849,4.26494628370017,6.74344997940087,6.2377249314073,9.23706369579057,1,2
7,31,57,8.10420390423849,4.26494628370017,5.2867664395542,7.00244579866508,9.44188503413624,1,2
7,31,62,8.10420390423849,4.26494628370017,4.7470521491533,5.91615955256726,8.44411037903451,1,2
7,31,64,8.10420390423849,4.26494628370017,4.0389409586439,6.15129392635076,9.08531670520401,1,2
7,31,65,8.10420390423849,4.26494628370017,5.19761532937551,6.74214119233261,9.12656684457935,1,2
7,31,66,8.10420390423849,4.26494628370017,3.87009109632044,6.0477891784683,8.96372835490001,1,2
7,31,67,8.10420390423849,4.26494628370017,5.80808310367999,7.10347023669551,9.44481668931085,1,2
7,31,68,8.10420390423849,4.26494628370017,5.37467986486598,6.62655315405298,9.59567082404024,1,2
7,31,69,8.10420390423849,4.26494628370017,5.38437972147359,5.65473790046136,9.66636879298243,1,2
7,31,73,8.10420390423849,4.26494628370017,5.83583223284555,5.23344001685757,9.69283718747746,1,2
7,31,74,8.10420390423849,4.26494628370017,4.38139882797423,5.85954406912285,9.04767155017158,1,2
7,31,75,8.10420390423849,4.26494628370017,5.08870696998344,6.16399083168799,8.98115833810745,1,2
7,31,78,8.10420390423849,4.26494628370017,4.08853310664525,5.41933721176792,8.87150879752752,1,2
7,31,79,8.10420390423849,4.26494628370017,4.55701657990612,5.94337254398638,8.66908466521711,1,2
7,31,80,8.10420390423849,4.26494628370017,5.29582328676927,5.80727583256778,8.72896350815018,1,2
7,31,82,8.10420390423849,4.26494628370017,5.25468746408468,6.17995593676647,8.73082584672547,1,2
7,31,83,8.10420390423849,4.26494628370017,5.16860534339947,5.69514840308734,8.90198864299836,1,2
7,31,87,8.10420390423849,4.26494628370017,6.03730547750423,6.14440996996546,9.35189883771087,1,2
7,32,1,8.10420390423849,4.26494628370017,4.32913000889505,6.03623514248734,9.42212679914827,1,2
7,32,4,8.10420390423849,4.26494628370017,6.14329197032494,5.1523579867859,9.6377164434839,1,2
7,32,7,8.10420390423849,4.26494628370017,5.27518072903327,5.43679478794387,9.28136754951059,1,2
7,32,8,8.10420390423849,4.26494628370017,6.81458427823189,6.28509596919508,9.79537020039402,1,2
7,32,11,8.10420390423849,4.26494628370017,4.71351045596471,6.1555198466516,9.48972086268738,1,2
7,32,12,8.10420390423849,4.26494628370017,3.83093607431064,5.74020970259553,9.18272750909464,1,2
7,32,13,8.10420390423849,4.26494628370017,5.71760402466897,6.21350224900166,9.83835912364558,1,2
7,32,16,8.10420390423849,4.26494628370017,6.27653576127712,6.49719525183112,9.43760461020683,1,2
7,32,17,8.10420390423849,4.26494628370017,5.5212937990198,5.39063494382711,9.25516048820421,1,2
7,32,21,8.10420390423849,4.26494628370017,4.26388513511046,6.37368359754621,9.50657319196682,1,2
7,32,24,8.10420390423849,4.26494628370017,7.56602241361173,6.25957137835654,9.64695908475941,1,2
7,32,26,8.10420390423849,4.26494628370017,5.28675128078046,5.81899923171968,9.30603868222733,1,2
7,32,28,8.10420390423849,4.26494628370017,5.71515360831477,6.63849428428407,9.24819087091231,1,2
7,32,35,8.10420390423849,4.26494628370017,4.9983986340301,6.11817019998792,9.39755804603112,1,2
7,32,36,8.10420390423849,4.26494628370017,4.00188115032564,5.64070207895056,9.33519740982429,1,2
7,32,37,8.10420390423849,4.26494628370017,4.84905874610146,5.84363071551702,9.33385261568279,1,2
7,32,38,8.10420390423849,4.26494628370017,5.68603953773169,5.50510275424393,9.27203399713829,1,2
7,32,40,8.10420390423849,4.26494628370017,6.14076835593496,5.97269184116094,9.89645931117985,1,2
7,32,41,8.10420390423849,4.26494628370017,5.4329231848488,7.20613500501399,9.4930670580534,1,2
7,32,45,8.10420390423849,4.26494628370017,5.69386177145922,6.15295813221986,9.76268706333475,1,2
7,32,46,8.10420390423849,4.26494628370017,4.34653691177579,4.73411086221459,8.99419652916844,1,2
7,32,49,8.10420390423849,4.26494628370017,4.50313030823649,7.3308014308094,9.38059287509783,1,2
7,32,50,8.10420390423849,4.26494628370017,7.06719808653357,6.74563874397807,10.0673350533489,1,2
7,32,51,8.10420390423849,4.26494628370017,6.78147051956544,6.80899503259715,9.55381967391837,1,2
7,32,52,8.10420390423849,4.26494628370017,6.94862511156214,6.23331090625257,9.76388363497714,1,2
7,32,55,8.10420390423849,4.26494628370017,5.48476065832412,6.41012843438108,10.0419086496518,1,2
7,32,56,8.10420390423849,4.26494628370017,4.0360700361605,6.11344447026041,9.31254440534285,1,2
7,32,57,8.10420390423849,4.26494628370017,3.72384573576968,5.48046610919112,9.04001542099371,1,2
7,32,58,8.10420390423849,4.26494628370017,4.47726910240157,6.25909786217843,9.39384901171997,1,2
7,32,63,8.10420390423849,4.26494628370017,5.2280157490964,5.88974891391671,9.51169189707397,1,2
7,32,64,8.10420390423849,4.26494628370017,4.87058424521897,4.761694613354,9.45066760108993,1,2
7,32,70,8.10420390423849,4.26494628370017,6.47501278863894,6.19062744542174,9.52067841861935,1,2
7,32,75,8.10420390423849,4.26494628370017,3.35848682519344,6.58683865401935,9.58510468808521,1,2
7,32,76,8.10420390423849,4.26494628370017,4.51487591937944,5.94359145595809,9.1903933655863,1,2
7,32,78,8.10420390423849,4.26494628370017,4.67362914400799,6.59531173096271,9.24863414109578,1,2
7,32,79,8.10420390423849,4.26494628370017,6.09461596376841,6.36865363896305,9.14795821060249,1,2
7,32,80,8.10420390423849,4.26494628370017,6.49814201236008,5.00996433765513,9.33220625947293,1,2
7,32,82,8.10420390423849,4.26494628370017,4.87880912131288,7.23464688552504,9.26419155128166,1,2
7,32,83,8.10420390423849,4.26494628370017,5.10373760659551,6.05730416093145,9.51368443524394,1,2
7,32,84,8.10420390423849,4.26494628370017,5.40744796662387,6.16803488206206,9.2994610465843,1,2
7,32,87,8.10420390423849,4.26494628370017,4.04074544029125,5.68730809495191,9.0764849516542,1,2
7,32,92,8.10420390423849,4.26494628370017,4.00019586334156,5.99543872000989,9.07046241201755,1,2
7,32,93,8.10420390423849,4.26494628370017,5.31258167962284,6.0842795728046,9.67509002620239,1,2
7,33,3,8.10420390423849,4.26494628370017,5.39011846386218,6.40845228171516,9.97537155444622,1,2
7,33,4,8.10420390423849,4.26494628370017,4.42695494907542,5.79431266020248,9.4431514599931,1,2
7,33,5,8.10420390423849,4.26494628370017,4.8675847554574,5.40747170162938,9.12655096588855,1,2
7,33,7,8.10420390423849,4.26494628370017,6.74747534873833,6.01603242194263,9.58547986388336,1,2
7,33,8,8.10420390423849,4.26494628370017,4.01588573101535,6.29848349060386,9.14685924786192,1,2
7,33,9,8.10420390423849,4.26494628370017,5.78652917638569,5.38439816227096,9.47922052299302,1,2
7,33,10,8.10420390423849,4.26494628370017,5.78482807018771,5.80831440348608,9.77307728294187,1,2
7,33,11,8.10420390423849,4.26494628370017,4.85485534551077,5.48838084425582,9.50625895610301,1,2
7,33,13,8.10420390423849,4.26494628370017,5.6138570338297,6.67118173176026,9.59212788210547,1,2
7,33,16,8.10420390423849,4.26494628370017,5.99186338087247,6.19720367055679,9.83954798845411,1,2
7,33,17,8.10420390423849,4.26494628370017,6.06558213657695,6.00054505829496,9.24276295596303,1,2
7,33,19,8.10420390423849,4.26494628370017,6.387671544271,5.94473194012914,10.1496271443867,1,2
7,33,20,8.10420390423849,4.26494628370017,5.25342470759189,6.47103300240044,9.66787150592941,1,2
7,33,23,8.10420390423849,4.26494628370017,5.40085122189825,6.11927748081219,9.54904497323821,1,2
7,33,25,8.10420390423849,4.26494628370017,4.86672035635509,6.56446548705143,10.0124975621265,1,2
7,33,27,8.10420390423849,4.26494628370017,5.4886995773334,5.75097588889152,9.45280353423436,1,2
7,33,28,8.10420390423849,4.26494628370017,6.02630973957495,6.40592725781934,9.83654056978707,1,2
7,33,32,8.10420390423849,4.26494628370017,4.34706088205912,6.03960064111376,9.40127846538317,1,2
7,33,33,8.10420390423849,4.26494628370017,5.32478697227411,5.93667870923056,9.52063057499364,1,2
7,33,34,8.10420390423849,4.26494628370017,4.64120537649412,5.68007393796697,9.42816493196292,1,2
7,33,35,8.10420390423849,4.26494628370017,6.31336117061303,5.76723599326069,9.70308925151784,1,2
7,33,36,8.10420390423849,4.26494628370017,5.31347465886214,5.99060455280567,10.0842502043622,1,2
7,33,39,8.10420390423849,4.26494628370017,4.06165790068299,6.58547100285484,9.77585323656703,1,2
7,33,40,8.10420390423849,4.26494628370017,4.34298777525932,5.54632139130383,9.19585513340135,1,2
7,33,41,8.10420390423849,4.26494628370017,5.26843713907855,6.33166477974366,9.77409848373725,1,2
7,33,42,8.10420390423849,4.26494628370017,3.53684219337049,6.15002956090749,9.38567986337393,1,2
7,33,44,8.10420390423849,4.26494628370017,4.34953235453828,6.52804898824336,9.76866777068021,1,2
7,33,46,8.10420390423849,4.26494628370017,3.29613668737334,6.24350133472946,9.99893520742383,1,2
7,33,48,8.10420390423849,4.26494628370017,3.36865450352374,6.4139175043048,9.39342605572376,1,2
7,33,55,8.10420390423849,4.26494628370017,5.02188513698333,5.75298610466053,9.07625775391644,1,2
7,33,59,8.10420390423849,4.26494628370017,3.98957865070776,5.71699611474569,9.31412738370694,1,2
7,33,60,8.10420390423849,4.26494628370017,5.78693497315322,6.19707738230441,9.59107353974285,1,2
7,33,61,8.10420390423849,4.26494628370017,6.02821842315114,5.326536385881,9.37966046618251,1,2
7,33,62,8.10420390423849,4.26494628370017,4.72324941447661,5.69227956209573,9.52203186887075,1,2
7,33,63,8.10420390423849,4.26494628370017,4.63653954510211,6.76335263480716,9.50574291006244,1,2
7,33,65,8.10420390423849,4.26494628370017,4.50495654231621,5.76181734363185,9.40514768841777,1,2
7,33,68,8.10420390423849,4.26494628370017,5.83557832824199,6.24856105698347,9.44382028867406,1,2
7,33,69,8.10420390423849,4.26494628370017,4.00767485794152,6.67264242791586,9.14697604204072,1,2
7,34,1,8.10420390423849,4.26494628370017,3.86714082072619,4.67960184819486,9.71130753367716,1,2
7,34,2,8.10420390423849,4.26494628370017,4.72830231718767,6.07600636149946,9.54034788431224,1,2
7,34,6,8.10420390423849,4.26494628370017,5.40069493871871,6.34098039008207,9.73671518741375,1,2
7,34,7,8.10420390423849,4.26494628370017,6.18679479214223,5.99973480735902,9.73806436930106,1,2
7,34,9,8.10420390423849,4.26494628370017,5.6136207030626,5.89811407150083,9.58120726342983,1,2
7,34,12,8.10420390423849,4.26494628370017,6.12567983044034,5.80885808397335,9.47543467158306,1,2
7,34,13,8.10420390423849,4.26494628370017,5.94366851359502,6.44391226960201,9.41389070276847,1,2
7,34,17,8.10420390423849,4.26494628370017,6.28220473515079,6.51321527334408,9.65873961438771,1,2
7,34,19,8.10420390423849,4.26494628370017,4.56914738443587,6.75298803999504,9.73839601273751,1,2
7,34,21,8.10420390423849,4.26494628370017,4.49558557408105,5.79089197233563,9.46186336166463,1,2
7,34,25,8.10420390423849,4.26494628370017,6.7836638975421,5.48607699044401,10.1008997031052,1,2
7,34,27,8.10420390423849,4.26494628370017,6.51251336106555,6.54437448721887,10.0505138446303,1,2
7,34,28,8.10420390423849,4.26494628370017,6.52885332126075,6.21139802244398,9.73693432887671,1,2
7,34,31,8.10420390423849,4.26494628370017,4.48251283831292,6.20176054843978,9.02650620802198,1,2
7,34,33,8.10420390423849,4.26494628370017,4.0021441775428,6.1628358529352,9.70198692905666,1,2
7,34,34,8.10420390423849,4.26494628370017,4.51574046494554,6.01960449572071,9.74666845726084,1,2
7,34,38,8.10420390423849,4.26494628370017,6.42228518159569,7.32645243725408,9.57896331956411,1,2
7,34,39,8.10420390423849,4.26494628370017,4.87430431837402,5.92459723114826,9.46204768738152,1,2
7,34,41,8.10420390423849,4.26494628370017,6.58647922674956,6.03329411356065,9.98748952222382,1,2
7,34,43,8.10420390423849,4.26494628370017,5.14442833715242,6.24730281464597,9.85410831664268,1,2
7,34,44,8.10420390423849,4.26494628370017,6.0389160402842,5.59727019684009,9.73868969160364,1,2
7,34,45,8.10420390423849,4.26494628370017,4.40152656038286,6.57677885612485,9.47090454868678,1,2
7,34,46,8.10420390423849,4.26494628370017,4.73691004410297,6.51067589738453,9.8421522193449,1,2
7,34,47,8.10420390423849,4.26494628370017,4.72902774391982,5.80530653289773,9.09978220482883,1,2
7,34,49,8.10420390423849,4.26494628370017,5.8669717152143,5.58594507137268,9.65583579505843,1,2
7,34,50,8.10420390423849,4.26494628370017,6.30952376672051,5.57973857004203,9.99163272647348,1,2
7,34,51,8.10420390423849,4.26494628370017,6.76908618568007,5.64664550363122,10.1650599915993,1,2
7,34,52,8.10420390423849,4.26494628370017,6.812330441776,6.36239368134467,9.75711283139843,1,2
7,34,54,8.10420390423849,4.26494628370017,5.75041522119595,6.29737595193197,9.48982501985326,1,2
7,34,55,8.10420390423849,4.26494628370017,3.90709693764071,6.59879776771624,9.52600018931083,1,2
7,34,56,8.10420390423849,4.26494628370017,3.60066565084371,5.74459557713544,9.32559683745724,1,2
7,34,57,8.10420390423849,4.26494628370017,4.74546191862591,5.42365080973685,9.71801929507918,1,2
7,34,60,8.10420390423849,4.26494628370017,5.44110416564972,6.37223636279483,9.30432266667754,1,2
7,34,61,8.10420390423849,4.26494628370017,6.38213767316372,5.99687140205437,9.93298850487267,1,2
7,34,71,8.10420390423849,4.26494628370017,5.29104077515963,5.85135923031071,9.56234463065556,1,2
7,34,72,8.10420390423849,4.26494628370017,5.24104616064637,5.5171971084989,9.7378835688688,1,2
7,34,75,8.10420390423849,4.26494628370017,6.19571454562975,6.13633739182787,9.61411956898936,1,2
7,34,77,8.10420390423849,4.26494628370017,5.28847610407905,6.6326570837558,9.6752857315766,1,2
7,34,78,8.10420390423849,4.26494628370017,4.68651635131146,6.13748500550839,9.38059589254665,1,2
7,34,80,8.10420390423849,4.26494628370017,6.86486073441797,5.92430878589141,9.67419834360348,1,2
7,34,81,8.10420390423849,4.26494628370017,6.33903941741117,5.85878729529143,9.89691345995179,1,2
7,34,84,8.10420390423849,4.26494628370017,6.24157012376652,5.03221169680224,10.4227906280462,1,2
7,34,86,8.10420390423849,4.26494628370017,4.93686160905952,6.47381119369333,9.55702842891304,1,2
7,34,87,8.10420390423849,4.26494628370017,5.14341968745294,5.81676155819481,9.58953625098569,1,2
7,34,90,8.10420390423849,4.26494628370017,5.90862186856858,6.10800276468648,9.33254387821764,1,2
7,34,91,8.10420390423849,4.26494628370017,6.46585417163742,6.41912729868831,9.6404903630205,1,2
7,34,92,8.10420390423849,4.26494628370017,5.48051812943556,6.047497781504,9.67101180482904,1,2
7,34,96,8.10420390423849,4.26494628370017,3.27390577015933,5.96131768487628,9.20028878274112,1,2
7,35,1,8.10420390423849,4.26494628370017,5.8731091836926,6.22649131603259,9.82102208974817,1,2
7,35,2,8.10420390423849,4.26494628370017,4.08571009158912,6.79243469580755,9.7791751990404,1,2
7,35,3,8.10420390423849,4.26494628370017,6.37459300425304,6.92380791018058,10.0734670715949,1,2
7,35,4,8.10420390423849,4.26494628370017,3.33744570261471,6.17531832908139,9.87787989042379,1,2
7,35,6,8.10420390423849,4.26494628370017,5.70969333354148,6.48732388675764,9.68070908624315,1,2
7,35,9,8.10420390423849,4.26494628370017,1.95800683204113,5.91307613748106,9.85706244071602,1,2
7,35,11,8.10420390423849,4.26494628370017,5.29195787999478,5.90044186426215,10.0404246092911,1,2
7,35,14,8.10420390423849,4.26494628370017,5.0548206039041,6.70063137658726,9.71656587224548,1,2
7,35,15,8.10420390423849,4.26494628370017,5.06198889255906,6.75303058184475,10.1827338372687,1,2
7,35,16,8.10420390423849,4.26494628370017,4.04310130096881,5.21047631214832,9.68493051323519,1,2
7,35,19,8.10420390423849,4.26494628370017,5.74092284155485,6.12192445387996,9.75847074265708,1,2
7,35,21,8.10420390423849,4.26494628370017,6.02735211800128,5.25115051526072,9.49178133183415,1,2
7,35,23,8.10420390423849,4.26494628370017,4.40850752429818,6.11185974299818,9.49252789582074,1,2
7,35,25,8.10420390423849,4.26494628370017,5.68707624756251,5.74670886457418,9.91697972152285,1,2
7,35,27,8.10420390423849,4.26494628370017,6.0195742979497,6.32289559296594,9.45092378780803,1,2
7,35,28,8.10420390423849,4.26494628370017,4.06729148133151,5.86791945836829,9.41943338000351,1,2
7,35,29,8.10420390423849,4.26494628370017,7.50551376332277,5.08054035389218,10.5679303810645,1,2
7,35,30,8.10420390423849,4.26494628370017,4.18159488133008,6.1584182496805,10.3430427190407,1,2
7,35,31,8.10420390423849,4.26494628370017,6.2049868713897,5.95693346984229,10.2130923108763,1,2
7,35,32,8.10420390423849,4.26494628370017,4.93633645168192,5.88696699982151,9.48090416300235,1,2
7,35,33,8.10420390423849,4.26494628370017,5.85237676097943,5.18033234241944,9.53944815821482,1,2
7,35,35,8.10420390423849,4.26494628370017,5.86741456034616,6.38822357090165,10.0381466959096,1,2
7,35,38,8.10420390423849,4.26494628370017,5.99906233165432,6.02947619085942,9.94934877162234,1,2
7,35,39,8.10420390423849,4.26494628370017,5.37274340859956,6.86486799516177,9.92366958347153,1,2
7,35,43,8.10420390423849,4.26494628370017,5.17794391935137,5.49981755417056,10.0208544743286,1,2
7,35,44,8.10420390423849,4.26494628370017,5.3689876834322,6.90497649921196,9.77546874062071,1,2
7,35,46,8.10420390423849,4.26494628370017,5.53393076003605,6.45226903468082,9.90964417822504,1,2
7,35,49,8.10420390423849,4.26494628370017,4.68926455276105,5.54262530129698,9.64493706303208,1,2
7,35,50,8.10420390423849,4.26494628370017,5.21535413704913,5.20302117137899,8.99543833662882,1,2
7,35,52,8.10420390423849,4.26494628370017,5.40821795781738,7.061583818321,10.2566183012103,1,2
7,35,53,8.10420390423849,4.26494628370017,4.64628706241579,6.31794138457569,9.36727639442434,1,2
7,35,55,8.10420390423849,4.26494628370017,6.02171863341038,6.34727315055625,10.1151805302862,1,2
7,35,57,8.10420390423849,4.26494628370017,5.65526625331291,6.02996870338601,9.39912884473714,1,2
7,35,58,8.10420390423849,4.26494628370017,3.94988671684414,5.72677272021907,9.36007181835311,1,2
7,35,61,8.10420390423849,4.26494628370017,4.98140048770358,5.54872366982072,9.59553971189075,1,2
7,35,62,8.10420390423849,4.26494628370017,5.77004865931223,5.69569134512877,9.55914339059549,1,2
7,35,64,8.10420390423849,4.26494628370017,4.25996714898213,6.19790041285184,9.40660494165079,1,2
7,35,66,8.10420390423849,4.26494628370017,4.41901519381606,6.30323141307578,9.96472066264771,1,2
7,35,69,8.10420390423849,4.26494628370017,5.80796425119109,5.18282202149109,9.72599607389202,1,2
7,35,70,8.10420390423849,4.26494628370017,4.63543270663565,6.44603961931839,9.58432612979169,1,2
7,35,71,8.10420390423849,4.26494628370017,4.14088587454388,6.56540091213651,10.1005302190757,1,2
7,35,73,8.10420390423849,4.26494628370017,4.15939393711367,6.31278286463282,9.49055173908832,1,2
7,35,74,8.10420390423849,4.26494628370017,6.8710233084085,6.73218490887163,9.82197699136675,1,2
7,35,76,8.10420390423849,4.26494628370017,5.14647380661838,5.9625605114041,9.34682223518139,1,2
7,35,78,8.10420390423849,4.26494628370017,3.54117099749682,6.87800594122806,9.49725380530323,1,2
7,35,79,8.10420390423849,4.26494628370017,4.01985960381263,5.62469416384544,9.46259977024288,1,2
7,35,81,8.10420390423849,4.26494628370017,4.32859298214197,6.1143600883651,9.87388706695671,1,2
7,35,83,8.10420390423849,4.26494628370017,5.81053569358553,6.64913850775748,9.35976926263858,1,2
7,35,84,8.10420390423849,4.26494628370017,3.51067851110134,4.95723518300744,9.63002619579466,1,2
7,35,86,8.10420390423849,4.26494628370017,4.22233641957573,6.1784969966044,9.84290376734774,1,2
7,35,87,8.10420390423849,4.26494628370017,4.38683373795884,6.35573616482558,9.78960721412136,1,2
7,36,4,8.10420390423849,4.26494628370017,4.82153121197746,6.63480324478087,10.0799155204209,1,2
7,36,7,8.10420390423849,4.26494628370017,5.00157237710083,6.5777228656541,9.93873288026594,1,2
7,36,8,8.10420390423849,4.26494628370017,3.68703796507533,6.56487413253485,9.92725661303872,1,2
7,36,12,8.10420390423849,4.26494628370017,4.60769155379507,5.55598242192179,10.1082647190113,1,2
7,36,15,8.10420390423849,4.26494628370017,4.96708634598793,6.09208032022369,10.0069191693731,1,2
7,36,17,8.10420390423849,4.26494628370017,5.91401631208221,5.73639499633493,10.2892647509894,1,2
7,36,18,8.10420390423849,4.26494628370017,4.45773941179432,6.56824326917724,9.91726006637078,1,2
7,36,20,8.10420390423849,4.26494628370017,5.04816251973163,5.84821141175596,9.61625052161322,1,2
7,36,21,8.10420390423849,4.26494628370017,5.81470723035075,5.72979719627617,10.0291886040011,1,2
7,36,25,8.10420390423849,4.26494628370017,5.66268142949886,5.68486459896782,9.75275606766247,1,2
7,36,28,8.10420390423849,4.26494628370017,4.76801590348037,5.50601109746217,9.55737279979129,1,2
7,36,29,8.10420390423849,4.26494628370017,5.71348955317723,6.04638920435552,10.3028903803323,1,2
7,36,33,8.10420390423849,4.26494628370017,3.71108068025618,5.67300067871798,9.74897226626655,1,2
7,36,34,8.10420390423849,4.26494628370017,3.71782282919453,6.2082038918651,9.57331598521746,1,2
7,36,39,8.10420390423849,4.26494628370017,4.45975856919122,5.24600572230454,9.52476881302389,1,2
7,36,40,8.10420390423849,4.26494628370017,4.40447543676873,6.02403540443009,10.0567865414544,1,2
7,36,41,8.10420390423849,4.26494628370017,5.38056024331774,6.57090144783723,10.0233471526072,1,2
7,36,44,8.10420390423849,4.26494628370017,5.53779188621509,6.54657752363859,9.52083534795177,1,2
7,36,45,8.10420390423849,4.26494628370017,4.49867438147139,7.04626412102543,10.1388575371488,1,2
7,36,47,8.10420390423849,4.26494628370017,5.43026151900181,6.4474410131573,9.99817754220226,1,2
7,36,49,8.10420390423849,4.26494628370017,5.41788902395843,6.66318825601012,10.0832473174272,1,2
7,36,50,8.10420390423849,4.26494628370017,4.9734607149789,5.99093759004912,10.1504278109223,1,2
7,36,53,8.10420390423849,4.26494628370017,4.68942272250009,5.09248822325974,9.99561307504706,1,2
7,36,54,8.10420390423849,4.26494628370017,6.61786333095979,6.13586235593721,10.5942427231946,1,2
7,36,60,8.10420390423849,4.26494628370017,5.47599343790946,6.2627061961974,9.64254305476052,1,2
7,36,61,8.10420390423849,4.26494628370017,5.99551218896456,5.13639142831171,10.2997722964876,1,2
7,36,64,8.10420390423849,4.26494628370017,6.61592428322971,6.30148899515868,9.64237318354249,1,2
7,36,65,8.10420390423849,4.26494628370017,6.17642526596415,5.94281171211318,10.0742014965119,1,2
7,37,2,8.10420390423849,4.26494628370017,3.98801727382046,5.65538818232054,9.81489071870728,1,2
7,37,6,8.10420390423849,4.26494628370017,4.37925850258424,5.66512760319365,9.69991813848461,1,2
7,37,7,8.10420390423849,4.26494628370017,4.46595305439995,6.21685350417461,9.83333163237904,1,2
7,37,9,8.10420390423849,4.26494628370017,7.86072769334807,5.42649255958721,9.71389796958954,1,2
7,37,13,8.10420390423849,4.26494628370017,3.76407102693122,6.89451219536363,9.83651396483551,1,2
7,37,14,8.10420390423849,4.26494628370017,5.1352121450409,5.8485118953952,10.2415003091924,1,2
7,37,16,8.10420390423849,4.26494628370017,4.46899539444865,5.55243720624508,10.450624464926,1,2
7,37,17,8.10420390423849,4.26494628370017,5.01081946336364,6.144364947631,10.1046737481605,1,2
7,37,18,8.10420390423849,4.26494628370017,3.71377220146783,6.48407605582137,9.94349213710555,1,2
7,37,19,8.10420390423849,4.26494628370017,5.29265374426019,6.14782397334018,9.5144774937676,1,2
7,37,20,8.10420390423849,4.26494628370017,6.32001193260936,6.25569885287075,10.1759884920483,1,2
7,37,21,8.10420390423849,4.26494628370017,3.23729531157909,5.7884941278289,10.0039252150789,1,2
7,37,22,8.10420390423849,4.26494628370017,5.3125497646753,6.11032525314733,9.8010367216537,1,2
7,37,26,8.10420390423849,4.26494628370017,5.04580800861513,5.87499564049701,9.50852861506485,1,2
7,37,27,8.10420390423849,4.26494628370017,5.97194209616523,6.05881782589812,9.63913677632184,1,2
7,37,29,8.10420390423849,4.26494628370017,4.92773652881802,6.35069990727916,9.5966440866927,1,2
7,37,30,8.10420390423849,4.26494628370017,6.78898909706917,6.25885742032159,9.93092149958197,1,2
7,37,32,8.10420390423849,4.26494628370017,5.62391202201098,5.9832897777381,9.56920642677092,1,2
7,37,34,8.10420390423849,4.26494628370017,4.86742845613254,5.84056168460017,10.3434948204792,1,2
7,37,36,8.10420390423849,4.26494628370017,5.69434483669738,6.39691852074099,9.73767736397425,1,2
7,37,37,8.10420390423849,4.26494628370017,3.97560298633682,6.59395036822663,9.90919287825697,1,2
7,37,38,8.10420390423849,4.26494628370017,5.18375440152033,5.72584265483149,9.66719642165736,1,2
7,37,39,8.10420390423849,4.26494628370017,5.50213597515342,6.55814450059267,9.81803953595342,1,2
7,37,40,8.10420390423849,4.26494628370017,5.03626889678515,5.85813097707339,9.84216239250502,1,2
7,37,42,8.10420390423849,4.26494628370017,5.18532584889879,5.65156715776991,9.75964537212163,1,2
7,37,44,8.10420390423849,4.26494628370017,4.41160994723094,6.05129526682202,9.80550781385483,1,2
7,37,47,8.10420390423849,4.26494628370017,6.23460835978919,5.28575841841805,9.46482887770041,1,2
7,37,48,8.10420390423849,4.26494628370017,5.4537440861098,6.07587167333228,9.49730984370586,1,2
7,37,50,8.10420390423849,4.26494628370017,4.19758944151512,5.57615758912741,10.1424118836682,1,2
7,37,51,8.10420390423849,4.26494628370017,5.32118917362817,5.96438812210837,9.97368990063107,1,2
7,37,52,8.10420390423849,4.26494628370017,4.27746093246104,5.86485501743301,9.72263361663652,1,2
7,37,53,8.10420390423849,4.26494628370017,6.76409857702825,6.46797137706751,10.2243762415641,1,2
7,37,57,8.10420390423849,4.26494628370017,5.33723222327238,6.30739280162162,10.2087035721247,1,2
7,37,60,8.10420390423849,4.26494628370017,6.07447389971734,5.79245013440306,10.2138339574398,1,2
7,37,62,8.10420390423849,4.26494628370017,5.39216923290509,6.03732817997917,9.58063883229698,1,2
7,37,66,8.10420390423849,4.26494628370017,5.40168922575979,6.21767954107327,10.0872539576386,1,2
7,37,68,8.10420390423849,4.26494628370017,2.26295591801706,6.30832544978289,9.67275304974515,1,2
7,37,69,8.10420390423849,4.26494628370017,7.91214027971362,6.27724321249217,9.88507260495352,1,2
7,37,71,8.10420390423849,4.26494628370017,6.6537219809076,5.84759575938277,9.91279180386014,1,2
7,37,72,8.10420390423849,4.26494628370017,5.68151084191365,6.93601579806531,10.3636693564081,1,2
7,37,73,8.10420390423849,4.26494628370017,4.93067987329027,6.54093798099869,9.75232029911931,1,2
7,37,75,8.10420390423849,4.26494628370017,5.02218905263905,5.592496718097,9.28619316386839,1,2
7,37,76,8.10420390423849,4.26494628370017,4.36854223179236,6.190992621124,9.74609539232771,1,2
7,37,79,8.10420390423849,4.26494628370017,4.73791536747293,5.79678316337225,9.60769484682887,1,2
7,37,81,8.10420390423849,4.26494628370017,4.20223228178428,6.50201916129022,9.72789248269926,1,2
7,37,84,8.10420390423849,4.26494628370017,5.02188848280929,6.62832927301927,9.88480513894994,1,2
7,37,87,8.10420390423849,4.26494628370017,4.9614835536734,6.27996218783203,9.56193405593243,1,2
7,38,2,8.10420390423849,4.26494628370017,5.63662996005792,5.73321654881052,10.2241217013152,1,2
7,38,3,8.10420390423849,4.26494628370017,5.28151491116295,5.89061163681203,10.4043553730598,1,2
7,38,7,8.10420390423849,4.26494628370017,5.08095796516131,5.16451547644939,10.6285038543364,1,2
7,38,9,8.10420390423849,4.26494628370017,4.82094669032442,5.74235562087152,9.77829827163828,1,2
7,38,11,8.10420390423849,4.26494628370017,5.23302272629472,5.98156898895179,9.78418818099304,1,2
7,38,12,8.10420390423849,4.26494628370017,4.1823892392005,5.14046696494548,10.2615258060557,1,2
7,38,14,8.10420390423849,4.26494628370017,4.06243838906426,5.45403348236346,10.0618253876938,1,2
7,38,15,8.10420390423849,4.26494628370017,5.94995542493241,5.98044236441996,10.4024346749905,1,2
7,38,17,8.10420390423849,4.26494628370017,3.12596007209433,5.35719114474806,9.35996094602534,1,2
7,38,21,8.10420390423849,4.26494628370017,5.58492123530574,5.60800983203706,10.788704228308,1,2
7,38,22,8.10420390423849,4.26494628370017,6.39035512330736,4.87237635523926,10.5933300471714,1,2
7,38,24,8.10420390423849,4.26494628370017,3.67825895773539,6.8270020111257,10.2755125470596,1,2
7,38,26,8.10420390423849,4.26494628370017,3.57990156826601,5.08451710679734,9.69564316299114,1,2
7,38,27,8.10420390423849,4.26494628370017,4.52968588005552,6.38758201380363,9.50530631594066,1,2
7,38,28,8.10420390423849,4.26494628370017,5.2136210560637,5.60463491617384,10.052512090955,1,2
7,38,35,8.10420390423849,4.26494628370017,5.08883311049844,5.89183879857702,9.64191329607428,1,2
7,38,38,8.10420390423849,4.26494628370017,5.60250778549784,6.39078388062017,10.4164137707937,1,2
7,38,40,8.10420390423849,4.26494628370017,5.30704731569484,5.88889244311392,10.1439136432607,1,2
7,38,41,8.10420390423849,4.26494628370017,5.43223311018733,5.36714400659982,10.0469778104724,1,2
7,38,42,8.10420390423849,4.26494628370017,5.84506322402683,6.25018825440253,10.4132435731494,1,2
7,38,45,8.10420390423849,4.26494628370017,5.34559056121144,5.63308681089021,9.89529069443705,1,2
7,38,46,8.10420390423849,4.26494628370017,6.36380011194624,6.36533157070578,10.221226765386,1,2
7,38,47,8.10420390423849,4.26494628370017,5.11328496320811,6.16104470425615,9.89707650199409,1,2
7,38,49,8.10420390423849,4.26494628370017,5.61688532746528,6.63545166395196,10.1639363719834,1,2
7,38,50,8.10420390423849,4.26494628370017,5.05805141638065,6.27262713450277,10.44448684094,1,2
7,38,51,8.10420390423849,4.26494628370017,4.50913271355061,6.5801473437201,9.71428487549983,1,2
7,38,53,8.10420390423849,4.26494628370017,4.56556377836954,5.98344992445607,10.5302886977712,1,2
7,38,56,8.10420390423849,4.26494628370017,4.12302122307315,7.55688631062299,10.308005157389,1,2
7,38,59,8.10420390423849,4.26494628370017,4.47401158047102,5.67127020522959,9.74318589255467,1,2
7,38,60,8.10420390423849,4.26494628370017,4.35208828931495,6.97374547314425,10.4670131517501,1,2
7,38,63,8.10420390423849,4.26494628370017,5.16681571967869,6.24744994767826,9.76367169388193,1,2
7,38,64,8.10420390423849,4.26494628370017,5.44162999194675,6.07030549852139,9.83404867742638,1,2
7,38,68,8.10420390423849,4.26494628370017,5.14537962100949,6.62796432154915,10.1800168499218,1,2
7,38,70,8.10420390423849,4.26494628370017,4.56839925354405,5.8169482019729,10.1930764446344,1,2
7,38,71,8.10420390423849,4.26494628370017,5.60040368175885,6.58600105230608,10.4422285804885,1,2
7,38,72,8.10420390423849,4.26494628370017,5.90786309259128,6.27120640017191,10.070085754975,1,2
7,38,73,8.10420390423849,4.26494628370017,4.60960319341399,5.1674722490531,10.0765820125811,1,2
7,38,74,8.10420390423849,4.26494628370017,4.39908694252264,6.24477623921782,10.7163296298183,1,2
7,38,76,8.10420390423849,4.26494628370017,5.0517323480071,5.54495656803282,9.70529148942237,1,2
7,38,78,8.10420390423849,4.26494628370017,5.17016408872609,6.49447786321131,10.4376948277763,1,2
7,38,80,8.10420390423849,4.26494628370017,4.65062313534663,5.45933099379618,10.2607020914655,1,2
7,38,81,8.10420390423849,4.26494628370017,4.59976996021962,6.59128124550448,9.42142849422402,1,2
7,38,82,8.10420390423849,4.26494628370017,5.42391855223888,6.10736890370311,10.0128778382054,1,2
7,38,84,8.10420390423849,4.26494628370017,5.34909731492799,5.41580821257024,10.135229623562,1,2
7,38,89,8.10420390423849,4.26494628370017,3.89583617301532,6.15803113291433,9.79420160330601,1,2
7,39,2,8.10420390423849,4.26494628370017,3.88858878042291,6.86657358950555,9.43178347225665,1,2
7,39,3,8.10420390423849,4.26494628370017,5.63449222275213,6.61021182723676,10.569565853413,1,2
7,39,4,8.10420390423849,4.26494628370017,2.58803157589588,7.58812121379684,9.97316612530003,1,2
7,39,5,8.10420390423849,4.26494628370017,3.38864925735886,5.97799477845138,10.6074020241682,1,2
7,39,7,8.10420390423849,4.26494628370017,6.83886973096647,5.88516894124483,10.0393640021666,1,2
7,39,13,8.10420390423849,4.26494628370017,5.14739153961667,6.53833591240039,10.1676311524155,1,2
7,39,15,8.10420390423849,4.26494628370017,5.57960316113052,6.25146759174599,10.4541748258051,1,2
7,39,20,8.10420390423849,4.26494628370017,6.87402663269181,5.84057347877234,9.80612460965838,1,2
7,39,21,8.10420390423849,4.26494628370017,5.1487213884768,5.72247135386559,10.3399857958927,1,2
7,39,23,8.10420390423849,4.26494628370017,6.47266536229526,5.56980556783203,10.1428722417535,1,2
7,39,27,8.10420390423849,4.26494628370017,5.57270433235278,6.38196369049079,10.6782485187647,1,2
7,39,28,8.10420390423849,4.26494628370017,4.3135815546033,6.3069986688009,10.3107830789844,1,2
7,39,29,8.10420390423849,4.26494628370017,4.88966403473983,4.97887838095389,10.4034456327722,1,2
7,39,31,8.10420390423849,4.26494628370017,5.18387011523723,6.01822198255836,10.8783192767106,1,2
7,39,32,8.10420390423849,4.26494628370017,6.22474353597831,7.23486840537386,10.3363609247784,1,2
7,39,34,8.10420390423849,4.26494628370017,2.3558457405045,7.14847990030155,10.2824135521972,1,2
7,39,37,8.10420390423849,4.26494628370017,4.37454294944349,5.9675854557687,10.0931240844766,1,2
7,39,38,8.10420390423849,4.26494628370017,5.05047678128042,4.87575688814006,10.544518300023,1,2
7,39,41,8.10420390423849,4.26494628370017,6.03225098458527,5.67889633957403,9.71105475732497,1,2
7,39,42,8.10420390423849,4.26494628370017,5.48510349716769,5.33827859173089,10.0871183766914,1,2
7,39,43,8.10420390423849,4.26494628370017,4.13028747353467,5.79074116301911,10.070515683618,1,2
7,39,46,8.10420390423849,4.26494628370017,3.83177477722494,5.90639757204453,9.97514482180964,1,2
7,39,48,8.10420390423849,4.26494628370017,6.58883953560434,5.36973685257967,10.8568059588733,1,2
7,39,49,8.10420390423849,4.26494628370017,5.11948042043414,6.2837331957895,9.87400190017135,1,2
7,39,50,8.10420390423849,4.26494628370017,4.71704894225976,6.28025918049529,10.1816987925255,1,2
7,39,55,8.10420390423849,4.26494628370017,4.6720443629017,5.87839292874761,10.4787681142485,1,2
7,39,56,8.10420390423849,4.26494628370017,4.9060042677069,6.13495327188911,10.0209481993292,1,2
7,39,59,8.10420390423849,4.26494628370017,1.97667667792871,6.36907917509744,10.1228547844826,1,2
7,39,61,8.10420390423849,4.26494628370017,3.71989102969889,6.09010432087247,10.2399360254846,1,2
7,39,64,8.10420390423849,4.26494628370017,4.91621734151713,5.29709338520728,10.2960377673338,1,2
7,39,65,8.10420390423849,4.26494628370017,4.31721627738902,6.33810823663106,9.78761171561044,1,2
7,39,66,8.10420390423849,4.26494628370017,5.72349303116985,6.25396474574207,10.3490745675446,1,2
7,39,67,8.10420390423849,4.26494628370017,4.98014254172211,5.385961206874,9.90177327545626,1,2
7,39,69,8.10420390423849,4.26494628370017,4.48059871030343,5.88316592729488,10.5944427123591,1,2
7,40,1,8.10420390423849,4.26494628370017,6.55143335299725,6.03517035148367,9.8972097050003,1,2
7,40,2,8.10420390423849,4.26494628370017,4.89369878385212,5.56902689963464,9.94055526370921,1,2
7,40,3,8.10420390423849,4.26494628370017,4.20856765870653,5.66721548831834,10.6536819889796,1,2
7,40,4,8.10420390423849,4.26494628370017,3.62423575638177,6.76346304773883,10.2414889793825,1,2
7,40,7,8.10420390423849,4.26494628370017,5.03299627085201,6.49297400620993,10.2800047358967,1,2
7,40,8,8.10420390423849,4.26494628370017,5.40694650935376,6.38221006332875,10.6062895177066,1,2
7,40,9,8.10420390423849,4.26494628370017,4.96308179667396,6.03728304470923,10.4030244783936,1,2
7,40,11,8.10420390423849,4.26494628370017,4.20398014651881,5.21893904807193,9.63839949283956,1,2
7,40,12,8.10420390423849,4.26494628370017,3.98255745006404,5.82524223216884,10.111259236164,1,2
7,40,14,8.10420390423849,4.26494628370017,3.27073228192088,6.48115437551625,9.70365085044643,1,2
7,40,17,8.10420390423849,4.26494628370017,6.17217954765195,6.22486552362806,9.71597213964385,1,2
7,40,18,8.10420390423849,4.26494628370017,5.10743461216693,4.88284648858934,10.5684605117674,1,2
7,40,19,8.10420390423849,4.26494628370017,4.67199143081517,6.14908821387709,9.57072419204019,1,2
7,40,22,8.10420390423849,4.26494628370017,5.60619475351081,6.17820095957316,10.4195757273362,1,2
7,40,23,8.10420390423849,4.26494628370017,4.09589813448953,5.95119352051181,10.2678416491802,1,2
7,40,27,8.10420390423849,4.26494628370017,5.2996088106028,6.73146854693989,10.9761049828105,1,2
7,40,29,8.10420390423849,4.26494628370017,4.87993775804263,5.64862893274619,10.5179160909109,1,2
7,40,33,8.10420390423849,4.26494628370017,4.55432386787381,5.10399917258645,10.8345608936805,1,2
7,40,34,8.10420390423849,4.26494628370017,4.72745170351037,6.58105740873421,9.76786866898043,1,2
7,40,35,8.10420390423849,4.26494628370017,4.55992715369116,7.02466743981684,10.4063953008821,1,2
7,40,36,8.10420390423849,4.26494628370017,5.36750184321438,6.25876388939601,10.6672251832924,1,2
7,40,37,8.10420390423849,4.26494628370017,5.02205077676367,5.6809679146524,9.99522814035272,1,2
7,40,38,8.10420390423849,4.26494628370017,3.83252103518521,7.09074512014126,10.3823095177496,1,2
7,40,39,8.10420390423849,4.26494628370017,5.39988193695196,5.58526809976313,10.7638084008609,1,2
7,40,45,8.10420390423849,4.26494628370017,5.49044526278376,5.42923555917347,10.2946905097476,1,2
7,40,46,8.10420390423849,4.26494628370017,5.47270160890309,6.52650377590479,10.86152145113,1,2
7,40,48,8.10420390423849,4.26494628370017,6.43456814006767,5.91524984903026,10.6686263513452,1,2
7,40,49,8.10420390423849,4.26494628370017,6.48604992918381,6.02150287206294,10.8381213993223,1,2
7,40,50,8.10420390423849,4.26494628370017,4.02418511300299,5.90772785147881,10.1459316503159,1,2
7,40,51,8.10420390423849,4.26494628370017,6.29034941498102,7.11811740328185,9.66866712672606,1,2
7,40,52,8.10420390423849,4.26494628370017,5.07592086550751,5.79687831561296,10.3158578045401,1,2
7,40,53,8.10420390423849,4.26494628370017,4.12072261266904,6.570387734814,10.1227724621609,1,2
7,40,54,8.10420390423849,4.26494628370017,4.3876424331359,6.21982951460865,9.90272481540164,1,2
7,40,55,8.10420390423849,4.26494628370017,3.99744904526855,5.39071074648206,10.052791249073,1,2
7,40,56,8.10420390423849,4.26494628370017,3.22997681905919,6.03093683816239,10.2301545628063,1,2
7,40,61,8.10420390423849,4.26494628370017,7.25043595437339,5.57519178821166,10.5681891604348,1,2
7,40,62,8.10420390423849,4.26494628370017,4.55890447677764,6.70943553440398,9.79085910411988,1,2
7,40,67,8.10420390423849,4.26494628370017,5.74528572814902,5.83419384581498,10.0014581055833,1,2
7,40,68,8.10420390423849,4.26494628370017,4.71337474514747,5.68525546417854,10.3391124129143,1,2
7,40,69,8.10420390423849,4.26494628370017,6.33105738524981,6.19554189224608,10.2664856506413,1,2
7,40,70,8.10420390423849,4.26494628370017,5.02415393144627,6.71324998323783,9.75042410290175,1,2
7,40,71,8.10420390423849,4.26494628370017,6.31520951874975,5.62925603035676,10.7921747610788,1,2
7,40,73,8.10420390423849,4.26494628370017,4.76126199952874,5.78335015606328,10.5720277448992,1,2
7,40,74,8.10420390423849,4.26494628370017,6.73363947992994,5.89031150200487,10.8341430813866,1,2
7,40,75,8.10420390423849,4.26494628370017,3.2006459607788,5.13819412288253,10.2043070627296,1,2
7,40,76,8.10420390423849,4.26494628370017,5.40991262936164,6.65853396631629,10.8830972069973,1,2
7,40,79,8.10420390423849,4.26494628370017,3.79123247959299,6.27743012427572,10.5896629660134,1,2
7,41,1,8.10420390423849,4.26494628370017,5.39674306418119,6.59990040390293,10.9844499557326,1,2
7,41,3,8.10420390423849,4.26494628370017,6.30133115507835,6.14680003296907,10.6194734407864,1,2
7,41,6,8.10420390423849,4.26494628370017,3.57479174515435,6.71172266019772,10.154034460915,1,2
7,41,8,8.10420390423849,4.26494628370017,4.8124531526801,6.16563105012597,10.3696888933329,1,2
7,41,9,8.10420390423849,4.26494628370017,4.57915431680145,6.50293654018003,10.4501896366032,1,2
7,41,10,8.10420390423849,4.26494628370017,4.87282881583164,6.09178282147959,9.70695103382801,1,2
7,41,12,8.10420390423849,4.26494628370017,5.34703890672055,6.99495395264393,10.8382058669225,1,2
7,41,15,8.10420390423849,4.26494628370017,1.44739255487969,5.97601614669534,10.6088708132979,1,2
7,41,18,8.10420390423849,4.26494628370017,4.58631044173283,6.08572089737645,10.2785443209219,1,2
7,41,19,8.10420390423849,4.26494628370017,5.29996317030217,4.77284274752397,9.9200243437092,1,2
7,41,20,8.10420390423849,4.26494628370017,3.34502559933516,6.38329068464952,9.86199175633299,1,2
7,41,23,8.10420390423849,4.26494628370017,4.69382455060263,5.84294609042313,10.3855293948434,1,2
7,41,25,8.10420390423849,4.26494628370017,3.50351633287451,6.04463145603326,10.5888353824806,1,2
7,41,26,8.10420390423849,4.26494628370017,5.77394391666548,5.450995309233,10.4181920092014,1,2
7,41,27,8.10420390423849,4.26494628370017,3.64687487651417,6.86946156781218,9.83521886035053,1,2
7,41,28,8.10420390423849,4.26494628370017,4.95988254569114,6.77344963121123,10.0439828954286,1,2
7,41,32,8.10420390423849,4.26494628370017,6.4351830055856,7.60577245925814,9.95814712356487,1,2
7,41,36,8.10420390423849,4.26494628370017,4.59884580836957,5.37010532702773,10.3536737859039,1,2
7,41,37,8.10420390423849,4.26494628370017,6.41843089490581,6.03691906084119,10.9158130785403,1,2
7,41,42,8.10420390423849,4.26494628370017,4.66639566296403,6.39133425893931,9.93230510920161,1,2
7,41,45,8.10420390423849,4.26494628370017,5.02784806282829,6.59277564946036,10.3203797612881,1,2
7,41,46,8.10420390423849,4.26494628370017,4.4703449473403,5.62903658892822,10.3642692939196,1,2
7,41,47,8.10420390423849,4.26494628370017,5.27142864583478,6.36263745936671,10.455611169893,1,2
7,41,48,8.10420390423849,4.26494628370017,5.69813057815951,5.93519014184202,9.76358989991274,1,2
7,41,51,8.10420390423849,4.26494628370017,5.94538966483949,6.24289076427947,10.6766754170123,1,2
7,41,54,8.10420390423849,4.26494628370017,3.15960467288758,5.70958124119007,9.78801584612527,1,2
7,41,56,8.10420390423849,4.26494628370017,4.81454627866985,5.49363680001397,9.82274735776505,1,2
7,41,57,8.10420390423849,4.26494628370017,5.11391864572942,6.97685181885703,10.5322642092417,1,2
7,41,64,8.10420390423849,4.26494628370017,4.05888095595114,6.10219751992339,9.75727719462423,1,2
7,41,70,8.10420390423849,4.26494628370017,5.54448513809301,6.11904906061741,10.3761093139847,1,2
7,41,71,8.10420390423849,4.26494628370017,5.72068125275899,5.60952992086417,10.9027689510792,1,2
8,1,1,7.22654941520954,3.24003948052218,5.28565190750908,6.30777583935626,2.70216810931906,1,2
8,1,2,7.22654941520954,3.24003948052218,5.92761741102138,6.29849612696907,2.59968640611562,1,2
8,1,3,7.22654941520954,3.24003948052218,5.09119293927137,5.7634731597498,2.60480640240362,1,2
8,1,4,7.22654941520954,3.24003948052218,5.22728938035757,5.60743799831016,2.34279594824528,1,2
8,1,5,7.22654941520954,3.24003948052218,5.96644615814507,5.07371828414789,2.19128301498539,1,2
8,1,6,7.22654941520954,3.24003948052218,4.54441191179858,6.206444808617,2.69826269085214,1,2
8,1,7,7.22654941520954,3.24003948052218,6.09420551820299,5.8620847790594,2.33605169525583,1,2
8,1,8,7.22654941520954,3.24003948052218,4.61520300762846,5.62981070960555,2.28752500337597,1,2
8,1,12,7.22654941520954,3.24003948052218,3.52905174382118,6.66457097302258,2.74142553096088,1,2
8,1,14,7.22654941520954,3.24003948052218,4.46295000665269,6.70848594346675,2.8530024031208,1,2
8,1,20,7.22654941520954,3.24003948052218,5.28211204150661,7.1944907199586,2.90038738191676,1,2
8,1,21,7.22654941520954,3.24003948052218,7.28247058406223,5.84337974273073,2.55967104433905,1,2
8,1,22,7.22654941520954,3.24003948052218,6.08712793239247,6.97159733451327,2.96957347185169,1,2
8,1,24,7.22654941520954,3.24003948052218,5.2636376597645,5.93027328394672,2.56069401146993,1,2
8,1,25,7.22654941520954,3.24003948052218,3.44079001259307,5.90799094824315,2.44884904521853,1,2
8,1,27,7.22654941520954,3.24003948052218,4.91076548735685,5.27951976208952,2.14393021565108,1,2
8,1,28,7.22654941520954,3.24003948052218,5.65699287551863,5.9761952927177,2.63452782464632,1,2
8,1,29,7.22654941520954,3.24003948052218,5.83014810356458,6.30191580506116,2.62501981292666,1,2
8,1,30,7.22654941520954,3.24003948052218,5.02577908097843,5.65692458479777,2.28569975492919,1,2
8,1,31,7.22654941520954,3.24003948052218,6.10519854772463,5.88080837171365,2.56949857205694,1,2
8,1,33,7.22654941520954,3.24003948052218,3.6795168069362,6.40670348659081,2.65997470672364,1,2
8,1,35,7.22654941520954,3.24003948052218,3.26380092753271,5.54502193014399,2.55314344375602,1,2
8,1,36,7.22654941520954,3.24003948052218,4.95121508041725,6.33348187857335,2.63145483779179,1,2
8,1,37,7.22654941520954,3.24003948052218,5.1295544160972,6.30672689773967,2.78066417865593,1,2
8,1,44,7.22654941520954,3.24003948052218,4.50009885679631,5.45963543097238,2.36937144858921,1,2
8,1,45,7.22654941520954,3.24003948052218,4.55909702756902,6.43597300587526,2.7280194079685,1,2
8,1,48,7.22654941520954,3.24003948052218,4.24656220846533,6.49453880346954,2.793077778229,1,2
8,1,50,7.22654941520954,3.24003948052218,4.07035460462538,6.22235424552521,2.67318383856752,1,2
8,1,53,7.22654941520954,3.24003948052218,3.81218285652055,5.61975949945203,2.3798404347016,1,2
8,1,55,7.22654941520954,3.24003948052218,5.89447426238995,5.54556493951781,2.39221905706039,1,2
8,1,59,7.22654941520954,3.24003948052218,5.05061201631535,6.05030264582262,2.43331343985466,1,2
8,1,60,7.22654941520954,3.24003948052218,4.36747579987155,5.62433159519362,2.32192849238054,1,2
8,1,63,7.22654941520954,3.24003948052218,4.53849238683423,5.8707404359832,2.32557248222396,1,2
8,1,64,7.22654941520954,3.24003948052218,4.74577953160443,6.05259146912045,2.60922803282098,1,2
8,1,69,7.22654941520954,3.24003948052218,6.02755311677156,6.14604091300292,2.4849411457008,1,2
8,1,70,7.22654941520954,3.24003948052218,6.31917493236372,5.12046091632321,2.26389930045644,1,2
8,1,71,7.22654941520954,3.24003948052218,3.89264488924183,6.36352119134106,2.88688552660271,1,2
8,1,75,7.22654941520954,3.24003948052218,6.40955556108211,5.91254429996065,2.56048928935506,1,2
8,1,77,7.22654941520954,3.24003948052218,4.38155247475942,5.85407381509182,2.58135300760743,1,2
8,1,79,7.22654941520954,3.24003948052218,3.86209627873786,5.66248002429012,2.357822419072,1,2
8,1,87,7.22654941520954,3.24003948052218,6.86579378791404,5.48468931024508,2.46804321319101,1,2
8,2,1,7.22654941520954,3.24003948052218,5.09076951367926,5.53292530844923,3.30065176015092,1,2
8,2,2,7.22654941520954,3.24003948052218,4.6496355327625,6.2941266690532,3.57266190912906,1,2
8,2,3,7.22654941520954,3.24003948052218,4.89948979723548,5.89046984870092,3.33565011945895,1,2
8,2,4,7.22654941520954,3.24003948052218,3.98764466984336,6.31636064477018,3.47236521321103,1,2
8,2,6,7.22654941520954,3.24003948052218,3.0515266249077,5.6784798439437,3.37274013837057,1,2
8,2,7,7.22654941520954,3.24003948052218,6.00119222194243,5.67152073390924,3.41869069927436,1,2
8,2,8,7.22654941520954,3.24003948052218,2.35070138176744,5.4886569332051,3.45857758159279,1,2
8,2,9,7.22654941520954,3.24003948052218,3.65425283332493,6.18837823916927,3.73891309704995,1,2
8,2,13,7.22654941520954,3.24003948052218,4.23873147049894,6.23147502347757,3.43637169884916,1,2
8,2,15,7.22654941520954,3.24003948052218,5.00157759226945,5.69657276626261,3.70877710928633,1,2
8,2,17,7.22654941520954,3.24003948052218,5.89825229277162,6.84134939349655,3.8992326664207,1,2
8,2,18,7.22654941520954,3.24003948052218,4.83872767883492,6.32510337982245,3.64793249435982,1,2
8,2,20,7.22654941520954,3.24003948052218,5.05139677133785,5.41015843771725,3.25322318369708,1,2
8,2,23,7.22654941520954,3.24003948052218,5.63984614103655,5.72940783373463,3.32927929308757,1,2
8,2,24,7.22654941520954,3.24003948052218,6.52225943360931,5.9836749003543,3.54067902962338,1,2
8,2,25,7.22654941520954,3.24003948052218,5.02004132368279,6.58510621631394,3.86503827540415,1,2
8,2,28,7.22654941520954,3.24003948052218,4.09781204010423,6.5231845126128,3.89349076315764,1,2
8,2,30,7.22654941520954,3.24003948052218,5.18929023687967,6.75859985037032,3.90873576812584,1,2
8,2,31,7.22654941520954,3.24003948052218,7.3358767508953,6.09347933690212,3.70924544832184,1,2
8,2,32,7.22654941520954,3.24003948052218,4.67935581044831,5.99727405752531,3.25739589189046,1,2
8,2,33,7.22654941520954,3.24003948052218,5.06598849547427,5.5938361465696,3.33194861587833,1,2
8,2,36,7.22654941520954,3.24003948052218,3.4803430408517,5.87895505921405,3.45119851598248,1,2
8,2,38,7.22654941520954,3.24003948052218,6.0624270142768,6.18095812060788,3.53494331750021,1,2
8,2,39,7.22654941520954,3.24003948052218,6.36229044137094,6.72982669325119,3.84199946834256,1,2
8,2,43,7.22654941520954,3.24003948052218,4.12087106767208,6.41437800555001,3.57963207990239,1,2
8,2,44,7.22654941520954,3.24003948052218,4.86086310929145,5.83424931933318,3.36393131530948,1,2
8,2,46,7.22654941520954,3.24003948052218,4.94725411049601,7.17482588582429,3.93512703085577,1,2
8,2,48,7.22654941520954,3.24003948052218,6.50229167280631,5.93731744647361,3.58310338560179,1,2
8,2,49,7.22654941520954,3.24003948052218,5.04169476005063,5.85018041008172,3.50940376210308,1,2
8,2,50,7.22654941520954,3.24003948052218,5.00487716230918,6.54452556344154,3.73641977856414,1,2
8,2,52,7.22654941520954,3.24003948052218,4.4637236289637,5.82668580961253,3.3898160324853,1,2
8,2,53,7.22654941520954,3.24003948052218,5.04287047066664,6.04589336027008,3.33899029334235,1,2
8,2,54,7.22654941520954,3.24003948052218,5.76698789765157,6.51810055298273,3.84737279738032,1,2
8,2,55,7.22654941520954,3.24003948052218,4.66084993830171,6.08099431662993,3.52292524329169,1,2
8,2,57,7.22654941520954,3.24003948052218,7.25434787358309,5.46400940268111,3.27500792975443,1,2
8,2,59,7.22654941520954,3.24003948052218,4.62239847486421,6.3115153710279,3.43649341451905,1,2
8,2,60,7.22654941520954,3.24003948052218,3.77049788332754,6.04342084729529,3.3902056360552,1,2
8,2,61,7.22654941520954,3.24003948052218,3.68998399576761,5.31748349687945,3.13222423695903,1,2
8,2,63,7.22654941520954,3.24003948052218,3.80278368109841,6.53182360369525,3.83820321906608,1,2
8,2,65,7.22654941520954,3.24003948052218,5.45309972168895,5.24776806043257,3.10371728203984,1,2
8,2,66,7.22654941520954,3.24003948052218,5.23987001680707,5.28588306895153,3.14128380660506,1,2
8,2,68,7.22654941520954,3.24003948052218,4.55633632931782,5.9060698812204,3.40419617422073,1,2
8,2,69,7.22654941520954,3.24003948052218,4.62867174531636,5.39978695270586,3.49744399523161,1,2
8,2,70,7.22654941520954,3.24003948052218,5.26623720501107,5.89559594148709,3.36928995274755,1,2
8,2,71,7.22654941520954,3.24003948052218,5.80738752153915,5.88440500253821,3.56531651663496,1,2
8,2,72,7.22654941520954,3.24003948052218,5.17589801400276,5.89149684793339,3.51746723241874,1,2
8,2,73,7.22654941520954,3.24003948052218,6.16342982846442,6.15442477548612,3.49938775455387,1,2
8,3,1,7.22654941520954,3.24003948052218,3.38393668963076,7.18776995253863,4.56835485761785,1,2
8,3,3,7.22654941520954,3.24003948052218,5.13582574913859,6.58639628973876,4.50849461522939,1,2
8,3,4,7.22654941520954,3.24003948052218,5.27167510754958,6.47592772945556,4.49493829326759,1,2
8,3,5,7.22654941520954,3.24003948052218,4.45798648912848,5.49623207472615,4.179850687939,1,2
8,3,6,7.22654941520954,3.24003948052218,4.64234377262136,6.32766109526775,4.42084345338598,1,2
8,3,7,7.22654941520954,3.24003948052218,5.07773465023174,6.25383159931616,4.34949321959772,1,2
8,3,9,7.22654941520954,3.24003948052218,5.43312688058394,5.06369973248447,3.93391238269495,1,2
8,3,10,7.22654941520954,3.24003948052218,5.73113729847449,5.77362362612397,3.99716548843851,1,2
8,3,13,7.22654941520954,3.24003948052218,2.82492752976567,5.91518871244016,4.13612265622377,1,2
8,3,17,7.22654941520954,3.24003948052218,3.6272498716593,6.59305831002296,4.55788347069024,1,2
8,3,18,7.22654941520954,3.24003948052218,4.58201464609527,6.9549889365245,4.66369875455666,1,2
8,3,21,7.22654941520954,3.24003948052218,6.48507823122617,6.73255050651062,4.45468692122214,1,2
8,3,23,7.22654941520954,3.24003948052218,5.87062984567536,6.36557902349031,4.40494947000173,1,2
8,3,24,7.22654941520954,3.24003948052218,4.35561637023393,5.81571152332151,4.05601195669137,1,2
8,3,26,7.22654941520954,3.24003948052218,4.449277142859,6.0868245172438,4.4755922895565,1,2
8,3,32,7.22654941520954,3.24003948052218,4.22658683982306,6.69461132141586,4.49609147776883,1,2
8,3,34,7.22654941520954,3.24003948052218,4.59377736642435,6.56286970294846,4.44997001023288,1,2
8,3,35,7.22654941520954,3.24003948052218,5.04881266349885,5.68032815319528,4.24415049224397,1,2
8,3,42,7.22654941520954,3.24003948052218,6.0479080872283,5.54925982823072,3.92941374374816,1,2
8,3,44,7.22654941520954,3.24003948052218,5.46311450768453,5.78580932072059,4.20623958501025,1,2
8,3,48,7.22654941520954,3.24003948052218,5.96874645142108,6.03533625592969,4.35866151900154,1,2
8,3,49,7.22654941520954,3.24003948052218,4.63691901124402,6.27357144548353,4.33162577743434,1,2
8,3,50,7.22654941520954,3.24003948052218,4.53167305368882,5.11684064389879,3.94152443802235,1,2
8,3,51,7.22654941520954,3.24003948052218,3.78344398768139,5.46328657970901,3.8836978027136,1,2
8,3,52,7.22654941520954,3.24003948052218,5.90313763146356,5.8144085587641,4.20283491841691,1,2
8,3,53,7.22654941520954,3.24003948052218,3.60444578965216,4.47726419294506,3.76055024041837,1,2
8,3,55,7.22654941520954,3.24003948052218,3.86953560694297,6.2583418786993,4.3980471872343,1,2
8,3,56,7.22654941520954,3.24003948052218,4.49291716596324,6.58646242535911,4.34217649602294,1,2
8,3,58,7.22654941520954,3.24003948052218,4.36916583195748,6.02612008370196,4.41706513229304,1,2
8,3,62,7.22654941520954,3.24003948052218,4.82596172047841,5.36193989226635,4.13016425432134,1,2
8,3,63,7.22654941520954,3.24003948052218,3.64948153126364,7.40316664814193,4.71207643422882,1,2
8,4,1,7.22654941520954,3.24003948052218,5.05576595742055,5.97701049742319,4.46012561388804,1,2
8,4,2,7.22654941520954,3.24003948052218,5.71686853251747,4.77773044664249,4.25793399735033,1,2
8,4,3,7.22654941520954,3.24003948052218,4.02194679865632,7.26071264099542,5.15083378207212,1,2
8,4,5,7.22654941520954,3.24003948052218,3.8030344337652,6.61323089778633,4.79228536187992,1,2
8,4,8,7.22654941520954,3.24003948052218,4.87756973229469,6.66784323120129,4.83668934591154,1,2
8,4,9,7.22654941520954,3.24003948052218,4.4414653342506,5.97959477005791,4.71618819233922,1,2
8,4,11,7.22654941520954,3.24003948052218,6.26890477814467,6.10390002050738,4.65014654479269,1,2
8,4,15,7.22654941520954,3.24003948052218,4.08018752562574,5.75960159859082,4.44813238934094,1,2
8,4,20,7.22654941520954,3.24003948052218,4.4953865173304,5.41023877852354,4.2163049066731,1,2
8,4,21,7.22654941520954,3.24003948052218,5.32695672358626,6.47681203325406,4.75368133757168,1,2
8,4,22,7.22654941520954,3.24003948052218,4.51186255324188,4.64484906068793,4.05213590725557,1,2
8,4,23,7.22654941520954,3.24003948052218,5.80942960747692,6.05306812708674,4.54866003988534,1,2
8,4,24,7.22654941520954,3.24003948052218,5.37497165727096,5.04320042867022,4.13358621457627,1,2
8,4,26,7.22654941520954,3.24003948052218,4.3085775112787,6.62306970866441,4.88465094060674,1,2
8,4,28,7.22654941520954,3.24003948052218,5.94337375769194,6.97380019271998,4.78298291196296,1,2
8,4,29,7.22654941520954,3.24003948052218,4.19642111455161,5.73948966507505,4.54705650301279,1,2
8,4,30,7.22654941520954,3.24003948052218,5.460969116658,5.60520253760739,4.53409779781272,1,2
8,4,32,7.22654941520954,3.24003948052218,6.10800963549781,6.66307579726879,4.88015748577197,1,2
8,4,33,7.22654941520954,3.24003948052218,6.85923719563825,6.17038331052583,4.88372244064315,1,2
8,4,34,7.22654941520954,3.24003948052218,6.30595062279488,6.91702341140477,4.97739253483592,1,2
8,4,35,7.22654941520954,3.24003948052218,5.1718140991582,5.79808017030491,4.34337707204245,1,2
8,4,36,7.22654941520954,3.24003948052218,4.2594139863658,6.58387968739025,4.75484735327144,1,2
8,4,37,7.22654941520954,3.24003948052218,4.91795346528931,5.95817782787693,4.62293699587597,1,2
8,4,38,7.22654941520954,3.24003948052218,6.44614348785749,6.0287821052146,4.76293662273791,1,2
8,4,39,7.22654941520954,3.24003948052218,5.45577547305478,5.40827619492722,4.48234418152992,1,2
8,4,40,7.22654941520954,3.24003948052218,6.28632334538935,5.61072388861695,4.58637079110146,1,2
8,4,41,7.22654941520954,3.24003948052218,4.74693885326724,5.85196899018366,4.70419934692899,1,2
8,4,43,7.22654941520954,3.24003948052218,5.2421711989028,5.96819557307,4.54676968012041,1,2
8,4,44,7.22654941520954,3.24003948052218,7.19514934088479,5.21600470432668,4.27176498948757,1,2
8,4,47,7.22654941520954,3.24003948052218,6.11240621081176,4.89266792163228,4.16036040302085,1,2
8,4,49,7.22654941520954,3.24003948052218,4.77625585980929,5.96305874809375,4.53826510247993,1,2
8,4,51,7.22654941520954,3.24003948052218,4.25557208439213,6.09133338537128,4.7929446617029,1,2
8,4,53,7.22654941520954,3.24003948052218,3.66306640456203,6.29326034948507,4.7086242588001,1,2
8,4,54,7.22654941520954,3.24003948052218,3.99016986699524,6.05537972129069,4.67723958389322,1,2
8,4,55,7.22654941520954,3.24003948052218,5.12767073162488,6.42629239650061,4.6913118562032,1,2
8,4,56,7.22654941520954,3.24003948052218,5.76669079682346,6.40296245713443,4.72074719686889,1,2
8,4,58,7.22654941520954,3.24003948052218,5.29368960155451,6.05386117095353,4.653724723714,1,2
8,4,59,7.22654941520954,3.24003948052218,6.13926380498841,6.33137380328116,4.76699108711062,1,2
8,4,60,7.22654941520954,3.24003948052218,4.73846134105368,6.18292902043008,4.6083473903897,1,2
8,4,63,7.22654941520954,3.24003948052218,4.49629501659294,6.30247873920089,4.75440253839221,1,2
8,4,66,7.22654941520954,3.24003948052218,6.26998806734526,5.56758894354716,4.44267238035417,1,2
8,4,67,7.22654941520954,3.24003948052218,5.96148158270505,6.80524913770271,4.85843423550889,1,2
8,4,68,7.22654941520954,3.24003948052218,6.5782317777951,5.95019784027282,4.6230148076862,1,2
8,4,70,7.22654941520954,3.24003948052218,4.44135294302105,6.14806554998595,4.60834444635274,1,2
8,4,71,7.22654941520954,3.24003948052218,4.71481401601755,6.34764886199082,4.66238279581684,1,2
8,5,1,7.22654941520954,3.24003948052218,3.82141169719136,6.57385348392693,5.04389525135494,1,2
8,5,3,7.22654941520954,3.24003948052218,6.00740968866919,5.82623495999895,5.07725451491226,1,2
8,5,6,7.22654941520954,3.24003948052218,4.10805178151715,5.06530138611535,4.59663692971444,1,2
8,5,7,7.22654941520954,3.24003948052218,5.46219685997505,5.66878444783398,4.95851129539112,1,2
8,5,8,7.22654941520954,3.24003948052218,5.47974453418275,5.49039982438738,4.83846038535057,1,2
8,5,9,7.22654941520954,3.24003948052218,4.88888470677666,4.72132618137942,4.56638768890614,1,2
8,5,10,7.22654941520954,3.24003948052218,4.93557808653712,5.88122129765133,4.85794277165974,1,2
8,5,11,7.22654941520954,3.24003948052218,6.78142951090328,6.26540489443033,5.18216440268058,1,2
8,5,12,7.22654941520954,3.24003948052218,5.98938346585074,5.52193904389262,4.84696390120928,1,2
8,5,16,7.22654941520954,3.24003948052218,4.92245659806147,5.48311905459838,4.89671176871238,1,2
8,5,18,7.22654941520954,3.24003948052218,6.18417172855959,5.79130072137301,5.01890016573016,1,2
8,5,20,7.22654941520954,3.24003948052218,5.64921928885366,5.9934272003307,4.85650350874956,1,2
8,5,21,7.22654941520954,3.24003948052218,6.06692881382928,7.17521808216221,5.30000961905803,1,2
8,5,22,7.22654941520954,3.24003948052218,4.4342042273322,5.95555140494912,5.03039069574116,1,2
8,5,24,7.22654941520954,3.24003948052218,5.97075473849122,5.09937850381801,4.6597368815632,1,2
8,5,26,7.22654941520954,3.24003948052218,7.25619653145292,5.94305802665462,4.93585861077368,1,2
8,5,27,7.22654941520954,3.24003948052218,4.92522356074176,5.84353211507847,4.98826152746835,1,2
8,5,28,7.22654941520954,3.24003948052218,4.47855509406712,5.79316002532072,4.91512664938556,1,2
8,5,30,7.22654941520954,3.24003948052218,5.67036189972017,5.88156302415207,4.90109888610256,1,2
8,5,31,7.22654941520954,3.24003948052218,6.31494738653069,5.40202880216365,4.66662468220836,1,2
8,5,35,7.22654941520954,3.24003948052218,6.2660365417613,6.52456264816748,5.20623592984837,1,2
8,5,36,7.22654941520954,3.24003948052218,4.94588502386869,6.0209617158442,5.16777065640613,1,2
8,5,37,7.22654941520954,3.24003948052218,4.57677367241686,6.13821993583369,4.99991763335651,1,2
8,5,38,7.22654941520954,3.24003948052218,4.02941733998677,6.21466661458223,4.89836459729698,1,2
8,5,39,7.22654941520954,3.24003948052218,3.77431160721788,6.27623465190156,4.92714204173484,1,2
8,5,40,7.22654941520954,3.24003948052218,4.09221088999468,6.28541608395578,5.07019561067246,1,2
8,5,42,7.22654941520954,3.24003948052218,6.00816494754953,5.1719693296142,4.66261955200103,1,2
8,5,44,7.22654941520954,3.24003948052218,4.93088217494936,5.88841856682575,4.98806057074584,1,2
8,5,45,7.22654941520954,3.24003948052218,3.43628169413725,5.68049110079481,4.74532757655213,1,2
8,5,47,7.22654941520954,3.24003948052218,6.08699393669966,5.95698033332357,4.92520678835996,1,2
8,5,48,7.22654941520954,3.24003948052218,6.73778785912855,6.34811450730503,5.19531051862107,1,2
8,5,49,7.22654941520954,3.24003948052218,4.85624743222506,6.91517528509154,5.550068462028,1,2
8,5,52,7.22654941520954,3.24003948052218,3.72731033972362,5.4039303100549,4.75697758970375,1,2
8,5,54,7.22654941520954,3.24003948052218,4.34203117184528,6.2497330940191,4.98626388407563,1,2
8,5,55,7.22654941520954,3.24003948052218,4.77324717232978,5.59238724801613,4.80097139764905,1,2
8,5,56,7.22654941520954,3.24003948052218,5.04245203196159,5.84205920257221,5.05722683365047,1,2
8,5,57,7.22654941520954,3.24003948052218,5.41426410690706,6.06876281654867,5.25582140002219,1,2
8,5,58,7.22654941520954,3.24003948052218,6.16294274087887,5.81152940651787,5.01662862987309,1,2
8,5,61,7.22654941520954,3.24003948052218,5.53961074022933,5.23141325278942,4.72799305224601,1,2
8,5,66,7.22654941520954,3.24003948052218,6.24838488803128,6.43504660459868,5.16820035477227,1,2
8,5,72,7.22654941520954,3.24003948052218,4.721859804479,5.67004808546773,4.866295527801,1,2
8,5,73,7.22654941520954,3.24003948052218,5.42384094936757,6.03499823240783,4.89004724155666,1,2
8,5,74,7.22654941520954,3.24003948052218,5.64425170821748,6.64855662473215,5.14023194055602,1,2
8,5,76,7.22654941520954,3.24003948052218,2.95361828767462,5.24950867139231,4.73614134801282,1,2
8,5,77,7.22654941520954,3.24003948052218,6.14943281003393,5.76975591777836,4.84894268433565,1,2
8,6,3,7.22654941520954,3.24003948052218,4.50884123316154,5.64348921868129,5.25660662828475,1,2
8,6,5,7.22654941520954,3.24003948052218,6.49388816809363,6.34397585367056,5.76957555912833,1,2
8,6,6,7.22654941520954,3.24003948052218,4.29446647679224,6.27584102453883,5.31679564979153,1,2
8,6,9,7.22654941520954,3.24003948052218,5.26307851604224,5.04985689835688,5.2178956385619,1,2
8,6,14,7.22654941520954,3.24003948052218,3.09765528061034,5.91905841134997,5.34627836091384,1,2
8,6,17,7.22654941520954,3.24003948052218,2.91246201047341,7.24782319970919,6.03824732879313,1,2
8,6,20,7.22654941520954,3.24003948052218,5.81672979085017,5.30431062766457,5.22013281498162,1,2
8,6,21,7.22654941520954,3.24003948052218,4.36974599496284,6.4403551707691,5.53678732431865,1,2
8,6,22,7.22654941520954,3.24003948052218,4.58398342054894,5.59199877172356,5.25990574370994,1,2
8,6,23,7.22654941520954,3.24003948052218,5.26431955324363,6.31838433925039,5.63953675344244,1,2
8,6,24,7.22654941520954,3.24003948052218,4.5189442947478,5.84087071940279,5.18892586889087,1,2
8,6,26,7.22654941520954,3.24003948052218,4.17186879207588,5.30641622319224,5.0570204620286,1,2
8,6,27,7.22654941520954,3.24003948052218,5.27513553713439,5.5281407451911,5.29965438766546,1,2
8,6,28,7.22654941520954,3.24003948052218,4.87717238218342,5.56407200107914,5.37272668541074,1,2
8,6,29,7.22654941520954,3.24003948052218,7.00848872703009,5.78251392505889,5.3877731415629,1,2
8,6,32,7.22654941520954,3.24003948052218,5.03571379092854,5.76348842695828,5.25988257510736,1,2
8,6,33,7.22654941520954,3.24003948052218,5.5347013449221,6.02096733842407,5.40272623578718,1,2
8,6,37,7.22654941520954,3.24003948052218,4.24392397926327,5.55998771359029,5.32784968735592,1,2
8,6,38,7.22654941520954,3.24003948052218,3.94565979210968,4.71215757641624,4.84752991481944,1,2
8,6,39,7.22654941520954,3.24003948052218,3.78770179605117,6.28162515474577,5.3261376711715,1,2
8,6,40,7.22654941520954,3.24003948052218,3.42929182433232,5.3141991870806,5.11974611689766,1,2
8,6,42,7.22654941520954,3.24003948052218,5.37571938373653,5.86477369839377,5.43398509017779,1,2
8,6,44,7.22654941520954,3.24003948052218,4.22047861939076,6.26532046359043,5.35634611824975,1,2
8,6,46,7.22654941520954,3.24003948052218,4.93658131111633,6.67506983864411,5.78086350163795,1,2
8,6,47,7.22654941520954,3.24003948052218,5.18745475664489,5.74084699391593,5.44820866621305,1,2
8,6,49,7.22654941520954,3.24003948052218,2.7668936117196,5.59297344223073,5.33720363436195,1,2
8,6,53,7.22654941520954,3.24003948052218,5.35596199851243,6.2220221226878,5.63397325623382,1,2
8,6,54,7.22654941520954,3.24003948052218,4.11815924099877,5.72880560274082,5.34345687530602,1,2
8,6,55,7.22654941520954,3.24003948052218,5.00194539064448,6.56817381973706,5.61488884768225,1,2
8,6,56,7.22654941520954,3.24003948052218,5.42767873012113,5.44267055035936,5.05316621783686,1,2
8,6,57,7.22654941520954,3.24003948052218,6.41911922217421,6.72262753228059,5.77535731606177,1,2
8,6,59,7.22654941520954,3.24003948052218,4.6408136477038,5.52042579781265,5.55789789534834,1,2
8,6,62,7.22654941520954,3.24003948052218,5.848570873307,5.44700362947515,5.20822004052644,1,2
8,6,63,7.22654941520954,3.24003948052218,3.82297088543485,6.8169489525649,5.74724700059226,1,2
8,6,64,7.22654941520954,3.24003948052218,3.78102716111069,5.23731509363417,5.22438884037809,1,2
8,6,66,7.22654941520954,3.24003948052218,4.17481222443259,6.41859496579043,5.66489761421883,1,2
8,6,67,7.22654941520954,3.24003948052218,5.27880380024567,4.98081277291981,5.22040709616568,1,2
8,6,70,7.22654941520954,3.24003948052218,4.73678426006818,5.22780379804894,5.12085777279773,1,2
8,7,1,7.22654941520954,3.24003948052218,3.74147844344458,5.64908682700197,5.28980394143904,1,2
8,7,2,7.22654941520954,3.24003948052218,3.89135676180518,6.71852196215314,5.4584243072151,1,2
8,7,3,7.22654941520954,3.24003948052218,4.70465578229539,4.92891000118531,4.82373949699811,1,2
8,7,4,7.22654941520954,3.24003948052218,5.64261419923632,5.87872435418646,5.15050547741148,1,2
8,7,5,7.22654941520954,3.24003948052218,2.7720705842112,5.69537825194965,4.81066383938146,1,2
8,7,7,7.22654941520954,3.24003948052218,5.77639144800075,6.68495949301557,5.32706823772503,1,2
8,7,8,7.22654941520954,3.24003948052218,4.24194604309801,5.79186923541776,5.24008219767228,1,2
8,7,11,7.22654941520954,3.24003948052218,4.22572181899624,5.88050469515582,5.10686845680823,1,2
8,7,12,7.22654941520954,3.24003948052218,7.48554673944308,6.78452296536318,5.39440773749826,1,2
8,7,14,7.22654941520954,3.24003948052218,5.82305698157269,6.28483810010006,5.32530266627589,1,2
8,7,16,7.22654941520954,3.24003948052218,3.12253020333977,6.1545571702331,5.27720980792987,1,2
8,7,17,7.22654941520954,3.24003948052218,5.2129829465324,6.44613703458586,5.27309744768463,1,2
8,7,18,7.22654941520954,3.24003948052218,5.7399139765853,6.61846465644489,5.39737053103228,1,2
8,7,19,7.22654941520954,3.24003948052218,5.02781983324255,6.23666265392433,5.12258048952968,1,2
8,7,20,7.22654941520954,3.24003948052218,4.31897702336054,6.00540540865158,5.25879682785403,1,2
8,7,21,7.22654941520954,3.24003948052218,5.23298022289459,6.28502150643549,5.38200172545176,1,2
8,7,23,7.22654941520954,3.24003948052218,2.69113413281535,6.68277004264576,5.42764320163644,1,2
8,7,29,7.22654941520954,3.24003948052218,3.91867815678747,5.82525802356635,5.07254885120409,1,2
8,7,37,7.22654941520954,3.24003948052218,3.60258200075904,6.45357859716895,5.24796432265322,1,2
8,7,38,7.22654941520954,3.24003948052218,4.93304056231386,4.94659781897672,4.75445580705752,1,2
8,7,41,7.22654941520954,3.24003948052218,5.8243512288342,5.91502722100931,5.22296120781444,1,2
8,7,46,7.22654941520954,3.24003948052218,5.41910163980174,6.55670622899103,5.47365685952608,1,2
8,7,47,7.22654941520954,3.24003948052218,4.95171547671575,5.0016572728242,4.67303272318657,1,2
8,7,50,7.22654941520954,3.24003948052218,4.01143468748366,6.33707230158864,5.17712825132088,1,2
8,7,51,7.22654941520954,3.24003948052218,4.11101042836306,5.07561319948094,4.77453163304502,1,2
8,7,55,7.22654941520954,3.24003948052218,4.80162481643603,5.89507193142859,5.08576572384125,1,2
8,7,56,7.22654941520954,3.24003948052218,4.15758125596486,5.80328631799576,5.06444111984154,1,2
8,7,58,7.22654941520954,3.24003948052218,3.4197968624278,5.0816060017961,4.865112967644,1,2
8,7,59,7.22654941520954,3.24003948052218,4.48576871133324,6.02012089599252,5.11758387485141,1,2
8,7,61,7.22654941520954,3.24003948052218,4.29186372535017,6.03576438713062,5.21745746635163,1,2
8,7,62,7.22654941520954,3.24003948052218,6.17669960669579,5.84719721805931,5.20444661256691,1,2
8,7,64,7.22654941520954,3.24003948052218,5.74174821055921,6.50045913991031,5.27373423826247,1,2
8,7,65,7.22654941520954,3.24003948052218,6.04962276386182,6.15501718229078,5.23205942610977,1,2
8,7,69,7.22654941520954,3.24003948052218,4.79883054720408,6.63637247525204,5.51257280550765,1,2
8,7,75,7.22654941520954,3.24003948052218,4.63629393555246,5.62564720922224,5.06103230176897,1,2
8,8,1,7.22654941520954,3.24003948052218,5.15101690279376,6.27649009064366,5.71915138708588,1,2
8,8,2,7.22654941520954,3.24003948052218,3.1877907414306,5.81107879795495,5.45402754715272,1,2
8,8,8,7.22654941520954,3.24003948052218,5.61969064980883,6.34737289197419,5.892879828,1,2
8,8,11,7.22654941520954,3.24003948052218,5.02146134495823,5.9528068423951,5.5178146352951,1,2
8,8,12,7.22654941520954,3.24003948052218,6.03057227963,5.24123026445544,5.37369594999045,1,2
8,8,13,7.22654941520954,3.24003948052218,3.88235770217414,5.45955204795906,5.32035284632358,1,2
8,8,14,7.22654941520954,3.24003948052218,4.71728471359488,6.26119979925704,5.6327370166196,1,2
8,8,17,7.22654941520954,3.24003948052218,4.07147735827215,5.6802978882993,5.38859677708814,1,2
8,8,18,7.22654941520954,3.24003948052218,4.22965769674035,6.09733995011157,5.60830172298926,1,2
8,8,19,7.22654941520954,3.24003948052218,6.29840895503777,5.40361133964813,5.50812789786541,1,2
8,8,22,7.22654941520954,3.24003948052218,6.73435010623802,5.51787240552645,5.44450700489702,1,2
8,8,24,7.22654941520954,3.24003948052218,3.94429652478036,6.42701418122999,5.71985297975484,1,2
8,8,28,7.22654941520954,3.24003948052218,6.83104484797904,5.73676054374513,5.59738474237038,1,2
8,8,30,7.22654941520954,3.24003948052218,3.71454753694974,6.51967271896604,5.75551476651894,1,2
8,8,31,7.22654941520954,3.24003948052218,5.18558240164651,5.4004502885722,5.455741183574,1,2
8,8,32,7.22654941520954,3.24003948052218,5.80747693659641,5.79448874402142,5.6253875256276,1,2
8,8,35,7.22654941520954,3.24003948052218,2.8364772684746,5.60912722408796,5.36903734058251,1,2
8,8,36,7.22654941520954,3.24003948052218,3.97447052454719,6.07589309681973,5.57660781575113,1,2
8,8,38,7.22654941520954,3.24003948052218,5.24593261142957,6.19547855217848,5.64770280376043,1,2
8,8,40,7.22654941520954,3.24003948052218,4.88385549606229,6.2367256134848,5.84228803339536,1,2
8,8,43,7.22654941520954,3.24003948052218,4.99033964941642,6.41459733502605,5.79318601339897,1,2
8,8,44,7.22654941520954,3.24003948052218,5.38696202295637,5.11958154830498,5.22146996689788,1,2
8,8,45,7.22654941520954,3.24003948052218,4.8296901481145,6.1888960684265,5.68460236636523,1,2
8,8,46,7.22654941520954,3.24003948052218,6.03733238688987,6.08994499143308,5.61266384965139,1,2
8,8,47,7.22654941520954,3.24003948052218,4.75936662266054,5.95238688833322,5.50260323899467,1,2
8,8,48,7.22654941520954,3.24003948052218,4.4124162862942,5.18735929417825,5.12116090114725,1,2
8,8,50,7.22654941520954,3.24003948052218,6.08745052095149,5.70189864524469,5.59031039559762,1,2
8,8,51,7.22654941520954,3.24003948052218,4.2924739299364,6.44601355730944,5.7571451357591,1,2
8,8,52,7.22654941520954,3.24003948052218,3.43680303206116,6.3630623983731,5.78795853758129,1,2
8,8,53,7.22654941520954,3.24003948052218,5.37999112974746,6.47080990929619,5.65275651671902,1,2
8,8,57,7.22654941520954,3.24003948052218,3.89555715641724,5.99131102193787,5.65167107926821,1,2
8,8,58,7.22654941520954,3.24003948052218,4.88944166694283,6.90203733406762,5.90590191235271,1,2
8,8,59,7.22654941520954,3.24003948052218,4.22416880322611,5.54770269188159,5.41118976607251,1,2
8,8,61,7.22654941520954,3.24003948052218,4.82552751587121,5.3082833248742,5.17968985128087,1,2
8,9,5,7.22654941520954,3.24003948052218,4.92207559040425,5.5114315470434,5.2789398361779,1,2
8,9,6,7.22654941520954,3.24003948052218,5.84004197973498,5.53804187028822,5.57112926813044,1,2
8,9,8,7.22654941520954,3.24003948052218,5.38059721405946,6.14484403368976,5.51821642218956,1,2
8,9,11,7.22654941520954,3.24003948052218,4.16370637983111,5.49594710799662,5.39945742930498,1,2
8,9,12,7.22654941520954,3.24003948052218,4.5922093172883,5.87102487182134,5.53323873117946,1,2
8,9,13,7.22654941520954,3.24003948052218,5.87068753507787,5.82578524359538,5.53826073317592,1,2
8,9,14,7.22654941520954,3.24003948052218,3.86396316970921,6.51852828406105,5.88417843875802,1,2
8,9,15,7.22654941520954,3.24003948052218,4.85163957078465,6.53904962143144,5.88834392984816,1,2
8,9,16,7.22654941520954,3.24003948052218,6.98896638861757,5.65445601709344,5.55606095491027,1,2
8,9,17,7.22654941520954,3.24003948052218,4.7050510829812,5.20462516425078,5.54586373755925,1,2
8,9,18,7.22654941520954,3.24003948052218,4.76131565720513,5.67019914521601,5.39301886669014,1,2
8,9,19,7.22654941520954,3.24003948052218,7.35405216924094,5.89802790271326,5.50574538106273,1,2
8,9,22,7.22654941520954,3.24003948052218,4.13558257062649,5.92994072465273,5.77123135465995,1,2
8,9,23,7.22654941520954,3.24003948052218,5.62100060158698,6.68455282501246,5.97175383688637,1,2
8,9,27,7.22654941520954,3.24003948052218,5.00681981152107,6.2074761357806,5.71595607156339,1,2
8,9,28,7.22654941520954,3.24003948052218,5.28748265698023,6.4679536577049,5.7621135986114,1,2
8,9,29,7.22654941520954,3.24003948052218,4.67298519204407,6.32605795231409,5.61286987109709,1,2
8,9,31,7.22654941520954,3.24003948052218,3.86655189874395,6.33891505138828,5.71952956948497,1,2
8,9,34,7.22654941520954,3.24003948052218,5.12190844981905,6.81292204093342,5.94678182396573,1,2
8,9,35,7.22654941520954,3.24003948052218,4.80734377469892,5.5640822509456,5.45426273720608,1,2
8,9,36,7.22654941520954,3.24003948052218,4.3026779628621,6.532479925893,5.86295232922797,1,2
8,9,37,7.22654941520954,3.24003948052218,5.75848950282592,6.32825971127387,5.60589420528416,1,2
8,9,38,7.22654941520954,3.24003948052218,4.25905749149627,6.02487611824689,5.64597380952907,1,2
8,9,40,7.22654941520954,3.24003948052218,4.6359365859561,5.55279870859458,5.62499612316526,1,2
8,9,46,7.22654941520954,3.24003948052218,4.41369966208837,5.83693203840884,5.48066519335004,1,2
8,9,49,7.22654941520954,3.24003948052218,4.39907261783836,5.80770911816984,5.58767668488726,1,2
8,9,54,7.22654941520954,3.24003948052218,4.71250182304412,6.31123584363646,5.5878191363545,1,2
8,9,57,7.22654941520954,3.24003948052218,5.40757933384454,5.51166929797773,5.58621934212375,1,2
8,9,62,7.22654941520954,3.24003948052218,5.36284399351337,6.0010081338344,5.66056375048034,1,2
8,9,63,7.22654941520954,3.24003948052218,3.81903881494717,5.58639939028394,5.53039594456974,1,2
8,9,69,7.22654941520954,3.24003948052218,3.11757313067582,4.96899209285514,5.32569417547032,1,2
8,9,70,7.22654941520954,3.24003948052218,5.02132466290545,5.22431421777072,5.33963031811632,1,2
8,9,71,7.22654941520954,3.24003948052218,7.07969008502955,5.60137266728065,5.40872536521685,1,2
8,9,72,7.22654941520954,3.24003948052218,5.81808287065062,6.15760323225142,5.64262204986771,1,2
8,9,75,7.22654941520954,3.24003948052218,4.47346565289252,6.40398295911924,5.60655544225285,1,2
8,9,76,7.22654941520954,3.24003948052218,3.81352228699419,5.51035245838354,5.49880763781506,1,2
8,9,79,7.22654941520954,3.24003948052218,3.7989606454748,6.51517389850546,5.81986810155824,1,2
8,9,80,7.22654941520954,3.24003948052218,5.41482740059398,6.17688740145141,5.65577289126054,1,2
8,9,82,7.22654941520954,3.24003948052218,5.07328893648297,5.93931727234259,5.58109324761889,1,2
8,9,83,7.22654941520954,3.24003948052218,5.36216214373675,4.99383419560264,5.33123470029755,1,2
8,9,84,7.22654941520954,3.24003948052218,5.45572531546566,5.7634691394206,5.59075891051325,1,2
8,9,85,7.22654941520954,3.24003948052218,4.43482799995821,5.48753968837774,5.47312153180265,1,2
8,9,90,7.22654941520954,3.24003948052218,3.86391124192449,6.45548321407915,5.824259680697,1,2
8,10,3,7.22654941520954,3.24003948052218,4.41842099478989,5.84956116731646,6.16619199842952,1,2
8,10,4,7.22654941520954,3.24003948052218,4.48309897558276,5.16426579773881,6.00715195941521,1,2
8,10,5,7.22654941520954,3.24003948052218,3.98638771110105,5.96137501197971,6.19600679904094,1,2
8,10,6,7.22654941520954,3.24003948052218,6.00304755978649,7.06454653603689,6.77975860742959,1,2
8,10,7,7.22654941520954,3.24003948052218,4.26569221387489,6.32630652482293,6.40018486048032,1,2
8,10,11,7.22654941520954,3.24003948052218,5.57784274230331,6.08020997293748,6.49276329717805,1,2
8,10,13,7.22654941520954,3.24003948052218,5.20988380533443,6.58314662092642,6.44055693939518,1,2
8,10,14,7.22654941520954,3.24003948052218,4.04809066570491,6.56430705897952,6.55886561091537,1,2
8,10,15,7.22654941520954,3.24003948052218,5.38220469396679,7.08501824221417,6.52883362501203,1,2
8,10,17,7.22654941520954,3.24003948052218,4.91063075964555,6.7664137421352,6.3917523067142,1,2
8,10,19,7.22654941520954,3.24003948052218,5.72589347691774,6.32783488972963,6.37436203622787,1,2
8,10,22,7.22654941520954,3.24003948052218,4.62283857009175,5.38434776918665,5.88920399135768,1,2
8,10,26,7.22654941520954,3.24003948052218,5.3402995874428,6.11831935945693,6.30745629619063,1,2
8,10,29,7.22654941520954,3.24003948052218,4.22671994487729,5.59934979668757,6.12434785454901,1,2
8,10,30,7.22654941520954,3.24003948052218,4.33258414434217,5.17710108378566,5.85880099114477,1,2
8,10,31,7.22654941520954,3.24003948052218,6.15645007147666,5.60243608493837,5.9697062481227,1,2
8,10,33,7.22654941520954,3.24003948052218,5.94423358425898,6.25203625773836,6.44477076768589,1,2
8,10,35,7.22654941520954,3.24003948052218,4.41267282890505,5.68568425956973,5.98631759613253,1,2
8,10,36,7.22654941520954,3.24003948052218,5.60300844232459,6.82001628053428,6.48803282753676,1,2
8,10,37,7.22654941520954,3.24003948052218,3.2807409758525,6.3548405209833,6.43083387452631,1,2
8,10,38,7.22654941520954,3.24003948052218,4.55099618665388,6.37912041537473,6.198264580204,1,2
8,10,40,7.22654941520954,3.24003948052218,5.37442075962088,5.91713651544323,6.13804303549131,1,2
8,10,42,7.22654941520954,3.24003948052218,4.028864779108,6.18462264817532,6.37631128488329,1,2
8,10,43,7.22654941520954,3.24003948052218,3.46887868707413,6.25379539484279,6.30827528313487,1,2
8,10,45,7.22654941520954,3.24003948052218,3.47414789505388,6.35478826602683,6.31839325803712,1,2
8,10,47,7.22654941520954,3.24003948052218,4.74816480076158,5.86953042417493,6.237006845041,1,2
8,10,48,7.22654941520954,3.24003948052218,5.87955613971744,5.11483367091528,6.03419080666508,1,2
8,10,50,7.22654941520954,3.24003948052218,6.45849808456227,7.10886888975282,6.74577690522687,1,2
8,10,51,7.22654941520954,3.24003948052218,4.63048970995785,6.02099053473372,6.38132573903663,1,2
8,10,52,7.22654941520954,3.24003948052218,4.49138935273449,5.3911599322386,6.35322149256869,1,2
8,10,54,7.22654941520954,3.24003948052218,3.59777055421782,5.79887897385884,6.20829081619256,1,2
8,10,55,7.22654941520954,3.24003948052218,4.56341082020954,5.74733807126968,6.02844963442007,1,2
8,10,56,7.22654941520954,3.24003948052218,6.64005937798078,5.83841973076933,6.13932752973961,1,2
8,10,59,7.22654941520954,3.24003948052218,3.36131130157911,6.48502639134333,6.51660130976992,1,2
8,10,60,7.22654941520954,3.24003948052218,4.05216249167497,6.08050918684169,6.3294439817233,1,2
8,10,64,7.22654941520954,3.24003948052218,4.89037366020033,6.56392256643143,6.47616457917081,1,2
8,10,68,7.22654941520954,3.24003948052218,3.15802295589775,5.71536192569101,6.05138182822976,1,2
8,10,69,7.22654941520954,3.24003948052218,6.51668873421578,5.83137214524851,6.53069980403929,1,2
8,10,71,7.22654941520954,3.24003948052218,4.9211537724379,6.35127282790453,6.37528145891112,1,2
8,10,72,7.22654941520954,3.24003948052218,5.83138998147571,5.31548236540302,6.14855244900917,1,2
8,10,73,7.22654941520954,3.24003948052218,5.84020219204034,5.81700367379038,6.24064687645021,1,2
8,10,74,7.22654941520954,3.24003948052218,4.77786410025545,6.07845072231853,6.32340150114759,1,2
8,10,75,7.22654941520954,3.24003948052218,2.10655199544898,5.95731394021308,6.04423340654329,1,2
8,10,76,7.22654941520954,3.24003948052218,4.13663195913573,5.95273450965079,6.09711711013384,1,2
8,10,77,7.22654941520954,3.24003948052218,6.60750799694715,6.61520057426959,6.45372731577281,1,2
8,10,82,7.22654941520954,3.24003948052218,5.99271377227191,5.62357182252293,6.13872631815258,1,2
8,10,87,7.22654941520954,3.24003948052218,5.57032406424175,5.86919075424535,6.26898651974868,1,2
8,10,91,7.22654941520954,3.24003948052218,3.89754282441474,5.43970346979487,6.29615747532207,1,2
8,10,95,7.22654941520954,3.24003948052218,6.64948543211318,5.73903987224111,6.05571562546117,1,2
8,10,96,7.22654941520954,3.24003948052218,5.32333969379698,6.30536997399048,6.26499311127014,1,2
8,10,97,7.22654941520954,3.24003948052218,5.01545764052571,5.79370830588623,6.15322688064895,1,2
8,11,2,7.22654941520954,3.24003948052218,6.56077088206645,5.61452965782872,6.04868104373274,1,2
8,11,3,7.22654941520954,3.24003948052218,3.91724180611329,4.86577635258006,5.82437847590148,1,2
8,11,6,7.22654941520954,3.24003948052218,5.1165942630009,5.39365638825767,5.98694904480069,1,2
8,11,8,7.22654941520954,3.24003948052218,3.45802665758299,6.49630157714302,6.37526979039222,1,2
8,11,11,7.22654941520954,3.24003948052218,4.53891462450801,5.78118101191823,6.23069544671554,1,2
8,11,13,7.22654941520954,3.24003948052218,5.42977918211007,5.54335018885343,6.07213861497443,1,2
8,11,15,7.22654941520954,3.24003948052218,5.36211706849969,5.7364824504677,5.99220276890546,1,2
8,11,17,7.22654941520954,3.24003948052218,5.88713273334494,5.62481273599596,6.14539179876628,1,2
8,11,19,7.22654941520954,3.24003948052218,5.75223350100155,5.97062265211787,6.22797283255395,1,2
8,11,21,7.22654941520954,3.24003948052218,3.72341468651634,5.84045476965162,6.02996970594323,1,2
8,11,22,7.22654941520954,3.24003948052218,4.1275933496313,5.67207170990408,6.06188190413665,1,2
8,11,23,7.22654941520954,3.24003948052218,6.29901554254243,5.89507030030881,6.43621100701684,1,2
8,11,28,7.22654941520954,3.24003948052218,5.00289151199182,6.3307841318794,6.2048859875859,1,2
8,11,29,7.22654941520954,3.24003948052218,6.30299500149758,6.62363212570374,6.50802264518602,1,2
8,11,30,7.22654941520954,3.24003948052218,5.31203521164331,6.54687381352219,6.1237237305629,1,2
8,11,35,7.22654941520954,3.24003948052218,4.52503746455446,5.06295073041469,5.87855953842307,1,2
8,11,36,7.22654941520954,3.24003948052218,5.56546800642271,5.9862616010411,6.0704392391378,1,2
8,11,38,7.22654941520954,3.24003948052218,4.35844066632332,6.8962358133273,6.33889453554807,1,2
8,11,39,7.22654941520954,3.24003948052218,3.87365721830991,6.18943092040667,6.30871190746365,1,2
8,11,42,7.22654941520954,3.24003948052218,3.4554000017302,5.06601099407917,5.87795937306831,1,2
8,11,43,7.22654941520954,3.24003948052218,7.33973226240321,6.40953467028489,6.19054379728929,1,2
8,11,44,7.22654941520954,3.24003948052218,7.13940660988307,6.72025351205693,6.55166500591914,1,2
8,11,45,7.22654941520954,3.24003948052218,5.6329184564896,4.8255316569661,5.96010148686106,1,2
8,11,46,7.22654941520954,3.24003948052218,5.17169750314435,5.40048910055911,6.07532889288045,1,2
8,11,48,7.22654941520954,3.24003948052218,2.83656240184028,5.74191626213108,5.86076568634711,1,2
8,11,49,7.22654941520954,3.24003948052218,3.88016681809949,6.20907766671345,6.23563031761797,1,2
8,11,53,7.22654941520954,3.24003948052218,5.02338598354526,5.54924194442214,6.15292271295934,1,2
8,11,56,7.22654941520954,3.24003948052218,4.20039584139459,6.55232108729232,6.1458541215251,1,2
8,11,58,7.22654941520954,3.24003948052218,3.75170832317566,5.67017035070863,5.97260515136389,1,2
8,11,60,7.22654941520954,3.24003948052218,4.12118422963502,6.38823289892655,6.26420145994569,1,2
8,11,62,7.22654941520954,3.24003948052218,4.80013571331557,6.50402852017548,6.41267200592345,1,2
8,11,64,7.22654941520954,3.24003948052218,4.44622692507849,5.70134103859411,6.31887456819262,1,2
8,11,65,7.22654941520954,3.24003948052218,2.56448404956212,5.72313975185179,5.77730587742796,1,2
8,11,67,7.22654941520954,3.24003948052218,6.39786985440217,5.98504186698844,6.08015818902195,1,2
8,12,2,7.22654941520954,3.24003948052218,4.34997943652247,6.20670525205174,6.68359766360205,1,2
8,12,3,7.22654941520954,3.24003948052218,4.16512824242774,5.16188840750133,6.21944928638597,1,2
8,12,4,7.22654941520954,3.24003948052218,4.16389446105082,5.40832149592044,6.30409376409957,1,2
8,12,7,7.22654941520954,3.24003948052218,6.42868043773427,6.97321674203843,6.80378194894936,1,2
8,12,8,7.22654941520954,3.24003948052218,5.55278766861755,4.34211863629401,6.26001047388453,1,2
8,12,9,7.22654941520954,3.24003948052218,5.29522374026798,6.23885041052966,6.61843657439195,1,2
8,12,10,7.22654941520954,3.24003948052218,4.13396814484987,6.59573878763577,6.69314454551532,1,2
8,12,12,7.22654941520954,3.24003948052218,3.02541777961836,5.83828591058374,6.27981266666135,1,2
8,12,13,7.22654941520954,3.24003948052218,4.72194639800975,6.02979738398646,6.5015653435414,1,2
8,12,15,7.22654941520954,3.24003948052218,6.8767646273358,5.62809721214927,6.21612044918199,1,2
8,12,16,7.22654941520954,3.24003948052218,4.25551236236285,5.53676825662735,6.24892283047475,1,2
8,12,22,7.22654941520954,3.24003948052218,5.4745844768035,5.66546184906414,6.28496947300242,1,2
8,12,23,7.22654941520954,3.24003948052218,6.45939076680891,5.38008806836795,6.57326923873204,1,2
8,12,25,7.22654941520954,3.24003948052218,4.86573012288332,6.17720372281843,6.73168697985916,1,2
8,12,27,7.22654941520954,3.24003948052218,5.57193260835266,5.34070718289121,6.28519775829271,1,2
8,12,31,7.22654941520954,3.24003948052218,5.18677897343218,5.14919008868491,6.40201466396641,1,2
8,12,32,7.22654941520954,3.24003948052218,4.72646533623489,6.10130625630099,6.55192881759489,1,2
8,12,33,7.22654941520954,3.24003948052218,5.51203566459284,5.88371645789518,6.69480742014528,1,2
8,12,34,7.22654941520954,3.24003948052218,3.65858734293918,6.69801630425817,6.66070605253192,1,2
8,12,37,7.22654941520954,3.24003948052218,2.70138756663613,5.7258428633932,6.57957031118155,1,2
8,12,38,7.22654941520954,3.24003948052218,4.90571033297824,5.57623882393799,6.45908985435525,1,2
8,12,40,7.22654941520954,3.24003948052218,2.97754906010439,5.83343985206319,6.32114694168087,1,2
8,12,42,7.22654941520954,3.24003948052218,5.35710193794543,6.01545492495448,6.6566976476174,1,2
8,12,45,7.22654941520954,3.24003948052218,5.36785088797154,6.69498320892623,6.71199656246714,1,2
8,12,46,7.22654941520954,3.24003948052218,3.45635941871071,7.39429922920206,6.74591025772144,1,2
8,12,47,7.22654941520954,3.24003948052218,4.79391318366858,5.76118668456396,6.42106029050332,1,2
8,12,48,7.22654941520954,3.24003948052218,6.57831944472444,5.55613781052279,6.29962701051387,1,2
8,12,50,7.22654941520954,3.24003948052218,6.01210721122297,6.54373285374591,6.58286335805078,1,2
8,12,51,7.22654941520954,3.24003948052218,5.69349933635446,5.68770775326698,6.50099974352834,1,2
8,12,52,7.22654941520954,3.24003948052218,4.32707892539526,6.0433207196069,6.44918357762728,1,2
8,12,57,7.22654941520954,3.24003948052218,5.1677252908195,6.47391277053722,6.85357449448968,1,2
8,12,58,7.22654941520954,3.24003948052218,5.6244724294759,5.66580849241212,6.640231842793,1,2
8,12,60,7.22654941520954,3.24003948052218,6.12629527825544,5.72727598359308,6.45401808461633,1,2
8,12,62,7.22654941520954,3.24003948052218,5.18191641550901,6.06410161543447,6.54319344406553,1,2
8,12,64,7.22654941520954,3.24003948052218,5.97494726478943,6.40423849148485,6.87064787318151,1,2
8,12,66,7.22654941520954,3.24003948052218,4.8560784197355,5.88557112136446,6.60839091027414,1,2
8,12,70,7.22654941520954,3.24003948052218,5.93218586765409,5.64454691484869,6.6118915722574,1,2
8,12,72,7.22654941520954,3.24003948052218,4.85939398083677,5.94028076708994,6.25463147242045,1,2
8,12,75,7.22654941520954,3.24003948052218,5.36387395392879,6.64690750364068,6.71457639171794,1,2
8,12,78,7.22654941520954,3.24003948052218,5.39476907201069,6.76515695479002,6.68561174648512,1,2
8,13,1,7.22654941520954,3.24003948052218,4.13925061080115,5.69288670171708,6.60460710719636,1,2
8,13,6,7.22654941520954,3.24003948052218,5.15303500772994,6.01208744927506,6.78407292678347,1,2
8,13,9,7.22654941520954,3.24003948052218,4.77530577747309,5.84150330143174,6.51561492863377,1,2
8,13,11,7.22654941520954,3.24003948052218,4.63207579626149,5.77982576653059,6.68882923515014,1,2
8,13,13,7.22654941520954,3.24003948052218,5.96967491163092,6.09492193918235,6.78189523570884,1,2
8,13,15,7.22654941520954,3.24003948052218,5.53427951622517,7.10795248125831,6.9188954665277,1,2
8,13,16,7.22654941520954,3.24003948052218,5.24731845167172,6.32104334472029,6.58050383310189,1,2
8,13,21,7.22654941520954,3.24003948052218,5.80124224108505,6.65076635641099,6.74763976046858,1,2
8,13,22,7.22654941520954,3.24003948052218,5.35252733352874,5.4404470324971,6.4473495928749,1,2
8,13,23,7.22654941520954,3.24003948052218,5.16252051887392,6.23020641944988,6.68129114858886,1,2
8,13,25,7.22654941520954,3.24003948052218,4.63855664867369,6.32044089309591,6.97303791295728,1,2
8,13,26,7.22654941520954,3.24003948052218,3.97411548879077,6.47718157198143,6.75509409389371,1,2
8,13,29,7.22654941520954,3.24003948052218,6.10243012168851,7.07681270583956,7.23452101632657,1,2
8,13,32,7.22654941520954,3.24003948052218,5.46701307822442,5.70525619226769,6.67923589888575,1,2
8,13,34,7.22654941520954,3.24003948052218,4.53073362627086,5.19520982248678,6.47605702051162,1,2
8,13,41,7.22654941520954,3.24003948052218,4.02860887264049,5.91058541961579,6.51296363110235,1,2
8,13,42,7.22654941520954,3.24003948052218,5.16894003695956,6.58938582404825,6.8708684801452,1,2
8,13,44,7.22654941520954,3.24003948052218,4.10013857625673,4.88237186424067,6.58488120883439,1,2
8,13,45,7.22654941520954,3.24003948052218,5.05739768854628,6.03033656560345,6.74369538746932,1,2
8,13,46,7.22654941520954,3.24003948052218,4.65272839407733,6.57344569629121,6.85797838457873,1,2
8,13,47,7.22654941520954,3.24003948052218,5.09910199844289,6.53646081029534,6.71313527987456,1,2
8,13,48,7.22654941520954,3.24003948052218,4.45710177049209,5.73874646087771,6.30546617993341,1,2
8,13,49,7.22654941520954,3.24003948052218,6.48998770616954,6.07997446943118,6.6216522821809,1,2
8,13,50,7.22654941520954,3.24003948052218,3.44958150231005,5.60797369831407,6.33315165496321,1,2
8,13,52,7.22654941520954,3.24003948052218,5.66953143730112,5.47528996979988,6.69200116993952,1,2
8,13,54,7.22654941520954,3.24003948052218,5.28213465740701,5.8432312813961,6.68518706066576,1,2
8,13,56,7.22654941520954,3.24003948052218,5.64033748245244,5.17873639607254,6.12718829157075,1,2
8,13,57,7.22654941520954,3.24003948052218,4.3103637367225,6.36017650580839,6.72097984024888,1,2
8,13,61,7.22654941520954,3.24003948052218,4.28696186756062,6.34167926128946,6.79353290950232,1,2
8,13,63,7.22654941520954,3.24003948052218,4.51946481626635,6.41129149604743,6.51029811216018,1,2
8,13,64,7.22654941520954,3.24003948052218,5.7688342752303,7.33653802296321,7.22980615264768,1,2
8,13,67,7.22654941520954,3.24003948052218,3.71216310470745,6.43367420272396,6.67109664091538,1,2
8,13,69,7.22654941520954,3.24003948052218,4.67604129677165,6.5102595409195,6.89095648101803,1,2
8,13,71,7.22654941520954,3.24003948052218,7.91260641424944,5.64985728458359,6.79020693802175,1,2
8,13,74,7.22654941520954,3.24003948052218,5.26438012847667,5.90159878151415,6.61755515763442,1,2
8,13,77,7.22654941520954,3.24003948052218,4.87466382305955,7.16232458676758,7.08239720037808,1,2
8,13,79,7.22654941520954,3.24003948052218,5.52941766503362,5.79292413089946,6.64227892049849,1,2
8,13,83,7.22654941520954,3.24003948052218,5.55723036578523,6.22204414710405,6.90947089639668,1,2
8,13,84,7.22654941520954,3.24003948052218,4.18418440613847,5.24576915102617,6.491634602302,1,2
8,13,91,7.22654941520954,3.24003948052218,5.77162263425552,6.57749535404644,6.74894592163811,1,2
8,13,92,7.22654941520954,3.24003948052218,3.89609553728683,6.44538381506001,6.80557732627769,1,2
8,14,1,7.22654941520954,3.24003948052218,3.29053673091118,5.75584286007656,6.90734131843064,1,2
8,14,2,7.22654941520954,3.24003948052218,4.51722498919992,6.25231289006258,6.82149963355199,1,2
8,14,4,7.22654941520954,3.24003948052218,4.9188166099752,5.69015273841256,6.74499358119492,1,2
8,14,8,7.22654941520954,3.24003948052218,3.83536336194472,6.16418989216452,6.93851920911666,1,2
8,14,9,7.22654941520954,3.24003948052218,4.48696666767934,6.06973936976008,6.54840365953218,1,2
8,14,15,7.22654941520954,3.24003948052218,4.26446519939018,6.75900797233529,7.23677840689591,1,2
8,14,16,7.22654941520954,3.24003948052218,6.06404279755338,5.58621018303752,6.59179538282038,1,2
8,14,17,7.22654941520954,3.24003948052218,6.0177624020553,6.10041338320084,6.80720923380407,1,2
8,14,19,7.22654941520954,3.24003948052218,5.00698646227964,6.06963776424581,6.66519104708657,1,2
8,14,20,7.22654941520954,3.24003948052218,5.67377434457028,5.99122440401676,6.52568445133918,1,2
8,14,21,7.22654941520954,3.24003948052218,5.7273113497355,5.9816883223171,6.69910566087516,1,2
8,14,24,7.22654941520954,3.24003948052218,6.09083055765706,5.419137025304,6.86562664500429,1,2
8,14,25,7.22654941520954,3.24003948052218,4.39038161661161,7.02596377068918,7.02541934270117,1,2
8,14,27,7.22654941520954,3.24003948052218,4.42208178528316,6.05856671649206,7.11297485130006,1,2
8,14,29,7.22654941520954,3.24003948052218,5.13507506720229,5.69792272972342,6.49390380725594,1,2
8,14,31,7.22654941520954,3.24003948052218,4.06469791091617,5.19172255615628,6.29275303559226,1,2
8,14,32,7.22654941520954,3.24003948052218,4.16037986845039,6.83990038740259,7.06797233932348,1,2
8,14,33,7.22654941520954,3.24003948052218,3.54340187767813,6.77679690681747,6.62807629087983,1,2
8,14,34,7.22654941520954,3.24003948052218,3.30954037206213,5.45764571793356,6.58002027714325,1,2
8,14,38,7.22654941520954,3.24003948052218,4.72627103427795,6.39363932292271,6.96687139248876,1,2
8,14,39,7.22654941520954,3.24003948052218,4.27210585804089,5.32278446528895,6.94688622767845,1,2
8,14,41,7.22654941520954,3.24003948052218,4.07151420289935,5.80389528935284,6.60636402484553,1,2
8,14,44,7.22654941520954,3.24003948052218,5.8080967323617,5.98033591915582,6.78607866100994,1,2
8,14,47,7.22654941520954,3.24003948052218,4.36129555062379,6.39599966191294,6.77486866701379,1,2
8,14,48,7.22654941520954,3.24003948052218,3.84944788665266,6.31930996820623,6.7933373594987,1,2
8,14,51,7.22654941520954,3.24003948052218,5.33203701344547,6.61097626776449,6.99305315663323,1,2
8,14,52,7.22654941520954,3.24003948052218,5.03931049924686,6.8846672854828,7.01105632411188,1,2
8,14,53,7.22654941520954,3.24003948052218,4.98152529188949,5.42232139794893,6.74548324730796,1,2
8,14,61,7.22654941520954,3.24003948052218,5.19218630147437,7.18803566506607,6.8351086034793,1,2
8,14,62,7.22654941520954,3.24003948052218,5.6151401185585,6.73448502279289,7.1802571526373,1,2
8,14,63,7.22654941520954,3.24003948052218,4.90074655380472,6.17943032371128,6.90834342212973,1,2
8,14,65,7.22654941520954,3.24003948052218,4.09199324787559,6.00647316174437,6.62329445773569,1,2
8,14,66,7.22654941520954,3.24003948052218,7.16371713145742,6.15426599002768,6.71364650579838,1,2
8,14,70,7.22654941520954,3.24003948052218,3.63065294232585,5.95850248522839,6.76694943972777,1,2
8,14,71,7.22654941520954,3.24003948052218,5.65128872008008,6.06365053262191,7.0635308242391,1,2
8,14,72,7.22654941520954,3.24003948052218,5.30919416826253,5.56093143875893,6.57921964940305,1,2
8,14,74,7.22654941520954,3.24003948052218,5.52675546743781,6.80114612930972,6.85870696061192,1,2
8,14,75,7.22654941520954,3.24003948052218,4.2351621765469,6.17534275918734,6.7537643275435,1,2
8,14,77,7.22654941520954,3.24003948052218,4.96054147044043,5.96627682776942,6.4707154663177,1,2
8,14,78,7.22654941520954,3.24003948052218,4.96154364301509,6.02334031770761,6.65066289591034,1,2
8,14,79,7.22654941520954,3.24003948052218,4.62578671581429,6.33323475929828,6.90532320142205,1,2
8,14,80,7.22654941520954,3.24003948052218,5.48600479426602,5.93355018424345,6.56784357558347,1,2
8,15,6,7.22654941520954,3.24003948052218,2.82898443445549,5.31258703177572,6.72765458479712,1,2
8,15,7,7.22654941520954,3.24003948052218,4.96977763322496,5.3596856444328,6.69151474984776,1,2
8,15,9,7.22654941520954,3.24003948052218,5.05086440236098,6.99505978930357,6.85366975566441,1,2
8,15,10,7.22654941520954,3.24003948052218,4.71868106891132,5.98765596131132,6.89246554498175,1,2
8,15,14,7.22654941520954,3.24003948052218,5.59024710355891,6.19330157662915,7.05829578965975,1,2
8,15,17,7.22654941520954,3.24003948052218,5.53560963538755,6.16954927375675,6.90964030368839,1,2
8,15,18,7.22654941520954,3.24003948052218,4.11728813497388,6.19548478254526,6.81674800790923,1,2
8,15,20,7.22654941520954,3.24003948052218,5.74874707594966,5.47037089501573,6.78284788652599,1,2
8,15,25,7.22654941520954,3.24003948052218,4.87406321706655,5.43788488795204,6.48747310004312,1,2
8,15,27,7.22654941520954,3.24003948052218,6.6109613715754,5.5961740223094,6.53171727408322,1,2
8,15,29,7.22654941520954,3.24003948052218,5.55968407711254,6.55278271354339,6.75640951440689,1,2
8,15,30,7.22654941520954,3.24003948052218,4.16034220024803,6.07716296443727,7.08155908280774,1,2
8,15,31,7.22654941520954,3.24003948052218,5.47063865735918,5.9332947047883,6.86188384103812,1,2
8,15,32,7.22654941520954,3.24003948052218,5.48409222478541,6.67786193283097,6.79786929260491,1,2
8,15,33,7.22654941520954,3.24003948052218,5.37059153666267,5.61488449272017,6.75275919988663,1,2
8,15,35,7.22654941520954,3.24003948052218,3.5285261240032,5.3776015347865,6.47610377732089,1,2
8,15,38,7.22654941520954,3.24003948052218,5.48081862309829,5.51533500161743,6.69538196419033,1,2
8,15,42,7.22654941520954,3.24003948052218,4.30552129488811,6.35815933465518,7.16248095380711,1,2
8,15,50,7.22654941520954,3.24003948052218,4.6294193144717,5.94131309197102,6.56765977558414,1,2
8,15,52,7.22654941520954,3.24003948052218,2.92819059340266,6.67468101330489,6.9632870773361,1,2
8,15,54,7.22654941520954,3.24003948052218,5.47363507348404,6.4889190398818,6.9964353215577,1,2
8,15,57,7.22654941520954,3.24003948052218,6.19363120943644,6.31536059007243,7.0628957238831,1,2
8,15,58,7.22654941520954,3.24003948052218,4.10153736247708,5.75336843528212,6.80660480650835,1,2
8,16,1,7.22654941520954,3.24003948052218,4.50735343827026,5.31528581237132,7.10230083845554,1,2
8,16,2,7.22654941520954,3.24003948052218,3.74212344117188,6.160741944823,6.99466757473848,1,2
8,16,3,7.22654941520954,3.24003948052218,5.51472305696139,5.91934578558379,6.90430462678274,1,2
8,16,5,7.22654941520954,3.24003948052218,5.72801332604249,5.82239342144992,7.0725513056241,1,2
8,16,8,7.22654941520954,3.24003948052218,4.65629045255524,5.91009311990523,6.88601103187138,1,2
8,16,10,7.22654941520954,3.24003948052218,5.5368280585335,5.21433135226426,6.73916985340031,1,2
8,16,11,7.22654941520954,3.24003948052218,3.90265622206049,5.44305352397073,6.79544414314987,1,2
8,16,16,7.22654941520954,3.24003948052218,4.47836215005437,5.32095393769328,6.48572013288611,1,2
8,16,19,7.22654941520954,3.24003948052218,5.9162018911937,5.95241863640744,7.00229647985046,1,2
8,16,22,7.22654941520954,3.24003948052218,5.09670482841749,6.45498880550168,7.07437116955302,1,2
8,16,25,7.22654941520954,3.24003948052218,3.21532556469166,6.12676977792251,6.89608044907314,1,2
8,16,26,7.22654941520954,3.24003948052218,7.86587431076081,6.50218685161972,6.96086397361105,1,2
8,16,28,7.22654941520954,3.24003948052218,5.13343925500755,6.91343592324798,7.41622944897109,1,2
8,16,29,7.22654941520954,3.24003948052218,3.9229529892732,5.87356069188795,6.98549388960527,1,2
8,16,31,7.22654941520954,3.24003948052218,4.80516786217999,6.08557138753847,7.11062384253326,1,2
8,16,36,7.22654941520954,3.24003948052218,5.27522363127727,5.68435453982558,7.00985084097414,1,2
8,16,37,7.22654941520954,3.24003948052218,5.41498834150326,5.69162005044682,6.742266357432,1,2
8,16,38,7.22654941520954,3.24003948052218,3.97236356776023,6.12876868708807,6.81528484891421,1,2
8,16,41,7.22654941520954,3.24003948052218,4.66717127962092,7.03005378134017,7.20230731736215,1,2
8,16,42,7.22654941520954,3.24003948052218,4.81366928225821,6.11507563665042,7.08911437766913,1,2
8,16,43,7.22654941520954,3.24003948052218,4.71811507412381,6.10480376211183,7.06969983038322,1,2
8,16,48,7.22654941520954,3.24003948052218,4.73788635281004,6.25918409089834,7.09184483155194,1,2
8,16,49,7.22654941520954,3.24003948052218,3.82152723803419,5.66824823417127,7.18677542439289,1,2
8,16,51,7.22654941520954,3.24003948052218,5.01826043391991,5.08057463149273,6.78304816530957,1,2
8,16,55,7.22654941520954,3.24003948052218,4.59838941670916,6.66923242678903,6.91033521971865,1,2
8,16,58,7.22654941520954,3.24003948052218,4.78395825400945,5.79732257390264,6.8967284180228,1,2
8,16,60,7.22654941520954,3.24003948052218,4.34208810067745,5.76174230440641,6.7815679469795,1,2
8,16,61,7.22654941520954,3.24003948052218,4.66560740514853,5.05066001662939,6.59809435105547,1,2
8,16,62,7.22654941520954,3.24003948052218,6.33231720668801,5.88866384617188,7.14001901704216,1,2
8,16,64,7.22654941520954,3.24003948052218,3.61218856653168,6.3283082347577,7.04863692395515,1,2
8,16,73,7.22654941520954,3.24003948052218,5.78976336388092,6.53073808468701,6.90045480375503,1,2
8,16,75,7.22654941520954,3.24003948052218,3.03326078136394,5.12871958754906,6.41052557693172,1,2
8,17,1,7.22654941520954,3.24003948052218,4.94691564327541,6.51288279423276,7.01872142290752,1,2
8,17,3,7.22654941520954,3.24003948052218,4.41266882772313,5.68837407859856,6.94373998821956,1,2
8,17,4,7.22654941520954,3.24003948052218,6.01815771836676,6.41936400769422,7.14606993544441,1,2
8,17,7,7.22654941520954,3.24003948052218,5.23957707337355,6.07967163206301,7.19991308898606,1,2
8,17,10,7.22654941520954,3.24003948052218,4.75181308400631,5.53698113328409,6.9103914264866,1,2
8,17,11,7.22654941520954,3.24003948052218,6.82216807189614,5.76853578214826,6.96583970849556,1,2
8,17,12,7.22654941520954,3.24003948052218,6.24257163614197,6.40477440035263,7.18955069387776,1,2
8,17,14,7.22654941520954,3.24003948052218,4.71481049142293,5.35961582925584,6.67204567821454,1,2
8,17,16,7.22654941520954,3.24003948052218,4.4372581294969,5.66155921122109,6.96691014734296,1,2
8,17,17,7.22654941520954,3.24003948052218,5.29602132839413,6.56677102250675,7.25883438769555,1,2
8,17,18,7.22654941520954,3.24003948052218,4.19932622189997,5.99407228127337,7.07516583913465,1,2
8,17,19,7.22654941520954,3.24003948052218,4.54486715168646,6.50889822249344,7.17556183228344,1,2
8,17,22,7.22654941520954,3.24003948052218,7.32431833849465,6.24981163329377,7.50083049321602,1,2
8,17,23,7.22654941520954,3.24003948052218,5.17604655929431,6.14616649383855,7.22257056053368,1,2
8,17,24,7.22654941520954,3.24003948052218,3.14962690378272,5.37624861851763,7.12199426125002,1,2
8,17,25,7.22654941520954,3.24003948052218,4.8865544940943,6.5967743169921,7.40663127756372,1,2
8,17,28,7.22654941520954,3.24003948052218,6.48777728562193,6.27907547985145,7.18021589127859,1,2
8,17,29,7.22654941520954,3.24003948052218,3.81479856540044,6.89922188160703,7.32538000082617,1,2
8,17,32,7.22654941520954,3.24003948052218,5.73798533249204,6.23736884325409,7.15469208228014,1,2
8,17,33,7.22654941520954,3.24003948052218,4.83771917948381,6.99164627638838,7.29421858196994,1,2
8,17,36,7.22654941520954,3.24003948052218,5.40222561143107,6.19442612304542,7.33434041306411,1,2
8,17,37,7.22654941520954,3.24003948052218,5.9060136189666,6.12260426033186,7.30185562090319,1,2
8,17,39,7.22654941520954,3.24003948052218,5.35406883545636,5.20415842593026,6.87266666695216,1,2
8,17,41,7.22654941520954,3.24003948052218,4.62246873076323,6.39977904783805,7.17341253017678,1,2
8,17,44,7.22654941520954,3.24003948052218,5.96449830495207,6.9267885990318,7.5215113487099,1,2
8,17,45,7.22654941520954,3.24003948052218,3.94451527236594,5.81028024412945,7.10657903487511,1,2
8,17,47,7.22654941520954,3.24003948052218,3.82364308478029,6.03249076339775,7.15374937997449,1,2
8,17,50,7.22654941520954,3.24003948052218,3.86459957734878,6.47740162159962,7.08592727328689,1,2
8,17,51,7.22654941520954,3.24003948052218,5.07899251464278,5.96523631435725,6.85886065929616,1,2
8,17,52,7.22654941520954,3.24003948052218,5.89841189661932,6.56549929888,7.36243150425708,1,2
8,17,54,7.22654941520954,3.24003948052218,4.91703428934607,5.2516452656806,6.85368058987062,1,2
8,17,58,7.22654941520954,3.24003948052218,4.06027224202908,6.56668993628007,7.0379082577612,1,2
8,17,59,7.22654941520954,3.24003948052218,5.91879497192895,5.93205077624231,6.93623653918749,1,2
8,17,61,7.22654941520954,3.24003948052218,4.73629851931608,5.4559128807252,7.11793288491557,1,2
8,17,65,7.22654941520954,3.24003948052218,3.52888789009702,6.13121011801512,7.39668825412237,1,2
8,18,2,7.22654941520954,3.24003948052218,4.48049903522933,6.50948319681395,7.48487905364464,1,2
8,18,4,7.22654941520954,3.24003948052218,5.77128550851755,5.73028795153706,7.28565403384417,1,2
8,18,8,7.22654941520954,3.24003948052218,3.87256827801404,6.22073069948204,7.50990687913872,1,2
8,18,10,7.22654941520954,3.24003948052218,4.69305928552961,6.38895305804196,7.42988485290046,1,2
8,18,12,7.22654941520954,3.24003948052218,5.03285439125811,6.09383957485053,7.21118455324663,1,2
8,18,16,7.22654941520954,3.24003948052218,4.11810727110608,6.13316771126822,7.52976420922816,1,2
8,18,17,7.22654941520954,3.24003948052218,4.5410723149159,6.02601291813903,7.1156619733546,1,2
8,18,18,7.22654941520954,3.24003948052218,5.09073829624112,5.40506920317677,7.32001642236696,1,2
8,18,19,7.22654941520954,3.24003948052218,6.28638961290448,5.62752255803891,7.37490271198697,1,2
8,18,20,7.22654941520954,3.24003948052218,5.38925228983175,5.83215189742217,7.12871266971219,1,2
8,18,21,7.22654941520954,3.24003948052218,4.19929832559727,6.35545632347947,7.36703133000781,1,2
8,18,22,7.22654941520954,3.24003948052218,3.7042835740695,6.58932573014256,7.72461274666013,1,2
8,18,26,7.22654941520954,3.24003948052218,5.15780170937702,5.85620198543083,6.85407966209726,1,2
8,18,29,7.22654941520954,3.24003948052218,6.33038623035635,5.88493057344778,7.34917003089093,1,2
8,18,30,7.22654941520954,3.24003948052218,4.02513299084574,5.1367067759218,7.29890140522771,1,2
8,18,31,7.22654941520954,3.24003948052218,6.36941495389325,6.89976393145988,7.33562631735768,1,2
8,18,34,7.22654941520954,3.24003948052218,6.47854795931383,5.39227578153245,7.22714251183835,1,2
8,18,36,7.22654941520954,3.24003948052218,5.94538091322294,5.95980318870233,7.54823074892933,1,2
8,18,37,7.22654941520954,3.24003948052218,6.31976992337127,5.566493390602,7.36021869557373,1,2
8,18,38,7.22654941520954,3.24003948052218,4.40646613067809,5.94257739832233,7.31737957116592,1,2
8,18,41,7.22654941520954,3.24003948052218,5.03643685935238,5.89176666661479,7.23324436803236,1,2
8,18,44,7.22654941520954,3.24003948052218,7.2606607892164,6.43749504933407,7.5718545237658,1,2
8,18,53,7.22654941520954,3.24003948052218,5.83484698679487,6.15309623535887,7.58706926799633,1,2
8,18,54,7.22654941520954,3.24003948052218,3.61366639785884,5.75951063333375,6.77144418642252,1,2
8,18,56,7.22654941520954,3.24003948052218,3.98120901018158,4.72038630954137,6.6435639113551,1,2
8,18,57,7.22654941520954,3.24003948052218,4.6419817112734,5.62996853785273,7.66048993775107,1,2
8,18,58,7.22654941520954,3.24003948052218,7.07026416189623,6.64152660226337,7.48713724989037,1,2
8,18,59,7.22654941520954,3.24003948052218,5.03306775870028,5.44489755150478,7.35927049130947,1,2
8,18,61,7.22654941520954,3.24003948052218,4.47102571630761,6.04774864980261,7.09371396756878,1,2
8,18,63,7.22654941520954,3.24003948052218,3.9525054025077,6.82292500205249,7.04273734342685,1,2
8,18,65,7.22654941520954,3.24003948052218,4.24250542577356,5.63702838193718,6.86608441993795,1,2
8,18,66,7.22654941520954,3.24003948052218,3.22064480456853,5.62407720013125,7.22359611539025,1,2
8,18,67,7.22654941520954,3.24003948052218,5.91225469950795,7.20364764375476,7.56953167131906,1,2
8,18,68,7.22654941520954,3.24003948052218,7.3671482205248,5.87255106644589,7.46606748827304,1,2
8,19,3,7.22654941520954,3.24003948052218,4.8160464623431,6.74702797030817,7.70451770527883,1,2
8,19,5,7.22654941520954,3.24003948052218,4.14719188774389,6.25888646024094,7.64356247132263,1,2
8,19,6,7.22654941520954,3.24003948052218,4.1242256173778,5.22316982366876,7.30574101103299,1,2
8,19,7,7.22654941520954,3.24003948052218,5.72473358240315,5.48228179714797,7.39764833696438,1,2
8,19,8,7.22654941520954,3.24003948052218,6.33531076925869,6.46708335473412,8.05429074245532,1,2
8,19,11,7.22654941520954,3.24003948052218,4.78950779522882,5.8519803545748,7.39702531359518,1,2
8,19,13,7.22654941520954,3.24003948052218,4.79291643713605,5.36749859741042,7.12580004156491,1,2
8,19,14,7.22654941520954,3.24003948052218,6.66485305617685,6.10709047944372,7.39514934817192,1,2
8,19,15,7.22654941520954,3.24003948052218,5.90101481812344,5.74517125677174,7.60419317239802,1,2
8,19,17,7.22654941520954,3.24003948052218,5.74441074233657,6.34285868433236,7.39675653525714,1,2
8,19,18,7.22654941520954,3.24003948052218,5.44783425348537,5.26364521404329,7.45018325168063,1,2
8,19,19,7.22654941520954,3.24003948052218,2.38126528330328,6.57226547094644,7.80687660726039,1,2
8,19,21,7.22654941520954,3.24003948052218,3.60169621367087,6.5497147722686,7.53551208820281,1,2
8,19,22,7.22654941520954,3.24003948052218,4.67950749172829,6.66343337118892,7.61484551776849,1,2
8,19,23,7.22654941520954,3.24003948052218,3.72884712768278,5.57860138234945,7.66657786922865,1,2
8,19,25,7.22654941520954,3.24003948052218,5.56664147757431,6.1967925889691,7.66780442300643,1,2
8,19,27,7.22654941520954,3.24003948052218,4.26361673602641,5.71645485585206,7.13148490244319,1,2
8,19,28,7.22654941520954,3.24003948052218,5.25671292944163,5.77873092191652,7.65459423893904,1,2
8,19,35,7.22654941520954,3.24003948052218,5.61928888511298,6.03088209552171,7.7046144702056,1,2
8,19,39,7.22654941520954,3.24003948052218,5.93565447745278,6.07209705709225,7.72725571406957,1,2
8,19,40,7.22654941520954,3.24003948052218,5.32320455934795,6.11755158700236,7.5971806492562,1,2
8,19,42,7.22654941520954,3.24003948052218,5.05104820091945,6.50330071075303,7.55201451156025,1,2
8,19,46,7.22654941520954,3.24003948052218,4.78542977893749,5.88348052348329,7.51756065106355,1,2
8,19,47,7.22654941520954,3.24003948052218,4.94752022576405,6.50372975858925,7.51691976281987,1,2
8,19,50,7.22654941520954,3.24003948052218,6.10807208637072,5.71416048207957,7.47094770933026,1,2
8,19,51,7.22654941520954,3.24003948052218,5.19247735015551,5.40838742399361,7.25304625712737,1,2
8,19,53,7.22654941520954,3.24003948052218,4.98323683003953,6.63079263868874,7.51775483611139,1,2
8,19,54,7.22654941520954,3.24003948052218,4.64114642980626,5.92736862946286,7.84977956692194,1,2
8,19,59,7.22654941520954,3.24003948052218,3.81785704451102,6.46455485690982,7.15051475925686,1,2
8,19,61,7.22654941520954,3.24003948052218,7.03584173638131,5.54466109295651,7.76273802719915,1,2
8,19,64,7.22654941520954,3.24003948052218,2.81955115358904,6.02152995368948,7.31348792796701,1,2
8,19,66,7.22654941520954,3.24003948052218,4.71335488709919,5.53634102289673,7.56405844618654,1,2
8,19,68,7.22654941520954,3.24003948052218,4.87090079802467,6.03348268188121,7.60383762480053,1,2
8,19,69,7.22654941520954,3.24003948052218,4.77570536723906,5.5886332275477,7.34246417325793,1,2
8,19,70,7.22654941520954,3.24003948052218,4.27733144518104,4.48809204334491,7.23446050423439,1,2
8,19,71,7.22654941520954,3.24003948052218,5.41494232898512,6.10519054237771,7.59955425456425,1,2
8,19,72,7.22654941520954,3.24003948052218,3.99960401314798,5.25255289063477,7.35025814381778,1,2
8,19,73,7.22654941520954,3.24003948052218,5.93594755467267,7.12410536490307,8.01467972500909,1,2
8,19,74,7.22654941520954,3.24003948052218,6.82447280067656,5.61052518331412,7.74656427406821,1,2
8,19,75,7.22654941520954,3.24003948052218,3.54499729877772,6.16287963155002,7.37060723056892,1,2
8,19,76,7.22654941520954,3.24003948052218,5.2656849807218,5.16825367331112,7.44212863370455,1,2
8,20,2,7.22654941520954,3.24003948052218,5.17883352499791,6.4187270325867,7.61122166445189,1,2
8,20,3,7.22654941520954,3.24003948052218,4.7595531490106,6.54100189439921,7.43401859693397,1,2
8,20,7,7.22654941520954,3.24003948052218,6.07968939626492,6.56948822324291,7.5382067058182,1,2
8,20,9,7.22654941520954,3.24003948052218,4.25873541651572,6.71369097840999,7.81096052539348,1,2
8,20,10,7.22654941520954,3.24003948052218,3.11410715419649,5.36759932512672,7.49694581244242,1,2
8,20,13,7.22654941520954,3.24003948052218,3.87334422837791,6.07847664402156,7.12543681764426,1,2
8,20,18,7.22654941520954,3.24003948052218,3.80557308472526,6.46090437034048,7.30307588558009,1,2
8,20,19,7.22654941520954,3.24003948052218,5.71209748042467,5.4578160577927,7.36279005093091,1,2
8,20,23,7.22654941520954,3.24003948052218,6.0651015348115,6.34414306499235,7.86017756396641,1,2
8,20,29,7.22654941520954,3.24003948052218,3.54985413021187,5.74241144052621,7.56110477953804,1,2
8,20,31,7.22654941520954,3.24003948052218,5.53469800388185,5.95310598035618,7.65903030221828,1,2
8,20,36,7.22654941520954,3.24003948052218,4.7779159142857,6.39739496643704,7.38322666916261,1,2
8,20,37,7.22654941520954,3.24003948052218,3.33818981369499,6.19346435949373,7.41239290888231,1,2
8,20,40,7.22654941520954,3.24003948052218,6.04727474681311,5.79591319460391,7.44404670796004,1,2
8,20,41,7.22654941520954,3.24003948052218,5.0375669410442,6.08667077537201,7.82305053195858,1,2
8,20,42,7.22654941520954,3.24003948052218,4.00106043424941,7.09148816696973,7.42799185932687,1,2
8,20,43,7.22654941520954,3.24003948052218,6.35786492638436,6.12830564256664,7.24466987950397,1,2
8,20,44,7.22654941520954,3.24003948052218,4.8174282760121,6.87187983697866,7.72004708441331,1,2
8,20,45,7.22654941520954,3.24003948052218,4.18675535666988,5.37944383294619,7.09027161958228,1,2
8,20,48,7.22654941520954,3.24003948052218,3.40813349006622,5.81373960553624,7.03678438819754,1,2
8,20,49,7.22654941520954,3.24003948052218,3.79595933457217,6.19114217468024,7.41699157666086,1,2
8,20,52,7.22654941520954,3.24003948052218,5.36927233170014,6.02021638089523,7.21417632695903,1,2
8,20,55,7.22654941520954,3.24003948052218,4.64460414556958,6.56996064112607,7.54523640929082,1,2
8,20,57,7.22654941520954,3.24003948052218,3.48924683210377,5.78288808663974,7.60713748068494,1,2
8,20,59,7.22654941520954,3.24003948052218,5.17407578486472,7.34904239936603,8.06239891573806,1,2
8,20,60,7.22654941520954,3.24003948052218,3.69358317256345,6.28262348709527,7.47148217326816,1,2
8,20,63,7.22654941520954,3.24003948052218,5.73884609341043,6.62000204340524,7.29536824922258,1,2
8,20,65,7.22654941520954,3.24003948052218,5.87608734411156,5.76842347776825,7.34840548346446,1,2
8,20,67,7.22654941520954,3.24003948052218,4.50803757915824,5.46781372259343,7.47381497548941,1,2
8,20,68,7.22654941520954,3.24003948052218,5.25589670170051,6.45359017711196,7.71152818927195,1,2
8,20,69,7.22654941520954,3.24003948052218,3.92607495383601,5.26503537812393,7.10148306648519,1,2
8,20,71,7.22654941520954,3.24003948052218,4.92828599613733,6.12926489180015,7.63607146673072,1,2
8,20,72,7.22654941520954,3.24003948052218,5.22887306339719,5.55784064490988,7.43562693133351,1,2
8,20,73,7.22654941520954,3.24003948052218,4.12238890438876,6.38099427467975,7.84198110835284,1,2
8,20,74,7.22654941520954,3.24003948052218,5.33497663637888,6.46119744948563,7.77325807307682,1,2
8,20,75,7.22654941520954,3.24003948052218,6.26251275103855,6.07868351305786,7.59630091861304,1,2
8,20,76,7.22654941520954,3.24003948052218,5.51161429513106,6.166268133609,7.75264370326812,1,2
8,20,77,7.22654941520954,3.24003948052218,3.4447917589946,5.96623002561672,7.16500227992722,1,2
8,20,78,7.22654941520954,3.24003948052218,4.64991157214876,5.51612987309597,7.32155656928091,1,2
8,20,81,7.22654941520954,3.24003948052218,5.0048645243869,5.72502148747912,7.57902491806635,1,2
8,20,83,7.22654941520954,3.24003948052218,4.46603974492967,5.90230158453511,7.43002994304617,1,2
8,20,84,7.22654941520954,3.24003948052218,4.85666417993341,6.07486318228655,7.82436890712747,1,2
8,20,89,7.22654941520954,3.24003948052218,6.39262881942654,6.52418935687562,7.40665913568997,1,2
8,20,92,7.22654941520954,3.24003948052218,5.33840448446196,5.90288311994824,7.41540797125593,1,2
8,20,93,7.22654941520954,3.24003948052218,4.94517369868252,6.2670339220774,7.65830269077945,1,2
8,20,94,7.22654941520954,3.24003948052218,5.5931757579653,6.14232275349491,7.39499444738612,1,2
8,20,95,7.22654941520954,3.24003948052218,5.88991566859048,6.24472317137344,7.32008550364106,1,2
8,21,3,7.22654941520954,3.24003948052218,4.73753859560068,5.56285257119917,7.55713809676173,1,2
8,21,4,7.22654941520954,3.24003948052218,4.56445966239472,6.82187377437821,7.66098881713422,1,2
8,21,5,7.22654941520954,3.24003948052218,4.79623316343035,5.60617381893933,7.58558064152391,1,2
8,21,6,7.22654941520954,3.24003948052218,4.2068864550449,6.15568155445678,7.887822830471,1,2
8,21,7,7.22654941520954,3.24003948052218,5.73308096523899,6.14596955688149,7.98458305693842,1,2
8,21,8,7.22654941520954,3.24003948052218,4.47723753673258,6.33586079237147,7.68784870073484,1,2
8,21,9,7.22654941520954,3.24003948052218,3.31021945613736,5.52756347316267,7.61030419187589,1,2
8,21,11,7.22654941520954,3.24003948052218,2.93348488558679,6.36783423762223,7.76917189118,1,2
8,21,15,7.22654941520954,3.24003948052218,5.1066979902504,6.15883589371645,7.87150712449962,1,2
8,21,16,7.22654941520954,3.24003948052218,4.0116426011486,5.41452029479413,7.72323726397767,1,2
8,21,19,7.22654941520954,3.24003948052218,3.94760101586192,6.04696514662759,7.55407449592256,1,2
8,21,20,7.22654941520954,3.24003948052218,3.94288946287189,5.77598929482651,7.89307590720027,1,2
8,21,22,7.22654941520954,3.24003948052218,4.89667111038339,5.6471702733318,7.96449937637615,1,2
8,21,28,7.22654941520954,3.24003948052218,5.30200314141862,6.84400599374487,7.59826565729476,1,2
8,21,30,7.22654941520954,3.24003948052218,3.30309330685002,6.03093829880724,7.49860848221485,1,2
8,21,35,7.22654941520954,3.24003948052218,3.7417915149652,5.28221591953164,7.550856781763,1,2
8,21,36,7.22654941520954,3.24003948052218,5.36312318881775,5.533550206159,7.85347735168655,1,2
8,21,37,7.22654941520954,3.24003948052218,4.92382347134011,5.91010348700693,7.78827768853946,1,2
8,21,39,7.22654941520954,3.24003948052218,6.40094348262502,5.84445676858094,7.83893488292356,1,2
8,21,42,7.22654941520954,3.24003948052218,5.21533265224616,5.68137318250258,7.80760832303198,1,2
8,21,47,7.22654941520954,3.24003948052218,5.78735788482489,6.343163961916,7.97124266943507,1,2
8,21,48,7.22654941520954,3.24003948052218,4.05363667672506,6.00031950630196,7.55736842243564,1,2
8,21,49,7.22654941520954,3.24003948052218,3.91204718657294,6.15750756116606,7.96314372938069,1,2
8,21,51,7.22654941520954,3.24003948052218,4.55350731347911,5.57853999470033,7.49375927839839,1,2
8,21,52,7.22654941520954,3.24003948052218,5.99383103026171,5.61428253956172,7.57687820180309,1,2
8,21,54,7.22654941520954,3.24003948052218,4.45202869226668,6.10756008945909,7.45471675177645,1,2
8,21,55,7.22654941520954,3.24003948052218,4.45413880726807,5.46679547033536,7.23878603344457,1,2
8,21,57,7.22654941520954,3.24003948052218,5.98598833710056,6.84053152898576,7.82839134635231,1,2
8,21,62,7.22654941520954,3.24003948052218,3.84787857703055,6.18226777246535,7.77810490803337,1,2
8,21,63,7.22654941520954,3.24003948052218,5.69469708344191,5.69763483835565,7.41476924106091,1,2
8,21,64,7.22654941520954,3.24003948052218,5.30069172015223,6.54701887655823,7.76390775301522,1,2
8,21,65,7.22654941520954,3.24003948052218,6.29414951026724,5.20217912128927,7.56098755834035,1,2
8,21,67,7.22654941520954,3.24003948052218,3.92599248366407,6.56326068690273,7.99266812368129,1,2
8,21,70,7.22654941520954,3.24003948052218,5.99299170169334,6.51515171229087,8.11711199118123,1,2
8,22,1,7.22654941520954,3.24003948052218,5.6517693089315,6.58322416234923,7.96130730795561,1,2
8,22,4,7.22654941520954,3.24003948052218,4.93346567391753,5.89652027924734,7.4169976423664,1,2
8,22,6,7.22654941520954,3.24003948052218,5.62876732764603,6.32330823481695,7.84906662314353,1,2
8,22,8,7.22654941520954,3.24003948052218,3.95131067575079,5.75014776015255,7.63964684451987,1,2
8,22,9,7.22654941520954,3.24003948052218,5.69634866166004,5.4243836855066,7.81077565182777,1,2
8,22,13,7.22654941520954,3.24003948052218,4.8019900191925,5.35489787033686,7.35665130523079,1,2
8,22,14,7.22654941520954,3.24003948052218,6.21964546017098,5.37834114661833,7.48437700662269,1,2
8,22,15,7.22654941520954,3.24003948052218,2.9690853412734,6.59130125631459,7.92807352894482,1,2
8,22,17,7.22654941520954,3.24003948052218,5.82276522865584,5.7574723646951,8.07940592696546,1,2
8,22,18,7.22654941520954,3.24003948052218,5.39204736501529,7.26647562468938,7.55941891757987,1,2
8,22,20,7.22654941520954,3.24003948052218,4.81916257303689,7.07940115830464,8.06860722882461,1,2
8,22,21,7.22654941520954,3.24003948052218,6.55769528509458,5.55503102351159,7.79464614560571,1,2
8,22,23,7.22654941520954,3.24003948052218,7.28533802121538,5.95867457141036,7.92440372334279,1,2
8,22,24,7.22654941520954,3.24003948052218,4.14304739888144,6.25546537011485,7.99077921534785,1,2
8,22,26,7.22654941520954,3.24003948052218,4.60813728950743,5.8255753730691,7.35776083600804,1,2
8,22,28,7.22654941520954,3.24003948052218,3.99321733334187,6.16157629119297,7.85697175897885,1,2
8,22,29,7.22654941520954,3.24003948052218,4.96689121968229,5.56954606755887,7.79367013030706,1,2
8,22,30,7.22654941520954,3.24003948052218,5.28140709724492,5.66206784937778,7.64330753789575,1,2
8,22,31,7.22654941520954,3.24003948052218,4.08994134702823,6.47016344284041,7.69508587208062,1,2
8,22,33,7.22654941520954,3.24003948052218,5.63869534480272,6.18399950233874,7.89243797798775,1,2
8,22,37,7.22654941520954,3.24003948052218,4.930370928511,5.86471603857952,7.92476308800918,1,2
8,22,38,7.22654941520954,3.24003948052218,6.34989061612455,5.99858679422464,7.98754642784088,1,2
8,22,41,7.22654941520954,3.24003948052218,5.47677339067881,5.34118503402193,7.51957160958795,1,2
8,22,42,7.22654941520954,3.24003948052218,3.51590391470299,6.04343623527984,7.76620603343261,1,2
8,22,43,7.22654941520954,3.24003948052218,6.57958535741061,5.89511348032046,7.45163988242934,1,2
8,22,44,7.22654941520954,3.24003948052218,5.96952952423933,6.20560563122759,7.91607594773187,1,2
8,22,45,7.22654941520954,3.24003948052218,4.04194586878574,5.79190620207843,7.68770639871046,1,2
8,22,46,7.22654941520954,3.24003948052218,5.46702465552569,5.36726974398045,7.70757767800644,1,2
8,22,48,7.22654941520954,3.24003948052218,3.76898128009723,5.82345761036314,7.7068268877551,1,2
8,22,49,7.22654941520954,3.24003948052218,6.2598794180619,5.9007476256475,7.80522811620526,1,2
8,22,51,7.22654941520954,3.24003948052218,6.11160010487242,6.86526823739184,8.0189604037773,1,2
8,22,54,7.22654941520954,3.24003948052218,3.78078607563414,5.67751765253652,7.57959141672894,1,2
8,22,55,7.22654941520954,3.24003948052218,5.11592226088905,5.25583582330726,7.66884588799799,1,2
8,22,56,7.22654941520954,3.24003948052218,3.98141208566853,7.32467803455815,8.02199075265916,1,2
8,22,58,7.22654941520954,3.24003948052218,4.99951913350702,5.7537834086895,7.93122736725107,1,2
8,22,61,7.22654941520954,3.24003948052218,5.08071817119933,5.62731203706313,7.64976969425314,1,2
8,22,62,7.22654941520954,3.24003948052218,4.2333412664017,5.25039858932133,7.53284187582782,1,2
8,22,63,7.22654941520954,3.24003948052218,4.69394639688018,5.92200668358526,7.50377439710059,1,2
8,22,65,7.22654941520954,3.24003948052218,4.8962594178671,6.13398359674646,8.11306106958125,1,2
8,22,66,7.22654941520954,3.24003948052218,5.67621057615788,5.57608492282275,7.67631311931631,1,2
8,22,67,7.22654941520954,3.24003948052218,5.54365080944037,5.28018061988115,7.81508873473873,1,2
8,22,69,7.22654941520954,3.24003948052218,5.3281613535961,6.01114875275107,7.87416190524686,1,2
8,22,70,7.22654941520954,3.24003948052218,7.10304834226455,5.39190528715064,7.84304538815301,1,2
8,22,71,7.22654941520954,3.24003948052218,6.89840041008579,5.84712309383406,7.90037334606426,1,2
8,22,78,7.22654941520954,3.24003948052218,4.68348245615619,6.85007634812709,7.84487749591196,1,2
8,22,80,7.22654941520954,3.24003948052218,6.18544689943666,6.38285037720649,7.70779537031262,1,2
8,22,81,7.22654941520954,3.24003948052218,5.90549286122481,5.99557005220073,7.83257997537466,1,2
8,22,82,7.22654941520954,3.24003948052218,4.87400377259606,6.34426543873078,7.81506329505929,1,2
8,22,83,7.22654941520954,3.24003948052218,5.55579630196014,5.67910210161424,8.11116862806693,1,2
8,22,85,7.22654941520954,3.24003948052218,6.07910667255585,6.19930842666964,7.90159586763235,1,2
8,22,86,7.22654941520954,3.24003948052218,2.68015509889171,6.01701689575304,7.83843079655472,1,2
8,22,87,7.22654941520954,3.24003948052218,4.47043546700455,6.68941448519681,7.84307239145279,1,2
8,22,89,7.22654941520954,3.24003948052218,4.14518491503541,5.62899601674964,7.3986436920906,1,2
8,22,90,7.22654941520954,3.24003948052218,5.39558498900027,5.87351663004788,7.55885965755228,1,2
8,23,2,7.22654941520954,3.24003948052218,5.6328290824761,6.0028502198134,8.08361591563896,1,2
8,23,3,7.22654941520954,3.24003948052218,5.39784046307121,6.28477846254281,7.78323373518968,1,2
8,23,6,7.22654941520954,3.24003948052218,4.76185137032852,5.79518866751589,7.60474556678804,1,2
8,23,9,7.22654941520954,3.24003948052218,5.44805223376006,6.09752793479714,7.71148528219226,1,2
8,23,12,7.22654941520954,3.24003948052218,3.71677740044066,5.31072444038971,7.65658896338363,1,2
8,23,15,7.22654941520954,3.24003948052218,6.17371928302016,5.92295454650706,8.03080531674,1,2
8,23,16,7.22654941520954,3.24003948052218,4.19105452666392,4.99573199287263,7.46813515876884,1,2
8,23,17,7.22654941520954,3.24003948052218,3.66459557660987,4.82748827209757,7.5633931276959,1,2
8,23,21,7.22654941520954,3.24003948052218,4.53876363805059,7.02761975693314,7.64635605357042,1,2
8,23,23,7.22654941520954,3.24003948052218,5.73540825421132,6.19964929840067,7.8616511342035,1,2
8,23,24,7.22654941520954,3.24003948052218,5.99230616039644,5.77166182421828,7.69807910383083,1,2
8,23,26,7.22654941520954,3.24003948052218,4.33462408509014,6.27003682183317,7.47992959954647,1,2
8,23,27,7.22654941520954,3.24003948052218,4.61988093466407,5.76101054419981,7.75196096236447,1,2
8,23,28,7.22654941520954,3.24003948052218,5.60991740560874,6.43729998464766,7.7054777333404,1,2
8,23,29,7.22654941520954,3.24003948052218,3.24660514720568,6.47687981364894,7.71206618744722,1,2
8,23,30,7.22654941520954,3.24003948052218,5.30619174459031,5.75983256985848,7.36038985757134,1,2
8,23,31,7.22654941520954,3.24003948052218,5.57079778486897,5.63541908535212,7.5199049597483,1,2
8,23,32,7.22654941520954,3.24003948052218,3.47794193054925,6.25419184976939,7.67693342207588,1,2
8,23,34,7.22654941520954,3.24003948052218,6.16489409851829,5.20720025749972,7.64843463983391,1,2
8,23,35,7.22654941520954,3.24003948052218,5.1566878102182,7.07234410576917,8.12515879106649,1,2
8,23,36,7.22654941520954,3.24003948052218,3.79477315542647,5.72505597052285,7.5233526501132,1,2
8,23,39,7.22654941520954,3.24003948052218,5.81815665320498,6.12486208203675,7.71277340960823,1,2
8,23,40,7.22654941520954,3.24003948052218,3.14277992353898,5.34503666077848,7.53759564091827,1,2
8,23,42,7.22654941520954,3.24003948052218,4.01466089381126,6.56465500812743,7.88940391128482,1,2
8,23,43,7.22654941520954,3.24003948052218,4.39731661545644,5.97011164314487,7.83736020344923,1,2
8,23,48,7.22654941520954,3.24003948052218,4.83972041676329,6.52596024129344,7.76387617027448,1,2
8,23,50,7.22654941520954,3.24003948052218,5.22555765019858,6.22897046008218,7.53770510907906,1,2
8,23,51,7.22654941520954,3.24003948052218,5.74490541485461,6.45888050883194,7.88913047714695,1,2
8,23,52,7.22654941520954,3.24003948052218,5.72598345795877,6.56417127101634,7.68376933582763,1,2
8,23,54,7.22654941520954,3.24003948052218,5.20192739520772,5.63522727045275,7.40307915210854,1,2
8,23,55,7.22654941520954,3.24003948052218,4.5252417013888,5.71479340431688,7.92300977272684,1,2
8,23,57,7.22654941520954,3.24003948052218,4.25984776568477,5.84076258364431,7.74036993138095,1,2
8,23,59,7.22654941520954,3.24003948052218,3.62554630263532,5.48071576609017,7.58719383422752,1,2
8,23,60,7.22654941520954,3.24003948052218,6.84556924232757,6.38823727304042,7.94241976969051,1,2
8,23,63,7.22654941520954,3.24003948052218,4.04062043515066,6.07054993500417,7.62414829932193,1,2
8,23,64,7.22654941520954,3.24003948052218,4.15372426183322,6.04097980816537,7.75000871112974,1,2
8,23,67,7.22654941520954,3.24003948052218,3.74168116698673,5.80512825556714,7.78045758950011,1,2
8,23,68,7.22654941520954,3.24003948052218,4.72883428185623,5.78329647556958,7.5509242151356,1,2
8,23,69,7.22654941520954,3.24003948052218,4.51444036279352,5.83120745645994,7.84683941549896,1,2
8,23,70,7.22654941520954,3.24003948052218,5.70995133831042,6.1595917808844,8.11373577302051,1,2
8,23,73,7.22654941520954,3.24003948052218,4.4695924621286,5.37573830194525,7.80365136457183,1,2
8,23,74,7.22654941520954,3.24003948052218,3.11943383611767,5.63891427809728,7.30594260718004,1,2
8,23,75,7.22654941520954,3.24003948052218,5.31114372517747,7.03850372615836,8.10036828544741,1,2
8,23,77,7.22654941520954,3.24003948052218,4.08243489083443,5.52720362717013,7.50791026085083,1,2
8,23,79,7.22654941520954,3.24003948052218,5.47392167319946,5.78309347381996,7.4746758493013,1,2
8,23,80,7.22654941520954,3.24003948052218,4.75385056229421,5.63105539467512,7.77187154250038,1,2
8,23,82,7.22654941520954,3.24003948052218,5.8885669149718,5.95490476041109,7.86368100745273,1,2
8,23,87,7.22654941520954,3.24003948052218,5.10468658671957,5.86193138977963,7.79384788109128,1,2
8,23,88,7.22654941520954,3.24003948052218,5.06136975488034,5.52794027590511,7.67135168220169,1,2
8,23,90,7.22654941520954,3.24003948052218,5.42261323800032,6.31663704860822,7.84687667103821,1,2
8,23,93,7.22654941520954,3.24003948052218,5.70216451162986,6.13909746934073,8.06391239542137,1,2
8,24,1,7.22654941520954,3.24003948052218,3.47463133399501,5.67729812387348,7.49098679678917,1,2
8,24,3,7.22654941520954,3.24003948052218,4.43462234191054,6.49086439103916,7.38289639299589,1,2
8,24,5,7.22654941520954,3.24003948052218,3.96692055475962,5.49040343628358,7.74184336668473,1,2
8,24,6,7.22654941520954,3.24003948052218,3.29263833574656,6.20130827826604,7.5792198198441,1,2
8,24,8,7.22654941520954,3.24003948052218,5.25449402658842,6.7524316497359,7.78247438015679,1,2
8,24,9,7.22654941520954,3.24003948052218,5.81420798012929,6.046435591034,7.48388933826466,1,2
8,24,12,7.22654941520954,3.24003948052218,4.63673623293403,5.05070683849088,7.37417051799224,1,2
8,24,14,7.22654941520954,3.24003948052218,5.94957806346873,5.76604529602184,7.19552521990051,1,2
8,24,15,7.22654941520954,3.24003948052218,4.22447389228322,6.14314678258639,7.53606732481829,1,2
8,24,16,7.22654941520954,3.24003948052218,6.319189268343,5.80816234761418,7.68459090558011,1,2
8,24,17,7.22654941520954,3.24003948052218,6.21302352397177,5.58745824582334,8.01837468542179,1,2
8,24,19,7.22654941520954,3.24003948052218,5.68226416776716,7.00590475010361,8.43223687943697,1,2
8,24,21,7.22654941520954,3.24003948052218,3.52719366316622,6.52818763765435,7.62799817857363,1,2
8,24,22,7.22654941520954,3.24003948052218,5.53891831574045,5.61164985986063,7.68673888801011,1,2
8,24,23,7.22654941520954,3.24003948052218,4.71546187359554,7.03014661734403,7.93872748277353,1,2
8,24,25,7.22654941520954,3.24003948052218,5.45527152465799,5.86608336075941,7.70064614972014,1,2
8,24,27,7.22654941520954,3.24003948052218,6.52054412870964,6.23498003270398,8.10396799328434,1,2
8,24,28,7.22654941520954,3.24003948052218,5.54381843763755,5.90514158366934,7.48828264829577,1,2
8,24,29,7.22654941520954,3.24003948052218,4.91947353761792,6.21138392554352,7.64611109560539,1,2
8,24,30,7.22654941520954,3.24003948052218,4.4210059129681,5.69248412054947,7.6258741137409,1,2
8,24,32,7.22654941520954,3.24003948052218,4.59545766956565,5.99668999399658,7.45068099164697,1,2
8,24,33,7.22654941520954,3.24003948052218,2.82609921638467,5.14297572299691,7.48516861681171,1,2
8,24,37,7.22654941520954,3.24003948052218,3.65195340223049,5.83794159796524,7.55792081702528,1,2
8,24,39,7.22654941520954,3.24003948052218,3.67851663646852,4.86481287239463,7.63841543169884,1,2
8,24,40,7.22654941520954,3.24003948052218,4.57694681513974,5.2760136891361,7.25043371403571,1,2
8,24,43,7.22654941520954,3.24003948052218,4.16118785219229,6.53458426746319,7.7812167386371,1,2
8,24,44,7.22654941520954,3.24003948052218,5.38070601126943,5.57656912038234,7.7392413473988,1,2
8,24,45,7.22654941520954,3.24003948052218,5.15909646818848,6.15415991076215,7.33083248530452,1,2
8,24,46,7.22654941520954,3.24003948052218,6.27434868553021,6.49272611545593,7.77665324830571,1,2
8,24,47,7.22654941520954,3.24003948052218,4.00499260313498,5.98617687235047,7.81425575530644,1,2
8,24,48,7.22654941520954,3.24003948052218,6.10175848378994,6.41398417220915,7.76464869419918,1,2
8,24,49,7.22654941520954,3.24003948052218,4.84976355807961,6.58532351481142,8.08594082770338,1,2
8,24,50,7.22654941520954,3.24003948052218,5.35413068296004,5.30328372305144,7.63873069649167,1,2
8,24,51,7.22654941520954,3.24003948052218,5.36766001219697,5.991423747592,7.92090340284423,1,2
8,24,52,7.22654941520954,3.24003948052218,4.73418256716002,5.88066073094168,7.50925606862962,1,2
8,24,60,7.22654941520954,3.24003948052218,4.92959982519177,6.85483930202773,7.29747632576414,1,2
8,24,64,7.22654941520954,3.24003948052218,5.15486900473751,5.70144812136326,7.63789354869563,1,2
8,24,65,7.22654941520954,3.24003948052218,5.43759097440465,5.95554990476882,7.46906005848845,1,2
8,24,67,7.22654941520954,3.24003948052218,4.28722626187146,6.38737275626003,7.88947326739264,1,2
8,24,69,7.22654941520954,3.24003948052218,5.78865909689554,6.67992146577439,7.75727599139597,1,2
8,24,70,7.22654941520954,3.24003948052218,5.217581918252,5.97134295458584,7.50487397891819,1,2
8,24,72,7.22654941520954,3.24003948052218,5.70283067858123,5.63386600442152,7.61975152484041,1,2
8,24,74,7.22654941520954,3.24003948052218,6.23888144770483,5.79612252899861,7.74826567290781,1,2
8,24,75,7.22654941520954,3.24003948052218,5.3099139655351,5.87646090485474,7.40921775915957,1,2
8,24,77,7.22654941520954,3.24003948052218,4.25195709889752,6.32542056829596,7.66238029738616,1,2
8,24,78,7.22654941520954,3.24003948052218,4.23164042591056,5.86013199970228,7.56678064412508,1,2
8,24,80,7.22654941520954,3.24003948052218,5.22911986443383,5.45215055796052,7.6671653938176,1,2
8,24,81,7.22654941520954,3.24003948052218,5.55433411616034,6.0997516010736,7.56169503249028,1,2
8,24,83,7.22654941520954,3.24003948052218,4.02314837987655,5.26536904699305,7.22560349348852,1,2
8,24,84,7.22654941520954,3.24003948052218,5.08230269427676,5.88619858848473,7.58549487828256,1,2
8,24,85,7.22654941520954,3.24003948052218,5.41149163326242,5.98913749851142,7.75019464457736,1,2
8,24,87,7.22654941520954,3.24003948052218,5.67408119633904,4.99684083621684,7.37892911832257,1,2
8,24,89,7.22654941520954,3.24003948052218,2.8398503332494,5.83646812611398,7.31215633731208,1,2
8,24,90,7.22654941520954,3.24003948052218,5.77313459013185,6.5596938490144,7.78999015103799,1,2
8,24,93,7.22654941520954,3.24003948052218,2.94733825318167,6.02985901081921,7.64698155167945,1,2
8,24,95,7.22654941520954,3.24003948052218,5.7574053957137,6.46072284714342,7.86020328409739,1,2
8,24,97,7.22654941520954,3.24003948052218,4.91134900752144,5.88465210754208,7.57972644502628,1,2
8,24,98,7.22654941520954,3.24003948052218,5.008448912214,5.73306365413246,7.70110329813369,1,2
8,25,4,7.22654941520954,3.24003948052218,5.05849085031609,6.41571043074914,8.33297067398618,1,2
8,25,5,7.22654941520954,3.24003948052218,4.10913146110098,5.35568386283062,8.16279768951276,1,2
8,25,6,7.22654941520954,3.24003948052218,4.07089515883046,6.72673288956905,7.9418880154685,1,2
8,25,8,7.22654941520954,3.24003948052218,6.88351636516792,6.66358915571138,8.19031739555974,1,2
8,25,9,7.22654941520954,3.24003948052218,6.29728820692445,4.73011107253349,8.0780693744015,1,2
8,25,10,7.22654941520954,3.24003948052218,3.79477266722356,5.71484626798039,8.05898927985486,1,2
8,25,13,7.22654941520954,3.24003948052218,4.6258171050203,5.89225552463503,7.87603585475648,1,2
8,25,14,7.22654941520954,3.24003948052218,4.95996331780328,6.34633586635965,7.72339398809001,1,2
8,25,16,7.22654941520954,3.24003948052218,4.95638568120273,6.41866780648773,8.18828892583403,1,2
8,25,19,7.22654941520954,3.24003948052218,3.67384849214624,5.94379512717913,7.85079471881477,1,2
8,25,20,7.22654941520954,3.24003948052218,2.77602786114192,6.00115905176031,8.03759362400187,1,2
8,25,22,7.22654941520954,3.24003948052218,5.83328540111055,5.40503250296345,7.66068620099281,1,2
8,25,23,7.22654941520954,3.24003948052218,5.61951707421813,5.61690321123655,8.19945286496196,1,2
8,25,27,7.22654941520954,3.24003948052218,4.92121822377473,5.97571039162102,7.92781500048505,1,2
8,25,28,7.22654941520954,3.24003948052218,4.84766361598213,6.38425847411546,7.94062415495301,1,2
8,25,29,7.22654941520954,3.24003948052218,4.44947423075609,5.81697428486735,8.2535705736456,1,2
8,25,30,7.22654941520954,3.24003948052218,5.60006480804387,6.76246913493638,8.29060562704187,1,2
8,25,32,7.22654941520954,3.24003948052218,2.97824808042604,5.49405492057066,7.88393755676929,1,2
8,25,33,7.22654941520954,3.24003948052218,5.04945445677476,6.36471707421399,8.28356033778196,1,2
8,25,38,7.22654941520954,3.24003948052218,3.78018647812632,6.42582479314436,8.0391440493368,1,2
8,25,39,7.22654941520954,3.24003948052218,3.28402639029304,6.07994098196721,7.78185044086856,1,2
8,25,40,7.22654941520954,3.24003948052218,4.66856386459736,5.70100916980711,7.89413520782869,1,2
8,25,43,7.22654941520954,3.24003948052218,5.24043782016904,4.87543242786032,8.15300534818444,1,2
8,25,44,7.22654941520954,3.24003948052218,6.15936615868323,5.37414890066152,8.38882920580367,1,2
8,25,51,7.22654941520954,3.24003948052218,5.10580427770157,6.21481048689317,8.35454323985612,1,2
8,25,53,7.22654941520954,3.24003948052218,5.68925740140511,5.11109400393863,7.88303258737028,1,2
8,25,54,7.22654941520954,3.24003948052218,5.62141651049819,5.95443702534131,8.05850314997986,1,2
8,25,57,7.22654941520954,3.24003948052218,4.30457284711177,6.49124742182865,8.2998257276023,1,2
8,25,59,7.22654941520954,3.24003948052218,5.24896211491833,5.77371186090538,8.05774286141151,1,2
8,25,61,7.22654941520954,3.24003948052218,4.0686969308026,6.23519883129531,8.00167952298578,1,2
8,25,63,7.22654941520954,3.24003948052218,4.49199735068509,6.81589447301957,7.85547404790123,1,2
8,25,65,7.22654941520954,3.24003948052218,4.29946346467544,5.80285431658142,8.01176952487942,1,2
8,25,67,7.22654941520954,3.24003948052218,2.94375254200914,6.52479526678381,7.80115853211684,1,2
8,25,70,7.22654941520954,3.24003948052218,3.38450394344169,5.99715317590072,7.85651956783833,1,2
8,25,72,7.22654941520954,3.24003948052218,5.52798778327219,6.29221873070506,7.94338319615062,1,2
8,25,73,7.22654941520954,3.24003948052218,4.74554092340907,5.61092885111749,8.32112087618596,1,2
8,25,74,7.22654941520954,3.24003948052218,5.22713951673637,6.52452914898777,8.14970607955663,1,2
8,25,78,7.22654941520954,3.24003948052218,5.05814233776237,6.43327319523253,8.03310655115528,1,2
8,25,79,7.22654941520954,3.24003948052218,3.99160743863925,6.48704609340088,8.00452991516376,1,2
8,25,80,7.22654941520954,3.24003948052218,5.68175706593735,5.86331778863606,8.00206467038089,1,2
8,25,81,7.22654941520954,3.24003948052218,5.04284616137684,6.20384902190852,8.12974387151557,1,2
8,25,83,7.22654941520954,3.24003948052218,5.29231092247872,6.11200621317006,7.97942852294422,1,2
8,25,84,7.22654941520954,3.24003948052218,4.07382256916801,5.80524690912968,7.88581307512514,1,2
8,25,85,7.22654941520954,3.24003948052218,5.35958848398531,6.27221239244038,8.36983900557884,1,2
8,25,86,7.22654941520954,3.24003948052218,5.73173295807833,5.94729138641841,8.16045022630393,1,2
8,25,88,7.22654941520954,3.24003948052218,6.64325774624316,6.21238079403201,8.34500363329829,1,2
8,25,89,7.22654941520954,3.24003948052218,4.69218289961609,6.55658044728838,7.79937061741587,1,2
8,26,1,7.22654941520954,3.24003948052218,4.34994094054273,6.37290173614748,8.33110334541548,1,2
8,26,7,7.22654941520954,3.24003948052218,5.54008092101844,6.26920132426687,8.54837835254087,1,2
8,26,10,7.22654941520954,3.24003948052218,6.80164884552146,6.15169730730025,8.48941038503746,1,2
8,26,13,7.22654941520954,3.24003948052218,5.97534252031144,6.23967527527628,8.6693409849486,1,2
8,26,16,7.22654941520954,3.24003948052218,5.84718744879044,5.77076195419747,8.12933120005768,1,2
8,26,17,7.22654941520954,3.24003948052218,3.98750872020034,5.06266116970486,7.6048550946056,1,2
8,26,19,7.22654941520954,3.24003948052218,5.59560787512031,5.94855314124699,8.16091838771834,1,2
8,26,20,7.22654941520954,3.24003948052218,6.06939172966276,5.44160593296916,8.08756401846963,1,2
8,26,22,7.22654941520954,3.24003948052218,4.88457910801333,6.149031226237,8.23308130128098,1,2
8,26,26,7.22654941520954,3.24003948052218,4.74592332712313,5.53582369573852,8.06019021832192,1,2
8,26,29,7.22654941520954,3.24003948052218,4.73477802543839,6.94066880931702,8.49752663704381,1,2
8,26,32,7.22654941520954,3.24003948052218,5.70929187458603,5.70458554154192,8.20016946752864,1,2
8,26,33,7.22654941520954,3.24003948052218,5.40915054885979,6.64522025499242,8.25669668700927,1,2
8,26,35,7.22654941520954,3.24003948052218,5.62963506418882,6.15960902303051,8.12983797823405,1,2
8,26,37,7.22654941520954,3.24003948052218,4.1528910957987,6.02442946071039,8.32967405524259,1,2
8,26,39,7.22654941520954,3.24003948052218,5.53273919006051,5.81116591713676,8.52099293901413,1,2
8,26,40,7.22654941520954,3.24003948052218,4.15321786662467,6.2022898583846,7.90030752490889,1,2
8,26,42,7.22654941520954,3.24003948052218,4.4613331811736,6.13602226962071,8.14021993702757,1,2
8,26,43,7.22654941520954,3.24003948052218,4.86455281434818,6.00152377011164,8.140537188894,1,2
8,26,46,7.22654941520954,3.24003948052218,4.97393951735375,4.91134994112872,8.31658722725144,1,2
8,26,48,7.22654941520954,3.24003948052218,5.73656975721318,6.998081564075,8.43002319903069,1,2
8,26,49,7.22654941520954,3.24003948052218,4.26110167197867,7.09473952988015,8.37278504860676,1,2
8,26,50,7.22654941520954,3.24003948052218,6.24273425131264,6.15043168023932,8.37425754185092,1,2
8,26,52,7.22654941520954,3.24003948052218,4.9463166265411,4.7804548705556,8.08921190258911,1,2
8,26,53,7.22654941520954,3.24003948052218,4.67353608466143,5.47576148993402,8.44372501381068,1,2
8,26,55,7.22654941520954,3.24003948052218,5.29063173039824,6.95484818049597,8.54052056617216,1,2
8,26,57,7.22654941520954,3.24003948052218,2.84378811853029,6.95810939226051,8.13320845732975,1,2
8,26,58,7.22654941520954,3.24003948052218,5.75518190898235,5.43025868298835,8.39343891543066,1,2
8,26,63,7.22654941520954,3.24003948052218,4.73262500391036,6.15103997758102,8.29141889828569,1,2
8,26,64,7.22654941520954,3.24003948052218,4.84318120165842,5.35860221348622,8.21022822660047,1,2
8,26,65,7.22654941520954,3.24003948052218,6.23922968005026,6.12980602688343,8.35423229081253,1,2
8,26,66,7.22654941520954,3.24003948052218,8.07427480115848,6.14265346542737,8.30038320848404,1,2
8,26,67,7.22654941520954,3.24003948052218,6.21964034836736,5.81053136200763,8.54584579990654,1,2
8,26,68,7.22654941520954,3.24003948052218,6.29848834545917,5.66079436456839,8.08071141624257,1,2
8,26,70,7.22654941520954,3.24003948052218,4.9647714688433,6.24486918473256,8.23734942377537,1,2
8,26,72,7.22654941520954,3.24003948052218,3.48116265643702,6.81475309251523,8.4219835523605,1,2
8,26,74,7.22654941520954,3.24003948052218,5.24732365521472,6.70839865397122,8.4355490742543,1,2
8,26,75,7.22654941520954,3.24003948052218,5.62287880953401,5.32921518196255,8.37146475358509,1,2
8,26,76,7.22654941520954,3.24003948052218,6.42508354514198,6.15242089381707,8.5845126568505,1,2
8,27,2,7.22654941520954,3.24003948052218,4.22532237544344,6.51631860578974,8.184257537487,1,2
8,27,3,7.22654941520954,3.24003948052218,3.67758610375256,6.32267757727997,7.79410193969142,1,2
8,27,5,7.22654941520954,3.24003948052218,5.65434091095253,6.53054902804591,8.17996954975357,1,2
8,27,6,7.22654941520954,3.24003948052218,3.70585916024875,5.84995969640448,8.25645038068357,1,2
8,27,7,7.22654941520954,3.24003948052218,5.0457809704405,5.45093706763731,8.09822070656138,1,2
8,27,8,7.22654941520954,3.24003948052218,5.66997253936044,5.87149954274997,7.88487697134069,1,2
8,27,10,7.22654941520954,3.24003948052218,4.31794398160943,6.20304142637413,7.7643500802364,1,2
8,27,20,7.22654941520954,3.24003948052218,5.78625275068944,6.11169300595616,8.2173974490367,1,2
8,27,22,7.22654941520954,3.24003948052218,4.43011323586736,5.81618550224659,7.81886833393737,1,2
8,27,23,7.22654941520954,3.24003948052218,4.79298541942175,5.77491336760633,8.57111237285194,1,2
8,27,27,7.22654941520954,3.24003948052218,2.6311913715346,6.27761880706482,7.93373227350678,1,2
8,27,31,7.22654941520954,3.24003948052218,3.5551970100096,5.28551463926964,7.87683325435961,1,2
8,27,33,7.22654941520954,3.24003948052218,4.34205937314944,5.60753261568057,8.17043195651443,1,2
8,27,34,7.22654941520954,3.24003948052218,7.82497936665031,6.47091461579967,8.68315504523285,1,2
8,27,37,7.22654941520954,3.24003948052218,5.71048364721721,6.26009200687111,8.21548422941818,1,2
8,27,38,7.22654941520954,3.24003948052218,4.65499115848948,6.06235983847093,7.99476596709239,1,2
8,27,40,7.22654941520954,3.24003948052218,4.92441460187194,5.96213696232376,8.21603525816145,1,2
8,27,41,7.22654941520954,3.24003948052218,4.65954634201262,5.77169029919888,8.18200054650642,1,2
8,27,43,7.22654941520954,3.24003948052218,3.46950099690344,6.03663886694154,7.77030349068872,1,2
8,27,47,7.22654941520954,3.24003948052218,5.35822201207288,5.86336500143558,8.09306244129347,1,2
8,27,48,7.22654941520954,3.24003948052218,5.55878462813514,5.70656103487921,8.25141142617828,1,2
8,27,50,7.22654941520954,3.24003948052218,5.0483555521708,5.18965168370726,8.17663295947406,1,2
8,27,55,7.22654941520954,3.24003948052218,3.0167865288809,5.95717372188449,7.64199007073268,1,2
8,27,57,7.22654941520954,3.24003948052218,4.60518950404547,5.75243679083791,8.19361310292486,1,2
8,27,58,7.22654941520954,3.24003948052218,6.29428766725293,6.22538730905144,8.19717346001659,1,2
8,27,62,7.22654941520954,3.24003948052218,5.20286119420917,6.32722722264961,7.99421919787386,1,2
8,27,64,7.22654941520954,3.24003948052218,4.49515658205615,5.92265943767745,7.97209077519025,1,2
8,27,66,7.22654941520954,3.24003948052218,5.06037362484835,6.6926273456297,8.39012457372938,1,2
8,28,1,7.22654941520954,3.24003948052218,7.75111965333074,5.27049494534148,8.41737593962498,1,2
8,28,3,7.22654941520954,3.24003948052218,6.62593454069032,5.7982135193283,8.08267738854592,1,2
8,28,4,7.22654941520954,3.24003948052218,5.85129582844868,5.28697180759258,8.36017829576319,1,2
8,28,5,7.22654941520954,3.24003948052218,3.63881017421085,5.81190703505753,8.09020495678691,1,2
8,28,6,7.22654941520954,3.24003948052218,5.96276251733286,5.98632062085632,8.74231161462422,1,2
8,28,9,7.22654941520954,3.24003948052218,4.73916600376437,6.23850177262559,8.30627779615665,1,2
8,28,10,7.22654941520954,3.24003948052218,5.81732944072064,5.84196320717879,8.76736678403995,1,2
8,28,11,7.22654941520954,3.24003948052218,5.28928791388248,6.32257550789192,8.6502484689403,1,2
8,28,12,7.22654941520954,3.24003948052218,5.1346140660564,6.28573757668155,8.60933170165915,1,2
8,28,13,7.22654941520954,3.24003948052218,1.80319978792833,5.64515782507871,7.65185246590492,1,2
8,28,14,7.22654941520954,3.24003948052218,2.52621609697008,5.42526102463772,8.04437751705788,1,2
8,28,17,7.22654941520954,3.24003948052218,3.39856798797944,5.97958354263581,7.92488414780113,1,2
8,28,18,7.22654941520954,3.24003948052218,5.18212115970476,5.87374243421271,8.02630747075668,1,2
8,28,20,7.22654941520954,3.24003948052218,4.87689314570684,6.50937215007418,8.16449804514534,1,2
8,28,24,7.22654941520954,3.24003948052218,3.03320639177695,5.51324780689367,7.9631435530893,1,2
8,28,25,7.22654941520954,3.24003948052218,4.03537008492396,5.71877461218884,8.3912494699846,1,2
8,28,26,7.22654941520954,3.24003948052218,3.64649883327613,6.23801003765515,8.1607517196292,1,2
8,28,28,7.22654941520954,3.24003948052218,4.91984648217086,5.89684154452604,7.99117310372424,1,2
8,28,29,7.22654941520954,3.24003948052218,3.89489593330142,6.22197524429224,8.61713519036758,1,2
8,28,31,7.22654941520954,3.24003948052218,6.31291589594865,6.85654618053742,8.76118949544439,1,2
8,28,35,7.22654941520954,3.24003948052218,4.65161728831824,5.86556431715681,8.42590316751238,1,2
8,28,36,7.22654941520954,3.24003948052218,6.82959759116057,5.70082133453788,8.44219221208098,1,2
8,28,37,7.22654941520954,3.24003948052218,5.29948371039343,5.32217577204206,8.32874688037892,1,2
8,28,43,7.22654941520954,3.24003948052218,5.39788387598343,5.73064798403552,8.59558395572323,1,2
8,28,44,7.22654941520954,3.24003948052218,4.16614221239836,6.49711545859264,8.94184202009368,1,2
8,28,45,7.22654941520954,3.24003948052218,5.40482782479771,6.32762253626102,8.26997631595009,1,2
8,28,46,7.22654941520954,3.24003948052218,3.27900676009409,6.89594766960685,8.39234886761537,1,2
8,28,48,7.22654941520954,3.24003948052218,5.32533976679749,6.53528324258923,8.29930330861033,1,2
8,28,49,7.22654941520954,3.24003948052218,5.88664499311878,5.97989134745975,8.43722932117705,1,2
8,28,50,7.22654941520954,3.24003948052218,2.9074568458183,6.00980316998366,7.99305438652187,1,2
8,28,52,7.22654941520954,3.24003948052218,4.59751655330399,5.56228585730343,8.23682958221975,1,2
8,28,53,7.22654941520954,3.24003948052218,5.74150214629439,6.45169470322728,8.94953288221906,1,2
8,28,55,7.22654941520954,3.24003948052218,6.02651695058,5.59744366583261,8.45978890190698,1,2
8,28,58,7.22654941520954,3.24003948052218,6.32033487589151,5.8263382242149,8.29263180914795,1,2
8,28,65,7.22654941520954,3.24003948052218,4.66733873423974,6.22617824343611,8.62562472124502,1,2
8,28,67,7.22654941520954,3.24003948052218,6.58944325394517,5.31065309878857,8.59877319771449,1,2
8,28,71,7.22654941520954,3.24003948052218,5.47208642515108,6.20813859366437,8.18739766972384,1,2
8,29,2,7.22654941520954,3.24003948052218,4.2552048986001,5.31580044571133,8.23089455681795,1,2
8,29,4,7.22654941520954,3.24003948052218,5.64521827950884,6.22851790878143,8.08076453324298,1,2
8,29,5,7.22654941520954,3.24003948052218,6.10049212582035,6.03321273483329,8.9177955737338,1,2
8,29,6,7.22654941520954,3.24003948052218,3.64708825046162,6.60021718019593,8.654443264498,1,2
8,29,7,7.22654941520954,3.24003948052218,4.16246548129427,6.71039795492583,8.38135079949444,1,2
8,29,8,7.22654941520954,3.24003948052218,6.00613006555875,5.95167764133381,8.41482867269925,1,2
8,29,10,7.22654941520954,3.24003948052218,5.09654977063241,6.1440458614248,8.37397814598507,1,2
8,29,11,7.22654941520954,3.24003948052218,5.65490058704011,6.07366310031834,8.58593835841503,1,2
8,29,16,7.22654941520954,3.24003948052218,5.60578622206016,5.77508857404256,8.62064080052359,1,2
8,29,19,7.22654941520954,3.24003948052218,4.45479350697605,5.0360808255512,8.58390194573627,1,2
8,29,26,7.22654941520954,3.24003948052218,3.70715010586471,5.85583958060431,8.83060664866167,1,2
8,29,31,7.22654941520954,3.24003948052218,4.10695552919392,7.31978225871189,8.57546505161525,1,2
8,29,32,7.22654941520954,3.24003948052218,4.95198934217673,7.08976699141366,8.65052368585243,1,2
8,29,34,7.22654941520954,3.24003948052218,3.82590291617281,6.10998727815336,8.59066374624868,1,2
8,29,37,7.22654941520954,3.24003948052218,5.51512851569199,7.24847465054465,8.64893950543341,1,2
8,29,39,7.22654941520954,3.24003948052218,5.73184264320023,6.01452085024474,8.8107395513616,1,2
8,29,40,7.22654941520954,3.24003948052218,5.6680067986142,5.68629743861725,8.35040776191875,1,2
8,29,44,7.22654941520954,3.24003948052218,5.69178634216486,5.98909078297433,8.54941015300086,1,2
8,29,45,7.22654941520954,3.24003948052218,4.96413583613973,7.00675118501852,8.66216095797125,1,2
8,29,46,7.22654941520954,3.24003948052218,4.49921003376426,5.6730618810148,8.21494887322617,1,2
8,29,50,7.22654941520954,3.24003948052218,6.33151056435797,5.6815662444543,8.45918961176254,1,2
8,29,56,7.22654941520954,3.24003948052218,4.67358021438344,5.4755683185256,8.48392620685527,1,2
8,29,59,7.22654941520954,3.24003948052218,5.45604269099859,6.27012002391466,8.53211582449077,1,2
8,29,62,7.22654941520954,3.24003948052218,5.65671772854826,5.82579960015829,8.40989489526724,1,2
8,29,64,7.22654941520954,3.24003948052218,5.47062153573472,6.61677843009294,8.38645984167312,1,2
8,29,65,7.22654941520954,3.24003948052218,5.32579947812686,5.85801595445756,8.42739083413056,1,2
8,29,66,7.22654941520954,3.24003948052218,4.85419122577244,4.73882176818898,8.5049179348802,1,2
8,29,69,7.22654941520954,3.24003948052218,3.13678581636038,5.83420968596729,8.59478369415806,1,2
8,29,71,7.22654941520954,3.24003948052218,4.54213100529877,6.61972361684128,8.08850192923447,1,2
8,29,72,7.22654941520954,3.24003948052218,4.32024093377792,5.61203354650605,8.42255436759329,1,2
8,29,73,7.22654941520954,3.24003948052218,2.24723628143021,5.95999780254211,8.16449275274317,1,2
8,29,74,7.22654941520954,3.24003948052218,3.27700047891168,6.39149359483718,8.35056703788449,1,2
8,29,75,7.22654941520954,3.24003948052218,3.65167745122238,5.70390469117151,7.86971332005149,1,2
8,29,76,7.22654941520954,3.24003948052218,5.57480974928117,6.71876520255313,8.33183234987191,1,2
8,30,2,7.22654941520954,3.24003948052218,4.03622335005971,5.42167146040614,8.28906877074049,1,2
8,30,4,7.22654941520954,3.24003948052218,6.00673604511116,7.03180409781871,8.6695950860978,1,2
8,30,6,7.22654941520954,3.24003948052218,3.15650730390825,5.38467372871695,7.93102025778196,1,2
8,30,8,7.22654941520954,3.24003948052218,4.59802541060044,6.5846259053809,8.14263498153952,1,2
8,30,12,7.22654941520954,3.24003948052218,6.78684083564762,6.30129968090505,8.75227694663114,1,2
8,30,14,7.22654941520954,3.24003948052218,4.08281720268034,5.9104483257302,8.60149674561135,1,2
8,30,15,7.22654941520954,3.24003948052218,4.28258875309627,6.12268883602497,8.12229068546948,1,2
8,30,16,7.22654941520954,3.24003948052218,5.23370124308904,6.03987991376235,8.56160831962198,1,2
8,30,17,7.22654941520954,3.24003948052218,6.42535942882065,7.19911036969172,8.6018184121618,1,2
8,30,19,7.22654941520954,3.24003948052218,4.65078429566231,6.41531227099248,8.37596040669272,1,2
8,30,20,7.22654941520954,3.24003948052218,4.82503407658009,6.184127621233,7.81951751155162,1,2
8,30,21,7.22654941520954,3.24003948052218,5.09878067779057,6.27062848020715,8.66893815082821,1,2
8,30,22,7.22654941520954,3.24003948052218,5.23006473974042,6.63348780125706,8.67653137471798,1,2
8,30,23,7.22654941520954,3.24003948052218,4.12213070742159,5.79438736189447,8.29570377834766,1,2
8,30,24,7.22654941520954,3.24003948052218,5.22130393684959,5.9842316349341,8.1471402107741,1,2
8,30,28,7.22654941520954,3.24003948052218,4.49138264499751,5.9881151475851,8.40826143044617,1,2
8,30,34,7.22654941520954,3.24003948052218,3.54214265376221,6.09718214098004,8.70106887193835,1,2
8,30,36,7.22654941520954,3.24003948052218,5.8260162459146,6.16469480913395,8.72617344192049,1,2
8,30,42,7.22654941520954,3.24003948052218,2.82726537784502,6.3315409294898,8.05721749410891,1,2
8,30,43,7.22654941520954,3.24003948052218,4.15407177324487,5.68583912209391,8.51216253286383,1,2
8,30,44,7.22654941520954,3.24003948052218,3.06393493619302,6.42714233529229,8.61390537138562,1,2
8,30,45,7.22654941520954,3.24003948052218,6.34911537886512,5.65472381264915,8.39457872146823,1,2
8,30,50,7.22654941520954,3.24003948052218,6.31292581268935,6.11018469665945,8.61796188471472,1,2
8,30,51,7.22654941520954,3.24003948052218,3.3627778115777,5.69647897507952,8.18189290718567,1,2
8,30,52,7.22654941520954,3.24003948052218,5.78298049748936,5.5460240278905,8.50114870837505,1,2
8,30,53,7.22654941520954,3.24003948052218,7.5549365110031,5.49440341021209,8.70506335737415,1,2
8,30,56,7.22654941520954,3.24003948052218,3.97329715673195,5.90710668733555,7.95083533951033,1,2
8,30,58,7.22654941520954,3.24003948052218,4.21813516836952,6.41689535812466,8.68035431641927,1,2
8,30,59,7.22654941520954,3.24003948052218,4.16841921431658,5.28078928392159,8.05111664313563,1,2
8,30,60,7.22654941520954,3.24003948052218,6.0512416978543,5.6104204821395,8.77320098899265,1,2
8,30,62,7.22654941520954,3.24003948052218,7.13855464694277,5.86689998812604,8.50219604132953,1,2
8,30,63,7.22654941520954,3.24003948052218,5.21564280077003,5.46471244348068,8.45907528091973,1,2
8,30,64,7.22654941520954,3.24003948052218,1.98503051603638,5.81791294120617,8.09065825078276,1,2
8,30,66,7.22654941520954,3.24003948052218,4.83745842670969,5.87042323814676,8.52452558735515,1,2
8,30,67,7.22654941520954,3.24003948052218,3.67750716180457,6.1284955446173,8.53418245695417,1,2
8,30,68,7.22654941520954,3.24003948052218,4.22492668694756,6.35844695004349,8.69367836350854,1,2
8,31,3,7.22654941520954,3.24003948052218,5.32796103740717,6.09669095265077,8.20005345888037,1,2
8,31,8,7.22654941520954,3.24003948052218,3.22046838550281,6.75113232505384,8.12678400579871,1,2
8,31,10,7.22654941520954,3.24003948052218,4.51602425620195,6.33811238625652,8.53366891292233,1,2
8,31,11,7.22654941520954,3.24003948052218,5.20125153741947,5.68625992747813,8.46618814581153,1,2
8,31,13,7.22654941520954,3.24003948052218,3.34495813904212,6.82451612240786,8.35631488237847,1,2
8,31,14,7.22654941520954,3.24003948052218,4.21269806620913,5.80669476790147,8.43708337938644,1,2
8,31,15,7.22654941520954,3.24003948052218,6.38596052651986,5.50317959382947,8.80999272595615,1,2
8,31,16,7.22654941520954,3.24003948052218,4.60823196647923,5.61916206226987,8.15771897175327,1,2
8,31,17,7.22654941520954,3.24003948052218,5.56902937382597,6.00103322365459,8.40832341400231,1,2
8,31,18,7.22654941520954,3.24003948052218,4.08816317837818,6.46167870833612,8.36916908627006,1,2
8,31,20,7.22654941520954,3.24003948052218,6.32960636187804,6.80181080937185,8.76605505270738,1,2
8,31,21,7.22654941520954,3.24003948052218,2.37181654347336,7.21366481929314,8.16979255586903,1,2
8,31,24,7.22654941520954,3.24003948052218,4.95812307574821,6.07519838224714,8.18499747907111,1,2
8,31,27,7.22654941520954,3.24003948052218,5.31075050480689,5.9274754956931,8.92616556769406,1,2
8,31,31,7.22654941520954,3.24003948052218,3.85242917327653,6.00036727916521,8.42805225268338,1,2
8,31,34,7.22654941520954,3.24003948052218,4.95038272924179,6.41144258532336,8.8147434983766,1,2
8,31,35,7.22654941520954,3.24003948052218,5.66470912082666,6.5946870131279,8.84939520831479,1,2
8,31,38,7.22654941520954,3.24003948052218,4.14965801984781,5.93800121548862,8.59329159770869,1,2
8,31,39,7.22654941520954,3.24003948052218,5.39055327759273,5.79094310123318,8.7688642679853,1,2
8,31,43,7.22654941520954,3.24003948052218,5.48578218717173,5.68279549848388,8.32927847135143,1,2
8,31,44,7.22654941520954,3.24003948052218,4.34904224594863,6.2486057065895,8.73685350467264,1,2
8,31,46,7.22654941520954,3.24003948052218,3.89143576073063,6.37972744395614,8.65895080705663,1,2
8,31,51,7.22654941520954,3.24003948052218,6.74531183269727,6.14064341058879,8.92111969496529,1,2
8,31,53,7.22654941520954,3.24003948052218,5.06217400877111,5.98051452422999,8.24823894771558,1,2
8,31,55,7.22654941520954,3.24003948052218,6.36332965993256,4.56135375023526,8.48980640448958,1,2
8,31,57,7.22654941520954,3.24003948052218,7.23162925954512,5.51698116749777,8.2626235128338,1,2
8,31,60,7.22654941520954,3.24003948052218,4.35860624583737,5.98966375983023,8.53064306485448,1,2
8,31,62,7.22654941520954,3.24003948052218,4.76648351538014,5.75093192640903,8.40326501465545,1,2
8,31,63,7.22654941520954,3.24003948052218,3.92715773047807,6.33342200715684,8.82423501900635,1,2
8,31,64,7.22654941520954,3.24003948052218,4.05195054885028,6.89403590150002,8.48511655683988,1,2
8,31,65,7.22654941520954,3.24003948052218,5.05035068805727,5.99823244780496,8.56297215007172,1,2
8,31,66,7.22654941520954,3.24003948052218,3.07741835684947,6.57827696163976,8.39603832117331,1,2
8,31,68,7.22654941520954,3.24003948052218,4.55590396563702,5.67379574294966,8.20873838375615,1,2
8,31,70,7.22654941520954,3.24003948052218,5.13526436392184,6.40677184280035,8.57964131138997,1,2
8,31,71,7.22654941520954,3.24003948052218,4.66955958823179,5.72243535137098,8.51485078760896,1,2
8,31,72,7.22654941520954,3.24003948052218,4.57731404317369,6.57126949394303,8.8039697165587,1,2
8,31,74,7.22654941520954,3.24003948052218,4.4819259384419,6.17000473179852,8.62353227914608,1,2
8,31,76,7.22654941520954,3.24003948052218,5.60509258155277,5.64982394524227,8.53508548908969,1,2
8,31,77,7.22654941520954,3.24003948052218,6.77410546086126,6.4456603789278,8.4283484849264,1,2
8,31,78,7.22654941520954,3.24003948052218,4.00482877935687,6.3647822959919,8.37598244400857,1,2
8,31,81,7.22654941520954,3.24003948052218,4.43078813175097,5.89121761328383,8.29704094274423,1,2
8,32,2,7.22654941520954,3.24003948052218,6.64710799113309,6.39298631794108,8.9960652414832,1,2
8,32,4,7.22654941520954,3.24003948052218,4.95351240701191,6.17086816509358,8.5474191167456,1,2
8,32,5,7.22654941520954,3.24003948052218,4.47669458102852,5.91943074297571,9.00039904799443,1,2
8,32,6,7.22654941520954,3.24003948052218,3.73636714216826,5.78996279257464,8.34693051874798,1,2
8,32,8,7.22654941520954,3.24003948052218,5.55761906308449,5.89544991299968,8.75959894912392,1,2
8,32,9,7.22654941520954,3.24003948052218,4.5954692858188,6.19982444637798,8.38311873790615,1,2
8,32,10,7.22654941520954,3.24003948052218,5.73129019306189,5.04749646223492,8.91215993615687,1,2
8,32,12,7.22654941520954,3.24003948052218,4.74481832142191,6.84808233730277,9.33495472219058,1,2
8,32,13,7.22654941520954,3.24003948052218,4.84131252197379,4.82279654892817,8.7187297898407,1,2
8,32,14,7.22654941520954,3.24003948052218,5.24959411593709,6.58767909775058,8.85616786672018,1,2
8,32,16,7.22654941520954,3.24003948052218,4.03867781182378,6.09387912805265,8.62556200205069,1,2
8,32,17,7.22654941520954,3.24003948052218,4.88130141017037,5.24314130712209,8.61406660392282,1,2
8,32,21,7.22654941520954,3.24003948052218,5.25268511356865,5.02890497859523,8.46594114111017,1,2
8,32,23,7.22654941520954,3.24003948052218,5.08099784206762,5.75432455398895,8.76836012052629,1,2
8,32,25,7.22654941520954,3.24003948052218,3.61751997623322,5.03311648498458,8.21266580864656,1,2
8,32,26,7.22654941520954,3.24003948052218,5.56938332608248,5.52066633887327,8.8419801632404,1,2
8,32,27,7.22654941520954,3.24003948052218,4.23208681357407,5.44542205030213,8.74400202529535,1,2
8,32,29,7.22654941520954,3.24003948052218,5.56474180231417,5.94175614872263,9.05383291656221,1,2
8,32,30,7.22654941520954,3.24003948052218,5.16536556961746,5.94538493984774,9.2338872256776,1,2
8,32,31,7.22654941520954,3.24003948052218,5.73671358755541,6.4046292036882,8.91344203178996,1,2
8,32,36,7.22654941520954,3.24003948052218,6.81177610722737,6.24061635512848,9.02147691847783,1,2
8,32,37,7.22654941520954,3.24003948052218,5.01103764895009,4.81465452921203,8.66560317046201,1,2
8,32,40,7.22654941520954,3.24003948052218,4.63011147506048,6.57268346454964,8.41675040147668,1,2
8,32,42,7.22654941520954,3.24003948052218,6.52652895006956,5.91864396232633,9.11804262350574,1,2
8,32,43,7.22654941520954,3.24003948052218,4.04612535484565,6.46125031405367,8.5063048662136,1,2
8,32,44,7.22654941520954,3.24003948052218,5.43114189305851,6.1134018219184,8.90613589549006,1,2
8,32,48,7.22654941520954,3.24003948052218,5.80238203583194,6.15136756552086,8.99122311426525,1,2
8,32,51,7.22654941520954,3.24003948052218,4.16640499564086,5.75362861378417,8.89580430574116,1,2
8,32,52,7.22654941520954,3.24003948052218,4.80851105294918,4.60256024391786,8.84390416717408,1,2
8,32,55,7.22654941520954,3.24003948052218,5.11839473146463,6.27230302470512,8.98177081025515,1,2
8,32,56,7.22654941520954,3.24003948052218,3.95871962718967,5.84612786738648,8.79953759108663,1,2
8,32,62,7.22654941520954,3.24003948052218,5.67440871091609,5.99095541676856,8.63996166327416,1,2
8,32,64,7.22654941520954,3.24003948052218,4.82113266241552,6.62191587860567,8.67424686243304,1,2
8,32,65,7.22654941520954,3.24003948052218,4.8138450576457,6.1122842039422,8.23825228647934,1,2
8,32,66,7.22654941520954,3.24003948052218,4.07932108275344,6.43540853157885,9.36058533105753,1,2
8,32,69,7.22654941520954,3.24003948052218,5.61228280934776,6.77705918698457,8.79328445299629,1,2
8,32,70,7.22654941520954,3.24003948052218,4.27102975601366,6.2509649950312,8.53577881071159,1,2
8,32,71,7.22654941520954,3.24003948052218,6.16947333100168,6.7545586502308,9.03085918137613,1,2
8,32,75,7.22654941520954,3.24003948052218,4.88575143719032,5.60927416269404,8.4643933813247,1,2
8,32,78,7.22654941520954,3.24003948052218,2.7226347788827,4.93291087186554,8.44087906640298,1,2
8,32,80,7.22654941520954,3.24003948052218,4.5109800107854,6.2689092496713,8.44464796311224,1,2
8,33,1,7.22654941520954,3.24003948052218,3.55880666539061,5.54744977339964,8.50188178549689,1,2
8,33,3,7.22654941520954,3.24003948052218,3.46626132627611,6.91063558001836,8.42013160195768,1,2
8,33,4,7.22654941520954,3.24003948052218,4.92775225494196,5.90954924904116,8.43411430296702,1,2
8,33,5,7.22654941520954,3.24003948052218,4.62538082014423,5.92090359375312,8.90842958196675,1,2
8,33,7,7.22654941520954,3.24003948052218,3.85403177215079,6.2198553793454,8.77077262022816,1,2
8,33,9,7.22654941520954,3.24003948052218,6.26102104407715,5.82977588044096,8.77934096957451,1,2
8,33,11,7.22654941520954,3.24003948052218,5.37678531811309,6.75010766912182,8.74630246420508,1,2
8,33,12,7.22654941520954,3.24003948052218,5.08859005891503,6.47352872300224,8.69547555264728,1,2
8,33,14,7.22654941520954,3.24003948052218,6.87630835472264,5.4931268379479,8.85421203293149,1,2
8,33,16,7.22654941520954,3.24003948052218,5.73171389822817,6.22559143372391,8.32847980354237,1,2
8,33,17,7.22654941520954,3.24003948052218,3.66501626543124,5.56465647258656,8.39165453510077,1,2
8,33,18,7.22654941520954,3.24003948052218,4.13202131427997,5.53717835481617,8.45061985541774,1,2
8,33,21,7.22654941520954,3.24003948052218,5.74870065149818,5.60015233077306,8.58703799950585,1,2
8,33,22,7.22654941520954,3.24003948052218,4.09507581197469,5.72507544928681,8.075590009528,1,2
8,33,25,7.22654941520954,3.24003948052218,5.32722606184245,6.20565063970921,9.02146368839505,1,2
8,33,27,7.22654941520954,3.24003948052218,4.7171854407349,5.51780276326808,8.70472881425821,1,2
8,33,31,7.22654941520954,3.24003948052218,5.30039196098973,5.39253986796097,8.53334606082942,1,2
8,33,33,7.22654941520954,3.24003948052218,4.31166761240544,5.76387526799246,8.39704324229584,1,2
8,33,34,7.22654941520954,3.24003948052218,5.57673445581109,5.35378073971723,8.84886723069525,1,2
8,33,35,7.22654941520954,3.24003948052218,3.64259533387348,7.28830661927784,8.02549996107966,1,2
8,33,36,7.22654941520954,3.24003948052218,4.31133039999324,5.72781024183403,8.98781459456078,1,2
8,33,37,7.22654941520954,3.24003948052218,5.7923164293574,5.69221802806577,9.1685715641786,1,2
8,33,38,7.22654941520954,3.24003948052218,3.74358047957931,6.6550805878264,8.07285464812135,1,2
8,33,39,7.22654941520954,3.24003948052218,3.89572254880787,5.58923043800472,8.66669079983124,1,2
8,33,44,7.22654941520954,3.24003948052218,4.82966709846263,6.55047049161818,8.69450209540823,1,2
8,33,45,7.22654941520954,3.24003948052218,3.90225899539659,6.14747615925603,8.73671191241558,1,2
8,33,47,7.22654941520954,3.24003948052218,3.99944245705064,6.03392053821191,8.78716510090124,1,2
8,33,48,7.22654941520954,3.24003948052218,6.32300683400247,5.67293297541579,8.84455020798523,1,2
8,33,49,7.22654941520954,3.24003948052218,5.97208905207689,5.41292200715404,8.74707705115366,1,2
8,33,50,7.22654941520954,3.24003948052218,6.03483398737516,6.45251258530224,8.6091203703154,1,2
8,33,51,7.22654941520954,3.24003948052218,3.98014221865307,5.93616797077862,8.3912337017764,1,2
8,33,52,7.22654941520954,3.24003948052218,4.39976046591536,5.51759013079502,8.50982400605028,1,2
8,33,53,7.22654941520954,3.24003948052218,4.007066461903,7.21767467450904,8.72585609792079,1,2
8,33,54,7.22654941520954,3.24003948052218,5.1960141863146,5.99728366350582,8.79974975542868,1,2
8,33,56,7.22654941520954,3.24003948052218,5.52739956117797,5.93940759376424,8.61908384417065,1,2
8,33,60,7.22654941520954,3.24003948052218,5.5541267218942,5.19897736115645,8.39736246340902,1,2
8,33,61,7.22654941520954,3.24003948052218,1.83592159583281,7.08604371307662,8.27546056279202,1,2
8,33,63,7.22654941520954,3.24003948052218,5.59867069492709,5.32657829065924,9.02803444900072,1,2
8,34,2,7.22654941520954,3.24003948052218,3.59928893865628,6.28206899827904,8.60660689295464,1,2
8,34,9,7.22654941520954,3.24003948052218,3.6350772857862,6.37263663752464,8.46998734306585,1,2
8,34,10,7.22654941520954,3.24003948052218,3.54686543426436,6.67105775738167,8.85799898113671,1,2
8,34,11,7.22654941520954,3.24003948052218,9.13839661668169,4.84923550645202,9.04262725236731,1,2
8,34,14,7.22654941520954,3.24003948052218,4.29997753869201,6.3114313733665,8.69307050426149,1,2
8,34,15,7.22654941520954,3.24003948052218,4.61221251701128,5.63871380134782,9.38137339219428,1,2
8,34,18,7.22654941520954,3.24003948052218,4.62150519319841,6.50547114291944,8.85659247481256,1,2
8,34,19,7.22654941520954,3.24003948052218,5.32643750582947,6.47939018849305,9.51419832930723,1,2
8,34,20,7.22654941520954,3.24003948052218,4.99818297385827,5.6340201916245,8.76751084399995,1,2
8,34,21,7.22654941520954,3.24003948052218,5.67685026498693,5.62209774050874,8.45571533112464,1,2
8,34,22,7.22654941520954,3.24003948052218,4.98340010720136,6.07372371174767,8.39069040573197,1,2
8,34,24,7.22654941520954,3.24003948052218,5.32453256179739,5.98269163001446,8.96098181702234,1,2
8,34,25,7.22654941520954,3.24003948052218,5.7191711872193,7.04577971041483,9.3054420142099,1,2
8,34,26,7.22654941520954,3.24003948052218,5.15502880859819,5.89899372218659,8.64137322051146,1,2
8,34,30,7.22654941520954,3.24003948052218,4.75738713375921,5.97317073720823,8.48221290880425,1,2
8,34,31,7.22654941520954,3.24003948052218,5.01548933401873,6.00838098918026,9.40164745129317,1,2
8,34,32,7.22654941520954,3.24003948052218,5.80730396858393,5.76355130297559,8.6654407612823,1,2
8,34,34,7.22654941520954,3.24003948052218,4.70706565650964,6.08665178987226,8.79114062341267,1,2
8,34,36,7.22654941520954,3.24003948052218,4.44586576283074,6.34608580491339,8.92204685890109,1,2
8,34,37,7.22654941520954,3.24003948052218,5.70188679745633,5.44273594918629,8.52359669766604,1,2
8,34,40,7.22654941520954,3.24003948052218,4.55419819262658,7.26932731134602,9.07870180293143,1,2
8,34,43,7.22654941520954,3.24003948052218,6.72199934928139,5.87818787554487,9.24140410487333,1,2
8,34,46,7.22654941520954,3.24003948052218,5.04067254348132,6.37055685459729,8.72840892259661,1,2
8,34,48,7.22654941520954,3.24003948052218,6.61903253847166,5.81583236006,8.75699394824164,1,2
8,34,52,7.22654941520954,3.24003948052218,3.96759961289281,5.43061142103987,8.52427640490436,1,2
8,34,57,7.22654941520954,3.24003948052218,5.12897666982064,7.45813559829917,9.17456632679856,1,2
8,34,60,7.22654941520954,3.24003948052218,5.61114602050242,5.94611625106233,9.45532000745157,1,2
8,34,61,7.22654941520954,3.24003948052218,5.55153920145934,6.14551800756193,8.66349965319759,1,2
8,34,63,7.22654941520954,3.24003948052218,4.07226743048976,5.96843881751784,8.96488411030867,1,2
8,34,64,7.22654941520954,3.24003948052218,3.12272868988047,5.47375767841834,8.85995531771636,1,2
8,34,65,7.22654941520954,3.24003948052218,4.79573810844861,6.3547281155852,8.81887875617779,1,2
8,34,68,7.22654941520954,3.24003948052218,5.99735622774416,5.89056001465838,9.10786625376812,1,2
8,34,69,7.22654941520954,3.24003948052218,5.44795800449146,5.671932959434,8.93334054650711,1,2
8,34,73,7.22654941520954,3.24003948052218,4.57269371029583,5.90377385872811,8.75727841583499,1,2
8,34,76,7.22654941520954,3.24003948052218,4.46323181703446,5.95850187544004,8.92275752537418,1,2
8,34,79,7.22654941520954,3.24003948052218,4.18516014968234,6.65493949279531,9.01385630476203,1,2
8,34,80,7.22654941520954,3.24003948052218,4.09853017931305,6.53095246946519,8.87040540939011,1,2
8,34,81,7.22654941520954,3.24003948052218,5.12797060747323,6.68841903456851,8.955211677462,1,2
8,35,5,7.22654941520954,3.24003948052218,3.93921738501856,6.67455146120578,8.8829447808468,1,2
8,35,11,7.22654941520954,3.24003948052218,4.17392660598978,6.2475132072229,9.35467124967447,1,2
8,35,12,7.22654941520954,3.24003948052218,5.39004516025566,6.32956506037733,9.15924675858925,1,2
8,35,13,7.22654941520954,3.24003948052218,6.10950178023668,5.82866249776682,9.20864826649212,1,2
8,35,14,7.22654941520954,3.24003948052218,6.03337393160447,6.37930764573064,9.30494422435658,1,2
8,35,15,7.22654941520954,3.24003948052218,6.48663864386723,5.69308078156459,9.04287699761806,1,2
8,35,16,7.22654941520954,3.24003948052218,2.90716241437986,6.79508261315166,8.95554068233003,1,2
8,35,19,7.22654941520954,3.24003948052218,4.57500064795614,5.24401678056059,9.51137349503946,1,2
8,35,21,7.22654941520954,3.24003948052218,5.66519328499174,5.3034183911535,8.87839291656642,1,2
8,35,22,7.22654941520954,3.24003948052218,5.62420626151122,5.7528304197344,9.110498469138,1,2
8,35,23,7.22654941520954,3.24003948052218,3.32606341487864,6.179298896488,8.76533123188328,1,2
8,35,25,7.22654941520954,3.24003948052218,3.68353230712694,6.40890470021767,8.8136828277519,1,2
8,35,26,7.22654941520954,3.24003948052218,6.56811310701347,6.19414678278226,9.29101690395052,1,2
8,35,28,7.22654941520954,3.24003948052218,4.74893595837068,6.17583417113737,8.99319248918403,1,2
8,35,33,7.22654941520954,3.24003948052218,5.72748181584958,4.97798836453167,9.19129853851264,1,2
8,35,36,7.22654941520954,3.24003948052218,5.92553347537567,6.19734540665456,9.33680926046262,1,2
8,35,37,7.22654941520954,3.24003948052218,4.51212599792638,5.94641153131776,9.42518610629688,1,2
8,35,38,7.22654941520954,3.24003948052218,2.84526817978521,5.66778275114756,8.8873053602202,1,2
8,35,40,7.22654941520954,3.24003948052218,5.88158502371454,5.84202466957126,9.08803374162338,1,2
8,35,41,7.22654941520954,3.24003948052218,3.98338265459666,6.39771934788509,8.70969449097408,1,2
8,35,42,7.22654941520954,3.24003948052218,3.66148845183312,6.46515851441549,9.24677147106998,1,2
8,35,45,7.22654941520954,3.24003948052218,4.90779469659088,6.26611675955239,9.31706378479099,1,2
8,35,46,7.22654941520954,3.24003948052218,5.54410992848245,5.71215279335518,9.65147864071959,1,2
8,35,47,7.22654941520954,3.24003948052218,6.65977499386236,6.12550931899339,9.85535590917972,1,2
8,35,48,7.22654941520954,3.24003948052218,4.1544410533152,6.67820366403724,8.72248670434582,1,2
8,35,49,7.22654941520954,3.24003948052218,3.23059705627072,5.32352460956595,8.83443073570783,1,2
8,35,53,7.22654941520954,3.24003948052218,5.47860362934539,6.64895423459126,8.96186645040792,1,2
8,35,54,7.22654941520954,3.24003948052218,4.6983544428702,5.59498254179664,8.52946157664444,1,2
8,35,56,7.22654941520954,3.24003948052218,5.25522442590245,6.98861637360474,8.89316117890692,1,2
8,35,57,7.22654941520954,3.24003948052218,4.62190010326761,5.866977568564,9.28349755460383,1,2
8,35,59,7.22654941520954,3.24003948052218,6.2820924966953,6.67553777439894,9.40809344643982,1,2
8,35,60,7.22654941520954,3.24003948052218,3.2111386577432,5.65418584645751,9.57149728595147,1,2
8,35,61,7.22654941520954,3.24003948052218,5.4239646623913,5.76551163048644,8.72956099241093,1,2
8,35,65,7.22654941520954,3.24003948052218,6.15024055885306,6.00601008750476,9.20560983003041,1,2
8,35,67,7.22654941520954,3.24003948052218,5.24325952380134,5.4186674993412,9.25330084533972,1,2
8,35,71,7.22654941520954,3.24003948052218,4.71077171827565,5.27791789970083,9.18138792379012,1,2
8,35,73,7.22654941520954,3.24003948052218,7.00497139327813,6.10472785760447,9.30659278214121,1,2
8,36,1,7.22654941520954,3.24003948052218,7.00408181924471,6.00416028555339,9.68598694155154,1,2
8,36,2,7.22654941520954,3.24003948052218,5.91720228579054,5.61030754417226,9.10138608639687,1,2
8,36,3,7.22654941520954,3.24003948052218,4.83468639189183,6.60273283738141,9.30208337580452,1,2
8,36,4,7.22654941520954,3.24003948052218,4.65341312244322,5.30305146425862,8.97754500928287,1,2
8,36,5,7.22654941520954,3.24003948052218,3.55494867336081,5.0118719545584,8.84616294558131,1,2
8,36,6,7.22654941520954,3.24003948052218,6.91469128176768,5.67701782401699,9.38597793866727,1,2
8,36,7,7.22654941520954,3.24003948052218,5.68265284695223,6.05215717366868,9.36849809163477,1,2
8,36,8,7.22654941520954,3.24003948052218,3.83518929290059,6.28416279582329,9.26975917851395,1,2
8,36,11,7.22654941520954,3.24003948052218,4.44818599684538,5.9610335090231,9.54773439789251,1,2
8,36,13,7.22654941520954,3.24003948052218,4.73429791648502,5.92473486082103,8.84380903169473,1,2
8,36,14,7.22654941520954,3.24003948052218,4.53086375466814,5.69551833468869,8.87433755617493,1,2
8,36,15,7.22654941520954,3.24003948052218,5.74731113765729,6.84424666732093,9.0536866134827,1,2
8,36,20,7.22654941520954,3.24003948052218,5.33269712756086,5.38645309506567,9.27304231691833,1,2
8,36,21,7.22654941520954,3.24003948052218,4.94359654372509,5.61379867185866,9.02491198144764,1,2
8,36,23,7.22654941520954,3.24003948052218,3.88472007439038,6.1263808227051,9.00512308200366,1,2
8,36,30,7.22654941520954,3.24003948052218,3.9014713075569,7.15797446977095,9.15383344862908,1,2
8,36,32,7.22654941520954,3.24003948052218,5.95063287053337,5.69530377132037,8.88140945143723,1,2
8,36,36,7.22654941520954,3.24003948052218,4.59261576503563,5.96550379809619,9.21588304657598,1,2
8,36,37,7.22654941520954,3.24003948052218,4.5628452590903,6.60894984497081,9.05356860990297,1,2
8,36,39,7.22654941520954,3.24003948052218,5.32227196890893,6.21281262005868,9.08537232790367,1,2
8,36,41,7.22654941520954,3.24003948052218,3.60339941517441,6.46893712035688,8.86131362113522,1,2
8,36,42,7.22654941520954,3.24003948052218,3.83257754853755,5.8253391617405,9.22278378116994,1,2
8,36,44,7.22654941520954,3.24003948052218,3.0474051312663,5.34594471968479,8.60663184196716,1,2
8,36,45,7.22654941520954,3.24003948052218,7.19599656110605,6.22602797589995,9.36552421904792,1,2
8,36,49,7.22654941520954,3.24003948052218,5.32934858427448,4.95097070505937,9.33888251119556,1,2
8,36,52,7.22654941520954,3.24003948052218,5.06131545555662,6.08064896175209,9.64531864365076,1,2
8,36,54,7.22654941520954,3.24003948052218,4.70535937245758,5.01898264101003,9.27364676162987,1,2
8,36,56,7.22654941520954,3.24003948052218,4.1045209293092,6.25301079658467,8.90711366989197,1,2
8,36,57,7.22654941520954,3.24003948052218,2.28009062478163,6.2355719587083,8.63999679782604,1,2
8,36,59,7.22654941520954,3.24003948052218,5.66670650804597,6.19278777740815,8.79507219281919,1,2
8,36,61,7.22654941520954,3.24003948052218,5.06130543392237,6.86833367727911,8.85095916297551,1,2
8,36,63,7.22654941520954,3.24003948052218,4.70703281208601,5.32174132073024,8.86968789147036,1,2
8,36,64,7.22654941520954,3.24003948052218,6.41234317482063,6.19564412117118,9.75292228677649,1,2
8,36,70,7.22654941520954,3.24003948052218,3.34153386032454,5.5632562273951,9.21958515360998,1,2
8,36,71,7.22654941520954,3.24003948052218,2.79837410198182,6.60907053281803,8.66063830421809,1,2
8,36,72,7.22654941520954,3.24003948052218,5.28899835142032,5.39200455463784,8.95790367620648,1,2
8,36,76,7.22654941520954,3.24003948052218,4.1798476895793,6.11105307085387,9.09853152545036,1,2
8,36,80,7.22654941520954,3.24003948052218,4.19148856990572,6.05460759404046,9.65939588137791,1,2
8,36,83,7.22654941520954,3.24003948052218,5.09823922428372,6.3725879025702,9.10720572386415,1,2
8,37,1,7.22654941520954,3.24003948052218,4.02569388901862,5.55500915330615,8.88902324604135,1,2
8,37,3,7.22654941520954,3.24003948052218,3.70405106791416,6.10284997552986,9.4459053523934,1,2
8,37,4,7.22654941520954,3.24003948052218,6.14502164381602,6.85314210531218,9.36596166584905,1,2
8,37,5,7.22654941520954,3.24003948052218,3.22651233970162,5.9799449288091,8.93713789268992,1,2
8,37,6,7.22654941520954,3.24003948052218,5.20254859223498,5.8563542685441,9.54042761610738,1,2
8,37,7,7.22654941520954,3.24003948052218,4.50166415438828,5.63285798364478,8.91831222215617,1,2
8,37,8,7.22654941520954,3.24003948052218,3.79586973623637,5.09304566251181,9.59533601860026,1,2
8,37,9,7.22654941520954,3.24003948052218,4.41059306486118,5.90956913568554,9.31831413216184,1,2
8,37,13,7.22654941520954,3.24003948052218,2.95960715904987,6.69529540703038,9.08012611323911,1,2
8,37,14,7.22654941520954,3.24003948052218,4.11300517655003,6.32443440639407,8.60843761498657,1,2
8,37,21,7.22654941520954,3.24003948052218,5.27303985669601,5.85976896651822,9.04782685238455,1,2
8,37,23,7.22654941520954,3.24003948052218,6.0413149086242,6.20537465411167,9.21122439155293,1,2
8,37,24,7.22654941520954,3.24003948052218,4.77557672599061,6.57888957926314,8.99970188612111,1,2
8,37,27,7.22654941520954,3.24003948052218,4.00696322692652,6.8372002697584,8.90274829538995,1,2
8,37,29,7.22654941520954,3.24003948052218,4.7177407200017,5.7761995459552,9.41957637343176,1,2
8,37,30,7.22654941520954,3.24003948052218,3.06327523447441,6.05627173723041,8.98119698669297,1,2
8,37,31,7.22654941520954,3.24003948052218,4.15907712785764,6.23006239762079,8.94811575181346,1,2
8,37,32,7.22654941520954,3.24003948052218,4.52171267860231,6.92100428810664,9.10462696841116,1,2
8,37,34,7.22654941520954,3.24003948052218,4.61439492970885,5.50141280057109,8.41295499387615,1,2
8,37,36,7.22654941520954,3.24003948052218,6.11059379021804,5.49763908583203,9.07890516284644,1,2
8,37,41,7.22654941520954,3.24003948052218,3.46032073957549,5.98184622272194,8.58434096042048,1,2
8,37,42,7.22654941520954,3.24003948052218,6.6682248193284,5.45133832218387,9.46261597390468,1,2
8,37,43,7.22654941520954,3.24003948052218,5.80597321309305,5.75785831270732,8.98810206327764,1,2
8,37,44,7.22654941520954,3.24003948052218,4.77434423042521,6.14648012563375,9.43909614513487,1,2
8,37,45,7.22654941520954,3.24003948052218,5.68314750160317,6.01619785852291,9.47362894435532,1,2
8,37,46,7.22654941520954,3.24003948052218,5.41829056064481,7.38115667759992,9.6844390890154,1,2
8,37,47,7.22654941520954,3.24003948052218,6.15387441978578,5.37544220801844,8.71968446493397,1,2
8,37,50,7.22654941520954,3.24003948052218,5.76063594215224,6.01439310432191,9.1428421857032,1,2
8,37,51,7.22654941520954,3.24003948052218,6.07989523963018,5.63260554257229,9.28520154960741,1,2
8,37,53,7.22654941520954,3.24003948052218,3.76133151645243,6.23509844036446,8.91679161584133,1,2
8,37,54,7.22654941520954,3.24003948052218,6.97289602479428,6.35529208166466,9.10563274067764,1,2
8,37,55,7.22654941520954,3.24003948052218,4.05326820748975,5.27319067208587,9.10827909133806,1,2
8,37,56,7.22654941520954,3.24003948052218,5.33195473605217,5.36774356694324,9.13671341247406,1,2
8,37,57,7.22654941520954,3.24003948052218,5.05404417149824,6.20410616332297,9.65234562275127,1,2
8,37,58,7.22654941520954,3.24003948052218,6.405169885681,6.36066581840693,9.58302889204915,1,2
8,37,59,7.22654941520954,3.24003948052218,4.77059100887639,6.21792706328045,9.72103852212678,1,2
8,37,61,7.22654941520954,3.24003948052218,4.26382294240057,5.25342196835925,8.8901062657882,1,2
8,38,3,7.22654941520954,3.24003948052218,5.08575336234237,5.83871352073239,9.11188474205187,1,2
8,38,4,7.22654941520954,3.24003948052218,4.60865437758045,6.61584758287887,9.35675534702096,1,2
8,38,7,7.22654941520954,3.24003948052218,3.82317476956687,6.69691180220381,8.43366982980647,1,2
8,38,9,7.22654941520954,3.24003948052218,6.52991460606582,6.38728341083947,9.34395170326554,1,2
8,38,13,7.22654941520954,3.24003948052218,6.85164298276322,7.35041807589692,8.79579947589997,1,2
8,38,15,7.22654941520954,3.24003948052218,4.91435507617135,6.10170079150857,8.92674550925876,1,2
8,38,17,7.22654941520954,3.24003948052218,4.09736938325244,6.39318025744875,9.15820132964248,1,2
8,38,18,7.22654941520954,3.24003948052218,7.24328912081561,6.34613844853346,9.31232548540107,1,2
8,38,19,7.22654941520954,3.24003948052218,5.03792941843364,6.16131995102797,9.50264263202335,1,2
8,38,24,7.22654941520954,3.24003948052218,5.22000966633499,5.46075509271449,9.39202439367192,1,2
8,38,28,7.22654941520954,3.24003948052218,4.8013642761357,5.89692205353155,8.83077561155281,1,2
8,38,30,7.22654941520954,3.24003948052218,3.94998875624074,6.06905715001393,9.38136585911952,1,2
8,38,31,7.22654941520954,3.24003948052218,5.04193609295916,6.70174936353998,8.44319859221804,1,2
8,38,32,7.22654941520954,3.24003948052218,4.70545634519616,5.96136588855497,9.30859852005924,1,2
8,38,38,7.22654941520954,3.24003948052218,4.80776741387181,6.57117352574905,9.47010236027497,1,2
8,38,39,7.22654941520954,3.24003948052218,4.09249501861499,5.96892717754068,9.07811580949878,1,2
8,38,42,7.22654941520954,3.24003948052218,5.44234728920198,6.52336157251489,9.65916045923127,1,2
8,38,44,7.22654941520954,3.24003948052218,5.1520558873222,6.59624731729716,9.04579993720223,1,2
8,38,46,7.22654941520954,3.24003948052218,6.21982551244665,5.26876528688244,9.36421338193087,1,2
8,38,47,7.22654941520954,3.24003948052218,5.36400928758868,6.47588851983008,9.40006907938704,1,2
8,38,50,7.22654941520954,3.24003948052218,4.22239407874693,5.66389091905363,9.15079216712091,1,2
8,38,51,7.22654941520954,3.24003948052218,6.43102960488323,6.19414658245308,9.0120934920649,1,2
8,38,53,7.22654941520954,3.24003948052218,6.59977320694942,5.12118188219531,9.32188239369469,1,2
8,38,55,7.22654941520954,3.24003948052218,5.56853090499945,6.25458151930949,9.64779648927973,1,2
8,38,56,7.22654941520954,3.24003948052218,6.81034209269553,6.05780992100901,9.49684030830911,1,2
8,38,57,7.22654941520954,3.24003948052218,4.79858715383429,5.33401658442844,9.21446618099935,1,2
8,38,60,7.22654941520954,3.24003948052218,5.7953064759307,5.79564222488208,9.67316120820448,1,2
8,38,62,7.22654941520954,3.24003948052218,3.95917025874531,5.71874278939588,8.83684726137298,1,2
8,38,63,7.22654941520954,3.24003948052218,5.86497008178477,6.3529990480035,9.49437365779298,1,2
8,38,64,7.22654941520954,3.24003948052218,4.43600905287958,6.47537411227472,9.40146457437301,1,2
8,38,67,7.22654941520954,3.24003948052218,3.89280029693338,5.76320135839614,8.75205644183671,1,2
8,38,68,7.22654941520954,3.24003948052218,5.18498780276596,5.85027111121297,8.85320627236444,1,2
8,38,70,7.22654941520954,3.24003948052218,6.797896266515,6.38449648920475,9.15325267510976,1,2
8,38,71,7.22654941520954,3.24003948052218,4.27321790986756,6.01878028434343,9.41319177883118,1,2
8,38,76,7.22654941520954,3.24003948052218,5.13710834198067,5.90432202528725,8.8673849695233,1,2
8,38,82,7.22654941520954,3.24003948052218,4.0764799366427,6.01558042160579,8.82974871633293,1,2
8,38,83,7.22654941520954,3.24003948052218,6.5038525054855,5.37934933379546,9.1345787132432,1,2
8,38,84,7.22654941520954,3.24003948052218,4.64770155822875,6.29143519670809,9.07930637738565,1,2
8,38,86,7.22654941520954,3.24003948052218,5.6417826447398,6.95697945891924,9.43170254628897,1,2
8,38,90,7.22654941520954,3.24003948052218,4.8987932127745,6.48249468956283,9.35133994364839,1,2
8,38,92,7.22654941520954,3.24003948052218,3.99985348374366,4.92494872532448,9.25676498749053,1,2
8,38,94,7.22654941520954,3.24003948052218,5.42938382803983,5.81907073618963,9.28216485799059,1,2
8,38,95,7.22654941520954,3.24003948052218,6.13488097192218,5.09349695835481,9.01813211310896,1,2
8,39,4,7.22654941520954,3.24003948052218,5.39513945676097,5.62800892039397,9.31877983938058,1,2
8,39,8,7.22654941520954,3.24003948052218,2.91783619916655,6.64968502256141,8.88248975014998,1,2
8,39,9,7.22654941520954,3.24003948052218,4.67870621947003,6.20424578539998,9.17420998330717,1,2
8,39,11,7.22654941520954,3.24003948052218,4.53780862130382,5.76461342980998,9.31578404575362,1,2
8,39,12,7.22654941520954,3.24003948052218,5.2314708716671,6.20684589456569,8.64708712468034,1,2
8,39,13,7.22654941520954,3.24003948052218,5.00398445229966,6.48171673339153,9.35074144711815,1,2
8,39,15,7.22654941520954,3.24003948052218,3.84153711732931,5.48225715668425,9.32571484077219,1,2
8,39,17,7.22654941520954,3.24003948052218,4.65924564650947,5.52212669506529,9.63120333385782,1,2
8,39,18,7.22654941520954,3.24003948052218,6.35864611667985,6.06331740435652,9.50957135575271,1,2
8,39,20,7.22654941520954,3.24003948052218,4.30007104541837,5.87017673711176,9.17817473977862,1,2
8,39,24,7.22654941520954,3.24003948052218,5.02795107803906,5.81556844913234,8.67716711198857,1,2
8,39,25,7.22654941520954,3.24003948052218,2.97333700368249,4.98913602594059,9.06207215986288,1,2
8,39,28,7.22654941520954,3.24003948052218,5.78151133347164,5.99769527417533,9.21487156527014,1,2
8,39,30,7.22654941520954,3.24003948052218,4.04238316702449,6.27062046148978,9.61983824627262,1,2
8,39,31,7.22654941520954,3.24003948052218,5.8471952562801,5.92786496705173,8.98334709317195,1,2
8,39,36,7.22654941520954,3.24003948052218,4.36036047199174,5.36751109798456,8.86348899519581,1,2
8,39,37,7.22654941520954,3.24003948052218,5.06560474077279,6.07003115403665,9.31086011712382,1,2
8,39,44,7.22654941520954,3.24003948052218,4.51784600445264,6.28875525044258,9.19319780658952,1,2
8,39,45,7.22654941520954,3.24003948052218,6.07868267120281,5.93636472283489,9.21415676103618,1,2
8,39,46,7.22654941520954,3.24003948052218,4.03471164375453,6.2207220572839,9.32828314720531,1,2
8,39,47,7.22654941520954,3.24003948052218,5.04384454925742,6.46653756359705,8.78050284389134,1,2
8,39,48,7.22654941520954,3.24003948052218,7.25523182356684,6.25130643129255,9.58389697387604,1,2
8,39,49,7.22654941520954,3.24003948052218,6.02568659855626,5.27964102923727,9.69456203325655,1,2
8,39,51,7.22654941520954,3.24003948052218,4.61867426474427,5.70224179651841,9.37968994141025,1,2
8,39,52,7.22654941520954,3.24003948052218,4.51583929189886,5.4115824330434,8.94581863026686,1,2
8,39,53,7.22654941520954,3.24003948052218,4.40555410546478,5.78480433550816,9.16949072610488,1,2
8,39,54,7.22654941520954,3.24003948052218,3.39448329199542,6.34703472048979,8.96125235059598,1,2
8,39,58,7.22654941520954,3.24003948052218,6.28235844521664,4.94803832331543,9.51494482992451,1,2
8,39,64,7.22654941520954,3.24003948052218,4.72362295774071,5.51746106653873,9.55628668040385,1,2
8,40,1,7.22654941520954,3.24003948052218,5.00482858444153,6.44459740335605,9.79025831163385,1,2
8,40,3,7.22654941520954,3.24003948052218,6.34957806297224,5.62773350729692,9.50212057692976,1,2
8,40,4,7.22654941520954,3.24003948052218,5.73084196517834,5.60824144069364,9.55322534378853,1,2
8,40,6,7.22654941520954,3.24003948052218,5.42403187442897,5.67863080181413,9.14405481483878,1,2
8,40,7,7.22654941520954,3.24003948052218,3.37717892226902,6.31384007490789,9.64290534328907,1,2
8,40,8,7.22654941520954,3.24003948052218,5.54963657257888,6.21665287630407,9.51087139599922,1,2
8,40,9,7.22654941520954,3.24003948052218,4.38760703426789,5.97723278023722,9.63056326055648,1,2
8,40,13,7.22654941520954,3.24003948052218,3.57156232176481,6.41759787181225,9.13154193749263,1,2
8,40,14,7.22654941520954,3.24003948052218,6.15706949019669,5.42997367310476,9.48479256414208,1,2
8,40,15,7.22654941520954,3.24003948052218,4.9788867773712,6.1669426522674,9.15507356213961,1,2
8,40,16,7.22654941520954,3.24003948052218,6.71350651144841,5.59298191192518,9.67985679454209,1,2
8,40,17,7.22654941520954,3.24003948052218,6.06703085413435,5.38305890735414,9.49358825093602,1,2
8,40,20,7.22654941520954,3.24003948052218,6.39410747974906,5.28428520762162,10.020244303113,1,2
8,40,21,7.22654941520954,3.24003948052218,4.89467124521538,5.63841407599733,8.82495658137467,1,2
8,40,24,7.22654941520954,3.24003948052218,5.45529385194206,6.64659569380309,9.79857336634316,1,2
8,40,25,7.22654941520954,3.24003948052218,3.68897599918919,5.70001815258628,9.31691432208479,1,2
8,40,26,7.22654941520954,3.24003948052218,6.42974776607599,6.26283358638495,9.67076538555476,1,2
8,40,27,7.22654941520954,3.24003948052218,6.84869725584355,6.1892443687647,9.51440964416466,1,2
8,40,29,7.22654941520954,3.24003948052218,4.94551546213957,6.02808045057956,9.36427703490688,1,2
8,40,30,7.22654941520954,3.24003948052218,6.20144883363424,5.29113111715116,9.19337817361944,1,2
8,40,36,7.22654941520954,3.24003948052218,4.38113163160611,5.68014297566383,9.64631867311587,1,2
8,40,40,7.22654941520954,3.24003948052218,5.25407490306985,5.46455074713895,9.34985961503266,1,2
8,40,43,7.22654941520954,3.24003948052218,4.6895348832569,6.04036032872409,9.72397379913979,1,2
8,40,44,7.22654941520954,3.24003948052218,6.66901301033934,6.70894842283177,9.31793593513474,1,2
8,40,45,7.22654941520954,3.24003948052218,3.21517515921797,5.84983407037183,9.36291952952455,1,2
8,40,46,7.22654941520954,3.24003948052218,5.44792237749327,6.28064953434359,9.42659691560049,1,2
8,40,47,7.22654941520954,3.24003948052218,6.33178812811205,6.58672249500645,9.56928990589109,1,2
8,40,50,7.22654941520954,3.24003948052218,6.04850666773466,5.58626840060576,9.30662686366635,1,2
8,40,53,7.22654941520954,3.24003948052218,6.53822424032583,5.09006299514339,9.36672956847912,1,2
8,40,59,7.22654941520954,3.24003948052218,5.8678711087837,5.28566390721745,10.0884791748952,1,2
8,40,61,7.22654941520954,3.24003948052218,5.54364604483234,6.17240616943987,9.00747984407288,1,2
8,40,62,7.22654941520954,3.24003948052218,4.61808512168991,5.36837377015529,9.58892466057471,1,2
8,40,63,7.22654941520954,3.24003948052218,3.83601998593508,5.38902749170058,9.18682420780062,1,2
8,40,65,7.22654941520954,3.24003948052218,3.91510348549579,6.67163736585642,9.47480252405703,1,2
8,41,2,7.22654941520954,3.24003948052218,4.21734526811261,6.02429379629266,9.22791609791811,1,2
8,41,3,7.22654941520954,3.24003948052218,5.61144197119884,5.15550877429153,9.86250928635803,1,2
8,41,5,7.22654941520954,3.24003948052218,3.84587630650843,6.40206777060412,8.96402168112462,1,2
8,41,6,7.22654941520954,3.24003948052218,4.98537853529188,7.01314415752886,8.65816628213509,1,2
8,41,8,7.22654941520954,3.24003948052218,2.34871082378241,6.19689958371493,9.05155635675983,1,2
8,41,12,7.22654941520954,3.24003948052218,5.67182427856627,5.95628914551238,9.56058585299736,1,2
8,41,15,7.22654941520954,3.24003948052218,4.51239253143559,6.57188347518988,9.05525182791311,1,2
8,41,16,7.22654941520954,3.24003948052218,6.20724019078725,6.56405888880401,9.63611348001136,1,2
8,41,17,7.22654941520954,3.24003948052218,5.0467843409385,6.47081290719261,9.44843718604001,1,2
8,41,22,7.22654941520954,3.24003948052218,4.17220866951661,5.17070912037065,9.47743549704354,1,2
8,41,24,7.22654941520954,3.24003948052218,2.67102700321946,5.74817382080439,9.25263820953988,1,2
8,41,29,7.22654941520954,3.24003948052218,5.42483518535799,5.78103441934105,9.51681411433394,1,2
8,41,30,7.22654941520954,3.24003948052218,4.88920266461286,6.19836026290091,9.14224136772988,1,2
8,41,31,7.22654941520954,3.24003948052218,4.40285956327271,6.18248812024798,9.65442714087101,1,2
8,41,32,7.22654941520954,3.24003948052218,6.19897387612097,6.39423557089278,9.63331993409889,1,2
8,41,33,7.22654941520954,3.24003948052218,4.03542136043398,6.19715373817923,9.49332957265223,1,2
8,41,34,7.22654941520954,3.24003948052218,5.03817426789913,5.5401562127001,9.72940804877541,1,2
8,41,37,7.22654941520954,3.24003948052218,3.41371142604696,7.25562643360409,9.84860399276913,1,2
8,41,42,7.22654941520954,3.24003948052218,5.14462212099425,5.48648979882038,9.01207515647928,1,2
8,41,47,7.22654941520954,3.24003948052218,4.52993657260433,5.75187343180991,9.7143433644704,1,2
8,41,48,7.22654941520954,3.24003948052218,3.40608145319964,5.64660784672662,8.93989167290832,1,2
8,41,49,7.22654941520954,3.24003948052218,5.25578699124339,6.06533233209054,9.47429228118851,1,2
8,41,53,7.22654941520954,3.24003948052218,3.81188201627795,5.55821166882688,9.16557145841505,1,2
8,41,54,7.22654941520954,3.24003948052218,7.22261209684887,5.22745832632236,9.77463945406437,1,2
8,41,56,7.22654941520954,3.24003948052218,5.95458730408642,6.47603027295126,9.00301141890762,1,2
8,41,58,7.22654941520954,3.24003948052218,5.07136496394126,6.51427401556493,9.88280508772412,1,2
8,41,61,7.22654941520954,3.24003948052218,5.09929834597975,6.3716568812453,9.13155494870361,1,2
8,41,62,7.22654941520954,3.24003948052218,5.02558866122645,6.4631101602702,9.8065117788317,1,2
8,41,64,7.22654941520954,3.24003948052218,5.04686130964322,5.72180259166909,9.53011526756398,1,2
8,41,65,7.22654941520954,3.24003948052218,4.78012229622943,5.98038845870922,9.6540013920535,1,2
8,41,67,7.22654941520954,3.24003948052218,5.70091604907548,6.00242935889513,9.23931883864831,1,2
8,41,68,7.22654941520954,3.24003948052218,4.5334080230843,6.54847626497448,9.15993102500905,1,2
8,41,69,7.22654941520954,3.24003948052218,5.05407890355562,6.04091006579019,9.84375663300462,1,2
8,41,71,7.22654941520954,3.24003948052218,4.60629391827709,6.72932050264898,9.76567548868143,1,2
8,41,77,7.22654941520954,3.24003948052218,5.83055367886651,5.69108887597437,9.59254543691879,1,2
8,41,78,7.22654941520954,3.24003948052218,4.53093388901426,6.31160944528277,9.2437490765513,1,2
8,41,80,7.22654941520954,3.24003948052218,2.48787111960639,5.04140161535021,9.26852923188139,1,2
8,41,81,7.22654941520954,3.24003948052218,4.4064527944071,6.25793309472335,9.1910527401941,1,2
8,41,82,7.22654941520954,3.24003948052218,3.87291330977323,6.46415718504541,9.23359176680914,1,2
8,41,84,7.22654941520954,3.24003948052218,4.47611314842317,5.93129877113407,9.44023242967636,1,2
8,41,85,7.22654941520954,3.24003948052218,4.99982152900198,5.3244931345862,9.7811882992571,1,2
8,41,87,7.22654941520954,3.24003948052218,4.2504969795611,5.95751516001813,10.0347034658227,1,2
8,41,94,7.22654941520954,3.24003948052218,3.37917081878202,6.00335488452146,8.86244823082261,1,2
8,41,95,7.22654941520954,3.24003948052218,5.9329410153484,6.12375604030709,9.70245726611219,1,2
9,1,1,6.28719082355757,3.82838941026928,4.66840228054675,5.50423298605867,2.52664174670463,1,2
9,1,3,6.28719082355757,3.82838941026928,6.4129761066795,6.5590242938417,2.76228891104846,1,2
9,1,6,6.28719082355757,3.82838941026928,3.62300915219773,6.56974107358961,2.79223713575894,1,2
9,1,7,6.28719082355757,3.82838941026928,7.5284804204198,5.974466471362,2.70650637898215,1,2
9,1,8,6.28719082355757,3.82838941026928,4.98890989983105,5.24314138609638,2.20247851122395,1,2
9,1,9,6.28719082355757,3.82838941026928,6.87559481498939,6.58214708089563,2.59812619704453,1,2
9,1,11,6.28719082355757,3.82838941026928,4.9209876245634,6.45546377758477,2.64242852989113,1,2
9,1,17,6.28719082355757,3.82838941026928,3.93694774141585,6.67497407715614,2.7025935677021,1,2
9,1,18,6.28719082355757,3.82838941026928,4.28567939873937,5.63610377664087,2.35377306957243,1,2
9,1,26,6.28719082355757,3.82838941026928,5.8801689629416,6.20548251818267,2.54300370239272,1,2
9,1,27,6.28719082355757,3.82838941026928,3.89648729378063,5.19648430117555,2.32772136829132,1,2
9,1,29,6.28719082355757,3.82838941026928,5.43031266110025,6.63809038762918,2.69418036667912,1,2
9,1,33,6.28719082355757,3.82838941026928,3.52600296685683,6.44761826699419,2.59623640727443,1,2
9,1,34,6.28719082355757,3.82838941026928,4.48558214505177,6.48318796401391,2.53563000977819,1,2
9,1,37,6.28719082355757,3.82838941026928,3.27363537462825,6.91843330242323,2.898593105138,1,2
9,1,38,6.28719082355757,3.82838941026928,5.84293987255728,6.23446170794499,2.59297781495029,1,2
9,1,39,6.28719082355757,3.82838941026928,5.52109985872395,6.1269901467534,2.65916357985365,1,2
9,1,44,6.28719082355757,3.82838941026928,4.52568014127939,5.78992624874284,2.34707175024563,1,2
9,1,45,6.28719082355757,3.82838941026928,3.6021066588076,5.63914304792093,2.40970862105212,1,2
9,1,46,6.28719082355757,3.82838941026928,4.48136965472756,6.45106813289703,2.70645605305147,1,2
9,1,48,6.28719082355757,3.82838941026928,4.14170472901843,5.98751503168956,2.52369735423434,1,2
9,1,50,6.28719082355757,3.82838941026928,6.09965694507798,5.62143184984738,2.17174106131616,1,2
9,1,55,6.28719082355757,3.82838941026928,5.15073932470772,5.72301373632417,2.1520765515106,1,2
9,1,56,6.28719082355757,3.82838941026928,5.89043007874141,5.7593510560151,2.38907869440504,1,2
9,1,57,6.28719082355757,3.82838941026928,4.16168416925162,7.30330699977289,3.04893947311194,1,2
9,1,58,6.28719082355757,3.82838941026928,5.66350305649223,6.44361358184952,2.628585653695,1,2
9,1,59,6.28719082355757,3.82838941026928,7.73512421012469,5.57119252568002,2.36161918628428,1,2
9,1,61,6.28719082355757,3.82838941026928,5.26665094763354,5.39886747898563,2.12453522103522,1,2
9,1,62,6.28719082355757,3.82838941026928,3.04146152098282,6.22666334242607,2.47227482484996,1,2
9,1,66,6.28719082355757,3.82838941026928,7.42313215569315,5.68174448034114,2.58544498017254,1,2
9,1,68,6.28719082355757,3.82838941026928,5.60006863943149,6.44400980285376,2.74606058476295,1,2
9,1,70,6.28719082355757,3.82838941026928,5.73500380094103,5.15843921803708,1.95842856018248,1,2
9,2,4,6.28719082355757,3.82838941026928,5.07649367345595,5.50066653129677,3.14277922523075,1,2
9,2,9,6.28719082355757,3.82838941026928,5.6101804475622,6.24494218765102,3.44267356931921,1,2
9,2,10,6.28719082355757,3.82838941026928,3.67202014216854,6.37755777638263,3.35352951494278,1,2
9,2,12,6.28719082355757,3.82838941026928,4.71201789100565,5.65310995803579,3.13453875097891,1,2
9,2,13,6.28719082355757,3.82838941026928,5.54372131243348,5.32371140959955,2.96486992482897,1,2
9,2,16,6.28719082355757,3.82838941026928,5.86988334711891,5.94230901232955,3.50252378867678,1,2
9,2,17,6.28719082355757,3.82838941026928,4.37062814518162,6.0832858746991,3.37554396655951,1,2
9,2,18,6.28719082355757,3.82838941026928,3.13370359621598,6.24857161587358,3.17012875765731,1,2
9,2,19,6.28719082355757,3.82838941026928,4.16510177277887,5.90361657542386,3.27415316793422,1,2
9,2,20,6.28719082355757,3.82838941026928,5.13892520922881,6.29605241073258,3.42149026920629,1,2
9,2,21,6.28719082355757,3.82838941026928,4.17084305687256,7.21280426341096,3.82274354789544,1,2
9,2,22,6.28719082355757,3.82838941026928,5.67792092637511,5.95243727064795,3.51241877776112,1,2
9,2,23,6.28719082355757,3.82838941026928,5.64716816887248,6.36722687401987,3.31746321189245,1,2
9,2,29,6.28719082355757,3.82838941026928,5.72002448551086,5.78785507721915,3.23878367681232,1,2
9,2,30,6.28719082355757,3.82838941026928,5.52486057991478,5.87366310195085,3.20044817493488,1,2
9,2,31,6.28719082355757,3.82838941026928,4.66934074047079,5.32154612729649,3.15821057096678,1,2
9,2,32,6.28719082355757,3.82838941026928,3.57406770682415,5.92682489431395,3.41971162462024,1,2
9,2,33,6.28719082355757,3.82838941026928,5.21515756203022,5.34696009384342,3.21363786175217,1,2
9,2,34,6.28719082355757,3.82838941026928,4.01343109440494,6.75119905445651,3.62479773176683,1,2
9,2,35,6.28719082355757,3.82838941026928,5.67388612373653,6.15747541370554,3.33304945076715,1,2
9,2,36,6.28719082355757,3.82838941026928,3.73259059168723,5.5086476999216,3.1753744355442,1,2
9,2,39,6.28719082355757,3.82838941026928,5.24147097225253,5.28341514181335,2.99871418496261,1,2
9,2,40,6.28719082355757,3.82838941026928,5.34381010925432,6.00851701779333,3.40715640867685,1,2
9,2,43,6.28719082355757,3.82838941026928,4.4530700992742,6.20473165843081,3.39564905258304,1,2
9,2,44,6.28719082355757,3.82838941026928,2.85478038728588,6.16332180676134,3.35817321325439,1,2
9,2,45,6.28719082355757,3.82838941026928,5.13918181635097,5.55247897897345,3.12515084382541,1,2
9,2,47,6.28719082355757,3.82838941026928,6.24833694817574,6.11911145284734,3.20970313251249,1,2
9,2,48,6.28719082355757,3.82838941026928,5.05386078324648,5.85184244549565,3.18267303337208,1,2
9,2,49,6.28719082355757,3.82838941026928,5.41231563909142,6.5821309079624,3.42899804900882,1,2
9,2,50,6.28719082355757,3.82838941026928,6.43633968490011,6.08934635857122,3.38770888311692,1,2
9,2,51,6.28719082355757,3.82838941026928,6.28683178462611,5.99876680952488,3.28828250311807,1,2
9,2,52,6.28719082355757,3.82838941026928,5.37741748548232,6.18101439739435,3.3250574632599,1,2
9,2,53,6.28719082355757,3.82838941026928,6.38442467316887,6.31999867097863,3.30289619876176,1,2
9,2,60,6.28719082355757,3.82838941026928,5.58589644618619,5.14538020327749,2.87111457911748,1,2
9,2,62,6.28719082355757,3.82838941026928,5.50251813623562,5.30365662958818,2.98440212736453,1,2
9,2,63,6.28719082355757,3.82838941026928,4.07774641101738,6.41549103240364,3.566575385344,1,2
9,2,65,6.28719082355757,3.82838941026928,4.62416888485303,5.21555019368898,3.07912201919123,1,2
9,2,67,6.28719082355757,3.82838941026928,3.66058532709567,5.75304920125017,3.15335872316004,1,2
9,2,70,6.28719082355757,3.82838941026928,4.70172356325661,5.55953191656471,3.15516662886549,1,2
9,2,72,6.28719082355757,3.82838941026928,6.60690579089605,5.17196145388942,2.90627268979472,1,2
9,2,73,6.28719082355757,3.82838941026928,4.18814900692539,6.28984608154645,3.3136114971795,1,2
9,2,75,6.28719082355757,3.82838941026928,4.83947296393892,4.90452312524109,2.9811029209537,1,2
9,2,76,6.28719082355757,3.82838941026928,4.44638004814855,6.12084664592603,3.39046335072851,1,2
9,2,77,6.28719082355757,3.82838941026928,4.6512549810247,5.13761844664834,3.06459028583261,1,2
9,2,78,6.28719082355757,3.82838941026928,4.80405933964506,6.42552674168788,3.51049327844462,1,2
9,2,79,6.28719082355757,3.82838941026928,3.72613336784906,6.4786274633217,3.52824894730098,1,2
9,3,2,6.28719082355757,3.82838941026928,4.58746523196669,7.46877373166204,4.60766554781741,1,2
9,3,3,6.28719082355757,3.82838941026928,3.12831334931632,6.20337244510817,4.16772824406526,1,2
9,3,4,6.28719082355757,3.82838941026928,3.58378998047323,5.1609729725173,3.7608598310781,1,2
9,3,6,6.28719082355757,3.82838941026928,2.73275885736971,5.43468131409898,3.80525462304828,1,2
9,3,7,6.28719082355757,3.82838941026928,5.37926297316073,6.00085171059842,3.85973049418883,1,2
9,3,8,6.28719082355757,3.82838941026928,4.44857158632412,5.29924063166877,3.91143888792106,1,2
9,3,10,6.28719082355757,3.82838941026928,4.11432916201843,6.13214406604335,4.00646081763046,1,2
9,3,12,6.28719082355757,3.82838941026928,4.70186146202547,5.53401077545292,3.75830135949383,1,2
9,3,15,6.28719082355757,3.82838941026928,5.62152366090988,6.60201334520708,4.17451563443992,1,2
9,3,16,6.28719082355757,3.82838941026928,4.60647000509305,5.95396370110934,3.95448807015975,1,2
9,3,17,6.28719082355757,3.82838941026928,3.19441609230791,5.08543637315537,3.64324491031402,1,2
9,3,19,6.28719082355757,3.82838941026928,4.1145739403836,5.81154699141456,3.87452742592664,1,2
9,3,21,6.28719082355757,3.82838941026928,4.4819947791425,6.28572406423511,4.09436500262665,1,2
9,3,25,6.28719082355757,3.82838941026928,4.69812396846433,6.26653566543441,4.22094894478855,1,2
9,3,26,6.28719082355757,3.82838941026928,4.64974678042636,5.87477595167264,3.96449629495959,1,2
9,3,29,6.28719082355757,3.82838941026928,5.11654477401791,6.01618974203204,3.99388456142548,1,2
9,3,34,6.28719082355757,3.82838941026928,4.88291547757793,6.22276611882904,4.08553552800182,1,2
9,3,36,6.28719082355757,3.82838941026928,5.62040172857705,5.93780864854734,3.95009637798178,1,2
9,3,37,6.28719082355757,3.82838941026928,6.22948163832656,7.1458214816341,4.42361572363788,1,2
9,3,38,6.28719082355757,3.82838941026928,3.2747516066101,5.02143203624478,3.47921871339927,1,2
9,3,39,6.28719082355757,3.82838941026928,6.65624416679082,6.01960940940488,3.9829689969578,1,2
9,3,40,6.28719082355757,3.82838941026928,4.54154172112027,5.72650862453961,3.87720332939905,1,2
9,3,41,6.28719082355757,3.82838941026928,4.11612849120937,5.25240818709566,3.58879676312418,1,2
9,3,49,6.28719082355757,3.82838941026928,6.94115420730636,5.80661216835526,3.87815177752004,1,2
9,3,50,6.28719082355757,3.82838941026928,4.03182734066344,5.82931008965806,4.2029637718755,1,2
9,3,51,6.28719082355757,3.82838941026928,3.54308038875806,5.68032093145718,3.71427910345979,1,2
9,3,53,6.28719082355757,3.82838941026928,4.51336112636829,6.29202325504883,4.0795529236053,1,2
9,3,54,6.28719082355757,3.82838941026928,4.79095590506085,5.14821370572771,3.67408985713326,1,2
9,3,57,6.28719082355757,3.82838941026928,5.59602864115219,6.26086380799116,4.07115947612012,1,2
9,3,59,6.28719082355757,3.82838941026928,4.44360731215689,6.10719651686343,3.8534290356625,1,2
9,3,63,6.28719082355757,3.82838941026928,4.98682698425818,6.05956568544718,4.10187938369538,1,2
9,3,66,6.28719082355757,3.82838941026928,6.72737909002704,6.57842040001935,4.15890687441016,1,2
9,3,67,6.28719082355757,3.82838941026928,5.58799182053589,6.24866825315596,4.28334693322494,1,2
9,3,68,6.28719082355757,3.82838941026928,5.78298544245968,5.32813690384908,3.70640479412786,1,2
9,3,70,6.28719082355757,3.82838941026928,4.98934877955907,6.21386352380021,4.15143325107637,1,2
9,3,72,6.28719082355757,3.82838941026928,4.57469983177506,5.31345291956493,3.67584287558049,1,2
9,3,76,6.28719082355757,3.82838941026928,4.72204754890788,6.43333343445583,4.20346367778012,1,2
9,3,78,6.28719082355757,3.82838941026928,5.28276925263757,6.44147131471738,4.19075927460622,1,2
9,3,80,6.28719082355757,3.82838941026928,6.69681786217427,6.74513183447932,4.22958998378256,1,2
9,3,81,6.28719082355757,3.82838941026928,4.13020512940278,6.00067844082445,3.9321102270562,1,2
9,3,82,6.28719082355757,3.82838941026928,5.60403040939066,5.74494726990123,3.94903137099165,1,2
9,3,83,6.28719082355757,3.82838941026928,6.0683183804188,6.55526478880592,4.29023369343421,1,2
9,3,87,6.28719082355757,3.82838941026928,5.23120660578903,5.83748166954429,4.00508764071451,1,2
9,3,88,6.28719082355757,3.82838941026928,2.52233644636841,5.6087940915873,3.84100087202644,1,2
9,3,90,6.28719082355757,3.82838941026928,4.42771380731482,6.00512060678378,4.20468073208133,1,2
9,3,91,6.28719082355757,3.82838941026928,5.44423320972687,6.22844034338576,4.1537214523721,1,2
9,3,93,6.28719082355757,3.82838941026928,4.08860861148734,5.8051377532007,3.94835689012731,1,2
9,3,94,6.28719082355757,3.82838941026928,5.35084094886121,6.60397546794006,4.0754652234535,1,2
9,3,95,6.28719082355757,3.82838941026928,4.82431013521091,5.17445330613858,3.80270484457019,1,2
9,4,2,6.28719082355757,3.82838941026928,4.4242295731038,6.24832452957383,4.40788013718324,1,2
9,4,3,6.28719082355757,3.82838941026928,7.32571750326854,6.01795132782117,4.34277050870533,1,2
9,4,7,6.28719082355757,3.82838941026928,5.032547462471,6.36476003429928,4.37296569634813,1,2
9,4,8,6.28719082355757,3.82838941026928,5.7267318319339,5.86479437762564,4.10759225324367,1,2
9,4,11,6.28719082355757,3.82838941026928,5.98305774671519,5.68281363058715,4.04264828400383,1,2
9,4,14,6.28719082355757,3.82838941026928,4.29492081467089,6.16007357862118,4.4147377123723,1,2
9,4,15,6.28719082355757,3.82838941026928,7.21486542718215,5.26081828487815,3.97574519790087,1,2
9,4,19,6.28719082355757,3.82838941026928,4.84726948083421,5.25125424087762,3.99337890011857,1,2
9,4,27,6.28719082355757,3.82838941026928,5.87108139489912,5.53247028786183,4.26461379927941,1,2
9,4,29,6.28719082355757,3.82838941026928,4.73312466381188,6.56950423016371,4.51228090477712,1,2
9,4,33,6.28719082355757,3.82838941026928,5.86192432713128,6.09167050298418,4.35242948490969,1,2
9,4,34,6.28719082355757,3.82838941026928,6.3889607389238,6.11686753812418,4.30167257629259,1,2
9,4,40,6.28719082355757,3.82838941026928,4.09837063202712,6.07829816510422,4.29093756583534,1,2
9,4,41,6.28719082355757,3.82838941026928,4.95616534410887,7.44291262994001,4.90242366719255,1,2
9,4,42,6.28719082355757,3.82838941026928,4.64701849388124,5.56787074649462,4.18384061293337,1,2
9,4,43,6.28719082355757,3.82838941026928,7.19371179794471,5.43564383155176,4.12566641405843,1,2
9,4,44,6.28719082355757,3.82838941026928,6.15697716224342,6.26898355069394,4.55394365837439,1,2
9,4,45,6.28719082355757,3.82838941026928,4.68268437229554,6.12425340662807,4.45664701204153,1,2
9,4,46,6.28719082355757,3.82838941026928,3.50959944264693,5.87756854091122,4.25447876301508,1,2
9,4,48,6.28719082355757,3.82838941026928,6.67794741029682,6.04479691932792,4.389638625257,1,2
9,4,49,6.28719082355757,3.82838941026928,4.20543792966119,6.72171931531755,4.75805772197325,1,2
9,4,50,6.28719082355757,3.82838941026928,4.23495785549433,4.92159710131485,4.12215364499094,1,2
9,4,51,6.28719082355757,3.82838941026928,4.97806330560731,6.23873107634999,4.43671214936535,1,2
9,4,53,6.28719082355757,3.82838941026928,4.77846474648072,5.65300907072116,4.16251134437179,1,2
9,4,57,6.28719082355757,3.82838941026928,6.28699130563383,5.72469991614162,4.36457121701272,1,2
9,4,58,6.28719082355757,3.82838941026928,4.51829525888153,5.93221544693888,4.21594502353943,1,2
9,4,59,6.28719082355757,3.82838941026928,5.24535947640946,6.25344757113976,4.28892361369537,1,2
9,4,61,6.28719082355757,3.82838941026928,5.89285214230037,5.63989524970566,4.19514586057537,1,2
9,4,64,6.28719082355757,3.82838941026928,5.06269448499539,6.09123647666916,4.33649859633576,1,2
9,4,65,6.28719082355757,3.82838941026928,4.99292740815469,5.24664123076327,4.18535486306547,1,2
9,4,71,6.28719082355757,3.82838941026928,5.12350600365537,4.88455135837355,3.81993070154726,1,2
9,4,79,6.28719082355757,3.82838941026928,5.60135869314409,5.53573148982226,4.11562739253526,1,2
9,4,82,6.28719082355757,3.82838941026928,4.75167090527079,5.42047463544526,4.11274192480931,1,2
9,4,85,6.28719082355757,3.82838941026928,3.79821898376247,5.84032629850037,4.29442396250159,1,2
9,4,86,6.28719082355757,3.82838941026928,4.0491053708596,6.2195172910321,4.21753760515801,1,2
9,4,87,6.28719082355757,3.82838941026928,4.18943446536302,6.33276199441237,4.44308654835492,1,2
9,4,88,6.28719082355757,3.82838941026928,4.59672119998518,6.20092897078499,4.41528834150628,1,2
9,4,89,6.28719082355757,3.82838941026928,6.87883910377571,5.61977429816915,4.30646163783702,1,2
9,4,90,6.28719082355757,3.82838941026928,5.44448784079212,5.83189168850947,4.23483855647384,1,2
9,4,94,6.28719082355757,3.82838941026928,5.67329469558936,6.55479693808813,4.66507104445867,1,2
9,4,96,6.28719082355757,3.82838941026928,4.59620739633853,6.97259338242399,4.85302121311309,1,2
9,5,2,6.28719082355757,3.82838941026928,4.08381200961506,6.24875012486276,4.87767778927259,1,2
9,5,4,6.28719082355757,3.82838941026928,4.97680936918883,6.41030099931563,4.96273928170048,1,2
9,5,8,6.28719082355757,3.82838941026928,6.43228978963224,6.37238448436803,4.65238774760513,1,2
9,5,9,6.28719082355757,3.82838941026928,3.95675007615324,6.33353060195798,4.99733309023274,1,2
9,5,10,6.28719082355757,3.82838941026928,5.33777946059517,6.10878923645921,4.88731964045273,1,2
9,5,12,6.28719082355757,3.82838941026928,3.89234889899326,5.94406290257627,4.72323129196255,1,2
9,5,13,6.28719082355757,3.82838941026928,5.05553850046483,5.46459582593144,4.42854361498388,1,2
9,5,14,6.28719082355757,3.82838941026928,4.92141559158076,6.18563686755501,4.76245854237755,1,2
9,5,15,6.28719082355757,3.82838941026928,7.44651690339885,5.83805854921179,4.7763200526954,1,2
9,5,16,6.28719082355757,3.82838941026928,5.74864635909167,6.24334864683796,4.70648224275402,1,2
9,5,17,6.28719082355757,3.82838941026928,2.6171524774045,4.40320054475878,4.08578148536337,1,2
9,5,19,6.28719082355757,3.82838941026928,3.37250583728037,5.31991075111693,4.33972554107801,1,2
9,5,22,6.28719082355757,3.82838941026928,6.36659571825915,5.53150066326366,4.6274345727536,1,2
9,5,24,6.28719082355757,3.82838941026928,4.06451953578284,5.82384353610653,4.63961978695894,1,2
9,5,25,6.28719082355757,3.82838941026928,3.69246564139745,6.30278064367871,4.85146745121483,1,2
9,5,26,6.28719082355757,3.82838941026928,3.36041900833513,5.24929877727469,4.46232189008211,1,2
9,5,31,6.28719082355757,3.82838941026928,3.53477202696845,7.25686545528791,5.04942353046499,1,2
9,5,32,6.28719082355757,3.82838941026928,3.4073695475662,6.1778095916621,4.74100660913942,1,2
9,5,33,6.28719082355757,3.82838941026928,3.94517846036903,5.30968754013283,4.42806691876639,1,2
9,5,36,6.28719082355757,3.82838941026928,4.16778165265116,5.37652765989456,4.23686405231778,1,2
9,5,37,6.28719082355757,3.82838941026928,5.94658132335137,6.72187429532738,4.94086047466341,1,2
9,5,42,6.28719082355757,3.82838941026928,5.75922028471761,6.14866913541675,4.82835144910822,1,2
9,5,43,6.28719082355757,3.82838941026928,4.9618291453346,6.23895347625225,4.7894390995712,1,2
9,5,46,6.28719082355757,3.82838941026928,4.87892388058759,6.17212557886134,4.82808195159819,1,2
9,5,47,6.28719082355757,3.82838941026928,4.02202998211202,5.74745475287291,4.60733124315511,1,2
9,5,48,6.28719082355757,3.82838941026928,5.02208783930162,5.74905601125686,4.80745731811677,1,2
9,5,53,6.28719082355757,3.82838941026928,3.53404543051987,6.16314212843271,4.80906754311806,1,2
9,5,54,6.28719082355757,3.82838941026928,3.98956851385561,6.06489370383516,4.61294368954553,1,2
9,5,55,6.28719082355757,3.82838941026928,6.59094033469732,6.25555020445156,4.93340555966484,1,2
9,5,56,6.28719082355757,3.82838941026928,4.65830453731344,5.84383956720456,4.59710333749179,1,2
9,5,57,6.28719082355757,3.82838941026928,6.01632222233141,6.1445310505522,4.86587422951148,1,2
9,5,58,6.28719082355757,3.82838941026928,7.43610610660877,5.70337988434634,4.58537212888442,1,2
9,5,61,6.28719082355757,3.82838941026928,6.00286422007869,5.51854671412024,4.43638872009229,1,2
9,5,62,6.28719082355757,3.82838941026928,6.93633263211837,5.75305978007468,4.79811490195437,1,2
9,5,68,6.28719082355757,3.82838941026928,3.38186410682487,5.43693647190334,4.38743017950407,1,2
9,5,72,6.28719082355757,3.82838941026928,3.41642690825907,4.9616696739052,4.33852034621944,1,2
9,5,75,6.28719082355757,3.82838941026928,4.08613098267347,6.30575269859978,4.71415018507532,1,2
9,6,1,6.28719082355757,3.82838941026928,6.03543205497206,5.66537762067261,5.078576371029,1,2
9,6,2,6.28719082355757,3.82838941026928,5.1005071147565,6.6007357529253,5.07097279781572,1,2
9,6,5,6.28719082355757,3.82838941026928,4.54007965419667,5.22388171515398,4.85703878850003,1,2
9,6,7,6.28719082355757,3.82838941026928,6.05666104044352,5.48399062839995,4.76336422215274,1,2
9,6,8,6.28719082355757,3.82838941026928,4.52928672602468,5.61240962806783,4.92665889854861,1,2
9,6,9,6.28719082355757,3.82838941026928,5.02780392057542,6.23969377638103,5.01585828051574,1,2
9,6,10,6.28719082355757,3.82838941026928,4.84752176769664,6.42109970475828,5.24175998138294,1,2
9,6,13,6.28719082355757,3.82838941026928,5.44778889138356,6.11555376522089,4.90249297380772,1,2
9,6,14,6.28719082355757,3.82838941026928,5.62598383102759,6.11423297580874,5.06292361894124,1,2
9,6,15,6.28719082355757,3.82838941026928,4.5535811947785,6.70535552291561,5.22369072506046,1,2
9,6,16,6.28719082355757,3.82838941026928,4.92552440170457,5.41085706440363,4.71138299904909,1,2
9,6,17,6.28719082355757,3.82838941026928,5.56207286622706,6.85425638260304,5.28439684062133,1,2
9,6,19,6.28719082355757,3.82838941026928,5.42113090348226,6.15767358292544,4.93265103368372,1,2
9,6,21,6.28719082355757,3.82838941026928,4.90938393397177,5.92611726376195,5.01891217611167,1,2
9,6,23,6.28719082355757,3.82838941026928,3.20293864562956,6.26062727388001,5.0547891917107,1,2
9,6,25,6.28719082355757,3.82838941026928,4.65681221159248,5.52134762102687,4.78306622669074,1,2
9,6,27,6.28719082355757,3.82838941026928,4.451247720714,6.75383182972029,5.08978181908011,1,2
9,6,29,6.28719082355757,3.82838941026928,5.50492927824311,6.09186421421619,5.06764997639168,1,2
9,6,31,6.28719082355757,3.82838941026928,5.27117418018943,5.67056668383547,5.0109257175507,1,2
9,6,34,6.28719082355757,3.82838941026928,4.82995376417124,5.51063974733721,4.79417302098582,1,2
9,6,35,6.28719082355757,3.82838941026928,6.01320299407722,6.16165311558313,5.17550585635279,1,2
9,6,37,6.28719082355757,3.82838941026928,6.94433659889153,6.16797141842615,5.22489062516783,1,2
9,6,38,6.28719082355757,3.82838941026928,5.67143325749696,5.63419327862572,4.9266199170104,1,2
9,6,39,6.28719082355757,3.82838941026928,4.91325341778266,5.6931496062624,4.68730836577193,1,2
9,6,40,6.28719082355757,3.82838941026928,4.9599675176436,5.53733749686423,4.89561620999917,1,2
9,6,42,6.28719082355757,3.82838941026928,4.39734163633793,6.11463800008331,5.00337428918943,1,2
9,6,43,6.28719082355757,3.82838941026928,5.45335927703435,6.37412515159946,5.07163393044537,1,2
9,6,45,6.28719082355757,3.82838941026928,5.60302402692041,6.32249611504032,5.31259317731238,1,2
9,6,46,6.28719082355757,3.82838941026928,3.81540814431498,6.89268120957912,5.21506920106533,1,2
9,6,48,6.28719082355757,3.82838941026928,6.56718619353076,5.78999262334657,4.9655597935508,1,2
9,6,50,6.28719082355757,3.82838941026928,4.73636050419623,6.90076467525196,5.27830742721864,1,2
9,6,52,6.28719082355757,3.82838941026928,4.40579794608735,6.40082123877545,5.06759508100903,1,2
9,6,53,6.28719082355757,3.82838941026928,3.92004891688958,6.35244017150656,5.15627428212353,1,2
9,6,57,6.28719082355757,3.82838941026928,4.45562218305195,6.81029306622077,5.38325394092025,1,2
9,6,58,6.28719082355757,3.82838941026928,6.26496200599554,5.31455897348275,4.66363927262563,1,2
9,6,59,6.28719082355757,3.82838941026928,5.19760865693718,6.1972963572106,5.11953107565432,1,2
9,6,61,6.28719082355757,3.82838941026928,5.92806519767182,6.05719881082567,4.95414184018156,1,2
9,6,64,6.28719082355757,3.82838941026928,4.06387500190184,6.02208869976102,5.0539279958907,1,2
9,7,4,6.28719082355757,3.82838941026928,4.08767384878539,6.10948456785939,5.55536154147549,1,2
9,7,8,6.28719082355757,3.82838941026928,5.23410574023513,5.71522054481683,5.36325209709851,1,2
9,7,10,6.28719082355757,3.82838941026928,4.27153696999177,6.08582200932941,5.41216063944606,1,2
9,7,16,6.28719082355757,3.82838941026928,5.04204659223717,5.31899398469458,5.22349171083628,1,2
9,7,18,6.28719082355757,3.82838941026928,5.76758904604312,6.30775346961996,5.71157048219509,1,2
9,7,20,6.28719082355757,3.82838941026928,3.81187497445878,6.80007337735151,5.67651644076642,1,2
9,7,21,6.28719082355757,3.82838941026928,5.67709268321057,6.09351523703271,5.43007134135133,1,2
9,7,23,6.28719082355757,3.82838941026928,5.93549956259889,5.33734541649948,5.57856004546553,1,2
9,7,29,6.28719082355757,3.82838941026928,4.53130065285658,6.07705269093801,5.50189967534122,1,2
9,7,30,6.28719082355757,3.82838941026928,4.9271029081027,6.33292286863582,5.61318734225009,1,2
9,7,31,6.28719082355757,3.82838941026928,3.72540340926211,6.67819786196449,5.518497703711,1,2
9,7,34,6.28719082355757,3.82838941026928,4.8299150956616,5.43430421719646,5.35229014804819,1,2
9,7,35,6.28719082355757,3.82838941026928,5.32107444464509,6.34424582933068,5.77812733217009,1,2
9,7,39,6.28719082355757,3.82838941026928,5.26405372503251,5.96007273419915,5.49744049793542,1,2
9,7,42,6.28719082355757,3.82838941026928,5.70818887374951,6.11265282977601,5.57754073128624,1,2
9,7,43,6.28719082355757,3.82838941026928,4.7351823580905,5.9685665362815,5.2791739898262,1,2
9,7,44,6.28719082355757,3.82838941026928,4.85480631058112,6.36072552355486,5.52688364486439,1,2
9,7,45,6.28719082355757,3.82838941026928,4.44039759922889,6.71776284108243,5.70224444015687,1,2
9,7,46,6.28719082355757,3.82838941026928,6.22839105905266,6.09218439101977,5.41548552045156,1,2
9,7,48,6.28719082355757,3.82838941026928,4.99758105573697,5.85896205771722,5.26981937135749,1,2
9,7,49,6.28719082355757,3.82838941026928,4.68751153581443,6.29206377473396,5.50656333966357,1,2
9,7,50,6.28719082355757,3.82838941026928,6.01323659305964,5.73149717689124,5.518931612212,1,2
9,7,52,6.28719082355757,3.82838941026928,2.81010094111971,5.27499104975237,5.1997834076286,1,2
9,7,53,6.28719082355757,3.82838941026928,6.54189009353431,5.08846865454473,5.25519205628001,1,2
9,7,54,6.28719082355757,3.82838941026928,4.41859713520658,4.8278776979787,4.94132317659188,1,2
9,7,55,6.28719082355757,3.82838941026928,3.46668884411422,5.96284817418151,5.35118326784199,1,2
9,7,56,6.28719082355757,3.82838941026928,5.71551176671642,5.9132172525209,5.34432198258324,1,2
9,7,59,6.28719082355757,3.82838941026928,3.89595282247442,6.30993238338218,5.43707947673393,1,2
9,7,60,6.28719082355757,3.82838941026928,4.58675122012534,5.63742067077658,5.36071928824522,1,2
9,7,61,6.28719082355757,3.82838941026928,5.40742695121289,5.46725413125166,5.14326839085017,1,2
9,7,62,6.28719082355757,3.82838941026928,5.43118637477797,5.23785581088465,5.13007830467866,1,2
9,7,63,6.28719082355757,3.82838941026928,5.41242756230028,6.43032674477678,5.65923407381824,1,2
9,7,68,6.28719082355757,3.82838941026928,6.9286757713821,6.02811865599109,5.42721562023301,1,2
9,7,71,6.28719082355757,3.82838941026928,5.5550262462375,6.09400603748409,5.57776462483865,1,2
9,7,72,6.28719082355757,3.82838941026928,5.34481764478252,6.51101402072283,5.62880553228947,1,2
9,7,73,6.28719082355757,3.82838941026928,5.35475731397993,5.5599021029949,5.38772824804631,1,2
9,7,75,6.28719082355757,3.82838941026928,6.57849816640045,6.40136090984851,5.60364648460733,1,2
9,7,76,6.28719082355757,3.82838941026928,5.0585327396259,5.7943496201908,5.33366303011432,1,2
9,7,77,6.28719082355757,3.82838941026928,6.34795681891339,6.50715226059233,5.7549686948714,1,2
9,7,79,6.28719082355757,3.82838941026928,5.32726355970362,6.46069636956498,5.6091074254802,1,2
9,7,80,6.28719082355757,3.82838941026928,5.90064779462891,6.22761379358306,5.56763281185179,1,2
9,7,81,6.28719082355757,3.82838941026928,3.63318971472809,5.74241255533015,5.41184644381808,1,2
9,7,84,6.28719082355757,3.82838941026928,5.12461710909883,6.82439352644787,5.83300257594372,1,2
9,7,85,6.28719082355757,3.82838941026928,5.68345660768364,6.13871562256742,5.58981916426004,1,2
9,7,87,6.28719082355757,3.82838941026928,5.82933832059303,6.95635089240979,5.80142229632597,1,2
9,7,92,6.28719082355757,3.82838941026928,4.76382646806838,6.72120084057533,5.78352155460405,1,2
9,7,93,6.28719082355757,3.82838941026928,5.57303404072784,6.86045731331901,5.61007777305833,1,2
9,7,94,6.28719082355757,3.82838941026928,3.4003828895857,6.07198348211083,5.4260292092138,1,2
9,7,95,6.28719082355757,3.82838941026928,2.00536286820807,6.27792191122349,5.39517653160659,1,2
9,7,98,6.28719082355757,3.82838941026928,5.71658937580857,5.98053018873388,5.64524975534254,1,2
9,8,2,6.28719082355757,3.82838941026928,6.10003770668071,5.96167492999468,5.58523024339207,1,2
9,8,5,6.28719082355757,3.82838941026928,4.93403049259416,4.98117888885542,5.15543405234358,1,2
9,8,6,6.28719082355757,3.82838941026928,6.52740143133243,5.80345607293754,5.63362496277928,1,2
9,8,9,6.28719082355757,3.82838941026928,4.85546736026955,6.93815437382704,5.92866448803531,1,2
9,8,12,6.28719082355757,3.82838941026928,5.73418710531247,5.90059851881751,5.67221188544434,1,2
9,8,14,6.28719082355757,3.82838941026928,5.34431732819906,6.0135146609825,5.76818785133571,1,2
9,8,16,6.28719082355757,3.82838941026928,7.23144125633287,6.46215478698227,5.75520256107653,1,2
9,8,17,6.28719082355757,3.82838941026928,5.318270481155,6.35165165800581,5.62902729982755,1,2
9,8,18,6.28719082355757,3.82838941026928,3.5726774954089,6.20213408593476,5.70338196156913,1,2
9,8,19,6.28719082355757,3.82838941026928,4.06139543370809,5.65948496324226,5.38816049895155,1,2
9,8,20,6.28719082355757,3.82838941026928,5.01632299101185,5.30838393629098,5.4149905700364,1,2
9,8,21,6.28719082355757,3.82838941026928,4.58748122514278,5.74355397283235,5.46634624965798,1,2
9,8,26,6.28719082355757,3.82838941026928,4.08173721158141,6.03425159965363,5.490384812202,1,2
9,8,31,6.28719082355757,3.82838941026928,4.38242623434127,4.23186431293745,4.93315175465988,1,2
9,8,32,6.28719082355757,3.82838941026928,4.6034919155598,6.58089530747926,5.7503676226211,1,2
9,8,39,6.28719082355757,3.82838941026928,3.95531083529322,5.51107208466835,5.22978621567847,1,2
9,8,40,6.28719082355757,3.82838941026928,4.46381202688508,5.8409755649221,5.53127645149618,1,2
9,8,43,6.28719082355757,3.82838941026928,4.36515830824887,5.97417850203117,5.47271868503535,1,2
9,8,45,6.28719082355757,3.82838941026928,5.15127714500333,5.77812612331249,5.32685301066035,1,2
9,8,46,6.28719082355757,3.82838941026928,4.9824940928278,6.25369877025751,5.7234951127904,1,2
9,8,50,6.28719082355757,3.82838941026928,5.19643205487934,6.31228183629266,5.67292904238485,1,2
9,8,53,6.28719082355757,3.82838941026928,5.78220406663545,5.52067429870123,5.39461285207602,1,2
9,8,54,6.28719082355757,3.82838941026928,6.50372473508436,6.01140446693728,5.67097437194624,1,2
9,8,56,6.28719082355757,3.82838941026928,4.65168893031826,6.25550857331081,5.79328469041026,1,2
9,8,58,6.28719082355757,3.82838941026928,4.38357208707969,6.3651208970102,5.67723587736275,1,2
9,8,61,6.28719082355757,3.82838941026928,3.92969533580293,5.8735530745328,5.55599194235876,1,2
9,8,62,6.28719082355757,3.82838941026928,5.30238277257898,5.56257362696307,5.56693639982308,1,2
9,8,63,6.28719082355757,3.82838941026928,4.48155962646243,6.0150330857339,5.42459773605078,1,2
9,8,69,6.28719082355757,3.82838941026928,4.35425123966915,6.48600908039237,5.63261202125116,1,2
9,8,75,6.28719082355757,3.82838941026928,4.23124421274771,7.06507584844773,5.94879751196103,1,2
9,8,76,6.28719082355757,3.82838941026928,4.98720055272237,5.95130954766923,5.52139121549296,1,2
9,8,79,6.28719082355757,3.82838941026928,6.51214676154308,6.24130018629974,5.6943736716649,1,2
9,8,81,6.28719082355757,3.82838941026928,6.25535002851776,6.10836018385064,5.60084229115434,1,2
9,8,84,6.28719082355757,3.82838941026928,4.77754199022561,6.30768566659943,5.49924199784036,1,2
9,8,94,6.28719082355757,3.82838941026928,4.67242216010383,6.00961116092874,5.52572066297098,1,2
9,9,5,6.28719082355757,3.82838941026928,4.67274264199998,6.58276918034692,5.8659813867325,1,2
9,9,7,6.28719082355757,3.82838941026928,5.77273814654077,6.62941651045168,5.73683276207306,1,2
9,9,8,6.28719082355757,3.82838941026928,5.24386727348296,5.62370430211205,5.7331123082785,1,2
9,9,9,6.28719082355757,3.82838941026928,4.92744941621235,5.81350629158486,5.68147358256203,1,2
9,9,11,6.28719082355757,3.82838941026928,4.24773998995457,6.09631900004939,5.9074359995078,1,2
9,9,13,6.28719082355757,3.82838941026928,6.8319826388127,6.40220160813596,6.10155299689131,1,2
9,9,14,6.28719082355757,3.82838941026928,4.78321860739017,5.63958513229161,5.59715138024712,1,2
9,9,17,6.28719082355757,3.82838941026928,6.57902396473457,5.37482857421597,5.77181093557515,1,2
9,9,18,6.28719082355757,3.82838941026928,6.04173617965969,5.84600558152055,5.620445350594,1,2
9,9,20,6.28719082355757,3.82838941026928,3.29959947597969,5.84022431218091,5.73557625430958,1,2
9,9,22,6.28719082355757,3.82838941026928,4.731281539854,6.7318791553481,6.08077670178578,1,2
9,9,23,6.28719082355757,3.82838941026928,5.95468411112113,5.86296281488609,5.56972845612349,1,2
9,9,24,6.28719082355757,3.82838941026928,4.03027247516159,5.05599155205269,5.14316942891381,1,2
9,9,25,6.28719082355757,3.82838941026928,4.23533101272745,6.30744282264142,5.8772900240418,1,2
9,9,26,6.28719082355757,3.82838941026928,3.9971636903773,6.39879751892403,6.02874954250802,1,2
9,9,28,6.28719082355757,3.82838941026928,6.25371753291527,5.45080369109891,5.76120462149585,1,2
9,9,29,6.28719082355757,3.82838941026928,6.00287764844538,6.20923249224237,5.76794844737908,1,2
9,9,30,6.28719082355757,3.82838941026928,3.33705706647768,6.75102454269534,6.01426517560833,1,2
9,9,32,6.28719082355757,3.82838941026928,4.4121416149726,6.58693780895049,5.94975913216245,1,2
9,9,33,6.28719082355757,3.82838941026928,5.09268894359879,5.88653554985948,5.78027706632705,1,2
9,9,34,6.28719082355757,3.82838941026928,4.62783400679685,6.44450470399684,5.83271671364899,1,2
9,9,37,6.28719082355757,3.82838941026928,7.47211312649861,5.87972647295472,5.77708842503375,1,2
9,9,40,6.28719082355757,3.82838941026928,6.4813699340999,6.06781832542577,5.88438454411574,1,2
9,9,42,6.28719082355757,3.82838941026928,4.85321043354506,6.29605964823372,6.05791894661631,1,2
9,9,44,6.28719082355757,3.82838941026928,5.95147797647073,6.07131362238525,5.59587428707864,1,2
9,9,46,6.28719082355757,3.82838941026928,5.03363252285917,5.3065885996675,5.60969158076118,1,2
9,9,47,6.28719082355757,3.82838941026928,4.44538607354172,7.11686649680344,6.08408853604031,1,2
9,9,49,6.28719082355757,3.82838941026928,4.15697110283787,7.0220960216305,6.08359840799366,1,2
9,9,50,6.28719082355757,3.82838941026928,5.6789567734616,7.53593721760027,6.28586182931226,1,2
9,9,51,6.28719082355757,3.82838941026928,6.13831884274528,5.25621379545092,5.39254698823119,1,2
9,9,57,6.28719082355757,3.82838941026928,3.23053520649826,6.48577990328593,5.85746527300691,1,2
9,9,59,6.28719082355757,3.82838941026928,4.79214866387019,6.28963925035012,5.81645590729566,1,2
9,9,60,6.28719082355757,3.82838941026928,5.81605558877715,5.96822201572167,5.57142929031766,1,2
9,9,61,6.28719082355757,3.82838941026928,5.03553877055043,6.09004490682478,5.67090689516095,1,2
9,9,64,6.28719082355757,3.82838941026928,3.15498446137139,5.91464232969119,5.71823176901351,1,2
9,9,67,6.28719082355757,3.82838941026928,6.70703201339303,5.25322305614683,5.56435433616345,1,2
9,9,68,6.28719082355757,3.82838941026928,4.91711467697804,5.22169424998771,5.42032192587171,1,2
9,9,69,6.28719082355757,3.82838941026928,5.10100227476619,5.99111333766099,5.88052413714783,1,2
9,9,70,6.28719082355757,3.82838941026928,5.68179972982131,6.24400947231416,5.73850416350055,1,2
9,9,71,6.28719082355757,3.82838941026928,4.6128845833621,6.02318491254366,5.86587440535257,1,2
9,9,72,6.28719082355757,3.82838941026928,3.4461087730164,6.70891079369607,6.03498264256763,1,2
9,9,74,6.28719082355757,3.82838941026928,5.39645824918758,6.01152250219013,5.99640688726106,1,2
9,9,78,6.28719082355757,3.82838941026928,4.46334257606271,5.99597788418156,5.67710885053639,1,2
9,9,79,6.28719082355757,3.82838941026928,5.2759275790717,5.45749105559936,5.4733838607857,1,2
9,9,80,6.28719082355757,3.82838941026928,4.32129947301131,6.5602820712925,5.93329211662674,1,2
9,9,81,6.28719082355757,3.82838941026928,5.82011634904702,5.32593876290951,5.45120774650568,1,2
9,9,83,6.28719082355757,3.82838941026928,6.96734067599095,6.23968076079578,6.02393096342663,1,2
9,9,84,6.28719082355757,3.82838941026928,3.47284246910841,6.39368576943807,6.00773028489294,1,2
9,9,85,6.28719082355757,3.82838941026928,5.95934936311787,5.45007779448244,5.60351290014872,1,2
9,9,86,6.28719082355757,3.82838941026928,3.27323875500275,6.21171517596001,5.71506564083792,1,2
9,9,87,6.28719082355757,3.82838941026928,3.94482509007921,6.28053317326908,5.65316724186717,1,2
9,10,3,6.28719082355757,3.82838941026928,4.21938821925881,6.05986748149866,5.87073736642521,1,2
9,10,6,6.28719082355757,3.82838941026928,4.29383516359695,7.0993326016053,6.12645183795684,1,2
9,10,7,6.28719082355757,3.82838941026928,5.2937464606345,5.82051148336756,5.75148154072545,1,2
9,10,11,6.28719082355757,3.82838941026928,5.02542208061853,6.02759560324491,5.69325834059594,1,2
9,10,12,6.28719082355757,3.82838941026928,5.83144077241011,6.14711616247296,5.80358512713258,1,2
9,10,13,6.28719082355757,3.82838941026928,3.40341165866337,5.51527497132831,5.77998769212992,1,2
9,10,15,6.28719082355757,3.82838941026928,2.79170078801517,6.30156029216944,5.67282464450898,1,2
9,10,16,6.28719082355757,3.82838941026928,6.99095862157584,5.4860811769859,5.79788377401128,1,2
9,10,18,6.28719082355757,3.82838941026928,5.80742965580567,5.88581875774681,5.58033277966576,1,2
9,10,19,6.28719082355757,3.82838941026928,6.17199484805232,5.78186658245816,5.82676257389502,1,2
9,10,22,6.28719082355757,3.82838941026928,5.2651794325965,6.11404863949876,5.88593364439117,1,2
9,10,23,6.28719082355757,3.82838941026928,5.03463132601876,6.54030787168766,5.88376939611963,1,2
9,10,28,6.28719082355757,3.82838941026928,5.28151721392657,5.16429318797231,5.50658233428464,1,2
9,10,30,6.28719082355757,3.82838941026928,4.91351701537672,5.613523778766,5.58560760555282,1,2
9,10,33,6.28719082355757,3.82838941026928,3.54897355979206,6.56642919025778,5.58538200068411,1,2
9,10,36,6.28719082355757,3.82838941026928,4.06878396500887,5.92981796958307,5.63013095594595,1,2
9,10,37,6.28719082355757,3.82838941026928,4.22311723505969,6.09019240273933,5.76465682469228,1,2
9,10,38,6.28719082355757,3.82838941026928,5.30568710539862,6.3114411152398,5.91804826730921,1,2
9,10,39,6.28719082355757,3.82838941026928,5.75505142541876,5.5494779854506,5.67156086066607,1,2
9,10,41,6.28719082355757,3.82838941026928,1.87647788914767,5.56993153855824,5.54026466213625,1,2
9,10,43,6.28719082355757,3.82838941026928,4.90457447560753,5.98333795143187,5.76363966949278,1,2
9,10,46,6.28719082355757,3.82838941026928,5.12037118116907,6.01388301433712,5.83764353091706,1,2
9,10,48,6.28719082355757,3.82838941026928,5.570188294664,6.03108081112903,5.80541336373793,1,2
9,10,49,6.28719082355757,3.82838941026928,5.00805803729967,6.21044270685323,5.85992225673357,1,2
9,10,50,6.28719082355757,3.82838941026928,3.85221188078719,6.50195766482112,5.89680799711883,1,2
9,10,51,6.28719082355757,3.82838941026928,4.33550337813167,6.38487332386417,5.93235149455208,1,2
9,10,57,6.28719082355757,3.82838941026928,5.53402758566562,6.51789803574858,6.15848952189637,1,2
9,10,59,6.28719082355757,3.82838941026928,5.19364618460116,6.48702189487317,5.96468209512012,1,2
9,10,62,6.28719082355757,3.82838941026928,4.38896553798788,5.82704711962965,5.82678127325811,1,2
9,10,67,6.28719082355757,3.82838941026928,5.4291107240639,7.02399383276125,6.19610741407944,1,2
9,10,70,6.28719082355757,3.82838941026928,5.95980201533396,6.09176712544258,5.90077491098572,1,2
9,10,72,6.28719082355757,3.82838941026928,4.13513625859092,6.55092188122854,5.85885194539875,1,2
9,10,78,6.28719082355757,3.82838941026928,5.40142968176244,5.95357535675868,6.16179978251844,1,2
9,10,79,6.28719082355757,3.82838941026928,5.84897029946328,6.74163086005387,6.17303748878057,1,2
9,10,80,6.28719082355757,3.82838941026928,3.9347657630116,6.72873541334591,6.11096783364168,1,2
9,10,81,6.28719082355757,3.82838941026928,5.42967961212166,5.68997676273628,5.81308686986954,1,2
9,10,84,6.28719082355757,3.82838941026928,4.85543576449985,5.53771284610587,5.8229243581443,1,2
9,10,85,6.28719082355757,3.82838941026928,5.36889131454534,5.89653533948702,5.66063317566763,1,2
9,10,88,6.28719082355757,3.82838941026928,6.9877366692969,6.61324865366324,5.89266946152746,1,2
9,10,91,6.28719082355757,3.82838941026928,4.30577200970987,5.42795366364488,5.66893138129794,1,2
9,11,3,6.28719082355757,3.82838941026928,6.18330985736347,6.15420493537867,6.16860516999896,1,2
9,11,9,6.28719082355757,3.82838941026928,4.02133300139043,6.14214084968135,6.30060092793139,1,2
9,11,11,6.28719082355757,3.82838941026928,3.77603987543137,6.48973108588881,6.30138279256718,1,2
9,11,13,6.28719082355757,3.82838941026928,5.65860020726423,6.14332308141473,6.19117881863771,1,2
9,11,15,6.28719082355757,3.82838941026928,3.8776701793313,5.68954662175452,6.39589669915655,1,2
9,11,16,6.28719082355757,3.82838941026928,3.8097144223457,6.29894852762853,6.16253084879656,1,2
9,11,18,6.28719082355757,3.82838941026928,5.91764571369913,5.2904814559891,5.99100795467805,1,2
9,11,21,6.28719082355757,3.82838941026928,4.87450122515731,6.17899855202882,6.26072106853616,1,2
9,11,22,6.28719082355757,3.82838941026928,3.99779358146126,5.46204835936061,5.96416802072014,1,2
9,11,23,6.28719082355757,3.82838941026928,5.22317687976096,6.26654577808944,6.42299062485759,1,2
9,11,24,6.28719082355757,3.82838941026928,4.15080655899577,6.00938000075681,6.31278673007342,1,2
9,11,25,6.28719082355757,3.82838941026928,3.60190923686399,5.98848552141331,6.2274102973455,1,2
9,11,28,6.28719082355757,3.82838941026928,4.87670506560664,5.75041440756489,6.12059799379757,1,2
9,11,29,6.28719082355757,3.82838941026928,5.67947452922506,6.82135921398507,6.5523126882844,1,2
9,11,30,6.28719082355757,3.82838941026928,4.07987193204418,5.89329847631161,6.23215773738051,1,2
9,11,31,6.28719082355757,3.82838941026928,5.76979521834898,6.4367550609635,6.40498566701556,1,2
9,11,32,6.28719082355757,3.82838941026928,3.14129598110989,5.88631958943627,6.21274373112172,1,2
9,11,34,6.28719082355757,3.82838941026928,4.2249610770631,6.2860509450679,6.36497074366192,1,2
9,11,37,6.28719082355757,3.82838941026928,5.92593511671496,6.01777985712386,6.26129257249745,1,2
9,11,38,6.28719082355757,3.82838941026928,5.67745251166934,5.54925211620512,6.13246448035025,1,2
9,11,41,6.28719082355757,3.82838941026928,4.74828700608779,5.5092418853167,6.10914159238094,1,2
9,11,44,6.28719082355757,3.82838941026928,5.12797042773805,6.17764089395771,6.34544197868723,1,2
9,11,45,6.28719082355757,3.82838941026928,3.6435160970723,5.51198749549143,6.09185631141392,1,2
9,11,46,6.28719082355757,3.82838941026928,5.49442605921378,5.36737710553397,6.35378277668854,1,2
9,11,47,6.28719082355757,3.82838941026928,4.92103234135874,4.93680658215801,6.05647256176026,1,2
9,11,48,6.28719082355757,3.82838941026928,5.32780521242484,6.94077700550778,6.43118420312396,1,2
9,11,50,6.28719082355757,3.82838941026928,4.46120187444018,5.57162179045429,6.00643663242729,1,2
9,11,52,6.28719082355757,3.82838941026928,3.38883797054503,6.4005957058985,6.18727169032427,1,2
9,11,57,6.28719082355757,3.82838941026928,4.32298460333446,5.94337884064553,6.2660070908154,1,2
9,11,63,6.28719082355757,3.82838941026928,4.19214905807962,5.4508866519547,6.1175035930893,1,2
9,11,64,6.28719082355757,3.82838941026928,4.00065095218667,6.01923633523786,6.07692748602626,1,2
9,11,67,6.28719082355757,3.82838941026928,3.98368498796479,5.84202812083214,6.26744987465188,1,2
9,11,69,6.28719082355757,3.82838941026928,4.06920500505275,6.30515259443753,6.2296907580032,1,2
9,11,70,6.28719082355757,3.82838941026928,3.84342852853785,5.18538096376343,6.09755885136012,1,2
9,11,75,6.28719082355757,3.82838941026928,5.375567160148,6.06874297770185,6.28267222830672,1,2
9,11,76,6.28719082355757,3.82838941026928,3.77194239070984,5.88824670254636,6.33660114365058,1,2
9,11,77,6.28719082355757,3.82838941026928,3.66469340982671,6.00661740109308,6.02569661000123,1,2
9,11,78,6.28719082355757,3.82838941026928,3.6426102672792,6.26778541481082,6.29780291277564,1,2
9,11,82,6.28719082355757,3.82838941026928,4.19505964437463,5.58530192339775,6.05466311214362,1,2
9,11,84,6.28719082355757,3.82838941026928,4.62714254474484,5.54607212359814,6.0439073422124,1,2
9,11,87,6.28719082355757,3.82838941026928,4.48996097037885,6.43919491836573,6.31784319153169,1,2
9,11,88,6.28719082355757,3.82838941026928,5.09309987194294,5.60616512996461,6.07958345232602,1,2
9,11,91,6.28719082355757,3.82838941026928,4.58474891313667,5.56768048640339,6.00822039830873,1,2
9,11,92,6.28719082355757,3.82838941026928,5.4558831968491,5.43573595958398,6.14910456218576,1,2
9,11,95,6.28719082355757,3.82838941026928,4.76940927825948,6.10889864144717,6.159950208239,1,2
9,11,97,6.28719082355757,3.82838941026928,5.54223206283863,6.28073350160682,6.46778026153079,1,2
9,11,98,6.28719082355757,3.82838941026928,6.72951779591418,6.63936306260909,6.37504083185821,1,2
9,11,99,6.28719082355757,3.82838941026928,3.76938782293796,7.03842056792659,6.67980569582546,1,2
9,12,2,6.28719082355757,3.82838941026928,5.90917662742327,7.02376989284796,6.59633498592712,1,2
9,12,5,6.28719082355757,3.82838941026928,3.88715837928663,6.87531634169271,6.18682921978691,1,2
9,12,8,6.28719082355757,3.82838941026928,4.59302737965098,5.93217409977197,6.16424751139102,1,2
9,12,9,6.28719082355757,3.82838941026928,4.62554260903674,5.78517289632899,6.15623665047346,1,2
9,12,12,6.28719082355757,3.82838941026928,3.64708831755118,6.71956195665177,6.37381119694264,1,2
9,12,13,6.28719082355757,3.82838941026928,2.83651104171341,6.40785871265905,6.4008209830965,1,2
9,12,14,6.28719082355757,3.82838941026928,4.44168572769666,5.83600718182733,6.30316135988017,1,2
9,12,16,6.28719082355757,3.82838941026928,6.46849107432699,5.28982929088701,6.01821097815416,1,2
9,12,19,6.28719082355757,3.82838941026928,4.49554182367545,6.63816429545147,6.3383334391355,1,2
9,12,20,6.28719082355757,3.82838941026928,4.72045505038713,5.73662684268013,6.14136843178985,1,2
9,12,27,6.28719082355757,3.82838941026928,6.17396734085887,5.33683419322574,5.87596347410826,1,2
9,12,28,6.28719082355757,3.82838941026928,7.08022500176563,6.93551934228255,6.44574824339828,1,2
9,12,30,6.28719082355757,3.82838941026928,4.60189935843402,6.4623947442171,6.32907851223372,1,2
9,12,31,6.28719082355757,3.82838941026928,4.98290315133161,5.93559264372509,6.4056849533128,1,2
9,12,32,6.28719082355757,3.82838941026928,6.79268211789554,5.89874838647446,6.26989462811332,1,2
9,12,34,6.28719082355757,3.82838941026928,6.07204476548266,6.71686112834064,6.3969414949993,1,2
9,12,35,6.28719082355757,3.82838941026928,5.13916998621065,5.30489581820858,5.89280501207973,1,2
9,12,37,6.28719082355757,3.82838941026928,4.19379417689671,5.66639024357292,6.12671685695943,1,2
9,12,39,6.28719082355757,3.82838941026928,6.746682359793,6.11631154110718,6.43269412143025,1,2
9,12,42,6.28719082355757,3.82838941026928,5.45013003446566,6.09202979394067,6.15887546361132,1,2
9,12,45,6.28719082355757,3.82838941026928,5.56272472292082,5.67718743676349,6.0318860943438,1,2
9,12,46,6.28719082355757,3.82838941026928,4.38232325540955,5.42630759965994,5.85163764892033,1,2
9,12,47,6.28719082355757,3.82838941026928,5.11052692314795,6.02227428666331,6.35328755611812,1,2
9,12,48,6.28719082355757,3.82838941026928,3.79955535010724,5.85225321748219,6.07311171940362,1,2
9,12,51,6.28719082355757,3.82838941026928,6.64705027433056,6.74656038662234,6.58570985503754,1,2
9,12,54,6.28719082355757,3.82838941026928,5.89324748563707,6.35682307276597,6.36311390437157,1,2
9,12,56,6.28719082355757,3.82838941026928,4.31005658670993,6.47430524807913,6.23515396346517,1,2
9,12,59,6.28719082355757,3.82838941026928,4.88023922789984,6.43820023446887,6.51724279132289,1,2
9,12,60,6.28719082355757,3.82838941026928,6.14079841714767,6.92875516807181,6.6718572183393,1,2
9,12,61,6.28719082355757,3.82838941026928,5.64814189308514,6.50401116763316,6.46425204378943,1,2
9,12,62,6.28719082355757,3.82838941026928,4.29408915477488,6.18811951159198,6.33349137469002,1,2
9,12,63,6.28719082355757,3.82838941026928,4.97212572593488,6.04195169038073,6.25212824229037,1,2
9,12,67,6.28719082355757,3.82838941026928,6.25072128317209,6.34279758278612,6.3271295724586,1,2
9,12,68,6.28719082355757,3.82838941026928,6.31586565726656,5.88214528126103,6.10185129843959,1,2
9,12,69,6.28719082355757,3.82838941026928,5.27989132805319,5.22106130797961,6.08566981666492,1,2
9,13,3,6.28719082355757,3.82838941026928,4.46568744605154,7.16917272632101,6.77535719927594,1,2
9,13,5,6.28719082355757,3.82838941026928,6.06438605892062,6.08996890350202,6.67322253516763,1,2
9,13,7,6.28719082355757,3.82838941026928,6.02857307354496,5.82533153188742,6.55171637908242,1,2
9,13,8,6.28719082355757,3.82838941026928,6.2366550990884,6.68643879994747,6.82872728565207,1,2
9,13,11,6.28719082355757,3.82838941026928,4.0340905221817,5.40068108357896,6.39029075197387,1,2
9,13,13,6.28719082355757,3.82838941026928,6.33373866749156,6.69246889503605,6.67516357271341,1,2
9,13,16,6.28719082355757,3.82838941026928,5.97155331273738,6.30004501296882,6.47481579090143,1,2
9,13,22,6.28719082355757,3.82838941026928,4.58650419784935,5.99111084433017,6.53275434316896,1,2
9,13,23,6.28719082355757,3.82838941026928,4.39821239830261,5.85700881047567,6.44199973911847,1,2
9,13,28,6.28719082355757,3.82838941026928,6.44917662903143,6.94179024977513,6.66911589360393,1,2
9,13,33,6.28719082355757,3.82838941026928,4.94082627023614,5.77708220884279,6.7374133883269,1,2
9,13,36,6.28719082355757,3.82838941026928,4.74043368182958,6.31225257290781,6.63292535158975,1,2
9,13,37,6.28719082355757,3.82838941026928,4.2141101683692,6.43151361882427,6.44014814980618,1,2
9,13,40,6.28719082355757,3.82838941026928,5.10914632160616,6.58276215330291,6.42263407584842,1,2
9,13,42,6.28719082355757,3.82838941026928,4.71970979531778,5.53373730611957,6.40599988431073,1,2
9,13,43,6.28719082355757,3.82838941026928,3.74828970466936,5.66865519203449,6.31867598708974,1,2
9,13,44,6.28719082355757,3.82838941026928,5.74659911136956,6.27241707722129,6.6421716706249,1,2
9,13,46,6.28719082355757,3.82838941026928,5.20268411267859,6.24727487092608,6.50132365953892,1,2
9,13,47,6.28719082355757,3.82838941026928,5.98815190759543,5.42629319816613,6.1920133107952,1,2
9,13,48,6.28719082355757,3.82838941026928,4.52996742123618,6.14733420837687,6.51313046077624,1,2
9,13,51,6.28719082355757,3.82838941026928,6.22956995065157,6.07741147220965,6.55606391159674,1,2
9,13,52,6.28719082355757,3.82838941026928,5.22317642554929,6.02843753586247,6.61417978133015,1,2
9,13,53,6.28719082355757,3.82838941026928,5.40691077209493,6.20455558254104,6.5962464390359,1,2
9,13,55,6.28719082355757,3.82838941026928,6.10575613585986,5.7568413417732,6.47583721021534,1,2
9,13,57,6.28719082355757,3.82838941026928,2.65797795643576,6.04290242060446,6.53130764847195,1,2
9,13,58,6.28719082355757,3.82838941026928,2.29129482662492,5.77665287913828,6.35495185668786,1,2
9,13,59,6.28719082355757,3.82838941026928,4.57950723634874,5.65852256090185,6.32719309195235,1,2
9,13,60,6.28719082355757,3.82838941026928,4.11060384845802,5.35040310186823,6.26683398261308,1,2
9,13,63,6.28719082355757,3.82838941026928,5.55886948529774,6.43740779538912,6.80348914022243,1,2
9,13,64,6.28719082355757,3.82838941026928,6.24580077769586,5.95217214250758,6.70331186125378,1,2
9,13,65,6.28719082355757,3.82838941026928,4.27533223692958,5.5539722271559,6.32661678611307,1,2
9,13,66,6.28719082355757,3.82838941026928,4.78291298694733,6.05165570932592,6.52523176014565,1,2
9,13,68,6.28719082355757,3.82838941026928,4.99247655924448,5.32609878511664,6.04360054844319,1,2
9,13,69,6.28719082355757,3.82838941026928,4.47457828064608,5.36527489774203,6.33335698011099,1,2
9,13,72,6.28719082355757,3.82838941026928,3.84103786019318,6.35628727164154,6.66850867611103,1,2
9,14,4,6.28719082355757,3.82838941026928,4.53760500998825,6.10594341040211,7.02598277556911,1,2
9,14,6,6.28719082355757,3.82838941026928,5.2747875783703,6.21971987247676,6.70920372785232,1,2
9,14,7,6.28719082355757,3.82838941026928,4.59079478009341,5.87634170885253,6.85469507548248,1,2
9,14,9,6.28719082355757,3.82838941026928,3.88418433782333,6.66918324816552,6.84161194228996,1,2
9,14,11,6.28719082355757,3.82838941026928,4.644859336779,5.23439923998339,6.2472084474489,1,2
9,14,12,6.28719082355757,3.82838941026928,5.11862611514542,6.60271213512493,6.97263330740833,1,2
9,14,17,6.28719082355757,3.82838941026928,5.87592561630561,6.53181846785301,7.08166303635486,1,2
9,14,18,6.28719082355757,3.82838941026928,6.30663247527989,5.67928676170205,6.66274736502323,1,2
9,14,22,6.28719082355757,3.82838941026928,3.79835608946261,6.29129013296535,6.74889790527494,1,2
9,14,24,6.28719082355757,3.82838941026928,5.66993403885978,5.89317355135232,6.65966572918783,1,2
9,14,25,6.28719082355757,3.82838941026928,5.28118241709955,5.04852490383152,6.41891371460297,1,2
9,14,27,6.28719082355757,3.82838941026928,6.25593642966972,6.39724746192265,6.7918872415238,1,2
9,14,28,6.28719082355757,3.82838941026928,6.61642023649234,5.88558053435281,7.14012567412475,1,2
9,14,31,6.28719082355757,3.82838941026928,5.19868614720953,6.33974349506948,6.87485665189582,1,2
9,14,33,6.28719082355757,3.82838941026928,5.13253827881943,5.75068077368338,6.89411053830734,1,2
9,14,35,6.28719082355757,3.82838941026928,4.80375021370044,5.62844032601082,6.89046547912453,1,2
9,14,38,6.28719082355757,3.82838941026928,6.09356086382455,5.54160397770115,6.66034167694272,1,2
9,14,39,6.28719082355757,3.82838941026928,3.8657300158763,5.81733334610594,6.9308500822358,1,2
9,14,42,6.28719082355757,3.82838941026928,5.65425886875445,6.55292726061678,7.00275006052155,1,2
9,14,43,6.28719082355757,3.82838941026928,4.90839960605047,4.95674764904472,6.27839886450831,1,2
9,14,47,6.28719082355757,3.82838941026928,3.29646243944697,5.87535202559508,6.63539910834227,1,2
9,14,48,6.28719082355757,3.82838941026928,4.79193678385808,5.5041818918726,6.59700552009229,1,2
9,14,50,6.28719082355757,3.82838941026928,5.056486089516,4.58686745249865,6.21149158929618,1,2
9,14,51,6.28719082355757,3.82838941026928,6.27091386153066,6.14551817178049,7.03168744713259,1,2
9,14,52,6.28719082355757,3.82838941026928,3.87170587125916,6.83240837483641,6.96873585429711,1,2
9,14,54,6.28719082355757,3.82838941026928,5.34057231525566,6.21609941147564,6.71111564572236,1,2
9,14,55,6.28719082355757,3.82838941026928,5.11873469868522,5.68367032421934,6.67114090961466,1,2
9,14,56,6.28719082355757,3.82838941026928,4.86429629978523,5.80367505705053,6.62670456049671,1,2
9,14,57,6.28719082355757,3.82838941026928,4.79557685488816,6.17990587078875,6.68360464493678,1,2
9,14,61,6.28719082355757,3.82838941026928,5.43172747721858,5.81443301389497,6.98858620343003,1,2
9,14,64,6.28719082355757,3.82838941026928,6.13563929106001,6.4845861093869,6.84522146261453,1,2
9,14,65,6.28719082355757,3.82838941026928,3.74778772179425,6.63244648816573,6.82501603455804,1,2
9,14,68,6.28719082355757,3.82838941026928,5.23703525498484,6.28073338000528,6.74439296394288,1,2
9,14,71,6.28719082355757,3.82838941026928,5.43729041271693,5.95605694697352,6.52519253900716,1,2
9,15,1,6.28719082355757,3.82838941026928,5.7906255039366,6.52813117588227,7.05765845250583,1,2
9,15,2,6.28719082355757,3.82838941026928,4.95017281270193,6.60374142529846,6.93813631245365,1,2
9,15,4,6.28719082355757,3.82838941026928,6.82143028464379,6.08464842320122,6.69262289810728,1,2
9,15,6,6.28719082355757,3.82838941026928,6.02571740379084,6.76297141063469,6.97580202560508,1,2
9,15,9,6.28719082355757,3.82838941026928,6.09704687126512,6.15666326348372,6.99967686235946,1,2
9,15,10,6.28719082355757,3.82838941026928,5.94304259615921,6.26366820132992,6.96690770743264,1,2
9,15,11,6.28719082355757,3.82838941026928,5.2407270192908,6.59804977286298,6.87044811512575,1,2
9,15,17,6.28719082355757,3.82838941026928,4.68190205034503,6.28904810232621,6.9266333348915,1,2
9,15,18,6.28719082355757,3.82838941026928,3.17994575975689,5.23289316309157,6.36603933223904,1,2
9,15,20,6.28719082355757,3.82838941026928,5.008113041329,5.23857511192329,6.39899107783859,1,2
9,15,23,6.28719082355757,3.82838941026928,6.22851169396409,5.89510118239631,6.84172643998961,1,2
9,15,25,6.28719082355757,3.82838941026928,5.41745608239778,5.34397888809584,6.67533645505944,1,2
9,15,26,6.28719082355757,3.82838941026928,5.08384343128251,6.79834969458409,6.84972631092874,1,2
9,15,27,6.28719082355757,3.82838941026928,5.77893352515402,6.17918957173481,6.67318758843861,1,2
9,15,30,6.28719082355757,3.82838941026928,4.25236963282894,5.76381108152014,6.44991035163773,1,2
9,15,33,6.28719082355757,3.82838941026928,4.73376057728285,6.19731803352902,6.55388743417734,1,2
9,15,37,6.28719082355757,3.82838941026928,4.94594533544976,5.92262308855935,6.79548649694915,1,2
9,15,41,6.28719082355757,3.82838941026928,6.08141761638619,6.44156849769671,6.9583489350232,1,2
9,15,43,6.28719082355757,3.82838941026928,3.61797806913429,5.92234509912194,6.7502452104038,1,2
9,15,44,6.28719082355757,3.82838941026928,3.99939646636787,6.14493064017785,6.78096913254385,1,2
9,15,46,6.28719082355757,3.82838941026928,4.06478065299228,5.55035745984474,6.46313031732991,1,2
9,15,47,6.28719082355757,3.82838941026928,4.2602060601984,6.48451930433942,6.82960342994243,1,2
9,15,48,6.28719082355757,3.82838941026928,2.80956690986833,5.49984701114131,6.4391442129421,1,2
9,15,49,6.28719082355757,3.82838941026928,6.016488989365,6.381239972037,6.93072938778593,1,2
9,15,50,6.28719082355757,3.82838941026928,3.22128472886017,6.19679705756247,6.74679368895337,1,2
9,15,51,6.28719082355757,3.82838941026928,5.50464345985867,6.23029486560281,6.66954497949423,1,2
9,15,56,6.28719082355757,3.82838941026928,4.06811218528327,6.58327410696566,6.99494349875354,1,2
9,15,57,6.28719082355757,3.82838941026928,3.82294937306653,6.45748580697925,6.71309083062142,1,2
9,15,58,6.28719082355757,3.82838941026928,4.97150508686656,5.93144682291764,6.70631913293641,1,2
9,15,60,6.28719082355757,3.82838941026928,4.1598251888229,6.78095105102241,6.84338126767207,1,2
9,15,65,6.28719082355757,3.82838941026928,5.61718516038101,6.40518080351937,7.20652145106999,1,2
9,15,66,6.28719082355757,3.82838941026928,5.50782926340838,5.72407731122389,6.97035957112293,1,2
9,15,69,6.28719082355757,3.82838941026928,4.42247020670297,5.54929577381416,6.78585640248299,1,2
9,15,70,6.28719082355757,3.82838941026928,5.38786627764974,5.19277712121965,6.64758579785463,1,2
9,15,73,6.28719082355757,3.82838941026928,4.14996272243393,5.45629275814401,6.51770897564195,1,2
9,15,74,6.28719082355757,3.82838941026928,4.66616017105205,4.89104186535562,6.28865231847765,1,2
9,15,75,6.28719082355757,3.82838941026928,5.36913860525775,6.03038093690403,6.90175441023245,1,2
9,16,6,6.28719082355757,3.82838941026928,4.9537950725047,4.90367115687539,6.55097322723409,1,2
9,16,10,6.28719082355757,3.82838941026928,8.03543542559377,4.95460751994169,6.61398031191296,1,2
9,16,11,6.28719082355757,3.82838941026928,6.03550358673252,5.08151210885399,6.69095560371249,1,2
9,16,13,6.28719082355757,3.82838941026928,5.22201441052483,5.42033181178697,6.85779486343599,1,2
9,16,16,6.28719082355757,3.82838941026928,3.24149736158436,5.27946058941778,6.47345143160185,1,2
9,16,17,6.28719082355757,3.82838941026928,3.46424338224322,5.87024262947084,6.66193969869596,1,2
9,16,20,6.28719082355757,3.82838941026928,3.20171906310965,5.95786249787569,6.63980615144536,1,2
9,16,21,6.28719082355757,3.82838941026928,7.35911338234419,6.64355095357076,7.42415339433673,1,2
9,16,22,6.28719082355757,3.82838941026928,4.87393077854675,5.49092788280819,6.75905946557194,1,2
9,16,23,6.28719082355757,3.82838941026928,5.01527540216128,7.02118162789953,7.49679005639485,1,2
9,16,29,6.28719082355757,3.82838941026928,4.20405723039182,5.83958698732492,6.68535876780908,1,2
9,16,32,6.28719082355757,3.82838941026928,4.69690216681292,6.36826108487351,7.20687186026328,1,2
9,16,33,6.28719082355757,3.82838941026928,4.85081259245271,5.36622710061982,6.8554906541192,1,2
9,16,34,6.28719082355757,3.82838941026928,5.63597874406149,6.24362679498034,7.32215339282555,1,2
9,16,36,6.28719082355757,3.82838941026928,5.78708672301227,5.87240635784744,6.90486096708789,1,2
9,16,37,6.28719082355757,3.82838941026928,4.05642220302364,6.74462106938996,7.03637435674847,1,2
9,16,38,6.28719082355757,3.82838941026928,4.69669004820421,5.52014699469676,6.96119625674452,1,2
9,16,39,6.28719082355757,3.82838941026928,3.70001777663404,5.77938589400396,7.00874031442098,1,2
9,16,43,6.28719082355757,3.82838941026928,6.12224888018574,6.06573315818405,7.19278195456559,1,2
9,16,46,6.28719082355757,3.82838941026928,4.55479285632983,5.97694063093772,7.13328941842508,1,2
9,16,51,6.28719082355757,3.82838941026928,7.0870984615272,6.82398679596099,7.15918266415701,1,2
9,16,53,6.28719082355757,3.82838941026928,5.81161127111109,5.88385295344944,6.77354771605346,1,2
9,16,55,6.28719082355757,3.82838941026928,6.31727464767761,5.99888572453782,7.06915050863405,1,2
9,16,57,6.28719082355757,3.82838941026928,4.8255179742982,5.54454322835785,6.73899927374761,1,2
9,16,58,6.28719082355757,3.82838941026928,3.45679398820644,6.06523327465071,6.96248058922663,1,2
9,16,60,6.28719082355757,3.82838941026928,5.22798197223337,6.2097852986321,7.04655145832048,1,2
9,16,62,6.28719082355757,3.82838941026928,4.16714934158182,5.15264962905038,6.61912491568058,1,2
9,16,63,6.28719082355757,3.82838941026928,4.56645854158886,6.5668615248331,7.13485264593341,1,2
9,16,66,6.28719082355757,3.82838941026928,3.65455088579956,6.04439853852264,6.94961705903154,1,2
9,16,67,6.28719082355757,3.82838941026928,4.17316717115101,6.03229463098831,6.9415678194399,1,2
9,16,70,6.28719082355757,3.82838941026928,5.86519173971943,6.72856110887055,6.92283795316186,1,2
9,16,73,6.28719082355757,3.82838941026928,4.63171168242873,6.38509863067549,6.95709603659445,1,2
9,16,74,6.28719082355757,3.82838941026928,4.29295181050765,6.22308775222989,7.13010344783206,1,2
9,16,78,6.28719082355757,3.82838941026928,5.46189933968064,5.71132379825608,6.83950462981065,1,2
9,16,81,6.28719082355757,3.82838941026928,3.75929081871926,6.64622336264027,7.13237733722608,1,2
9,17,3,6.28719082355757,3.82838941026928,6.09900168922245,5.73506095071244,7.1160866995408,1,2
9,17,7,6.28719082355757,3.82838941026928,6.47078267278469,5.43314524594003,7.0502774324733,1,2
9,17,8,6.28719082355757,3.82838941026928,4.2532746113061,6.7511677919916,7.26139462651505,1,2
9,17,10,6.28719082355757,3.82838941026928,4.98724450085605,5.60668158180176,6.9993195834875,1,2
9,17,12,6.28719082355757,3.82838941026928,3.46418787438193,6.65329053489491,7.21824514367904,1,2
9,17,14,6.28719082355757,3.82838941026928,6.25586031023567,5.87445622688648,6.99109840279983,1,2
9,17,15,6.28719082355757,3.82838941026928,4.90752105205568,5.97359483834864,6.85678579238075,1,2
9,17,16,6.28719082355757,3.82838941026928,5.45595729928416,6.25381247047229,7.21222750375301,1,2
9,17,21,6.28719082355757,3.82838941026928,5.67234832308478,5.94017526383075,7.3519247983266,1,2
9,17,26,6.28719082355757,3.82838941026928,3.61148080208998,5.84747649800701,7.1761338872866,1,2
9,17,28,6.28719082355757,3.82838941026928,5.29371282435531,5.91882742628268,7.27549057263233,1,2
9,17,30,6.28719082355757,3.82838941026928,4.00259787583415,5.70338543195541,6.76732408795285,1,2
9,17,31,6.28719082355757,3.82838941026928,4.19813440601503,5.9337874007481,6.78025756720852,1,2
9,17,34,6.28719082355757,3.82838941026928,6.25510071517275,6.73627932112435,6.93161309288412,1,2
9,17,36,6.28719082355757,3.82838941026928,5.76634763703587,6.47036205626145,7.1400932852492,1,2
9,17,37,6.28719082355757,3.82838941026928,3.92030616985538,6.32321085611789,6.91010548455028,1,2
9,17,38,6.28719082355757,3.82838941026928,4.81724552038191,4.91290130437945,6.59949895100059,1,2
9,17,44,6.28719082355757,3.82838941026928,4.88959282453423,6.95433463107061,7.2212869984479,1,2
9,17,46,6.28719082355757,3.82838941026928,5.50079413876914,6.83092546757108,7.18969901567653,1,2
9,17,47,6.28719082355757,3.82838941026928,4.65781051649733,5.60020700462477,6.95770175386999,1,2
9,17,49,6.28719082355757,3.82838941026928,5.45084413912209,6.5687111330679,7.03692651209394,1,2
9,17,52,6.28719082355757,3.82838941026928,5.30148829662726,6.30636273781387,7.02381175495559,1,2
9,17,54,6.28719082355757,3.82838941026928,3.396949003524,5.59590005460604,7.13559745428072,1,2
9,17,55,6.28719082355757,3.82838941026928,5.05731951505247,4.95085533484671,6.77914893898811,1,2
9,17,57,6.28719082355757,3.82838941026928,5.58883888806971,6.24831144358239,7.09766696989041,1,2
9,17,58,6.28719082355757,3.82838941026928,5.33310140365042,6.13193419424168,6.97339006974497,1,2
9,17,60,6.28719082355757,3.82838941026928,5.13017708061052,5.88336253714945,7.06852686669166,1,2
9,17,62,6.28719082355757,3.82838941026928,5.59068296733146,5.61977950209742,6.76241489871694,1,2
9,17,65,6.28719082355757,3.82838941026928,5.34744004543946,6.48105573727458,7.43599954708143,1,2
9,17,66,6.28719082355757,3.82838941026928,6.39481387832479,5.51225115515816,6.81959969076893,1,2
9,17,68,6.28719082355757,3.82838941026928,5.44662189498381,5.89862726144834,7.26359907791277,1,2
9,17,70,6.28719082355757,3.82838941026928,7.20407098064138,5.41517111520421,6.75208774528695,1,2
9,17,71,6.28719082355757,3.82838941026928,5.58721232504079,6.0257686065337,6.95161398858186,1,2
9,17,72,6.28719082355757,3.82838941026928,3.95644575159074,6.61567940264725,6.81397268382326,1,2
9,17,73,6.28719082355757,3.82838941026928,2.56762669680719,6.23818340474875,6.71376275229557,1,2
9,17,74,6.28719082355757,3.82838941026928,5.22371816739014,6.66132200933305,7.04038233546198,1,2
9,17,76,6.28719082355757,3.82838941026928,7.02251827365774,6.84371118040846,7.47448897531473,1,2
9,17,79,6.28719082355757,3.82838941026928,4.60816609336708,6.05619638181369,7.0968443331179,1,2
9,17,81,6.28719082355757,3.82838941026928,4.92837424809624,6.43541086823203,7.06467198546416,1,2
9,17,82,6.28719082355757,3.82838941026928,5.39046882285471,5.28174688751458,6.96369623404035,1,2
9,17,83,6.28719082355757,3.82838941026928,5.89791646201482,5.92371443688906,6.83784651309736,1,2
9,17,86,6.28719082355757,3.82838941026928,4.34584104379324,5.99347370931012,7.03134162911304,1,2
9,18,1,6.28719082355757,3.82838941026928,3.84966964736706,5.60356516982573,7.04290677779175,1,2
9,18,3,6.28719082355757,3.82838941026928,6.01960038231606,5.7612845374206,6.8606588937726,1,2
9,18,5,6.28719082355757,3.82838941026928,4.14065600623688,5.85031969229976,7.17906240388819,1,2
9,18,8,6.28719082355757,3.82838941026928,6.51882808942905,6.11092729531162,7.24372984265971,1,2
9,18,9,6.28719082355757,3.82838941026928,5.76416028305774,5.36490402523434,7.0381134580255,1,2
9,18,10,6.28719082355757,3.82838941026928,5.60461284109786,4.98341121738017,7.09641307798087,1,2
9,18,11,6.28719082355757,3.82838941026928,4.35013140460341,6.86515268209142,7.38478843426805,1,2
9,18,16,6.28719082355757,3.82838941026928,4.68021542315851,6.20873112237286,7.19281524335752,1,2
9,18,22,6.28719082355757,3.82838941026928,4.85790173180561,6.94599637413106,7.08090885322687,1,2
9,18,24,6.28719082355757,3.82838941026928,4.20041307940364,5.90357753784368,6.81714395894912,1,2
9,18,25,6.28719082355757,3.82838941026928,7.06138861955664,5.89430620352504,7.2253443173122,1,2
9,18,28,6.28719082355757,3.82838941026928,5.34030002546468,6.49602132427565,7.37848042490042,1,2
9,18,29,6.28719082355757,3.82838941026928,3.91685117959021,5.91299157708301,7.09683543838811,1,2
9,18,35,6.28719082355757,3.82838941026928,6.09941044486707,6.31815256919809,6.85820512634521,1,2
9,18,36,6.28719082355757,3.82838941026928,3.19346778456154,6.17208942281207,7.30420682485365,1,2
9,18,37,6.28719082355757,3.82838941026928,5.70728196255887,5.90335377432341,7.40938703127815,1,2
9,18,39,6.28719082355757,3.82838941026928,5.5119214849646,6.19479264750313,7.21181005080554,1,2
9,18,40,6.28719082355757,3.82838941026928,5.14306135502588,5.556579813987,6.70338438027878,1,2
9,18,42,6.28719082355757,3.82838941026928,5.05228360030193,6.25299132521604,7.13954613414473,1,2
9,18,45,6.28719082355757,3.82838941026928,4.34250697984338,5.54160904987853,6.6791492259815,1,2
9,18,47,6.28719082355757,3.82838941026928,5.47257330123036,6.8065312815621,7.27058736798248,1,2
9,18,48,6.28719082355757,3.82838941026928,5.1834151284109,6.33139058482003,7.19320332753312,1,2
9,18,53,6.28719082355757,3.82838941026928,5.38906505148378,6.2839883064439,7.26558968379298,1,2
9,18,54,6.28719082355757,3.82838941026928,5.35621684031566,6.30898353440083,7.10280356957818,1,2
9,18,55,6.28719082355757,3.82838941026928,4.16949530269703,5.03910359174602,6.88618454048327,1,2
9,18,57,6.28719082355757,3.82838941026928,4.74402092973178,5.94071524561057,6.77651278930492,1,2
9,18,58,6.28719082355757,3.82838941026928,4.66973385047279,6.29881488997684,6.80002345438249,1,2
9,18,61,6.28719082355757,3.82838941026928,3.80224816321099,5.97174879358658,7.12991307850594,1,2
9,18,63,6.28719082355757,3.82838941026928,4.77069700164892,5.46435717213736,6.56076897725577,1,2
9,18,66,6.28719082355757,3.82838941026928,5.66461279745659,5.98930231858528,7.16379753218319,1,2
9,18,67,6.28719082355757,3.82838941026928,4.05199949604242,7.25160263577602,7.0911402132824,1,2
9,18,69,6.28719082355757,3.82838941026928,4.64461890334288,6.7843250245803,7.11100289570111,1,2
9,18,70,6.28719082355757,3.82838941026928,6.12776661648851,6.21520814781277,7.5162892931559,1,2
9,18,72,6.28719082355757,3.82838941026928,4.50567780281197,5.90982564737333,6.71872212763479,1,2
9,18,73,6.28719082355757,3.82838941026928,6.43695397672287,6.078683149689,7.210236407575,1,2
9,18,74,6.28719082355757,3.82838941026928,6.2001167007335,6.40614813512512,7.27398051568727,1,2
9,18,75,6.28719082355757,3.82838941026928,5.60679940448461,5.25744961725608,7.088018749355,1,2
9,18,76,6.28719082355757,3.82838941026928,4.53348814891168,6.00341094381942,7.19763184104421,1,2
9,18,78,6.28719082355757,3.82838941026928,3.28761254206526,6.1734679085792,6.74350688670682,1,2
9,18,80,6.28719082355757,3.82838941026928,6.2399945285962,6.04787974674111,7.30322547179739,1,2
9,19,6,6.28719082355757,3.82838941026928,4.81186581828701,5.75657180247348,7.12657807523027,1,2
9,19,7,6.28719082355757,3.82838941026928,4.73185594224229,6.12340193499564,7.35755169386454,1,2
9,19,8,6.28719082355757,3.82838941026928,4.76131027009416,6.13269038291189,7.43202269670991,1,2
9,19,9,6.28719082355757,3.82838941026928,4.85717321832677,6.5084887500524,7.56878076793192,1,2
9,19,10,6.28719082355757,3.82838941026928,5.49763816645673,6.35890337846723,7.19828163179767,1,2
9,19,12,6.28719082355757,3.82838941026928,4.03089421964703,5.5803885560106,7.24373221738915,1,2
9,19,14,6.28719082355757,3.82838941026928,5.66012967174176,7.26986359353557,7.72709281116487,1,2
9,19,16,6.28719082355757,3.82838941026928,7.47247019706729,6.16351078030906,7.75712911060353,1,2
9,19,17,6.28719082355757,3.82838941026928,7.23575423129924,5.21320498879436,7.33099197951839,1,2
9,19,19,6.28719082355757,3.82838941026928,5.81732680664557,6.56555326720289,7.32581796607978,1,2
9,19,20,6.28719082355757,3.82838941026928,5.84795980504487,6.31406623088878,7.5448073884775,1,2
9,19,21,6.28719082355757,3.82838941026928,3.3989186833105,5.60515482634607,6.94506046433037,1,2
9,19,22,6.28719082355757,3.82838941026928,6.89181410582809,4.95116559750378,7.37637310180674,1,2
9,19,28,6.28719082355757,3.82838941026928,5.39831210754998,6.02801695440676,7.52162910474066,1,2
9,19,29,6.28719082355757,3.82838941026928,5.25496461933653,5.21976329739951,6.97346921023011,1,2
9,19,31,6.28719082355757,3.82838941026928,4.95292240044123,5.49888392258375,7.07951241525374,1,2
9,19,34,6.28719082355757,3.82838941026928,5.07677160363884,6.38447791663684,7.58629592105713,1,2
9,19,35,6.28719082355757,3.82838941026928,5.12057065651843,5.25562516159652,7.27297481235873,1,2
9,19,38,6.28719082355757,3.82838941026928,5.18370131010792,5.69743187230048,7.28701204236727,1,2
9,19,40,6.28719082355757,3.82838941026928,5.02263223911198,6.45476539475455,7.50592690127077,1,2
9,19,44,6.28719082355757,3.82838941026928,4.2495219575404,6.09736594785511,7.04769196866969,1,2
9,19,45,6.28719082355757,3.82838941026928,6.98514552957091,6.1735581559334,7.26142448432315,1,2
9,19,47,6.28719082355757,3.82838941026928,3.73613504971358,5.69915286856004,7.20532883729936,1,2
9,19,50,6.28719082355757,3.82838941026928,6.05483526537143,5.36053951221253,7.3803483280746,1,2
9,19,51,6.28719082355757,3.82838941026928,4.84300478841522,6.07028215153175,7.20133506712756,1,2
9,19,52,6.28719082355757,3.82838941026928,6.44479496669075,5.56459553828565,7.31262244989857,1,2
9,19,55,6.28719082355757,3.82838941026928,5.33104247928861,5.77828313190231,7.22895533473152,1,2
9,19,56,6.28719082355757,3.82838941026928,5.75797382662778,5.17136791700206,7.03514782147489,1,2
9,19,57,6.28719082355757,3.82838941026928,6.53217895144674,6.55892443750547,7.49953649714808,1,2
9,19,58,6.28719082355757,3.82838941026928,4.33560349776124,7.39245270607575,7.70704289994642,1,2
9,19,60,6.28719082355757,3.82838941026928,3.84721678404589,5.91655508540837,7.2343584480949,1,2
9,19,61,6.28719082355757,3.82838941026928,4.58626938376732,4.75814133137847,6.74317352171304,1,2
9,19,62,6.28719082355757,3.82838941026928,3.16265918776289,5.16151725781239,7.5337268443171,1,2
9,19,65,6.28719082355757,3.82838941026928,3.86962835059424,5.42152144984149,7.165333188548,1,2
9,19,67,6.28719082355757,3.82838941026928,5.75389004756067,6.00900722797412,7.34110233175078,1,2
9,19,70,6.28719082355757,3.82838941026928,3.37863350469618,6.42629176867994,7.71889860201531,1,2
9,19,71,6.28719082355757,3.82838941026928,3.88207346812681,6.33537191219134,7.4171799321878,1,2
9,19,72,6.28719082355757,3.82838941026928,5.32658121924445,5.82520474827388,7.31075123985606,1,2
9,19,74,6.28719082355757,3.82838941026928,5.41211136954736,6.93634873371842,7.61748107850594,1,2
9,19,76,6.28719082355757,3.82838941026928,5.742017054878,5.48368259851779,7.36553318771508,1,2
9,19,77,6.28719082355757,3.82838941026928,6.762529570198,6.18851556110971,7.5277877054433,1,2
9,19,78,6.28719082355757,3.82838941026928,4.62599462572739,6.24754062288137,7.10118920206967,1,2
9,19,79,6.28719082355757,3.82838941026928,4.04268573654639,5.9552084832936,7.60807116481385,1,2
9,19,80,6.28719082355757,3.82838941026928,5.60328781897067,5.62839560657463,7.22130638419574,1,2
9,19,81,6.28719082355757,3.82838941026928,4.23040077132347,5.14813864908809,6.85014924692909,1,2
9,20,5,6.28719082355757,3.82838941026928,4.07007289479268,6.14002906911851,7.50528365973094,1,2
9,20,6,6.28719082355757,3.82838941026928,4.89232961324538,6.1356106335955,7.44212895332292,1,2
9,20,7,6.28719082355757,3.82838941026928,4.87463484925894,5.9558769644089,7.51536998295024,1,2
9,20,9,6.28719082355757,3.82838941026928,5.19638489151182,6.25489402315998,7.60747931953666,1,2
9,20,10,6.28719082355757,3.82838941026928,3.82341351914676,5.49906213916775,7.37821516837232,1,2
9,20,11,6.28719082355757,3.82838941026928,5.6646391275992,6.59131156753329,7.52221297635647,1,2
9,20,12,6.28719082355757,3.82838941026928,4.40141355129027,5.9050552610165,7.43401910664232,1,2
9,20,13,6.28719082355757,3.82838941026928,4.53831435514291,6.11158922924464,7.60929571839292,1,2
9,20,15,6.28719082355757,3.82838941026928,5.34689131303739,6.3463780348357,7.39265952608543,1,2
9,20,16,6.28719082355757,3.82838941026928,5.17880004361764,6.0429564533558,7.46855608675504,1,2
9,20,17,6.28719082355757,3.82838941026928,5.48575145452623,6.04899770145059,7.68803365338156,1,2
9,20,18,6.28719082355757,3.82838941026928,3.51977288302842,5.99256796120315,7.6056487776441,1,2
9,20,20,6.28719082355757,3.82838941026928,4.07551802461628,5.78670166614498,7.30552789803177,1,2
9,20,21,6.28719082355757,3.82838941026928,5.04745429095167,5.86722092353518,7.70723731595921,1,2
9,20,24,6.28719082355757,3.82838941026928,6.27920609151714,6.45171623054585,7.66953396148508,1,2
9,20,25,6.28719082355757,3.82838941026928,6.271968569294,6.82344881927135,7.88955016507914,1,2
9,20,26,6.28719082355757,3.82838941026928,4.68134862490827,5.83544696162343,7.43694646855277,1,2
9,20,29,6.28719082355757,3.82838941026928,4.2279506727271,5.88895200584696,7.35595251106564,1,2
9,20,30,6.28719082355757,3.82838941026928,3.79913792139312,5.94600615750415,7.35430357443925,1,2
9,20,32,6.28719082355757,3.82838941026928,4.03331895768328,6.31056025218468,7.57587527366029,1,2
9,20,33,6.28719082355757,3.82838941026928,5.40488079550356,6.66498315307354,7.86572468789304,1,2
9,20,36,6.28719082355757,3.82838941026928,6.22590315416184,6.08732525334897,7.39995490596347,1,2
9,20,37,6.28719082355757,3.82838941026928,2.97248502710424,5.55226567497852,6.95688797838642,1,2
9,20,39,6.28719082355757,3.82838941026928,4.60651234663093,5.2189899563596,7.38886274290381,1,2
9,20,42,6.28719082355757,3.82838941026928,5.36576542202722,6.30286302114193,7.60598467550601,1,2
9,20,45,6.28719082355757,3.82838941026928,5.36707153804808,5.69443575063873,7.3764062013516,1,2
9,20,47,6.28719082355757,3.82838941026928,5.75010886609674,6.50582925688121,7.65679321887739,1,2
9,20,48,6.28719082355757,3.82838941026928,4.37337617708318,6.5058419098983,7.66085725088896,1,2
9,20,50,6.28719082355757,3.82838941026928,5.04212547725613,6.91483093629405,7.73444428460599,1,2
9,20,52,6.28719082355757,3.82838941026928,3.44819805267466,6.175700486223,7.58918529434958,1,2
9,20,53,6.28719082355757,3.82838941026928,5.96322688260019,6.19176097811517,7.61771912901677,1,2
9,20,54,6.28719082355757,3.82838941026928,3.73942655214474,5.97135221335351,7.57526223958982,1,2
9,20,60,6.28719082355757,3.82838941026928,6.20667001792576,5.25927923043613,7.53602180252078,1,2
9,20,62,6.28719082355757,3.82838941026928,6.32142180821545,5.23095517613011,7.32606064547617,1,2
9,20,63,6.28719082355757,3.82838941026928,6.19794066359098,6.57718818885012,8.1294229311677,1,2
9,20,64,6.28719082355757,3.82838941026928,5.89677066957616,5.41936674177548,7.69728193613208,1,2
9,20,65,6.28719082355757,3.82838941026928,6.40193384054598,6.80650106553216,7.51915089844246,1,2
9,20,66,6.28719082355757,3.82838941026928,5.364677031375,5.88490721475635,7.3951580918648,1,2
9,20,71,6.28719082355757,3.82838941026928,4.02036735670254,6.47116426763131,7.72375173594194,1,2
9,20,72,6.28719082355757,3.82838941026928,5.7760955666147,5.63797034641597,7.43120173040931,1,2
9,20,73,6.28719082355757,3.82838941026928,6.28895449065569,6.57035841017685,7.93376394637242,1,2
9,20,77,6.28719082355757,3.82838941026928,4.49250393813716,6.23906632176864,7.75958731362085,1,2
9,20,78,6.28719082355757,3.82838941026928,3.36437475319182,7.00794081496498,7.55986876101097,1,2
9,20,82,6.28719082355757,3.82838941026928,4.83004143685749,5.87473488675061,7.7754293336544,1,2
9,20,83,6.28719082355757,3.82838941026928,4.19382633991494,5.69638339167846,7.42129442137199,1,2
9,20,84,6.28719082355757,3.82838941026928,4.73188232400355,6.08126211994476,7.61685816230732,1,2
9,21,2,6.28719082355757,3.82838941026928,5.87043767709399,6.44659955326309,8.02889432587342,1,2
9,21,3,6.28719082355757,3.82838941026928,6.57398290188045,6.55881970983614,7.61605124115325,1,2
9,21,8,6.28719082355757,3.82838941026928,6.36141420376624,6.82906951520313,7.79596095227848,1,2
9,21,10,6.28719082355757,3.82838941026928,3.26800486201818,6.00988911510781,7.62892770026845,1,2
9,21,12,6.28719082355757,3.82838941026928,5.12440741956853,5.52808785144085,7.39651375549176,1,2
9,21,16,6.28719082355757,3.82838941026928,5.20467242944646,6.22326113422197,7.88724710374959,1,2
9,21,17,6.28719082355757,3.82838941026928,5.20250279241958,5.0998402098583,7.23187499121932,1,2
9,21,19,6.28719082355757,3.82838941026928,4.34479326340108,6.59179916542835,7.87656495265193,1,2
9,21,22,6.28719082355757,3.82838941026928,7.47032936779426,6.15950855754363,8.13271424367383,1,2
9,21,23,6.28719082355757,3.82838941026928,5.20157833525867,5.9561633352509,7.71554773017209,1,2
9,21,24,6.28719082355757,3.82838941026928,3.02583675426067,6.60923703555209,7.62750597442584,1,2
9,21,25,6.28719082355757,3.82838941026928,5.0501379151829,6.04370209212893,7.62655701155102,1,2
9,21,28,6.28719082355757,3.82838941026928,5.19474841797631,5.69919660545166,7.73132068630521,1,2
9,21,29,6.28719082355757,3.82838941026928,5.43179344869967,5.76411538010928,7.60510894642149,1,2
9,21,31,6.28719082355757,3.82838941026928,6.52263431530971,5.19246784448732,7.81085948573471,1,2
9,21,32,6.28719082355757,3.82838941026928,5.47847984942708,5.66273152274752,7.56834115181777,1,2
9,21,33,6.28719082355757,3.82838941026928,5.06088597820832,5.74001302846276,7.65654974498668,1,2
9,21,35,6.28719082355757,3.82838941026928,6.68832903406959,6.01554776595621,7.58905386131712,1,2
9,21,37,6.28719082355757,3.82838941026928,4.06236810767685,5.66312981011666,7.50568342189852,1,2
9,21,40,6.28719082355757,3.82838941026928,4.40648908883984,6.71712461939649,8.00158068345938,1,2
9,21,41,6.28719082355757,3.82838941026928,4.32603406588843,6.05482907951146,7.48446483623654,1,2
9,21,42,6.28719082355757,3.82838941026928,7.12242643508369,5.13467539399404,7.70060730387079,1,2
9,21,43,6.28719082355757,3.82838941026928,6.55181738806461,5.98646214531075,7.79111770684581,1,2
9,21,44,6.28719082355757,3.82838941026928,6.46059325309058,5.91581474777004,7.68038103526022,1,2
9,21,45,6.28719082355757,3.82838941026928,3.66515524925767,5.47830202410103,7.31693543053055,1,2
9,21,46,6.28719082355757,3.82838941026928,4.2710246328096,5.98299316406967,7.27977020122664,1,2
9,21,49,6.28719082355757,3.82838941026928,5.21158735344216,5.73264228473776,7.78392534115416,1,2
9,21,50,6.28719082355757,3.82838941026928,3.97375456090184,6.45461721859295,7.61989464120747,1,2
9,21,52,6.28719082355757,3.82838941026928,6.09850689362454,5.1304355661215,8.01805899618046,1,2
9,21,57,6.28719082355757,3.82838941026928,4.09014331697181,5.88500904520439,7.32945758140457,1,2
9,21,58,6.28719082355757,3.82838941026928,4.65604658651839,6.22208188624522,7.94981626841048,1,2
9,21,59,6.28719082355757,3.82838941026928,4.89043734086356,6.24566578045556,7.84340869001579,1,2
9,21,61,6.28719082355757,3.82838941026928,4.78716520925807,5.8281829897924,7.6631333023077,1,2
9,21,63,6.28719082355757,3.82838941026928,4.29921426348504,5.5446840129531,7.59788138558569,1,2
9,21,68,6.28719082355757,3.82838941026928,5.6190419456519,5.77876055505424,7.41321909759456,1,2
9,21,71,6.28719082355757,3.82838941026928,5.88852819110969,6.61856278176251,7.9126596020564,1,2
9,21,76,6.28719082355757,3.82838941026928,4.67404834206651,6.23796275833398,7.73142983775423,1,2
9,21,78,6.28719082355757,3.82838941026928,3.10788968268002,5.41231997743899,7.62575290322044,1,2
9,21,82,6.28719082355757,3.82838941026928,5.11693632457469,5.81259567683123,7.83379042107432,1,2
9,22,3,6.28719082355757,3.82838941026928,5.90706835955404,5.84003256293122,7.66206288788872,1,2
9,22,5,6.28719082355757,3.82838941026928,4.25955202288219,6.56323836046455,8.06153515353813,1,2
9,22,10,6.28719082355757,3.82838941026928,4.52011207873386,5.80679270025094,7.49772152926079,1,2
9,22,14,6.28719082355757,3.82838941026928,3.3970539874272,5.88608947481392,7.62284963396918,1,2
9,22,16,6.28719082355757,3.82838941026928,5.71821465543432,6.18872702406267,7.94827376529289,1,2
9,22,17,6.28719082355757,3.82838941026928,4.276297256337,5.51337061545744,7.64865235052163,1,2
9,22,19,6.28719082355757,3.82838941026928,4.31363913884723,6.16506889353461,7.93742375956054,1,2
9,22,24,6.28719082355757,3.82838941026928,4.90707231234587,5.93015895789573,7.74639805175249,1,2
9,22,29,6.28719082355757,3.82838941026928,4.58924479504704,6.03141495038843,7.56192876007511,1,2
9,22,30,6.28719082355757,3.82838941026928,5.55817452622229,5.86870616483916,7.88365034474427,1,2
9,22,31,6.28719082355757,3.82838941026928,4.12273770369951,6.7890115778575,7.61400421084809,1,2
9,22,32,6.28719082355757,3.82838941026928,5.83536951072723,5.77646056232373,7.79528129848401,1,2
9,22,33,6.28719082355757,3.82838941026928,6.52029884087646,5.92658326287876,7.49819292590647,1,2
9,22,34,6.28719082355757,3.82838941026928,4.86983411361452,6.01298595135344,8.18629398426938,1,2
9,22,36,6.28719082355757,3.82838941026928,5.58389115555993,6.21188626915264,7.71452838543882,1,2
9,22,38,6.28719082355757,3.82838941026928,4.73155456581845,6.12954274574647,8.21335816517275,1,2
9,22,40,6.28719082355757,3.82838941026928,5.7439398148555,5.24493663716126,7.59907788735639,1,2
9,22,45,6.28719082355757,3.82838941026928,5.4330958796793,5.98669180356812,7.71868763323116,1,2
9,22,46,6.28719082355757,3.82838941026928,6.01981816222391,5.37537498090716,7.76308027704554,1,2
9,22,47,6.28719082355757,3.82838941026928,5.50211297742849,5.08006553280256,8.10965212828183,1,2
9,22,48,6.28719082355757,3.82838941026928,5.38362198215759,5.93646379690629,7.98737162972102,1,2
9,22,50,6.28719082355757,3.82838941026928,5.85736825623659,6.2251143133289,7.68917964043567,1,2
9,22,53,6.28719082355757,3.82838941026928,4.836182809691,5.73537533830706,7.46179787625393,1,2
9,22,57,6.28719082355757,3.82838941026928,5.03131934492128,6.03282241430097,7.67506984485753,1,2
9,22,58,6.28719082355757,3.82838941026928,4.33898127105384,5.77646757672105,7.68273985406206,1,2
9,22,59,6.28719082355757,3.82838941026928,3.89732250045962,6.09795543643415,7.72767150539916,1,2
9,22,60,6.28719082355757,3.82838941026928,6.22586333446807,6.45335340316085,7.6311444696414,1,2
9,22,61,6.28719082355757,3.82838941026928,4.36941402323282,6.0067239954094,7.55882107093239,1,2
9,22,62,6.28719082355757,3.82838941026928,4.89016355495416,6.02092725219885,7.59256185765886,1,2
9,22,63,6.28719082355757,3.82838941026928,6.53331356378763,5.66867318709207,7.71056913268331,1,2
9,22,64,6.28719082355757,3.82838941026928,5.84003207366005,5.41672066996368,7.56976203986937,1,2
9,22,68,6.28719082355757,3.82838941026928,5.24718609935586,5.86052084359794,7.65171898147374,1,2
9,22,69,6.28719082355757,3.82838941026928,4.47063074543862,6.35501568964134,7.87698251257636,1,2
9,22,70,6.28719082355757,3.82838941026928,5.68897566800838,6.51986688180894,7.85051567393372,1,2
9,23,3,6.28719082355757,3.82838941026928,7.24397747926456,6.59966483517001,7.98817617243479,1,2
9,23,5,6.28719082355757,3.82838941026928,4.51572165629189,5.4265465200261,7.61093222146424,1,2
9,23,7,6.28719082355757,3.82838941026928,5.00316435033448,6.57505748267542,7.98449556359809,1,2
9,23,9,6.28719082355757,3.82838941026928,4.25822818737351,5.99365932097097,7.78981219855049,1,2
9,23,10,6.28719082355757,3.82838941026928,6.00809852845754,6.38891374355679,7.74955546223597,1,2
9,23,14,6.28719082355757,3.82838941026928,4.47696626900582,6.31346489875017,7.3873751156476,1,2
9,23,16,6.28719082355757,3.82838941026928,5.26553982011136,5.85421556398947,8.07426857840682,1,2
9,23,23,6.28719082355757,3.82838941026928,5.10890334941266,6.33522304735079,7.52016056771833,1,2
9,23,33,6.28719082355757,3.82838941026928,4.51049093738624,5.75487922155949,7.68699386683557,1,2
9,23,35,6.28719082355757,3.82838941026928,4.69041860207912,5.8614800467007,7.94004957835156,1,2
9,23,36,6.28719082355757,3.82838941026928,4.48876255659282,6.15670397980587,7.5924367421141,1,2
9,23,37,6.28719082355757,3.82838941026928,5.7868001444699,6.67071569665811,7.80522675452348,1,2
9,23,40,6.28719082355757,3.82838941026928,5.45988169855209,6.33810448907918,7.85462775062099,1,2
9,23,42,6.28719082355757,3.82838941026928,5.22871551290882,6.94804235335435,8.03824385421184,1,2
9,23,43,6.28719082355757,3.82838941026928,5.12014620395059,6.19658777377818,7.5067488688796,1,2
9,23,46,6.28719082355757,3.82838941026928,4.26482611199701,5.7653932383612,7.36301963521607,1,2
9,23,47,6.28719082355757,3.82838941026928,2.26082379129841,7.06983957863423,7.88620827298584,1,2
9,23,48,6.28719082355757,3.82838941026928,3.96723364135129,6.59088060571826,7.76003998417119,1,2
9,23,51,6.28719082355757,3.82838941026928,5.09076947388618,7.06064237512215,7.8854132695459,1,2
9,23,52,6.28719082355757,3.82838941026928,4.39910424476658,6.9621704869955,7.70118303648817,1,2
9,23,53,6.28719082355757,3.82838941026928,5.73004493639372,5.56608741711694,7.57661192244355,1,2
9,23,54,6.28719082355757,3.82838941026928,4.60814325708132,5.96895657092733,7.73573185257857,1,2
9,23,56,6.28719082355757,3.82838941026928,4.96662992920644,5.38273367160426,7.62644622892609,1,2
9,23,57,6.28719082355757,3.82838941026928,4.52491659258808,6.97531652043817,8.2701843719327,1,2
9,23,58,6.28719082355757,3.82838941026928,4.84392238230701,5.44738043495986,7.67679337718758,1,2
9,23,59,6.28719082355757,3.82838941026928,4.18733576070103,6.11299628385674,7.48739135813629,1,2
9,23,60,6.28719082355757,3.82838941026928,4.48717525684078,6.49511998936736,7.73581917687488,1,2
9,23,62,6.28719082355757,3.82838941026928,4.52756929954207,5.93177759684121,7.80427367291504,1,2
9,23,64,6.28719082355757,3.82838941026928,3.62499971232256,5.89619075123087,7.39985516210238,1,2
9,23,65,6.28719082355757,3.82838941026928,2.68698677374939,5.89352912740862,7.63131020281993,1,2
9,23,66,6.28719082355757,3.82838941026928,5.91710338209894,6.05038680709126,8.04741324390297,1,2
9,23,67,6.28719082355757,3.82838941026928,6.26630088578299,6.29053697777075,7.80070363197107,1,2
9,23,69,6.28719082355757,3.82838941026928,3.84332185906036,7.29658851463578,7.92634590255837,1,2
9,23,70,6.28719082355757,3.82838941026928,4.73046101401572,6.54533889819305,7.69856928767536,1,2
9,23,72,6.28719082355757,3.82838941026928,4.48156855679161,6.15063462234325,7.73157079322268,1,2
9,23,73,6.28719082355757,3.82838941026928,1.85274829853234,5.53074555488802,7.11975762137824,1,2
9,23,74,6.28719082355757,3.82838941026928,4.61791360433395,5.57083677463692,7.54912528505745,1,2
9,23,76,6.28719082355757,3.82838941026928,5.37075256216439,6.13621047240628,8.10457684397535,1,2
9,23,78,6.28719082355757,3.82838941026928,4.66708234409953,5.40847335579181,7.69059451772816,1,2
9,23,79,6.28719082355757,3.82838941026928,5.93106418445366,6.52646577608087,8.09166632563834,1,2
9,23,80,6.28719082355757,3.82838941026928,5.66216580669857,6.59118455986344,8.31968847777107,1,2
9,23,81,6.28719082355757,3.82838941026928,4.50958165713905,6.16066803910241,7.66441351830612,1,2
9,23,83,6.28719082355757,3.82838941026928,5.67033695864883,5.52109010887126,7.81934687193017,1,2
9,23,84,6.28719082355757,3.82838941026928,5.95254260378585,6.14402200514217,8.23166923701618,1,2
9,23,85,6.28719082355757,3.82838941026928,4.9742995557318,6.09529799241412,7.55025665665833,1,2
9,23,86,6.28719082355757,3.82838941026928,6.97237020695113,5.79718034150981,7.99333534173868,1,2
9,23,87,6.28719082355757,3.82838941026928,5.26129956691486,5.65562618307541,7.72459307597161,1,2
9,23,88,6.28719082355757,3.82838941026928,4.45678360053947,6.31177404193004,8.00112331772058,1,2
9,24,2,6.28719082355757,3.82838941026928,5.78305099735652,6.18749479351786,7.85489424585048,1,2
9,24,3,6.28719082355757,3.82838941026928,5.89683019364268,5.55320079195969,7.90548453865932,1,2
9,24,6,6.28719082355757,3.82838941026928,3.91178111874171,6.5170528006183,7.83992018250059,1,2
9,24,8,6.28719082355757,3.82838941026928,5.07170818657235,6.77924055987774,8.03274487038862,1,2
9,24,9,6.28719082355757,3.82838941026928,4.76577681365939,5.68631878158754,7.9770807724224,1,2
9,24,10,6.28719082355757,3.82838941026928,5.74571226478958,5.90720335765282,8.05462803362275,1,2
9,24,13,6.28719082355757,3.82838941026928,5.90754114793827,6.46034972969992,7.92695478853299,1,2
9,24,14,6.28719082355757,3.82838941026928,5.25249709091407,5.90165355126823,8.01437946156462,1,2
9,24,17,6.28719082355757,3.82838941026928,5.1844693991127,7.05170686114464,8.26264343425467,1,2
9,24,19,6.28719082355757,3.82838941026928,4.00570886776373,6.58495216885096,7.88714076278658,1,2
9,24,20,6.28719082355757,3.82838941026928,4.45242911163345,6.29626437214363,7.90654905427219,1,2
9,24,22,6.28719082355757,3.82838941026928,5.37206666156213,5.74404982943636,7.62719267126316,1,2
9,24,24,6.28719082355757,3.82838941026928,5.72649041809551,5.97904880435087,7.7609434513865,1,2
9,24,25,6.28719082355757,3.82838941026928,4.89992485922422,5.55730376465568,7.55131208672354,1,2
9,24,27,6.28719082355757,3.82838941026928,5.38733820432005,6.1940913202547,8.15444989908074,1,2
9,24,28,6.28719082355757,3.82838941026928,4.68781927762284,6.4428964738895,8.28953904135615,1,2
9,24,30,6.28719082355757,3.82838941026928,3.26423841081516,5.86211492275994,7.82000850233034,1,2
9,24,33,6.28719082355757,3.82838941026928,3.25005256416161,5.53419107302651,7.70644664770047,1,2
9,24,35,6.28719082355757,3.82838941026928,5.67076837164562,4.35411519010035,7.61868528881261,1,2
9,24,38,6.28719082355757,3.82838941026928,4.96377071033927,5.08100065049579,8.08764107178971,1,2
9,24,39,6.28719082355757,3.82838941026928,4.02132521097841,6.41560817706403,7.68110666051774,1,2
9,24,41,6.28719082355757,3.82838941026928,4.06594747955967,6.65459961272437,7.94474960574488,1,2
9,24,43,6.28719082355757,3.82838941026928,4.47433425292206,6.65790821880089,7.98235027611073,1,2
9,24,45,6.28719082355757,3.82838941026928,4.67845298446134,6.09972027905866,7.9042012612437,1,2
9,24,46,6.28719082355757,3.82838941026928,6.57745599427896,5.45721407548873,7.88651780112121,1,2
9,24,47,6.28719082355757,3.82838941026928,5.49687081154134,4.8694816219744,7.47507772447257,1,2
9,24,48,6.28719082355757,3.82838941026928,4.68519110584148,6.25290328904681,7.63446754131075,1,2
9,24,50,6.28719082355757,3.82838941026928,5.38345290849336,6.15351155757444,8.07701390902367,1,2
9,24,51,6.28719082355757,3.82838941026928,5.12005647823994,6.16394030458728,7.89989203258804,1,2
9,24,52,6.28719082355757,3.82838941026928,5.18335702378477,6.34388911037421,7.86871389792228,1,2
9,24,54,6.28719082355757,3.82838941026928,6.89220880010864,5.43729802062594,7.64529152679271,1,2
9,24,55,6.28719082355757,3.82838941026928,5.68268627615594,6.30771051038706,8.18211757887253,1,2
9,24,60,6.28719082355757,3.82838941026928,6.94939451624462,6.61413286830262,8.67819895041227,1,2
9,24,62,6.28719082355757,3.82838941026928,5.38131641548675,7.41863373207535,8.01334873595136,1,2
9,24,63,6.28719082355757,3.82838941026928,3.13458829046811,6.05588759808115,7.87570479235969,1,2
9,24,65,6.28719082355757,3.82838941026928,6.66736464036539,6.18896999381028,8.12659827053715,1,2
9,24,66,6.28719082355757,3.82838941026928,5.78526656223594,6.28393564468815,7.80627057361436,1,2
9,24,67,6.28719082355757,3.82838941026928,6.61652189204388,5.90666433650686,8.30835362323053,1,2
9,24,70,6.28719082355757,3.82838941026928,5.40886415084286,5.25590392886404,7.61203602592094,1,2
9,24,73,6.28719082355757,3.82838941026928,4.63778308618811,5.58659538519195,7.72164495708522,1,2
9,24,75,6.28719082355757,3.82838941026928,3.52573826643944,5.9737795093012,7.64058606982429,1,2
9,24,76,6.28719082355757,3.82838941026928,5.36883172352152,6.37967337152949,8.30135248984846,1,2
9,24,77,6.28719082355757,3.82838941026928,4.51204463787234,6.71842335938028,8.17336442175014,1,2
9,24,82,6.28719082355757,3.82838941026928,5.67501546747213,6.22089021842712,8.13237773542997,1,2
9,24,85,6.28719082355757,3.82838941026928,4.04069570962181,5.8161966169451,7.75620829306155,1,2
9,24,86,6.28719082355757,3.82838941026928,4.53874564344464,6.28455175089819,7.92810985196596,1,2
9,24,88,6.28719082355757,3.82838941026928,4.43591778038485,5.01314214164455,7.6793220676454,1,2
9,24,89,6.28719082355757,3.82838941026928,5.04363267346556,7.04701927983555,8.11894779511476,1,2
9,24,90,6.28719082355757,3.82838941026928,6.14313323317925,6.218947803237,7.87673452541495,1,2
9,24,91,6.28719082355757,3.82838941026928,4.17084028399934,5.52198309478713,7.78063489760354,1,2
9,25,1,6.28719082355757,3.82838941026928,3.32171736533067,6.22276191184887,7.92634320199531,1,2
9,25,4,6.28719082355757,3.82838941026928,4.37349547606283,6.56626564720483,7.84357230458691,1,2
9,25,7,6.28719082355757,3.82838941026928,5.62639418324382,5.28570049740631,7.98027741814946,1,2
9,25,10,6.28719082355757,3.82838941026928,5.37843815082769,6.42979835834124,8.088068927283,1,2
9,25,13,6.28719082355757,3.82838941026928,6.38046974875103,6.46801985040295,8.84900398540711,1,2
9,25,14,6.28719082355757,3.82838941026928,4.94900949681807,5.8258652480462,7.97501596891868,1,2
9,25,15,6.28719082355757,3.82838941026928,3.9924083576645,6.28155530576911,7.99221912820186,1,2
9,25,18,6.28719082355757,3.82838941026928,5.56631528431584,5.65133613937438,8.53134746947444,1,2
9,25,19,6.28719082355757,3.82838941026928,6.40037870188204,5.72723869094371,8.2295326656778,1,2
9,25,21,6.28719082355757,3.82838941026928,4.22987390057026,6.84980971685925,8.42754802129385,1,2
9,25,22,6.28719082355757,3.82838941026928,4.37633717448512,5.35953250171328,7.79482070557674,1,2
9,25,24,6.28719082355757,3.82838941026928,4.65059112941212,6.0478520925565,7.86745834399681,1,2
9,25,26,6.28719082355757,3.82838941026928,5.06134746301278,5.74063921321027,8.43162691103239,1,2
9,25,28,6.28719082355757,3.82838941026928,5.11800631843439,5.4270596205748,7.98868552845255,1,2
9,25,32,6.28719082355757,3.82838941026928,4.62141654806921,6.49397339179199,8.14335843286357,1,2
9,25,35,6.28719082355757,3.82838941026928,5.61526005822635,6.10527897813856,8.15923483532742,1,2
9,25,38,6.28719082355757,3.82838941026928,3.96075135278679,6.47964355954846,7.93509969138297,1,2
9,25,47,6.28719082355757,3.82838941026928,3.00480779583111,6.12740525718275,7.68057048553056,1,2
9,25,49,6.28719082355757,3.82838941026928,3.8194232891441,6.53312200828005,7.88169523505031,1,2
9,25,54,6.28719082355757,3.82838941026928,5.20911169831971,5.58686727414638,8.00961820743184,1,2
9,25,58,6.28719082355757,3.82838941026928,4.07455044299593,6.80231875579006,8.38946117948982,1,2
9,25,61,6.28719082355757,3.82838941026928,4.51425508864462,5.21510872556373,7.69329491431755,1,2
9,25,62,6.28719082355757,3.82838941026928,4.90342764768043,6.33922954384051,8.01042017162746,1,2
9,25,63,6.28719082355757,3.82838941026928,5.56285627094993,6.37885515795724,8.36577850058439,1,2
9,25,68,6.28719082355757,3.82838941026928,3.60455186514121,6.91932981035122,8.34531140054197,1,2
9,25,70,6.28719082355757,3.82838941026928,5.84765592808546,6.77843499453044,8.03973188711567,1,2
9,25,71,6.28719082355757,3.82838941026928,6.07127192993478,6.43956043337605,7.92810145586916,1,2
9,25,72,6.28719082355757,3.82838941026928,3.42516186751579,5.98124608281736,7.95478787269861,1,2
9,25,73,6.28719082355757,3.82838941026928,5.81367241851356,6.42960465914358,7.88315069402598,1,2
9,25,74,6.28719082355757,3.82838941026928,5.43077590555987,5.82377259975159,8.07766007561077,1,2
9,25,77,6.28719082355757,3.82838941026928,4.46602367435589,6.11114384356858,8.05337723710109,1,2
9,25,78,6.28719082355757,3.82838941026928,4.79096750995582,5.17687119483802,7.85987348344846,1,2
9,25,81,6.28719082355757,3.82838941026928,3.93596544965802,6.36677728728802,8.20345708527507,1,2
9,26,1,6.28719082355757,3.82838941026928,4.34615058877705,4.99684903134844,8.08965616152185,1,2
9,26,2,6.28719082355757,3.82838941026928,5.84626539846269,6.44557609726707,8.20094563072224,1,2
9,26,5,6.28719082355757,3.82838941026928,5.50728054773147,5.0582439048719,8.11014495548915,1,2
9,26,9,6.28719082355757,3.82838941026928,5.28582195709068,5.80803906564125,8.15893659492469,1,2
9,26,10,6.28719082355757,3.82838941026928,5.27587331910076,6.10427249429002,8.46496852847431,1,2
9,26,12,6.28719082355757,3.82838941026928,6.2020548830243,5.93667011456134,8.69606434815096,1,2
9,26,14,6.28719082355757,3.82838941026928,4.93634691056106,6.17847452483002,8.51050566039557,1,2
9,26,15,6.28719082355757,3.82838941026928,6.98096421825413,6.14564191856627,8.45506412229105,1,2
9,26,16,6.28719082355757,3.82838941026928,6.66861584408235,4.99292971474788,8.38004925008586,1,2
9,26,18,6.28719082355757,3.82838941026928,7.2972750632493,6.11787295948945,8.49313408254584,1,2
9,26,19,6.28719082355757,3.82838941026928,3.88864668310282,6.09990450709349,8.10072191819879,1,2
9,26,24,6.28719082355757,3.82838941026928,3.4189706240681,5.67710316047351,8.34964530500505,1,2
9,26,26,6.28719082355757,3.82838941026928,4.46752772579822,6.27777598915516,8.41004727631419,1,2
9,26,27,6.28719082355757,3.82838941026928,3.82470238089073,5.81920638142287,8.00112383019595,1,2
9,26,29,6.28719082355757,3.82838941026928,5.51581290093947,6.22153257969145,8.37985274422132,1,2
9,26,31,6.28719082355757,3.82838941026928,4.84314464034048,6.13133928146628,8.26981830510765,1,2
9,26,32,6.28719082355757,3.82838941026928,5.68318302613355,5.74002664549834,8.62780254988222,1,2
9,26,34,6.28719082355757,3.82838941026928,3.21771322031943,6.70438784472645,8.35380368344187,1,2
9,26,36,6.28719082355757,3.82838941026928,5.64081744766574,5.89125994585675,8.69296328749494,1,2
9,26,39,6.28719082355757,3.82838941026928,5.55049893325218,5.82646648214797,8.21793756783971,1,2
9,26,41,6.28719082355757,3.82838941026928,4.85390340006439,5.99353592551637,8.10462992388618,1,2
9,26,42,6.28719082355757,3.82838941026928,5.98649322337558,6.55402219958995,8.70869629231276,1,2
9,26,45,6.28719082355757,3.82838941026928,3.01633491225725,6.09605375996892,8.30027830866098,1,2
9,26,49,6.28719082355757,3.82838941026928,6.1415009095772,5.45233492398198,8.49177062718817,1,2
9,26,50,6.28719082355757,3.82838941026928,6.45661834092051,6.02752904510673,8.36203418023426,1,2
9,26,59,6.28719082355757,3.82838941026928,5.23578715965489,6.11294675788277,8.30906651164158,1,2
9,26,60,6.28719082355757,3.82838941026928,5.2767426939101,5.55235650830131,8.38971253747324,1,2
9,27,1,6.28719082355757,3.82838941026928,5.2450310540899,5.76612941122142,8.61974770109062,1,2
9,27,2,6.28719082355757,3.82838941026928,2.41292128856488,5.88025715527579,7.66701727155567,1,2
9,27,5,6.28719082355757,3.82838941026928,5.29451030279379,5.6077971978783,8.38638009623263,1,2
9,27,6,6.28719082355757,3.82838941026928,4.24497573757748,6.15670367622658,7.99531331907453,1,2
9,27,7,6.28719082355757,3.82838941026928,5.38156410710932,6.44719292290425,8.70125710870404,1,2
9,27,9,6.28719082355757,3.82838941026928,6.4169268739172,5.83378753886578,8.78134935415068,1,2
9,27,11,6.28719082355757,3.82838941026928,5.39862587049917,5.2625854634676,8.23702100194647,1,2
9,27,13,6.28719082355757,3.82838941026928,3.00848451099759,6.13514864283166,8.24195806064732,1,2
9,27,14,6.28719082355757,3.82838941026928,3.92462424180247,6.41477583417838,8.27939150325312,1,2
9,27,15,6.28719082355757,3.82838941026928,3.78758744371143,5.9959755497755,8.11372676242842,1,2
9,27,17,6.28719082355757,3.82838941026928,7.0760844231924,6.32059155823546,8.72785484577027,1,2
9,27,20,6.28719082355757,3.82838941026928,3.21237914386193,6.17687232376968,8.3354805812094,1,2
9,27,22,6.28719082355757,3.82838941026928,4.01717540630578,6.65414584793138,8.18241315637761,1,2
9,27,23,6.28719082355757,3.82838941026928,2.96283726534091,5.21267398008498,8.28239988076733,1,2
9,27,24,6.28719082355757,3.82838941026928,4.04556458737723,5.36707582757775,7.97406711815478,1,2
9,27,25,6.28719082355757,3.82838941026928,5.35657241887121,5.81944103331325,8.16336321710009,1,2
9,27,29,6.28719082355757,3.82838941026928,5.93897174642732,6.14642001429731,9.0308068394406,1,2
9,27,31,6.28719082355757,3.82838941026928,6.38106757575475,5.73515656372293,8.59455948886725,1,2
9,27,33,6.28719082355757,3.82838941026928,4.44383086867702,6.15582946552817,8.04267925240423,1,2
9,27,34,6.28719082355757,3.82838941026928,5.95498391578773,5.83079966924044,8.33068607035988,1,2
9,27,36,6.28719082355757,3.82838941026928,5.84738212505982,6.29818369924564,8.4454045433893,1,2
9,27,39,6.28719082355757,3.82838941026928,5.88956301939213,6.41039799585487,8.6017130663733,1,2
9,27,40,6.28719082355757,3.82838941026928,5.04371104189167,5.33687952826251,8.23102178698495,1,2
9,27,43,6.28719082355757,3.82838941026928,5.29521475360795,5.71494757387524,8.22360924961748,1,2
9,27,44,6.28719082355757,3.82838941026928,3.38169255052132,5.0899215589658,8.08212864366158,1,2
9,27,49,6.28719082355757,3.82838941026928,6.3297405127823,6.0810904486579,8.25855620288822,1,2
9,27,55,6.28719082355757,3.82838941026928,6.34382115776208,5.55260720731768,8.42019077344157,1,2
9,27,56,6.28719082355757,3.82838941026928,5.99092086730003,5.77198196372324,8.3539405095137,1,2
9,27,57,6.28719082355757,3.82838941026928,7.07567908530555,5.64467056437444,8.73212869137298,1,2
9,27,59,6.28719082355757,3.82838941026928,5.00567654967376,6.54334128597066,8.6765940064338,1,2
9,27,60,6.28719082355757,3.82838941026928,5.45230315642028,6.02843392423715,8.36671127911139,1,2
9,27,62,6.28719082355757,3.82838941026928,4.73297693892139,6.43818459001966,8.58832851206309,1,2
9,27,63,6.28719082355757,3.82838941026928,4.54859426678232,6.71810206465271,8.51337168445559,1,2
9,27,65,6.28719082355757,3.82838941026928,5.36241355026849,5.78236300093217,8.04458165177626,1,2
9,27,66,6.28719082355757,3.82838941026928,4.26723219146561,6.24279934590301,8.30752840929783,1,2
9,27,69,6.28719082355757,3.82838941026928,4.31701874117549,6.69089556428065,8.35825366678941,1,2
9,27,71,6.28719082355757,3.82838941026928,4.97411198943352,5.01562193515889,8.27478171796231,1,2
9,27,76,6.28719082355757,3.82838941026928,5.07935101653541,5.80801195715277,8.39388496398238,1,2
9,27,77,6.28719082355757,3.82838941026928,3.71997586524928,5.94156322512224,8.45320794136813,1,2
9,27,78,6.28719082355757,3.82838941026928,3.4644169602964,6.42187011029582,8.67248553743284,1,2
9,27,80,6.28719082355757,3.82838941026928,4.2042688686025,5.48528236258284,8.2067243374621,1,2
9,27,82,6.28719082355757,3.82838941026928,6.72386499540051,5.56724363842006,8.11388446019131,1,2
9,27,84,6.28719082355757,3.82838941026928,3.61300280337952,5.89582934955268,8.18531491561942,1,2
9,27,85,6.28719082355757,3.82838941026928,7.21854608092844,5.96164520497458,8.68299499258973,1,2
9,28,2,6.28719082355757,3.82838941026928,4.53462607162337,5.9093901757972,8.65431823722015,1,2
9,28,4,6.28719082355757,3.82838941026928,3.50508269306964,5.69885927216285,8.28248408647012,1,2
9,28,5,6.28719082355757,3.82838941026928,6.6992490569052,5.56438309069775,8.47513149918965,1,2
9,28,6,6.28719082355757,3.82838941026928,3.936303526151,6.18604579537157,8.14503489704359,1,2
9,28,7,6.28719082355757,3.82838941026928,5.60821407304216,5.85579146237842,8.40487260224448,1,2
9,28,8,6.28719082355757,3.82838941026928,3.44150980948688,6.38479420848885,8.53084234785755,1,2
9,28,9,6.28719082355757,3.82838941026928,3.73018426480236,6.42882810958643,8.69756649452019,1,2
9,28,13,6.28719082355757,3.82838941026928,4.14020439685744,6.04328376094721,8.20376146409713,1,2
9,28,15,6.28719082355757,3.82838941026928,4.22602087603634,5.79445173709635,8.31406530424725,1,2
9,28,17,6.28719082355757,3.82838941026928,4.9967526239886,5.69476761784505,9.05142611195659,1,2
9,28,18,6.28719082355757,3.82838941026928,4.02728356933584,5.8985292144112,8.73225046843805,1,2
9,28,19,6.28719082355757,3.82838941026928,4.67541602142682,5.29884601593587,7.98070836816599,1,2
9,28,21,6.28719082355757,3.82838941026928,4.464552850374,5.3283388542316,7.91921764219586,1,2
9,28,26,6.28719082355757,3.82838941026928,4.59327951865762,7.29912207001642,8.66461753606565,1,2
9,28,27,6.28719082355757,3.82838941026928,4.59742197216241,6.58967808331584,8.35108693321297,1,2
9,28,28,6.28719082355757,3.82838941026928,5.77705022264163,6.22819310379658,8.5208421248734,1,2
9,28,29,6.28719082355757,3.82838941026928,2.69744038705703,6.89403682457104,8.18445623511098,1,2
9,28,31,6.28719082355757,3.82838941026928,4.77658971895298,6.67322795430765,8.38112090010389,1,2
9,28,32,6.28719082355757,3.82838941026928,7.39339641222078,6.42368831322725,8.62764771830615,1,2
9,28,36,6.28719082355757,3.82838941026928,3.50330936314278,6.00047141245544,7.92062772047245,1,2
9,28,38,6.28719082355757,3.82838941026928,6.37177833404345,5.83119963117982,8.32084309199293,1,2
9,28,39,6.28719082355757,3.82838941026928,4.9507251278032,5.59854659855305,8.8355813786167,1,2
9,28,41,6.28719082355757,3.82838941026928,5.50580375174374,5.92741379445614,8.26224868335027,1,2
9,28,42,6.28719082355757,3.82838941026928,5.57693919434676,5.99644855923051,8.32251671015761,1,2
9,28,43,6.28719082355757,3.82838941026928,4.12204740347981,6.27348412212916,8.42602285883356,1,2
9,28,44,6.28719082355757,3.82838941026928,2.45586556428841,6.19289482032768,8.34506748577356,1,2
9,28,50,6.28719082355757,3.82838941026928,6.6241356058758,5.81040751070973,8.03763585017621,1,2
9,28,52,6.28719082355757,3.82838941026928,6.78858608192193,5.67311132283833,8.50416418390505,1,2
9,28,53,6.28719082355757,3.82838941026928,3.99709482338206,6.53891787199271,8.41244809725331,1,2
9,28,56,6.28719082355757,3.82838941026928,5.56971426007642,5.99305936194526,8.45982778466279,1,2
9,28,58,6.28719082355757,3.82838941026928,2.68125257654202,5.65045942255237,7.94348210445644,1,2
9,28,59,6.28719082355757,3.82838941026928,4.17940886247875,5.60817768813795,8.44584987810592,1,2
9,28,62,6.28719082355757,3.82838941026928,5.62346940133874,6.34124058664089,8.7169034849611,1,2
9,28,63,6.28719082355757,3.82838941026928,5.24960309243853,5.88856612364714,8.66419572068931,1,2
9,28,64,6.28719082355757,3.82838941026928,4.82720767427248,5.66432002803988,8.14687805329328,1,2
9,28,67,6.28719082355757,3.82838941026928,6.20732285744707,6.74484147470262,8.54850415601088,1,2
9,28,68,6.28719082355757,3.82838941026928,5.09548779114628,6.31364917725971,8.71933052411989,1,2
9,28,70,6.28719082355757,3.82838941026928,5.95181074869196,6.42444255452475,8.56612039555811,1,2
9,28,72,6.28719082355757,3.82838941026928,5.08471999042436,5.90015769202094,8.00805366100983,1,2
9,28,75,6.28719082355757,3.82838941026928,5.06037760233495,5.4771710211821,8.16616720428296,1,2
9,29,3,6.28719082355757,3.82838941026928,5.07771113074758,6.20213213176128,8.52739861022669,1,2
9,29,5,6.28719082355757,3.82838941026928,5.82307533810791,6.26033039790213,8.71997017075474,1,2
9,29,7,6.28719082355757,3.82838941026928,5.001769855903,5.23980271337727,8.44888004574198,1,2
9,29,10,6.28719082355757,3.82838941026928,4.07038099218689,5.49558436915349,8.53590075287549,1,2
9,29,13,6.28719082355757,3.82838941026928,5.45852800348253,6.4111987120384,8.97628062847248,1,2
9,29,19,6.28719082355757,3.82838941026928,4.36267323724365,6.12003797228418,8.1077069243719,1,2
9,29,20,6.28719082355757,3.82838941026928,6.14046726661943,6.77456640095036,8.90806534705706,1,2
9,29,21,6.28719082355757,3.82838941026928,2.01794270401515,5.51453173933839,7.8609644684543,1,2
9,29,24,6.28719082355757,3.82838941026928,5.20766477882043,5.76853571515702,8.60669837912136,1,2
9,29,26,6.28719082355757,3.82838941026928,5.22207250213107,6.44172846361626,8.65222392921104,1,2
9,29,28,6.28719082355757,3.82838941026928,5.180727151836,6.52120470411343,8.3997711012183,1,2
9,29,31,6.28719082355757,3.82838941026928,3.22951491285361,5.97741144896187,8.47344841619496,1,2
9,29,36,6.28719082355757,3.82838941026928,6.82045688934433,5.06926964963195,8.78783026496742,1,2
9,29,37,6.28719082355757,3.82838941026928,5.30347672830215,5.83379649990602,8.55898002043247,1,2
9,29,39,6.28719082355757,3.82838941026928,6.72972263416712,5.58368879359093,8.44383958847978,1,2
9,29,40,6.28719082355757,3.82838941026928,4.27311381141469,6.40717575960675,8.51837386443135,1,2
9,29,42,6.28719082355757,3.82838941026928,5.36723112044831,6.62634331765879,8.89383418930044,1,2
9,29,43,6.28719082355757,3.82838941026928,4.62053463812901,6.06229811483896,8.31047034699079,1,2
9,29,44,6.28719082355757,3.82838941026928,3.62121476481772,5.95774323306956,8.47561870891988,1,2
9,29,48,6.28719082355757,3.82838941026928,4.53949124834204,5.55158844744074,8.30192736185689,1,2
9,29,49,6.28719082355757,3.82838941026928,4.14730987879555,5.99428914905598,8.29658240627864,1,2
9,29,50,6.28719082355757,3.82838941026928,4.26314554135828,6.58685850069868,8.4779698629105,1,2
9,29,51,6.28719082355757,3.82838941026928,5.27687907353313,5.94879909428049,8.58613470602236,1,2
9,29,53,6.28719082355757,3.82838941026928,7.04176931814464,5.60589599402766,8.54008197703134,1,2
9,29,54,6.28719082355757,3.82838941026928,4.82119745132562,5.31529501753356,8.09563624764095,1,2
9,29,58,6.28719082355757,3.82838941026928,4.44517980408477,5.79345159543207,8.32454547553227,1,2
9,29,59,6.28719082355757,3.82838941026928,3.68067343110559,6.09113181725048,8.19778099222351,1,2
9,29,60,6.28719082355757,3.82838941026928,1.61758770640388,5.77778311536952,8.49305395726603,1,2
9,29,61,6.28719082355757,3.82838941026928,5.1382107547191,6.03360812358827,8.58775202238738,1,2
9,29,64,6.28719082355757,3.82838941026928,2.74460726202557,6.21379417813723,8.70515007787987,1,2
9,29,65,6.28719082355757,3.82838941026928,4.18846184749168,5.77949058821906,8.84848147803715,1,2
9,29,67,6.28719082355757,3.82838941026928,3.47428940810666,6.35281305217366,8.71703565546333,1,2
9,29,68,6.28719082355757,3.82838941026928,5.21148997582899,6.2831578420952,8.75710822164096,1,2
9,30,1,6.28719082355757,3.82838941026928,5.69574330233939,5.99521469757311,9.20758611763147,1,2
9,30,4,6.28719082355757,3.82838941026928,5.95164318480281,6.63343521779457,9.12641149710431,1,2
9,30,8,6.28719082355757,3.82838941026928,4.73621951952462,5.84105681630963,8.44459537240554,1,2
9,30,10,6.28719082355757,3.82838941026928,3.89482182701332,6.21819176309838,8.4428340635328,1,2
9,30,11,6.28719082355757,3.82838941026928,5.55905764215105,6.33858474130763,8.77233841450281,1,2
9,30,12,6.28719082355757,3.82838941026928,4.74637699709044,5.14540496544413,8.44484477047829,1,2
9,30,13,6.28719082355757,3.82838941026928,6.00322012224022,6.08439102530116,8.64614681754759,1,2
9,30,18,6.28719082355757,3.82838941026928,6.39286570146384,6.25033926988391,8.22528552415773,1,2
9,30,21,6.28719082355757,3.82838941026928,3.08659020056892,6.26187620583208,9.04555514105839,1,2
9,30,23,6.28719082355757,3.82838941026928,5.91860192883602,5.78086468908412,8.58678132015476,1,2
9,30,24,6.28719082355757,3.82838941026928,4.87431663126328,5.87230022225814,8.85779402645715,1,2
9,30,25,6.28719082355757,3.82838941026928,5.42225244773403,5.26123810980422,8.43659703220045,1,2
9,30,26,6.28719082355757,3.82838941026928,6.00434896733519,5.79180037261226,8.71035652299674,1,2
9,30,27,6.28719082355757,3.82838941026928,5.6335143093341,5.4977324432522,8.84608865323748,1,2
9,30,29,6.28719082355757,3.82838941026928,5.36356717545928,5.1210157841372,8.32988880277725,1,2
9,30,30,6.28719082355757,3.82838941026928,4.31961994792681,5.37035110396637,8.48019892241867,1,2
9,30,31,6.28719082355757,3.82838941026928,5.83915769265855,6.15483952727116,8.98123192417893,1,2
9,30,32,6.28719082355757,3.82838941026928,3.89372251437185,6.74276870896291,8.80129317025148,1,2
9,30,33,6.28719082355757,3.82838941026928,4.93591430612238,6.75287022458531,8.8039245647378,1,2
9,30,35,6.28719082355757,3.82838941026928,4.28210082042133,5.98118407844552,8.31333534135895,1,2
9,30,36,6.28719082355757,3.82838941026928,3.38667704062067,5.95499387097632,8.34915236223904,1,2
9,30,39,6.28719082355757,3.82838941026928,6.18218967671501,5.67487010467121,8.90268042408124,1,2
9,30,41,6.28719082355757,3.82838941026928,5.01395762916511,6.26239285917006,9.02406759667199,1,2
9,30,42,6.28719082355757,3.82838941026928,4.46527700997452,5.84874481620044,8.98611271960486,1,2
9,30,43,6.28719082355757,3.82838941026928,5.22797471750297,6.61645556271676,8.94251501907462,1,2
9,30,44,6.28719082355757,3.82838941026928,3.2640993996318,6.35007429112821,8.62139142219513,1,2
9,30,45,6.28719082355757,3.82838941026928,4.33713038134086,5.47624667812144,8.93150188919601,1,2
9,30,46,6.28719082355757,3.82838941026928,5.68350846705363,6.53094561141082,8.82950704669035,1,2
9,30,48,6.28719082355757,3.82838941026928,5.7234783773461,5.22573515802891,8.77095344798032,1,2
9,30,49,6.28719082355757,3.82838941026928,5.75514932566473,5.58342764832073,8.34303013138655,1,2
9,30,50,6.28719082355757,3.82838941026928,3.78149982354063,6.3526190738835,8.21723415249427,1,2
9,30,52,6.28719082355757,3.82838941026928,3.67437614006819,5.38034660446491,8.45387686772856,1,2
9,30,53,6.28719082355757,3.82838941026928,6.3522128465217,6.54099911746503,9.04743368463401,1,2
9,30,57,6.28719082355757,3.82838941026928,5.37389018807158,5.48333995345029,8.25703079205596,1,2
9,30,64,6.28719082355757,3.82838941026928,5.35398650718478,5.81342179956857,8.54135199343432,1,2
9,31,4,6.28719082355757,3.82838941026928,3.47736092666914,5.6316965067933,9.04490516861569,1,2
9,31,5,6.28719082355757,3.82838941026928,4.4730067421826,6.31351421466185,8.8658049862611,1,2
9,31,7,6.28719082355757,3.82838941026928,5.29504459241171,5.35513864714122,8.79712559013933,1,2
9,31,12,6.28719082355757,3.82838941026928,4.02868326941409,6.38483482801402,8.86165179537806,1,2
9,31,13,6.28719082355757,3.82838941026928,5.39313341937129,6.21015732779494,9.28379482278778,1,2
9,31,15,6.28719082355757,3.82838941026928,6.15268735773736,5.51811688961842,8.81378977270133,1,2
9,31,16,6.28719082355757,3.82838941026928,4.24005814325183,5.89785610276161,8.84464524481303,1,2
9,31,17,6.28719082355757,3.82838941026928,5.89696833527317,5.93368323156731,9.19424793470229,1,2
9,31,19,6.28719082355757,3.82838941026928,5.01232010784257,6.28816192052832,8.65117458516329,1,2
9,31,21,6.28719082355757,3.82838941026928,6.01472443493399,6.11860383334889,9.09375070257742,1,2
9,31,22,6.28719082355757,3.82838941026928,4.91218748885061,5.47754763297458,9.01870189424718,1,2
9,31,24,6.28719082355757,3.82838941026928,4.66775827298812,5.31087340427171,8.51426915362587,1,2
9,31,25,6.28719082355757,3.82838941026928,6.19425681502125,5.19151479391912,8.75680002189367,1,2
9,31,28,6.28719082355757,3.82838941026928,6.06723593449631,5.91735397759639,9.28679004704285,1,2
9,31,29,6.28719082355757,3.82838941026928,4.71589090830314,6.27281789067026,9.20138127344985,1,2
9,31,30,6.28719082355757,3.82838941026928,6.17271462111278,6.08485085801702,8.97194214411265,1,2
9,31,31,6.28719082355757,3.82838941026928,4.5491369118338,5.78792078960316,9.06284771545072,1,2
9,31,35,6.28719082355757,3.82838941026928,4.10641482389456,6.57402611652621,8.78768767483495,1,2
9,31,38,6.28719082355757,3.82838941026928,5.70671553301661,5.26674797437817,8.93966940308909,1,2
9,31,39,6.28719082355757,3.82838941026928,4.98380801440089,5.54200237794359,9.04523783748876,1,2
9,31,41,6.28719082355757,3.82838941026928,4.4847488355986,6.75695374244411,9.02601481810095,1,2
9,31,43,6.28719082355757,3.82838941026928,5.58228432472252,5.33826595877341,8.83046363059298,1,2
9,31,46,6.28719082355757,3.82838941026928,5.82472096745402,5.19848294445738,9.05854439366245,1,2
9,31,47,6.28719082355757,3.82838941026928,5.14718583759727,5.36241733959069,8.70122367120483,1,2
9,31,48,6.28719082355757,3.82838941026928,4.53860049463547,5.90492837526761,9.00241012713813,1,2
9,31,51,6.28719082355757,3.82838941026928,4.68592763289287,4.85590929348575,9.29582637506691,1,2
9,31,52,6.28719082355757,3.82838941026928,4.49078978755382,6.86802590160442,8.77709044894591,1,2
9,31,53,6.28719082355757,3.82838941026928,5.0901656596449,6.15633259020142,8.89679672003953,1,2
9,31,54,6.28719082355757,3.82838941026928,5.66449903800774,6.10525720264158,9.3971441696504,1,2
9,31,59,6.28719082355757,3.82838941026928,4.35561138418674,5.57039051475367,8.83362426815678,1,2
9,31,61,6.28719082355757,3.82838941026928,4.66473115918603,6.02315663499602,8.83043418643617,1,2
9,31,62,6.28719082355757,3.82838941026928,5.11951839414594,5.88897669897643,9.01049370335484,1,2
9,32,1,6.28719082355757,3.82838941026928,3.98110021018031,6.67442019287118,8.89157621277859,1,2
9,32,2,6.28719082355757,3.82838941026928,4.72600439808852,6.37102693713188,9.07354929340513,1,2
9,32,3,6.28719082355757,3.82838941026928,3.70698724008191,5.73349715798294,8.90095693770411,1,2
9,32,4,6.28719082355757,3.82838941026928,4.96651502482195,6.59253094026386,8.67171867356854,1,2
9,32,5,6.28719082355757,3.82838941026928,2.935974090915,6.42330067599382,8.53873176274991,1,2
9,32,10,6.28719082355757,3.82838941026928,4.52770545362891,5.26251481625754,8.64831847877976,1,2
9,32,11,6.28719082355757,3.82838941026928,4.92459507955572,5.17095851388751,8.64694454459837,1,2
9,32,12,6.28719082355757,3.82838941026928,4.05011284571268,5.97946262103525,8.42860482451935,1,2
9,32,14,6.28719082355757,3.82838941026928,5.27936234876455,5.92800208969974,8.6733947992899,1,2
9,32,20,6.28719082355757,3.82838941026928,4.63118437962437,6.2903779015312,8.76418124998311,1,2
9,32,22,6.28719082355757,3.82838941026928,4.86270420511353,6.49109346570581,8.59556447996439,1,2
9,32,24,6.28719082355757,3.82838941026928,3.72124299174946,6.00213381015628,8.3908052192422,1,2
9,32,25,6.28719082355757,3.82838941026928,4.11680561430047,6.71533218314687,9.08640045903814,1,2
9,32,30,6.28719082355757,3.82838941026928,4.69369819842513,5.1532656621216,8.48041710478523,1,2
9,32,33,6.28719082355757,3.82838941026928,5.09549341874716,5.98538372337219,8.76161918493408,1,2
9,32,34,6.28719082355757,3.82838941026928,6.13382118037183,6.76225423043631,9.29619801355741,1,2
9,32,39,6.28719082355757,3.82838941026928,5.97258874168949,6.11670632583584,8.87597875096045,1,2
9,32,41,6.28719082355757,3.82838941026928,5.02014034996242,6.05722574168679,9.04079891166924,1,2
9,32,42,6.28719082355757,3.82838941026928,5.59452633164681,6.72230719876894,8.65770885951592,1,2
9,32,45,6.28719082355757,3.82838941026928,6.55846125301895,6.06226651432668,9.68205074579596,1,2
9,32,49,6.28719082355757,3.82838941026928,4.3920969051686,5.87763814929545,8.64352131902386,1,2
9,32,51,6.28719082355757,3.82838941026928,6.43928575262381,7.22147268956232,9.11179212957784,1,2
9,32,52,6.28719082355757,3.82838941026928,3.30619084178356,5.4059853812753,8.60390756908703,1,2
9,32,55,6.28719082355757,3.82838941026928,4.16290816301527,6.12492185050032,8.35231636670654,1,2
9,32,59,6.28719082355757,3.82838941026928,5.90519369416115,5.88885237111516,9.1318044297465,1,2
9,32,60,6.28719082355757,3.82838941026928,4.60128744653446,5.40427003737521,8.75337529270473,1,2
9,32,61,6.28719082355757,3.82838941026928,4.72640540479466,6.13227396183345,8.59904971952768,1,2
9,32,62,6.28719082355757,3.82838941026928,4.02002662178209,7.04413856860076,9.03847289549363,1,2
9,33,3,6.28719082355757,3.82838941026928,4.70893131164329,6.26576047554583,9.05985917390843,1,2
9,33,5,6.28719082355757,3.82838941026928,3.82730890536115,6.02623842216005,9.08554776066698,1,2
9,33,6,6.28719082355757,3.82838941026928,5.20240316236322,7.70347837208574,8.92657912906316,1,2
9,33,7,6.28719082355757,3.82838941026928,4.91388363260103,5.62473195901421,8.16313605112241,1,2
9,33,8,6.28719082355757,3.82838941026928,6.33137666715959,6.83326906060292,8.5096675081757,1,2
9,33,11,6.28719082355757,3.82838941026928,5.9757649213322,6.11108323516683,8.90401556752329,1,2
9,33,14,6.28719082355757,3.82838941026928,5.10494026058415,5.78774079728351,8.58640318273546,1,2
9,33,16,6.28719082355757,3.82838941026928,4.69199651565792,6.09389049878139,8.55095595160584,1,2
9,33,17,6.28719082355757,3.82838941026928,5.91005976765699,4.92559176866261,8.18923281471756,1,2
9,33,18,6.28719082355757,3.82838941026928,3.40226478133617,5.71399901718206,8.61741776763813,1,2
9,33,21,6.28719082355757,3.82838941026928,7.5529927018008,5.35970073410078,8.95659546086512,1,2
9,33,25,6.28719082355757,3.82838941026928,4.89593711614193,5.77968863129654,8.07314267949097,1,2
9,33,28,6.28719082355757,3.82838941026928,5.19472537366665,5.86593039873365,9.1304354615033,1,2
9,33,32,6.28719082355757,3.82838941026928,5.86444706877174,6.05480349318137,8.86090658841041,1,2
9,33,33,6.28719082355757,3.82838941026928,5.0699190340043,5.68462050266925,8.83872697251867,1,2
9,33,34,6.28719082355757,3.82838941026928,3.12244804372234,5.86567496972081,8.14697900343281,1,2
9,33,37,6.28719082355757,3.82838941026928,6.72968294166576,6.10934852348609,8.61748851223299,1,2
9,33,38,6.28719082355757,3.82838941026928,4.07265265380309,5.57086558714989,8.61907241678053,1,2
9,33,39,6.28719082355757,3.82838941026928,3.41469278579949,5.40145383983553,8.60437448443821,1,2
9,33,42,6.28719082355757,3.82838941026928,5.53460984148852,5.89302412898901,8.72198942206634,1,2
9,33,43,6.28719082355757,3.82838941026928,5.57308588859533,5.29771878438643,8.59659266544739,1,2
9,33,51,6.28719082355757,3.82838941026928,5.98834870983278,5.14400407325892,8.80608067453189,1,2
9,33,53,6.28719082355757,3.82838941026928,5.11350712791621,6.56143590600501,8.89708925694244,1,2
9,33,54,6.28719082355757,3.82838941026928,5.02800982346598,5.58751327514311,8.71456354433881,1,2
9,33,56,6.28719082355757,3.82838941026928,4.9377416824169,5.18926125937937,8.64494262931244,1,2
9,33,57,6.28719082355757,3.82838941026928,6.3257761718955,5.95657204255737,8.47310438370493,1,2
9,33,58,6.28719082355757,3.82838941026928,7.2403136778437,6.39357603635127,9.10305783170479,1,2
9,33,59,6.28719082355757,3.82838941026928,5.92210160708004,5.94411628404322,9.38429173686688,1,2
9,33,62,6.28719082355757,3.82838941026928,4.82442135068977,6.37048106813046,8.67335713637647,1,2
9,33,63,6.28719082355757,3.82838941026928,4.36812746229559,6.37053374626535,8.58476195393729,1,2
9,33,67,6.28719082355757,3.82838941026928,5.8112485709633,6.45068985944688,8.60974633409261,1,2
9,34,5,6.28719082355757,3.82838941026928,5.88595067576947,5.23041899749364,9.2759849279757,1,2
9,34,6,6.28719082355757,3.82838941026928,5.21969415195415,5.71652910194329,8.62797474150616,1,2
9,34,8,6.28719082355757,3.82838941026928,6.12124572303998,5.71824034265337,8.66127073636869,1,2
9,34,10,6.28719082355757,3.82838941026928,3.91617245583252,7.02783361293722,8.87143197809753,1,2
9,34,12,6.28719082355757,3.82838941026928,3.5392658471859,5.93046975477199,8.62130143470672,1,2
9,34,16,6.28719082355757,3.82838941026928,4.84791819789962,5.83121687198383,9.19547569685397,1,2
9,34,18,6.28719082355757,3.82838941026928,4.99778622733317,5.70194007684308,8.63055031675935,1,2
9,34,19,6.28719082355757,3.82838941026928,5.1450351000466,6.24088366721228,8.72710535557036,1,2
9,34,20,6.28719082355757,3.82838941026928,3.71573147423863,5.5846705646594,9.38305596393896,1,2
9,34,21,6.28719082355757,3.82838941026928,5.58449729152942,5.95101110221968,8.94508441642911,1,2
9,34,23,6.28719082355757,3.82838941026928,4.81214051826928,5.32116215139157,8.90661101913822,1,2
9,34,25,6.28719082355757,3.82838941026928,6.15982267726978,5.75577628062691,8.55696333023048,1,2
9,34,26,6.28719082355757,3.82838941026928,3.48633072345577,6.27996270367065,9.37870310973716,1,2
9,34,27,6.28719082355757,3.82838941026928,4.22745698662495,5.94752705757055,8.69970144638219,1,2
9,34,28,6.28719082355757,3.82838941026928,4.98613450745116,5.12408584420748,9.11368969062917,1,2
9,34,29,6.28719082355757,3.82838941026928,5.97172458467622,5.33912879477035,9.17690383753892,1,2
9,34,31,6.28719082355757,3.82838941026928,4.92531274178578,6.02961675545987,9.17168902908622,1,2
9,34,33,6.28719082355757,3.82838941026928,5.77600602023533,6.31857204938174,9.05630991440534,1,2
9,34,35,6.28719082355757,3.82838941026928,3.54066505412739,5.85836487435646,8.66525205281011,1,2
9,34,36,6.28719082355757,3.82838941026928,6.02923053590877,5.77249595972889,8.94662900482746,1,2
9,34,37,6.28719082355757,3.82838941026928,3.1974192132148,5.73896651617207,8.81329644378605,1,2
9,34,38,6.28719082355757,3.82838941026928,4.55402882099289,6.26949474768614,8.78798462856449,1,2
9,34,45,6.28719082355757,3.82838941026928,7.09647919988374,6.05083673079402,9.59131264472024,1,2
9,34,46,6.28719082355757,3.82838941026928,5.10858127142302,5.73929434338492,8.52372019522019,1,2
9,34,47,6.28719082355757,3.82838941026928,4.2916008815082,5.78038486883852,9.00315393731987,1,2
9,34,48,6.28719082355757,3.82838941026928,5.46391331353164,5.46826637415925,8.66563569055216,1,2
9,34,51,6.28719082355757,3.82838941026928,4.16116969366899,6.73083105180518,8.64326401970141,1,2
9,34,54,6.28719082355757,3.82838941026928,5.07318563202331,6.74645019939777,9.15481310326148,1,2
9,34,57,6.28719082355757,3.82838941026928,6.34544986211671,6.84828657645696,8.91226662077822,1,2
9,34,61,6.28719082355757,3.82838941026928,4.59970359368095,5.54106011424261,9.07424524352885,1,2
9,34,62,6.28719082355757,3.82838941026928,5.34406990086149,5.68240677800696,8.59930594231596,1,2
9,34,65,6.28719082355757,3.82838941026928,5.27647293359461,6.66336277428473,8.79419461939773,1,2
9,34,71,6.28719082355757,3.82838941026928,4.9241408293909,5.71792123360838,9.05163032401109,1,2
9,34,72,6.28719082355757,3.82838941026928,5.62327091283573,6.61893507971941,9.46189823124418,1,2
9,34,75,6.28719082355757,3.82838941026928,4.09554477048488,6.77563626651081,8.6454214964537,1,2
9,34,76,6.28719082355757,3.82838941026928,5.24993989324341,5.37477099704664,8.74059075334055,1,2
9,34,78,6.28719082355757,3.82838941026928,5.90169642690127,6.16844999520939,8.84545554037828,1,2
9,35,1,6.28719082355757,3.82838941026928,5.9175060656039,5.69629512630014,9.52095850713386,1,2
9,35,4,6.28719082355757,3.82838941026928,4.4200531977969,6.39154777058422,8.97435003424294,1,2
9,35,5,6.28719082355757,3.82838941026928,4.7153933257182,5.55259435803448,8.65418388730485,1,2
9,35,6,6.28719082355757,3.82838941026928,5.12388395833853,6.40416753816487,9.02463286577911,1,2
9,35,7,6.28719082355757,3.82838941026928,4.36081379311324,5.84842535611976,9.32087744490636,1,2
9,35,10,6.28719082355757,3.82838941026928,2.74964747742497,6.92737993348611,9.23421803771721,1,2
9,35,11,6.28719082355757,3.82838941026928,4.18090765062464,6.14726582153581,9.15538991604468,1,2
9,35,14,6.28719082355757,3.82838941026928,5.74344200993828,6.84152395468095,9.3987884477138,1,2
9,35,15,6.28719082355757,3.82838941026928,6.19403739754563,6.57693819478072,9.29922892597227,1,2
9,35,18,6.28719082355757,3.82838941026928,6.7893805649995,5.36711571672926,8.76072907583241,1,2
9,35,20,6.28719082355757,3.82838941026928,3.78812527356889,5.90423970954127,9.02417758275122,1,2
9,35,27,6.28719082355757,3.82838941026928,5.69447664753153,5.94118314284623,8.99313964989693,1,2
9,35,28,6.28719082355757,3.82838941026928,2.47860285050732,5.64033345231734,9.27655367328645,1,2
9,35,34,6.28719082355757,3.82838941026928,4.88891812684432,5.87797429030895,9.29358025207354,1,2
9,35,35,6.28719082355757,3.82838941026928,4.45845039334299,6.32365426398812,8.87515907597703,1,2
9,35,38,6.28719082355757,3.82838941026928,4.69681121124408,6.23343318210344,9.24101842618085,1,2
9,35,39,6.28719082355757,3.82838941026928,4.52616166043963,6.96860104614519,9.42954945548326,1,2
9,35,41,6.28719082355757,3.82838941026928,4.47938480187273,5.87036659836568,9.14104527301343,1,2
9,35,47,6.28719082355757,3.82838941026928,5.05226977830179,6.0475844337331,8.71139138163593,1,2
9,35,49,6.28719082355757,3.82838941026928,3.07326824615582,6.37557237668104,9.0841209702267,1,2
9,35,52,6.28719082355757,3.82838941026928,5.96848213848852,5.56757673078297,9.41653205173037,1,2
9,35,55,6.28719082355757,3.82838941026928,4.64510645644068,6.32329745089099,8.70398836538867,1,2
9,35,57,6.28719082355757,3.82838941026928,4.59674483112979,5.09356800080291,8.91589288070834,1,2
9,35,58,6.28719082355757,3.82838941026928,3.98311652314815,6.06639480044091,9.42943470926106,1,2
9,35,61,6.28719082355757,3.82838941026928,4.29743538158558,5.78394120621344,8.96053055163567,1,2
9,35,62,6.28719082355757,3.82838941026928,7.10419838016341,5.42636619253271,9.67249961726351,1,2
9,35,63,6.28719082355757,3.82838941026928,4.81873659971867,5.8822902883533,9.12888181029396,1,2
9,35,64,6.28719082355757,3.82838941026928,4.27529392991179,5.63300761143616,9.23698922163273,1,2
9,35,65,6.28719082355757,3.82838941026928,4.35192212056496,5.84746403083247,9.59039725376092,1,2
9,35,66,6.28719082355757,3.82838941026928,5.42284784882797,5.28851885912458,9.15710364553738,1,2
9,35,67,6.28719082355757,3.82838941026928,4.62983391956863,6.3466960608803,9.33358137645707,1,2
9,35,70,6.28719082355757,3.82838941026928,2.4423397030803,6.22126851787866,9.21126694080731,1,2
9,35,71,6.28719082355757,3.82838941026928,6.56864690950718,6.41551227116085,9.61575980824446,1,2
9,35,72,6.28719082355757,3.82838941026928,5.11985393182887,5.79976515174197,9.560972394326,1,2
9,35,73,6.28719082355757,3.82838941026928,5.18419683777477,6.67362321931176,9.34092020274228,1,2
9,35,75,6.28719082355757,3.82838941026928,5.20404976077903,6.35257964964956,9.28091530276548,1,2
9,35,80,6.28719082355757,3.82838941026928,6.95232325432597,6.14814634431376,9.77899908848683,1,2
9,35,82,6.28719082355757,3.82838941026928,6.68146251766361,6.38088960885586,9.66670063775067,1,2
9,35,83,6.28719082355757,3.82838941026928,4.81412851092582,5.74033423250466,9.37511251508323,1,2
9,36,1,6.28719082355757,3.82838941026928,2.45886939059316,5.65705841310579,8.92441235750337,1,2
9,36,3,6.28719082355757,3.82838941026928,4.52998819425774,6.26404777655756,9.26458289568228,1,2
9,36,4,6.28719082355757,3.82838941026928,5.42864140787433,6.48945712108219,9.39237626519865,1,2
9,36,5,6.28719082355757,3.82838941026928,4.84248074561877,6.0927675474816,9.28328361160193,1,2
9,36,8,6.28719082355757,3.82838941026928,4.88216001670869,6.29097638339147,9.35335542196858,1,2
9,36,12,6.28719082355757,3.82838941026928,6.70807678499753,5.67429924717513,9.51978286400058,1,2
9,36,13,6.28719082355757,3.82838941026928,6.79847467683332,5.68489438041801,9.34453754469683,1,2
9,36,17,6.28719082355757,3.82838941026928,5.33178345962736,6.09891932141833,9.17904049212498,1,2
9,36,19,6.28719082355757,3.82838941026928,5.48772364553421,7.05590040884934,9.26627159063062,1,2
9,36,20,6.28719082355757,3.82838941026928,6.21808192180263,6.01032097590239,9.38670974578022,1,2
9,36,21,6.28719082355757,3.82838941026928,4.77780103940384,5.90417252924558,9.33885721489568,1,2
9,36,24,6.28719082355757,3.82838941026928,5.59409257844426,5.01995579337588,9.39413621837277,1,2
9,36,25,6.28719082355757,3.82838941026928,3.73428179160794,6.36639269740461,9.3301599243476,1,2
9,36,26,6.28719082355757,3.82838941026928,3.61037959873027,5.38418715458255,8.92280791750584,1,2
9,36,28,6.28719082355757,3.82838941026928,4.30673990840254,5.99874975273319,9.011533362651,1,2
9,36,32,6.28719082355757,3.82838941026928,6.28912383876649,5.80972317535963,9.66960480265358,1,2
9,36,35,6.28719082355757,3.82838941026928,4.26141223638546,5.30976953057145,9.14727398058101,1,2
9,36,41,6.28719082355757,3.82838941026928,6.34508990858442,6.23431545067234,8.93054322276829,1,2
9,36,42,6.28719082355757,3.82838941026928,4.24027336889976,6.0858938129629,9.02958957518407,1,2
9,36,44,6.28719082355757,3.82838941026928,5.49824101662954,6.2055448676262,9.55081999658175,1,2
9,36,46,6.28719082355757,3.82838941026928,5.61906014734917,5.88795720085597,9.08837942225898,1,2
9,36,47,6.28719082355757,3.82838941026928,6.12546458596023,6.00882147842686,9.55575052992677,1,2
9,36,49,6.28719082355757,3.82838941026928,5.25652040442552,6.72083558009875,9.44280806426363,1,2
9,36,52,6.28719082355757,3.82838941026928,5.89219704739249,6.65276557675903,8.99263415480524,1,2
9,36,53,6.28719082355757,3.82838941026928,7.31759261893283,5.78996700905492,8.9849785063107,1,2
9,36,54,6.28719082355757,3.82838941026928,5.21410415882699,5.89491472281053,9.13076199361933,1,2
9,36,55,6.28719082355757,3.82838941026928,3.68912124166461,6.15650043967521,9.39630592656466,1,2
9,36,56,6.28719082355757,3.82838941026928,4.1907306085538,6.1977923371239,9.12877791173279,1,2
9,36,60,6.28719082355757,3.82838941026928,4.41298162750709,5.25608304573631,9.02380942928155,1,2
9,36,61,6.28719082355757,3.82838941026928,4.63434979174121,7.34428254417183,9.47913983862172,1,2
9,36,62,6.28719082355757,3.82838941026928,5.65980089112141,5.92836217506926,9.32676202378376,1,2
9,36,63,6.28719082355757,3.82838941026928,2.21665304806876,5.05603687413978,8.63078008614643,1,2
9,37,2,6.28719082355757,3.82838941026928,5.63382355140647,5.68342085620206,9.90224497495078,1,2
9,37,5,6.28719082355757,3.82838941026928,6.71333420842724,5.91836201078399,9.92750411433625,1,2
9,37,8,6.28719082355757,3.82838941026928,5.3483384398614,5.72109464570123,9.38938434507886,1,2
9,37,9,6.28719082355757,3.82838941026928,6.17181048332793,4.42894390515757,9.15942445714973,1,2
9,37,11,6.28719082355757,3.82838941026928,5.58986910257098,6.53939288484734,8.55137973922826,1,2
9,37,16,6.28719082355757,3.82838941026928,5.77288490526206,6.2362900074713,9.06530647002802,1,2
9,37,18,6.28719082355757,3.82838941026928,3.69836143993353,7.02077779039528,8.88554089468143,1,2
9,37,19,6.28719082355757,3.82838941026928,4.81611827422434,5.05264665727103,9.68038843974684,1,2
9,37,20,6.28719082355757,3.82838941026928,4.68570689810947,6.9393410186687,9.7417857793263,1,2
9,37,24,6.28719082355757,3.82838941026928,4.15126739286878,5.84397991067476,9.97422109389758,1,2
9,37,25,6.28719082355757,3.82838941026928,2.2795982384178,5.41982869498778,9.31567052362363,1,2
9,37,26,6.28719082355757,3.82838941026928,4.97253446745002,6.25664884414984,9.6934241635505,1,2
9,37,29,6.28719082355757,3.82838941026928,3.81091149054737,6.12593270214857,9.2230943018371,1,2
9,37,31,6.28719082355757,3.82838941026928,3.76154385634536,5.25612135756971,9.39384427478829,1,2
9,37,33,6.28719082355757,3.82838941026928,5.25138220504107,6.52348773568325,9.75779530405045,1,2
9,37,34,6.28719082355757,3.82838941026928,4.75343142228943,5.87830453250717,9.54606008195877,1,2
9,37,40,6.28719082355757,3.82838941026928,7.19601700885956,6.39165548804318,9.47932243589173,1,2
9,37,41,6.28719082355757,3.82838941026928,6.25447818030456,6.31281957069502,9.13807283277796,1,2
9,37,42,6.28719082355757,3.82838941026928,4.8720323449101,5.81668720918567,9.01055493891357,1,2
9,37,44,6.28719082355757,3.82838941026928,5.30027474098144,4.79127562429545,9.30195387427882,1,2
9,37,46,6.28719082355757,3.82838941026928,5.48706298444325,5.95871905119965,8.91426661371102,1,2
9,37,48,6.28719082355757,3.82838941026928,5.65622506605459,6.03122317880249,9.48150927814773,1,2
9,37,52,6.28719082355757,3.82838941026928,4.24985114283815,7.0468603334741,9.78972045398768,1,2
9,37,53,6.28719082355757,3.82838941026928,4.96650105494477,6.00490250197962,9.66629548486552,1,2
9,37,58,6.28719082355757,3.82838941026928,4.07763654239287,6.02555185049626,9.10330093908613,1,2
9,37,59,6.28719082355757,3.82838941026928,5.96532334288518,5.8757770459619,9.51615254948888,1,2
9,37,60,6.28719082355757,3.82838941026928,3.23542393088826,5.27152533861809,9.16782794721535,1,2
9,38,1,6.28719082355757,3.82838941026928,6.11027887208566,6.22076983125871,9.57106509106449,1,2
9,38,8,6.28719082355757,3.82838941026928,5.55530923432765,6.00529835984637,9.35353737066903,1,2
9,38,10,6.28719082355757,3.82838941026928,6.39858874393036,6.01570883550571,9.49651653607454,1,2
9,38,12,6.28719082355757,3.82838941026928,4.68334545271934,6.08746332711648,9.79450941776555,1,2
9,38,14,6.28719082355757,3.82838941026928,5.43267048639179,5.61408473239896,9.78087107605708,1,2
9,38,15,6.28719082355757,3.82838941026928,4.30332551762708,6.04612796367524,9.10061579745022,1,2
9,38,17,6.28719082355757,3.82838941026928,5.39178872998905,5.6819920577017,9.63430573858344,1,2
9,38,18,6.28719082355757,3.82838941026928,6.03149048966503,5.2032255223764,9.46353552851285,1,2
9,38,25,6.28719082355757,3.82838941026928,6.17377700928719,6.48725168153238,9.25983056107924,1,2
9,38,27,6.28719082355757,3.82838941026928,4.4750577256126,6.00075838311092,9.04950068295894,1,2
9,38,28,6.28719082355757,3.82838941026928,4.23002453976435,5.59694306737905,9.07753479794608,1,2
9,38,30,6.28719082355757,3.82838941026928,5.80356978788935,6.34934283955362,9.59089292799385,1,2
9,38,31,6.28719082355757,3.82838941026928,5.40044206792774,5.77316872805032,9.5775035232108,1,2
9,38,33,6.28719082355757,3.82838941026928,5.06953196247538,5.1467887353317,10.074595594739,1,2
9,38,34,6.28719082355757,3.82838941026928,5.25408167913019,6.19940848991494,9.20917288495827,1,2
9,38,35,6.28719082355757,3.82838941026928,5.88741058104554,5.93545724192959,9.30030645707006,1,2
9,38,40,6.28719082355757,3.82838941026928,3.43595862503942,5.19710954863233,9.37631566591787,1,2
9,38,43,6.28719082355757,3.82838941026928,6.49477799306273,6.28263127277154,9.39722339291192,1,2
9,38,44,6.28719082355757,3.82838941026928,2.67658797839919,6.37315827131566,8.75091045971741,1,2
9,38,45,6.28719082355757,3.82838941026928,4.83870901383004,5.60397078069826,9.80029813072727,1,2
9,38,46,6.28719082355757,3.82838941026928,5.7071663283271,5.38684956547677,10.2939546007833,1,2
9,38,47,6.28719082355757,3.82838941026928,4.71524091847938,5.94652803610909,9.62986965583049,1,2
9,38,53,6.28719082355757,3.82838941026928,5.80232469755074,5.98932357390882,9.72277698720598,1,2
9,38,54,6.28719082355757,3.82838941026928,5.9841830802179,5.24248027862379,9.6576590016392,1,2
9,38,55,6.28719082355757,3.82838941026928,4.19033833296392,5.17005057654684,8.94705195871411,1,2
9,38,58,6.28719082355757,3.82838941026928,5.29322200246669,6.04763688095234,9.4955218999572,1,2
9,38,65,6.28719082355757,3.82838941026928,5.22311584747914,5.64917194343363,9.8258988462565,1,2
9,38,68,6.28719082355757,3.82838941026928,6.83080202171189,6.55236464993273,9.66291084459326,1,2
9,38,70,6.28719082355757,3.82838941026928,6.26998826413894,6.40270547959775,9.90917957667036,1,2
9,39,1,6.28719082355757,3.82838941026928,5.49025782318217,5.92755860217152,9.38313275222941,1,2
9,39,2,6.28719082355757,3.82838941026928,4.03000255555437,5.70544868878482,9.06765981687299,1,2
9,39,4,6.28719082355757,3.82838941026928,6.39366562541634,5.94024295191861,9.6359568934932,1,2
9,39,5,6.28719082355757,3.82838941026928,4.97588875160375,6.26123942136057,9.11583409762229,1,2
9,39,6,6.28719082355757,3.82838941026928,5.21115658746674,5.95927327772153,9.55616627553243,1,2
9,39,10,6.28719082355757,3.82838941026928,4.48682186646705,6.03835241924239,9.43004414723713,1,2
9,39,13,6.28719082355757,3.82838941026928,6.36179971559058,6.47170136201651,9.13982919628863,1,2
9,39,14,6.28719082355757,3.82838941026928,7.60867323396009,6.1652304317522,9.58334408880826,1,2
9,39,15,6.28719082355757,3.82838941026928,5.87388230460974,5.74163591700751,9.67131803681052,1,2
9,39,17,6.28719082355757,3.82838941026928,6.19270156358534,6.04938338552252,9.7119834693129,1,2
9,39,18,6.28719082355757,3.82838941026928,6.10750325765916,6.39121425122085,9.49252938569134,1,2
9,39,22,6.28719082355757,3.82838941026928,4.30046959018606,5.72254223033112,9.59493774004548,1,2
9,39,24,6.28719082355757,3.82838941026928,4.93190589986117,6.40429021374387,9.7386723114649,1,2
9,39,25,6.28719082355757,3.82838941026928,4.97747999867748,6.69871667356051,9.12818461824221,1,2
9,39,27,6.28719082355757,3.82838941026928,4.87174491692371,6.30774807810781,9.71984883416266,1,2
9,39,30,6.28719082355757,3.82838941026928,6.26910097949623,5.74699852965772,9.54994436655284,1,2
9,39,31,6.28719082355757,3.82838941026928,4.25832629722679,5.0861023364914,8.99195484888155,1,2
9,39,32,6.28719082355757,3.82838941026928,4.48007920446509,5.56006265071269,9.36351501982089,1,2
9,39,34,6.28719082355757,3.82838941026928,4.49350580787795,6.22805656048702,9.62476333632969,1,2
9,39,36,6.28719082355757,3.82838941026928,5.18847626113576,6.70476852007709,9.53697569025683,1,2
9,39,37,6.28719082355757,3.82838941026928,3.94147747619766,6.34747212215834,9.04861315559965,1,2
9,39,39,6.28719082355757,3.82838941026928,3.8959488198263,6.93550346992898,9.52118557898108,1,2
9,39,40,6.28719082355757,3.82838941026928,5.35814845679334,5.48033877176687,9.69040230313672,1,2
9,39,41,6.28719082355757,3.82838941026928,5.36260429539183,6.53269966736805,9.58109023098728,1,2
9,39,42,6.28719082355757,3.82838941026928,4.96833771281971,6.37091671416002,9.03633605557005,1,2
9,39,43,6.28719082355757,3.82838941026928,6.14722238686583,5.6505357776602,9.1890366386383,1,2
9,39,44,6.28719082355757,3.82838941026928,5.68735937843872,5.38559717243993,9.26469732165772,1,2
9,39,45,6.28719082355757,3.82838941026928,6.15384985708458,5.51622722582697,9.5450129414116,1,2
9,39,47,6.28719082355757,3.82838941026928,4.70678012484828,6.7055638914056,9.47412212216142,1,2
9,39,49,6.28719082355757,3.82838941026928,3.23366993042062,5.49484837602366,9.67603325737674,1,2
9,39,53,6.28719082355757,3.82838941026928,2.73146667346161,6.83647780709833,8.99951966744978,1,2
9,39,56,6.28719082355757,3.82838941026928,4.21347735209311,6.40589522975847,9.75079173823876,1,2
9,39,61,6.28719082355757,3.82838941026928,5.36661873635082,6.15595062162889,9.47195903958129,1,2
9,39,63,6.28719082355757,3.82838941026928,4.21326963465102,5.75810265535158,9.35402641378059,1,2
9,40,1,6.28719082355757,3.82838941026928,4.4286427330147,6.07461011746813,9.34942370514901,1,2
9,40,5,6.28719082355757,3.82838941026928,5.73324480938379,5.41703131793655,9.20218537378104,1,2
9,40,9,6.28719082355757,3.82838941026928,5.4405268750534,5.89781260494235,9.78307029182068,1,2
9,40,11,6.28719082355757,3.82838941026928,5.84316650730929,5.84134973388694,9.7914775449437,1,2
9,40,12,6.28719082355757,3.82838941026928,3.33296033444039,6.41854013228912,9.63617912108592,1,2
9,40,15,6.28719082355757,3.82838941026928,3.42983268193553,5.36747763309799,9.22085532686368,1,2
9,40,16,6.28719082355757,3.82838941026928,3.9633009815893,6.07665774628016,9.47227584047716,1,2
9,40,17,6.28719082355757,3.82838941026928,2.86335846609234,6.29133507572128,9.31210960979569,1,2
9,40,19,6.28719082355757,3.82838941026928,7.80197974395537,6.25355035164613,9.86488210506976,1,2
9,40,20,6.28719082355757,3.82838941026928,5.10023455309857,5.90340404527936,9.49786410382808,1,2
9,40,25,6.28719082355757,3.82838941026928,5.16996969446595,5.89538977072796,9.52013971866583,1,2
9,40,26,6.28719082355757,3.82838941026928,3.69768857086491,5.6840162768555,9.90438909875135,1,2
9,40,27,6.28719082355757,3.82838941026928,4.98933909523987,6.29746587981102,9.8405192845852,1,2
9,40,28,6.28719082355757,3.82838941026928,5.48647321637359,5.4606926954565,9.71582915869169,1,2
9,40,29,6.28719082355757,3.82838941026928,2.89661513291371,6.01683393616664,9.79885956094081,1,2
9,40,31,6.28719082355757,3.82838941026928,6.00542864315559,6.06234590244803,10.2098471257231,1,2
9,40,32,6.28719082355757,3.82838941026928,5.10894063613258,4.97250178951091,9.35709259058274,1,2
9,40,33,6.28719082355757,3.82838941026928,4.68575256582298,5.75015454344114,9.39669310221069,1,2
9,40,37,6.28719082355757,3.82838941026928,3.29747056460888,5.17668791869286,9.42051238867673,1,2
9,40,44,6.28719082355757,3.82838941026928,5.71436761631756,5.14276086863727,9.83227164027174,1,2
9,40,45,6.28719082355757,3.82838941026928,3.20613556549625,5.01310641495145,9.14842828568366,1,2
9,40,46,6.28719082355757,3.82838941026928,5.80014268417579,5.58649096655231,10.1525088518419,1,2
9,40,47,6.28719082355757,3.82838941026928,3.68772200877575,6.67054210119349,9.2002386790485,1,2
9,40,48,6.28719082355757,3.82838941026928,5.22431935017436,5.93542245048443,9.19047009191073,1,2
9,40,51,6.28719082355757,3.82838941026928,3.9529401973534,5.13425269214557,9.29882474356658,1,2
9,40,54,6.28719082355757,3.82838941026928,5.30643419840556,6.7318105444363,10.1220686582169,1,2
9,40,55,6.28719082355757,3.82838941026928,5.13752159366079,5.56811397783254,9.36759052156239,1,2
9,40,56,6.28719082355757,3.82838941026928,4.68793153480465,6.16880001879179,9.44289811471947,1,2
9,40,58,6.28719082355757,3.82838941026928,4.70717482065269,5.39841280852573,9.85372415273974,1,2
9,40,59,6.28719082355757,3.82838941026928,4.61231138825781,5.53321304604592,9.5519282833051,1,2
9,40,61,6.28719082355757,3.82838941026928,6.32130874502207,6.53953416061917,9.76113155994314,1,2
9,40,62,6.28719082355757,3.82838941026928,5.13400119736766,5.82249753778209,10.218631147131,1,2
9,40,64,6.28719082355757,3.82838941026928,4.00516520243065,6.28172644069675,9.55916070251586,1,2
9,40,65,6.28719082355757,3.82838941026928,3.26221179027392,5.90577056295569,9.49658257144265,1,2
9,40,67,6.28719082355757,3.82838941026928,8.32697115817847,5.43492389085779,9.35823346216597,1,2
9,40,71,6.28719082355757,3.82838941026928,4.47309009827385,6.01313483178569,9.18896645037352,1,2
9,40,72,6.28719082355757,3.82838941026928,5.54789771361902,6.71101144181824,9.42990322697322,1,2
9,40,76,6.28719082355757,3.82838941026928,6.232959253417,6.54216435438235,10.4455068712787,1,2
9,40,78,6.28719082355757,3.82838941026928,4.45459724695391,5.96315327373129,9.67624325018342,1,2
9,40,80,6.28719082355757,3.82838941026928,4.107092439907,5.80421274484939,9.40674105484434,1,2
9,40,81,6.28719082355757,3.82838941026928,4.96356072475408,6.57313029915319,9.79253872440725,1,2
9,40,85,6.28719082355757,3.82838941026928,3.66198134802945,6.73900926183456,9.50733641076898,1,2
9,40,88,6.28719082355757,3.82838941026928,3.20110536037517,5.82953080632711,9.59771817843717,1,2
9,40,89,6.28719082355757,3.82838941026928,4.16779010784158,6.10457565347964,9.5161296140951,1,2
9,40,91,6.28719082355757,3.82838941026928,5.42938675660441,7.24576461605597,10.583137445751,1,2
9,40,92,6.28719082355757,3.82838941026928,4.47506462509792,5.62599779898094,9.91697637090743,1,2
9,40,94,6.28719082355757,3.82838941026928,5.28673548185537,6.64488474284223,9.89096690504379,1,2
9,40,95,6.28719082355757,3.82838941026928,5.76785943167835,6.6437623892424,9.92490844165269,1,2
9,40,96,6.28719082355757,3.82838941026928,3.96272337572894,6.27687035625275,9.73646357099248,1,2
9,41,1,6.28719082355757,3.82838941026928,4.73582189571232,6.95919631149485,9.43611002754548,1,2
9,41,2,6.28719082355757,3.82838941026928,4.57183128739862,5.67677397255368,9.58943598420102,1,2
9,41,6,6.28719082355757,3.82838941026928,6.48104883226166,5.32214207362666,9.89222403117713,1,2
9,41,7,6.28719082355757,3.82838941026928,4.72818613952044,6.31634397489121,9.51089739796104,1,2
9,41,10,6.28719082355757,3.82838941026928,5.36432250585185,5.6851896733197,9.99580632449349,1,2
9,41,11,6.28719082355757,3.82838941026928,5.45997067082775,6.24422443612269,9.64882868958263,1,2
9,41,13,6.28719082355757,3.82838941026928,3.35023210808779,6.60270414933892,9.86596498014553,1,2
9,41,14,6.28719082355757,3.82838941026928,5.01841017065512,6.02318027482858,9.64819876970605,1,2
9,41,15,6.28719082355757,3.82838941026928,5.67713297657064,5.37481895378824,9.72437116495304,1,2
9,41,20,6.28719082355757,3.82838941026928,4.76208855626339,6.0592713508505,10.0563128690845,1,2
9,41,21,6.28719082355757,3.82838941026928,6.68986266234496,5.94364973607528,10.1341207764864,1,2
9,41,24,6.28719082355757,3.82838941026928,6.02802490491687,7.01515632232484,10.0278038272606,1,2
9,41,25,6.28719082355757,3.82838941026928,4.67214021805532,6.45429643488246,9.93272523250193,1,2
9,41,28,6.28719082355757,3.82838941026928,6.82160332908985,5.83181462030479,9.47201369800479,1,2
9,41,30,6.28719082355757,3.82838941026928,4.40470937265354,6.13595763789793,9.86586848843406,1,2
9,41,32,6.28719082355757,3.82838941026928,5.23144131689873,7.54003646057712,9.86417398321007,1,2
9,41,33,6.28719082355757,3.82838941026928,4.17815527774439,5.303835411643,9.37502459234362,1,2
9,41,35,6.28719082355757,3.82838941026928,4.77367275137167,6.25531252742326,9.90838136594607,1,2
9,41,38,6.28719082355757,3.82838941026928,4.98657956002475,6.27125795562152,9.47099076982323,1,2
9,41,43,6.28719082355757,3.82838941026928,5.13998075314845,5.69443836942054,9.94605806791134,1,2
9,41,45,6.28719082355757,3.82838941026928,4.96480326630865,6.60020663347834,10.2322812972612,1,2
9,41,51,6.28719082355757,3.82838941026928,5.19286905264056,5.58346987280215,9.24441220763032,1,2
9,41,54,6.28719082355757,3.82838941026928,3.52208577526075,6.06373009628854,9.73592239425937,1,2
9,41,55,6.28719082355757,3.82838941026928,4.66612058053925,5.87910974459159,9.17645007231844,1,2
9,41,56,6.28719082355757,3.82838941026928,6.92682796404296,5.53429751139466,9.8420406512914,1,2
9,41,57,6.28719082355757,3.82838941026928,5.44203135130984,5.42353650774769,10.1641322594909,1,2
9,41,58,6.28719082355757,3.82838941026928,3.6600189052677,5.48894963472271,9.70122276513034,1,2
9,41,59,6.28719082355757,3.82838941026928,5.62977396517638,5.675813861554,9.71470436528818,1,2
9,41,60,6.28719082355757,3.82838941026928,4.19939937174408,5.73857534198972,9.95572909941007,1,2
9,41,63,6.28719082355757,3.82838941026928,4.08830506601412,5.89458148679311,9.71697952520033,1,2
9,41,64,6.28719082355757,3.82838941026928,4.78841536860681,5.73778182239571,9.50385186845879,1,2
9,41,65,6.28719082355757,3.82838941026928,4.0879066698641,5.97164606471561,9.68446225011022,1,2
9,41,66,6.28719082355757,3.82838941026928,6.4405698252347,5.81191138147822,9.94108492361888,1,2
9,41,68,6.28719082355757,3.82838941026928,4.02028175095554,6.54620055409928,10.1389201182079,1,2
9,41,69,6.28719082355757,3.82838941026928,4.09132250464801,6.23418900497822,10.0478158345645,1,2
10,1,4,6.60082928019525,3.97451430359544,5.2338896369412,6.80566413678271,2.90268364412786,1,2
10,1,5,6.60082928019525,3.97451430359544,5.37869930911458,5.34842163576382,2.31147813876306,1,2
10,1,7,6.60082928019525,3.97451430359544,4.10659108652139,6.45656140282789,2.90106871909887,1,2
10,1,8,6.60082928019525,3.97451430359544,3.90993620754765,6.06548219554913,2.70642305193359,1,2
10,1,9,6.60082928019525,3.97451430359544,4.5038932882504,5.44792093721369,2.26330414994264,1,2
10,1,10,6.60082928019525,3.97451430359544,2.77813553062558,5.78523177540174,2.60957699272014,1,2
10,1,19,6.60082928019525,3.97451430359544,5.83517033651363,5.5560215805824,2.50757130414495,1,2
10,1,23,6.60082928019525,3.97451430359544,6.65920865413552,6.53067362782043,2.91472529128569,1,2
10,1,32,6.60082928019525,3.97451430359544,5.60026624221615,5.90457582579003,2.65633339773497,1,2
10,1,33,6.60082928019525,3.97451430359544,3.31898719613378,5.46976307678829,2.36654413851463,1,2
10,1,34,6.60082928019525,3.97451430359544,7.36683250074625,6.01257369921374,2.43114548609006,1,2
10,1,35,6.60082928019525,3.97451430359544,5.61746156695857,5.81885119695475,2.77288077343274,1,2
10,1,36,6.60082928019525,3.97451430359544,3.49917143411264,5.83038630055159,2.45339231465633,1,2
10,1,38,6.60082928019525,3.97451430359544,4.39697802306226,6.21599764870137,2.70024866209181,1,2
10,1,39,6.60082928019525,3.97451430359544,7.50538728058531,5.49401307930853,2.49946468393769,1,2
10,1,40,6.60082928019525,3.97451430359544,5.09068694892545,6.05020384843202,2.72201661998778,1,2
10,1,41,6.60082928019525,3.97451430359544,5.15249427961294,6.35141206646425,2.7664012359686,1,2
10,1,46,6.60082928019525,3.97451430359544,3.83665484561878,6.11542380443592,2.66375263320244,1,2
10,1,47,6.60082928019525,3.97451430359544,4.91199551271078,6.15664502995391,2.88177293449187,1,2
10,1,50,6.60082928019525,3.97451430359544,4.90075343830221,6.21353389217019,2.68994712414877,1,2
10,1,53,6.60082928019525,3.97451430359544,4.26179261678741,5.6815952703957,2.67222835750128,1,2
10,1,55,6.60082928019525,3.97451430359544,4.97503409253287,6.24410773833674,2.82226368901731,1,2
10,1,56,6.60082928019525,3.97451430359544,6.71173212722238,6.99097450508081,3.13810030152842,1,2
10,1,57,6.60082928019525,3.97451430359544,6.52415869964488,6.27552488783637,2.94574914831386,1,2
10,1,58,6.60082928019525,3.97451430359544,5.37824714340795,6.76297114750271,2.865979869281,1,2
10,1,63,6.60082928019525,3.97451430359544,3.95175974637402,6.6706876873752,3.07042135702237,1,2
10,2,3,6.60082928019525,3.97451430359544,5.06243725332617,6.1397561550014,3.45159503202693,1,2
10,2,4,6.60082928019525,3.97451430359544,5.54465817990463,6.40027432499029,3.50426097341999,1,2
10,2,5,6.60082928019525,3.97451430359544,3.21613154681384,5.94719596838967,3.35283406364889,1,2
10,2,7,6.60082928019525,3.97451430359544,5.92852039968077,6.32998928576079,3.64209172003538,1,2
10,2,10,6.60082928019525,3.97451430359544,5.74236825519286,5.54688175378763,3.19212827482711,1,2
10,2,12,6.60082928019525,3.97451430359544,7.09408511168151,5.4247567485331,3.11119907576346,1,2
10,2,14,6.60082928019525,3.97451430359544,4.31765789131137,6.01576049526648,3.30805065802003,1,2
10,2,15,6.60082928019525,3.97451430359544,3.69543246192559,5.5949627660355,3.26488573584591,1,2
10,2,18,6.60082928019525,3.97451430359544,9.16132945658721,5.85801178811575,3.38251496130171,1,2
10,2,20,6.60082928019525,3.97451430359544,4.55281132009715,6.1628274165056,3.52553063448035,1,2
10,2,22,6.60082928019525,3.97451430359544,5.59149826299026,5.51424414941929,3.22883042363403,1,2
10,2,23,6.60082928019525,3.97451430359544,5.02274244274421,6.62037343206759,3.58513995051041,1,2
10,2,25,6.60082928019525,3.97451430359544,3.68601218040341,6.02163622725907,3.41653479046627,1,2
10,2,27,6.60082928019525,3.97451430359544,5.29263213217037,6.2235895315944,3.58716024073304,1,2
10,2,28,6.60082928019525,3.97451430359544,5.10569658916845,6.76457477080779,3.81593053455929,1,2
10,2,30,6.60082928019525,3.97451430359544,5.46890255053387,6.37666210042676,3.57806703541361,1,2
10,2,35,6.60082928019525,3.97451430359544,4.24985703332157,5.70835508870434,3.35608040313545,1,2
10,2,36,6.60082928019525,3.97451430359544,5.84570769963552,5.80238726603881,3.17145868850819,1,2
10,2,37,6.60082928019525,3.97451430359544,5.476831672255,6.9880573636222,4.04504436437678,1,2
10,2,43,6.60082928019525,3.97451430359544,5.4773331238414,6.03863809733245,3.51140291269071,1,2
10,2,44,6.60082928019525,3.97451430359544,7.23475347992319,5.52743255148517,3.25217945053396,1,2
10,2,45,6.60082928019525,3.97451430359544,5.79246243121965,6.1982858883935,3.60941306394784,1,2
10,2,46,6.60082928019525,3.97451430359544,3.54695601844668,5.7300185794957,3.29829534127416,1,2
10,2,47,6.60082928019525,3.97451430359544,5.95038225200738,5.44231267594641,3.22436710557989,1,2
10,2,49,6.60082928019525,3.97451430359544,5.21172389110788,5.83481776435903,3.49081357507673,1,2
10,2,50,6.60082928019525,3.97451430359544,6.74802638267486,5.89806053394456,3.22844351081464,1,2
10,2,53,6.60082928019525,3.97451430359544,4.58725559527457,6.10064876497424,3.31296058491513,1,2
10,2,57,6.60082928019525,3.97451430359544,4.70389315993475,5.88337939442189,3.41070716367921,1,2
10,2,58,6.60082928019525,3.97451430359544,4.44058916162327,6.22373048296664,3.75603222187687,1,2
10,2,60,6.60082928019525,3.97451430359544,5.33056744404123,5.80064164320868,3.47392267388799,1,2
10,2,63,6.60082928019525,3.97451430359544,4.59118119513968,6.06314220290346,3.4517838302711,1,2
10,2,64,6.60082928019525,3.97451430359544,6.03118106186232,5.40994750370696,3.36602088527426,1,2
10,2,67,6.60082928019525,3.97451430359544,4.76325640060126,6.39230923959759,3.57321722370097,1,2
10,2,69,6.60082928019525,3.97451430359544,4.56269541964237,6.1770591580143,3.4704212797823,1,2
10,2,72,6.60082928019525,3.97451430359544,3.67942558995422,5.24543611837408,3.05068071469305,1,2
10,2,73,6.60082928019525,3.97451430359544,5.44507194676654,5.74804269439685,3.24223913617897,1,2
10,2,74,6.60082928019525,3.97451430359544,6.1386035311889,6.18898433503201,3.53548389993856,1,2
10,3,1,6.60082928019525,3.97451430359544,3.18177498894055,5.62083885493064,3.97760480564491,1,2
10,3,2,6.60082928019525,3.97451430359544,6.1307453300893,5.59443766741075,3.87352989189364,1,2
10,3,3,6.60082928019525,3.97451430359544,5.55646282776405,6.17786707483552,4.17932362991766,1,2
10,3,6,6.60082928019525,3.97451430359544,6.78679262543066,5.91342722023552,4.08147393049716,1,2
10,3,9,6.60082928019525,3.97451430359544,5.53373157143876,6.04260632359582,4.04438172895187,1,2
10,3,11,6.60082928019525,3.97451430359544,6.32258854117091,6.03962720944564,4.09518769958729,1,2
10,3,12,6.60082928019525,3.97451430359544,5.53291977703258,5.90110407137782,3.90612083056791,1,2
10,3,16,6.60082928019525,3.97451430359544,6.02762989273152,7.31310701671287,4.41234669044657,1,2
10,3,19,6.60082928019525,3.97451430359544,5.16434321415647,5.97806256522217,4.03457290929233,1,2
10,3,21,6.60082928019525,3.97451430359544,6.26648255579598,6.12763175799329,4.20039764857116,1,2
10,3,25,6.60082928019525,3.97451430359544,5.20999117571381,6.76613049074537,4.21134251897772,1,2
10,3,27,6.60082928019525,3.97451430359544,4.73037033928562,6.53576879476752,4.23355394499839,1,2
10,3,28,6.60082928019525,3.97451430359544,6.30672153286446,4.78902451519412,3.56340570610362,1,2
10,3,29,6.60082928019525,3.97451430359544,5.36585548076171,5.71770352128047,3.86464695097551,1,2
10,3,31,6.60082928019525,3.97451430359544,4.96352579866409,5.63337619590766,3.80726527053878,1,2
10,3,32,6.60082928019525,3.97451430359544,6.82201125224537,5.8936718016563,4.11851538756531,1,2
10,3,33,6.60082928019525,3.97451430359544,4.0436025542081,6.60948800432465,4.09549581292345,1,2
10,3,34,6.60082928019525,3.97451430359544,4.09086170939416,6.07329644483987,4.10840565187658,1,2
10,3,36,6.60082928019525,3.97451430359544,6.06654233691719,6.54498474731667,4.32034190026677,1,2
10,3,37,6.60082928019525,3.97451430359544,6.6269135232551,5.37995211660382,3.82476895722472,1,2
10,3,38,6.60082928019525,3.97451430359544,5.10745537968177,5.73257255018079,3.83616783835728,1,2
10,3,40,6.60082928019525,3.97451430359544,5.75270185707247,7.30080132798987,4.41583371435379,1,2
10,3,41,6.60082928019525,3.97451430359544,6.63091215246944,5.69301665852305,3.85756924735539,1,2
10,3,43,6.60082928019525,3.97451430359544,7.28257821753815,5.77349304985693,4.1329930000637,1,2
10,3,45,6.60082928019525,3.97451430359544,6.15672166788488,6.29002950963171,4.18047051799045,1,2
10,3,46,6.60082928019525,3.97451430359544,5.55367334011914,6.2615260526874,4.21464525487876,1,2
10,3,47,6.60082928019525,3.97451430359544,5.24311348177143,6.03412748699578,3.95840458591038,1,2
10,3,48,6.60082928019525,3.97451430359544,4.93352804951921,5.47941465126871,3.63136627413878,1,2
10,3,50,6.60082928019525,3.97451430359544,4.85960925818163,6.02633809292222,4.01344399793015,1,2
10,3,52,6.60082928019525,3.97451430359544,3.76430972522759,5.65591193887979,3.80652271600202,1,2
10,3,53,6.60082928019525,3.97451430359544,4.89783155934137,5.38911266198567,3.75599294750892,1,2
10,3,55,6.60082928019525,3.97451430359544,4.21702776407113,5.61797833740355,3.88379838076788,1,2
10,3,56,6.60082928019525,3.97451430359544,2.89788602615142,5.53529929723056,3.82163251767445,1,2
10,3,58,6.60082928019525,3.97451430359544,5.75266755187587,6.51690165169482,4.23672633523175,1,2
10,3,60,6.60082928019525,3.97451430359544,5.69320457790057,6.01590437671751,3.94969897099773,1,2
10,3,62,6.60082928019525,3.97451430359544,3.98486164148123,5.95012814069726,4.05693561564591,1,2
10,3,63,6.60082928019525,3.97451430359544,6.38075211552562,6.04938514533305,4.21434040092707,1,2
10,3,68,6.60082928019525,3.97451430359544,4.53994081111172,5.31379573962779,3.76772752003614,1,2
10,3,70,6.60082928019525,3.97451430359544,4.46273925720181,5.76683339627789,4.00470316718688,1,2
10,3,71,6.60082928019525,3.97451430359544,4.13057181219022,5.87787824273912,4.03030585919768,1,2
10,3,74,6.60082928019525,3.97451430359544,5.98751718938015,6.50910482032772,4.15971566527288,1,2
10,3,75,6.60082928019525,3.97451430359544,6.08488680618576,5.67495805076818,4.05460438304634,1,2
10,3,76,6.60082928019525,3.97451430359544,5.46341853649589,5.52952857545185,3.75259433960601,1,2
10,3,78,6.60082928019525,3.97451430359544,3.58419595036237,5.72815901316054,3.90933453012968,1,2
10,3,83,6.60082928019525,3.97451430359544,4.49310905192925,5.43277927388264,3.70370205841347,1,2
10,3,84,6.60082928019525,3.97451430359544,5.59728458390919,5.59766114917777,3.97405029450928,1,2
10,3,88,6.60082928019525,3.97451430359544,4.72117067431163,5.99519269173887,3.90218525058653,1,2
10,3,89,6.60082928019525,3.97451430359544,3.70901254095356,6.14071752871053,4.07120951714177,1,2
10,3,90,6.60082928019525,3.97451430359544,4.63528068309987,6.08794660650997,4.12371720247784,1,2
10,3,92,6.60082928019525,3.97451430359544,5.05704404487799,5.56414321351134,4.02661373632197,1,2
10,4,1,6.60082928019525,3.97451430359544,5.2732534315721,6.10134808988186,4.60526581583343,1,2
10,4,2,6.60082928019525,3.97451430359544,4.01939817262462,5.37293145380416,4.40565224472467,1,2
10,4,3,6.60082928019525,3.97451430359544,6.34123865717246,6.09218674207744,4.74518540208868,1,2
10,4,4,6.60082928019525,3.97451430359544,5.26784506149378,6.54317963935709,4.61323885063101,1,2
10,4,5,6.60082928019525,3.97451430359544,6.71791604404792,5.15096536677754,4.26063131489663,1,2
10,4,7,6.60082928019525,3.97451430359544,5.81830853665433,5.55735144423315,4.31956771542457,1,2
10,4,13,6.60082928019525,3.97451430359544,4.72408769790769,6.0905353967781,4.24984758672902,1,2
10,4,14,6.60082928019525,3.97451430359544,4.25426511088092,6.68211837438772,4.59925874601247,1,2
10,4,18,6.60082928019525,3.97451430359544,4.69492482133396,7.0435914974447,4.86363742502529,1,2
10,4,20,6.60082928019525,3.97451430359544,5.9247396258366,6.57326764366644,4.69873335606904,1,2
10,4,21,6.60082928019525,3.97451430359544,5.29696353503623,6.44431205214877,4.72774081782541,1,2
10,4,25,6.60082928019525,3.97451430359544,6.69750701302106,5.4876807326398,4.35084718534078,1,2
10,4,27,6.60082928019525,3.97451430359544,5.23371149874374,5.2742213705666,4.32070681689713,1,2
10,4,29,6.60082928019525,3.97451430359544,5.0356117056243,6.4159038431316,4.53495950591546,1,2
10,4,30,6.60082928019525,3.97451430359544,3.91298954217917,5.57733850272701,4.35085908259273,1,2
10,4,33,6.60082928019525,3.97451430359544,4.00447953679733,5.66981927838005,4.30201265993226,1,2
10,4,34,6.60082928019525,3.97451430359544,3.58371687148178,6.99083105039691,4.78145390499538,1,2
10,4,38,6.60082928019525,3.97451430359544,3.59560451156465,5.10146751821672,4.17971686616401,1,2
10,4,39,6.60082928019525,3.97451430359544,5.90782960438657,5.62070456671116,4.17158001744251,1,2
10,4,40,6.60082928019525,3.97451430359544,5.11891114924256,6.32588131622764,4.64641835107127,1,2
10,4,41,6.60082928019525,3.97451430359544,5.65512682505383,5.95651109652914,4.66718481390671,1,2
10,4,42,6.60082928019525,3.97451430359544,3.96242587235281,6.60289868486915,4.50800503643721,1,2
10,4,45,6.60082928019525,3.97451430359544,6.40717848282873,5.81927108080369,4.29968968048141,1,2
10,4,48,6.60082928019525,3.97451430359544,7.52491786235365,5.66741160146268,4.43354592994497,1,2
10,4,52,6.60082928019525,3.97451430359544,4.79849295305712,5.6851203311628,4.28853258764677,1,2
10,4,53,6.60082928019525,3.97451430359544,3.86292629614708,5.76883351860927,4.44413041647957,1,2
10,4,54,6.60082928019525,3.97451430359544,3.84151006756054,5.25908558825276,4.23172514096585,1,2
10,4,56,6.60082928019525,3.97451430359544,5.6911774202988,6.44109165895013,4.52696421458101,1,2
10,4,59,6.60082928019525,3.97451430359544,4.89661358392005,6.17690439046908,4.58412007929277,1,2
10,4,62,6.60082928019525,3.97451430359544,5.8571044033126,4.63909072734117,3.92388808704062,1,2
10,4,63,6.60082928019525,3.97451430359544,5.09376974177857,5.63530491132795,4.3576250156081,1,2
10,4,65,6.60082928019525,3.97451430359544,5.1712752140083,5.65301928600917,4.39395315612395,1,2
10,4,66,6.60082928019525,3.97451430359544,5.12759446262859,6.03372973488967,4.5221174400083,1,2
10,4,68,6.60082928019525,3.97451430359544,3.62712937414165,6.02308558534898,4.50779124017413,1,2
10,4,69,6.60082928019525,3.97451430359544,4.5218058420114,6.35770742381088,4.48387285383884,1,2
10,4,70,6.60082928019525,3.97451430359544,4.67345970428754,5.35242743552115,4.33402666474974,1,2
10,4,71,6.60082928019525,3.97451430359544,4.87674164894842,6.24977288321424,4.51093836828601,1,2
10,4,75,6.60082928019525,3.97451430359544,5.58862271088363,5.57675532482882,4.06922519632585,1,2
10,4,77,6.60082928019525,3.97451430359544,4.47130248085505,6.77466416088379,4.87103268937663,1,2
10,4,82,6.60082928019525,3.97451430359544,6.15756468173962,5.67791201390846,4.37901455968156,1,2
10,4,83,6.60082928019525,3.97451430359544,5.66078504281382,5.72319283962909,4.4939472747069,1,2
10,4,84,6.60082928019525,3.97451430359544,5.33077438142465,5.5870180391202,4.1541320450452,1,2
10,5,2,6.60082928019525,3.97451430359544,6.0204916610386,5.3371992662403,4.59782345243371,1,2
10,5,3,6.60082928019525,3.97451430359544,5.22975859646211,5.87108585390325,4.97268097042438,1,2
10,5,6,6.60082928019525,3.97451430359544,5.55912244408169,6.22138421178058,4.81046978345631,1,2
10,5,9,6.60082928019525,3.97451430359544,6.52773639410354,5.67181740056482,4.75980430284676,1,2
10,5,10,6.60082928019525,3.97451430359544,7.5958840361953,6.19514434495742,5.01660507042436,1,2
10,5,11,6.60082928019525,3.97451430359544,4.36353682696051,5.63810148387514,4.87551173004114,1,2
10,5,13,6.60082928019525,3.97451430359544,5.8953122817792,5.9388297926455,4.94445756877489,1,2
10,5,14,6.60082928019525,3.97451430359544,6.36473852422797,6.12950061945961,4.96011372525082,1,2
10,5,16,6.60082928019525,3.97451430359544,2.32531840690838,5.26320466952512,4.52158281561441,1,2
10,5,18,6.60082928019525,3.97451430359544,4.19471083554854,5.86069625214221,4.96844851731123,1,2
10,5,21,6.60082928019525,3.97451430359544,6.3313953064889,5.6873680796203,4.89154338196964,1,2
10,5,23,6.60082928019525,3.97451430359544,7.08208350719484,5.65128204324663,4.92723419032714,1,2
10,5,24,6.60082928019525,3.97451430359544,5.38680872223863,6.13181166995727,4.88398483342898,1,2
10,5,26,6.60082928019525,3.97451430359544,5.26186264410749,7.08737373262759,5.2944137541075,1,2
10,5,29,6.60082928019525,3.97451430359544,4.36443558898945,6.71452574673332,5.12092337626307,1,2
10,5,30,6.60082928019525,3.97451430359544,5.51735436898715,5.93617215425952,5.09526803662557,1,2
10,5,31,6.60082928019525,3.97451430359544,6.00836411795087,7.0875088492714,5.49229795089949,1,2
10,5,32,6.60082928019525,3.97451430359544,1.85336960551694,6.42685988485239,5.16082779689343,1,2
10,5,34,6.60082928019525,3.97451430359544,4.51477039020768,5.94265121014271,4.95402484305215,1,2
10,5,35,6.60082928019525,3.97451430359544,4.36868183585647,6.71773610688815,5.15010289439979,1,2
10,5,37,6.60082928019525,3.97451430359544,6.42166830835989,6.0876689172704,4.90300009207539,1,2
10,5,38,6.60082928019525,3.97451430359544,6.09498301194323,6.35708454011714,5.13145459166758,1,2
10,5,40,6.60082928019525,3.97451430359544,4.612550491844,5.88109717560111,4.67428327295319,1,2
10,5,42,6.60082928019525,3.97451430359544,5.5975542407327,6.03774694242489,5.08293757630966,1,2
10,5,44,6.60082928019525,3.97451430359544,3.89502537319413,5.59630455648034,4.86300736127485,1,2
10,5,48,6.60082928019525,3.97451430359544,3.00071108455887,7.39390633230463,5.47677159744103,1,2
10,5,53,6.60082928019525,3.97451430359544,4.71122672220244,5.39520590159691,4.44513706394092,1,2
10,5,54,6.60082928019525,3.97451430359544,4.31325389929218,5.4971739190067,4.68140434410016,1,2
10,5,55,6.60082928019525,3.97451430359544,3.92516995624098,6.24004259866505,4.87962017568366,1,2
10,5,56,6.60082928019525,3.97451430359544,5.03434746640448,5.58996007659566,4.91471555134923,1,2
10,5,57,6.60082928019525,3.97451430359544,4.40482771804218,5.91139461871841,4.82581072726276,1,2
10,5,60,6.60082928019525,3.97451430359544,4.03395145440403,5.88977057200392,4.66094553506725,1,2
10,5,62,6.60082928019525,3.97451430359544,6.53141244277016,6.95866546807553,5.28194868034527,1,2
10,5,63,6.60082928019525,3.97451430359544,6.45152801268373,5.67004984705724,4.80602682826951,1,2
10,5,64,6.60082928019525,3.97451430359544,4.05732313914349,5.97072054119504,5.03551788174912,1,2
10,5,65,6.60082928019525,3.97451430359544,4.22532876161443,6.41092504280999,4.98294598556057,1,2
10,5,68,6.60082928019525,3.97451430359544,3.5745264635379,6.82073636681899,5.11731323604843,1,2
10,5,71,6.60082928019525,3.97451430359544,5.65060641944849,6.70881241904396,5.1422994415379,1,2
10,5,72,6.60082928019525,3.97451430359544,4.80547551119606,5.38617744855697,4.75698017555838,1,2
10,5,73,6.60082928019525,3.97451430359544,5.61795483423692,5.87686636147228,4.85253642000938,1,2
10,5,75,6.60082928019525,3.97451430359544,4.33877437362213,6.2092697879061,5.09620545207016,1,2
10,5,78,6.60082928019525,3.97451430359544,4.71937189248408,6.16961719343729,4.79936507830189,1,2
10,5,81,6.60082928019525,3.97451430359544,5.4048035227414,5.720630196147,4.72539646477717,1,2
10,5,82,6.60082928019525,3.97451430359544,4.74405424822758,5.91301122028933,5.01260050946731,1,2
10,5,85,6.60082928019525,3.97451430359544,5.4312721544702,5.14529151313613,4.53699910716843,1,2
10,5,87,6.60082928019525,3.97451430359544,3.88172525883747,6.38688786344044,5.14607084611695,1,2
10,5,88,6.60082928019525,3.97451430359544,3.66250631480872,6.05937348117577,4.78928397719276,1,2
10,5,90,6.60082928019525,3.97451430359544,2.309629084469,6.36103720687543,4.93172628725246,1,2
10,5,91,6.60082928019525,3.97451430359544,5.78534455539509,5.43742520581781,4.65710810538154,1,2
10,6,2,6.60082928019525,3.97451430359544,4.89040371422357,5.74189651853154,4.97443728996883,1,2
10,6,3,6.60082928019525,3.97451430359544,3.94698135149468,6.52628540768432,5.39348833282914,1,2
10,6,4,6.60082928019525,3.97451430359544,5.67268950380888,5.81380862988382,4.96559232582465,1,2
10,6,5,6.60082928019525,3.97451430359544,5.26447222194777,5.78965273258531,5.00599119636577,1,2
10,6,6,6.60082928019525,3.97451430359544,5.50249390817875,5.48356866920245,4.72364912192888,1,2
10,6,7,6.60082928019525,3.97451430359544,3.89468146207778,6.0723489506134,5.04879631633552,1,2
10,6,8,6.60082928019525,3.97451430359544,4.33375257165705,5.68749898295143,5.11445564727184,1,2
10,6,10,6.60082928019525,3.97451430359544,5.74416910726505,6.30394118967154,5.33849473975273,1,2
10,6,11,6.60082928019525,3.97451430359544,3.95390059324041,6.0797631207338,4.98196362212791,1,2
10,6,12,6.60082928019525,3.97451430359544,4.75627356896529,6.29703632696816,5.19411819348979,1,2
10,6,14,6.60082928019525,3.97451430359544,5.48625437402863,6.03661617765077,5.28341715686993,1,2
10,6,15,6.60082928019525,3.97451430359544,5.06708667840115,5.2321497731783,4.82091445136567,1,2
10,6,17,6.60082928019525,3.97451430359544,5.26046568761464,6.0050028721159,5.11608687083249,1,2
10,6,18,6.60082928019525,3.97451430359544,5.04230471307732,6.08526980155642,5.26214534038847,1,2
10,6,21,6.60082928019525,3.97451430359544,6.72525605257502,5.72455213512458,4.89446675256378,1,2
10,6,23,6.60082928019525,3.97451430359544,4.72785031462528,4.90975966834076,4.7398892671877,1,2
10,6,26,6.60082928019525,3.97451430359544,5.3531875225712,5.26077489903761,4.89447640169204,1,2
10,6,27,6.60082928019525,3.97451430359544,5.55090892099599,5.85252924928669,5.10032507471747,1,2
10,6,29,6.60082928019525,3.97451430359544,5.88765360322676,5.79229843868795,5.08741088481784,1,2
10,6,30,6.60082928019525,3.97451430359544,5.72929803613885,5.44496272366151,4.9842985573439,1,2
10,6,31,6.60082928019525,3.97451430359544,5.75807029770293,5.79596473304004,4.97502807352111,1,2
10,6,32,6.60082928019525,3.97451430359544,3.51308392695083,5.85247026512689,5.13834885178648,1,2
10,6,33,6.60082928019525,3.97451430359544,5.31684989446262,6.43917989999445,5.24651169342793,1,2
10,6,39,6.60082928019525,3.97451430359544,6.30348054543616,5.9655135032067,5.15842508040493,1,2
10,6,40,6.60082928019525,3.97451430359544,4.95941889669828,6.56839709887288,5.3802995826408,1,2
10,6,42,6.60082928019525,3.97451430359544,5.08325676257478,5.66669908497161,5.01048504806408,1,2
10,6,48,6.60082928019525,3.97451430359544,6.78510238148632,6.66803892084163,5.59920983355209,1,2
10,6,51,6.60082928019525,3.97451430359544,6.15290102844953,6.6503817421594,5.47103111178409,1,2
10,6,53,6.60082928019525,3.97451430359544,5.05383881343504,5.97129457640163,5.09409761294976,1,2
10,6,55,6.60082928019525,3.97451430359544,4.81714441184689,6.65293849610005,5.33453370852806,1,2
10,6,58,6.60082928019525,3.97451430359544,3.28625917183039,5.63748047705868,5.10616167767343,1,2
10,6,63,6.60082928019525,3.97451430359544,5.13716795613483,6.41942558096352,5.18902345984475,1,2
10,6,64,6.60082928019525,3.97451430359544,5.14302434173737,6.89771298166592,5.39024377337863,1,2
10,6,66,6.60082928019525,3.97451430359544,6.80147730012718,5.79314570659195,5.30385430842299,1,2
10,7,1,6.60082928019525,3.97451430359544,5.95719519056033,5.93258077232832,5.50614249556796,1,2
10,7,4,6.60082928019525,3.97451430359544,6.04958885866384,6.22923582819497,5.78475701525114,1,2
10,7,5,6.60082928019525,3.97451430359544,5.64689408309275,5.68776673990156,5.33887991871342,1,2
10,7,6,6.60082928019525,3.97451430359544,4.34015594099663,6.84400631339881,5.74908381552953,1,2
10,7,15,6.60082928019525,3.97451430359544,4.27036545308735,6.17230788053206,5.53543262389862,1,2
10,7,20,6.60082928019525,3.97451430359544,3.71938272856211,5.66556971542825,5.48579537199616,1,2
10,7,21,6.60082928019525,3.97451430359544,4.55421011451128,5.62262606451308,5.11842486655321,1,2
10,7,22,6.60082928019525,3.97451430359544,5.45123652479305,6.16388697256691,5.64666169744288,1,2
10,7,26,6.60082928019525,3.97451430359544,7.3633583546297,6.59896322375948,5.6768536653093,1,2
10,7,33,6.60082928019525,3.97451430359544,5.77504204426382,6.34507511752081,5.41295353338802,1,2
10,7,35,6.60082928019525,3.97451430359544,4.35424185503498,5.93488803131403,5.39461688704876,1,2
10,7,38,6.60082928019525,3.97451430359544,5.96352752229007,5.89402565352728,5.56166574222049,1,2
10,7,40,6.60082928019525,3.97451430359544,6.41420670652891,6.26041719701915,5.59829473416073,1,2
10,7,42,6.60082928019525,3.97451430359544,3.6027752729475,5.55250406948293,5.35387613377499,1,2
10,7,44,6.60082928019525,3.97451430359544,3.16697434886837,5.63821262022026,5.32756264811383,1,2
10,7,46,6.60082928019525,3.97451430359544,4.74024708895854,6.19482640020013,5.74020482208647,1,2
10,7,49,6.60082928019525,3.97451430359544,6.98800316143634,6.59179902591171,5.61431597326254,1,2
10,7,50,6.60082928019525,3.97451430359544,4.77250519899856,5.93176933374791,5.50912692830502,1,2
10,7,53,6.60082928019525,3.97451430359544,4.02045595839643,6.43687086163534,5.44098207881323,1,2
10,7,54,6.60082928019525,3.97451430359544,4.00077338924065,6.79459258085802,5.62472458155764,1,2
10,7,55,6.60082928019525,3.97451430359544,6.69912056307208,5.45456749441867,5.46079943381436,1,2
10,7,56,6.60082928019525,3.97451430359544,6.59136025746815,5.36831680558354,5.25527096661762,1,2
10,7,57,6.60082928019525,3.97451430359544,4.6566785890253,5.9806852494153,5.5768236987801,1,2
10,7,58,6.60082928019525,3.97451430359544,4.81826859565224,6.58521084211454,5.59986893787587,1,2
10,7,59,6.60082928019525,3.97451430359544,4.93275894946948,5.5173888457008,5.20812271986765,1,2
10,7,60,6.60082928019525,3.97451430359544,6.46385573238413,6.21082679508152,5.45555253879793,1,2
10,7,66,6.60082928019525,3.97451430359544,6.10096377079807,6.21326470818781,5.54325520792216,1,2
10,7,67,6.60082928019525,3.97451430359544,4.33446664782525,5.83851227748629,5.25700481404249,1,2
10,7,68,6.60082928019525,3.97451430359544,5.1350551342545,6.10996069947555,5.3272226226584,1,2
10,7,70,6.60082928019525,3.97451430359544,5.16604999038198,6.85008645894449,5.7708397483177,1,2
10,7,72,6.60082928019525,3.97451430359544,7.38359712894906,5.34591007316413,5.27550640047768,1,2
10,7,76,6.60082928019525,3.97451430359544,5.66204994350066,6.10934333188753,5.39238379068193,1,2
10,7,77,6.60082928019525,3.97451430359544,5.22007259562288,6.47549596571632,5.48624112060631,1,2
10,7,78,6.60082928019525,3.97451430359544,5.94022375520686,6.02598386375048,5.5643920133879,1,2
10,7,79,6.60082928019525,3.97451430359544,3.61774959473743,6.63107133058629,5.46867722731023,1,2
10,7,80,6.60082928019525,3.97451430359544,5.88334970387448,6.77277158641687,5.96846653978053,1,2
10,7,81,6.60082928019525,3.97451430359544,3.72369784115144,6.2252070870512,5.47217606611849,1,2
10,7,83,6.60082928019525,3.97451430359544,5.08309198007016,6.11665829774763,5.6357082730872,1,2
10,7,85,6.60082928019525,3.97451430359544,5.80214593607506,5.94101143348815,5.35805765895959,1,2
10,7,86,6.60082928019525,3.97451430359544,4.93943211049374,6.09929955656522,5.6618422905065,1,2
10,8,3,6.60082928019525,3.97451430359544,4.35091606132972,5.92678653485738,5.69225502863178,1,2
10,8,4,6.60082928019525,3.97451430359544,4.65714566496471,6.60003299516534,6.04019563476307,1,2
10,8,6,6.60082928019525,3.97451430359544,6.61565423665383,4.20018545632392,5.02550440955373,1,2
10,8,7,6.60082928019525,3.97451430359544,4.15202325332176,6.25821238539821,5.77511711236176,1,2
10,8,8,6.60082928019525,3.97451430359544,5.24849694058872,6.67878997358088,5.94698762419878,1,2
10,8,9,6.60082928019525,3.97451430359544,7.15048796970799,6.78813178457267,5.92942309627999,1,2
10,8,11,6.60082928019525,3.97451430359544,4.47391481312708,6.38880130223529,5.7022102797134,1,2
10,8,13,6.60082928019525,3.97451430359544,5.34563963168464,6.39558102410781,5.76977639963589,1,2
10,8,15,6.60082928019525,3.97451430359544,4.22654278622163,5.69936819355182,5.48413444933596,1,2
10,8,18,6.60082928019525,3.97451430359544,4.3165441146069,5.24531506953631,5.35609402103925,1,2
10,8,21,6.60082928019525,3.97451430359544,5.7831072038088,6.29452058814315,5.70550216301919,1,2
10,8,26,6.60082928019525,3.97451430359544,5.72002940289374,5.68551192535286,5.53824962610971,1,2
10,8,27,6.60082928019525,3.97451430359544,4.65670858437401,5.74639720232808,5.62554354514671,1,2
10,8,28,6.60082928019525,3.97451430359544,3.77977643915439,6.57732718625588,5.92128829938374,1,2
10,8,29,6.60082928019525,3.97451430359544,6.16839827576784,6.01084362588713,5.61864019162993,1,2
10,8,34,6.60082928019525,3.97451430359544,2.08784146343662,6.31312396965743,5.71892274593432,1,2
10,8,35,6.60082928019525,3.97451430359544,5.97068133882072,5.84725867800315,5.557132666996,1,2
10,8,36,6.60082928019525,3.97451430359544,5.90181604124841,5.61893634363071,5.47008636535114,1,2
10,8,37,6.60082928019525,3.97451430359544,6.327773609135,5.85861327256213,5.70151677388022,1,2
10,8,42,6.60082928019525,3.97451430359544,4.50690662873787,6.02272018912616,5.71986946072201,1,2
10,8,43,6.60082928019525,3.97451430359544,4.84722041747071,6.52634922249393,5.9011430329765,1,2
10,8,46,6.60082928019525,3.97451430359544,4.73878058945249,5.2085493387381,5.43751849477718,1,2
10,8,49,6.60082928019525,3.97451430359544,3.53778527035326,5.85755495916864,5.47704192451539,1,2
10,8,50,6.60082928019525,3.97451430359544,4.61451282620176,6.23214349054507,5.67671020206275,1,2
10,8,52,6.60082928019525,3.97451430359544,5.65602939385599,5.50945952326526,5.48560780641494,1,2
10,8,54,6.60082928019525,3.97451430359544,4.16904795972494,6.25735209626866,5.83615569143273,1,2
10,8,56,6.60082928019525,3.97451430359544,3.13488056380757,5.91406014695202,5.71213218074998,1,2
10,8,59,6.60082928019525,3.97451430359544,6.07425361989859,5.96528592563716,5.81184505865114,1,2
10,8,63,6.60082928019525,3.97451430359544,4.27152511558355,6.49162136946927,5.73458854660378,1,2
10,8,64,6.60082928019525,3.97451430359544,2.61492712677437,6.25052702493134,5.68587866883288,1,2
10,8,65,6.60082928019525,3.97451430359544,4.68181305355653,5.81169773980606,5.46162421932394,1,2
10,8,68,6.60082928019525,3.97451430359544,5.8539558544483,5.40430187949017,5.55220801320421,1,2
10,8,69,6.60082928019525,3.97451430359544,5.26270995221609,6.18496109142746,5.74728249216815,1,2
10,8,70,6.60082928019525,3.97451430359544,5.48745526919089,5.66991710097527,5.42212921713782,1,2
10,8,72,6.60082928019525,3.97451430359544,6.0637751748719,5.98755984976687,5.54628806891396,1,2
10,8,73,6.60082928019525,3.97451430359544,5.13419004890806,5.50831520454817,5.55286488855983,1,2
10,8,78,6.60082928019525,3.97451430359544,5.82663747019527,5.8612490047279,5.80905001508116,1,2
10,8,82,6.60082928019525,3.97451430359544,4.71990820135604,6.05474317227164,5.48811319778213,1,2
10,8,83,6.60082928019525,3.97451430359544,3.89348467907457,6.49156425816357,5.83476097562932,1,2
10,8,85,6.60082928019525,3.97451430359544,4.52115591065008,6.48192036988573,5.72762855895068,1,2
10,9,1,6.60082928019525,3.97451430359544,5.68979811540573,5.85469147724436,5.83348672330765,1,2
10,9,2,6.60082928019525,3.97451430359544,3.21584167716363,5.95466513605835,5.577940566744,1,2
10,9,3,6.60082928019525,3.97451430359544,4.83942066728314,6.54284655119872,6.07702164048079,1,2
10,9,4,6.60082928019525,3.97451430359544,4.94006477325957,5.52672020859853,5.6326267602111,1,2
10,9,5,6.60082928019525,3.97451430359544,4.14987850955106,5.65200639882583,5.61122398810253,1,2
10,9,7,6.60082928019525,3.97451430359544,4.90618142997846,5.46274724319943,5.68598013813609,1,2
10,9,12,6.60082928019525,3.97451430359544,6.94453731992957,5.90951238012607,5.64119274530576,1,2
10,9,16,6.60082928019525,3.97451430359544,4.68208076718027,6.07572939155312,5.8641395240487,1,2
10,9,18,6.60082928019525,3.97451430359544,5.38972632124266,5.51143729204749,5.60568004414486,1,2
10,9,19,6.60082928019525,3.97451430359544,4.69671196682903,6.21422879792605,5.68892668857575,1,2
10,9,22,6.60082928019525,3.97451430359544,4.08654983538839,5.48615178954715,5.16836948497703,1,2
10,9,23,6.60082928019525,3.97451430359544,3.31685304042147,6.3222205777811,5.71210211220826,1,2
10,9,24,6.60082928019525,3.97451430359544,6.62785488353177,5.59825843345131,5.59179325552768,1,2
10,9,25,6.60082928019525,3.97451430359544,5.04049163225678,5.49403238770862,5.67600342680942,1,2
10,9,30,6.60082928019525,3.97451430359544,6.16820436632896,5.70588586260435,5.78203752472147,1,2
10,9,31,6.60082928019525,3.97451430359544,5.64246318621942,5.61967396727952,5.67319284494281,1,2
10,9,40,6.60082928019525,3.97451430359544,4.80955717800078,5.64987268619138,5.72554595773923,1,2
10,9,43,6.60082928019525,3.97451430359544,5.48337328761244,5.412834337609,5.56088051812016,1,2
10,9,47,6.60082928019525,3.97451430359544,4.1584151193381,6.67169699849341,5.87958906684913,1,2
10,9,48,6.60082928019525,3.97451430359544,4.33482908406319,6.22251891360294,5.86206730796144,1,2
10,9,49,6.60082928019525,3.97451430359544,5.01610400917443,6.02762773931806,5.83616166091206,1,2
10,9,55,6.60082928019525,3.97451430359544,6.52301667778696,6.20158349526649,5.82307641899305,1,2
10,9,56,6.60082928019525,3.97451430359544,3.42800556003464,6.50415273086318,5.94117165183199,1,2
10,9,57,6.60082928019525,3.97451430359544,6.91124874443872,5.55530598314171,5.29387716291753,1,2
10,9,63,6.60082928019525,3.97451430359544,5.0326988826303,6.28058093944067,5.72382354361581,1,2
10,9,66,6.60082928019525,3.97451430359544,4.53550380142395,6.2590927879336,6.25825536082593,1,2
10,9,67,6.60082928019525,3.97451430359544,5.30080438924975,5.61241090706397,5.50583122947558,1,2
10,9,68,6.60082928019525,3.97451430359544,5.76823951770422,5.59148208062257,5.52725513317658,1,2
10,9,69,6.60082928019525,3.97451430359544,4.69021436950375,5.71828035464007,5.62652586676596,1,2
10,9,70,6.60082928019525,3.97451430359544,3.81804809847307,6.274426654881,5.74750798919189,1,2
10,9,71,6.60082928019525,3.97451430359544,4.26895961739099,5.53518835000031,5.81564873267152,1,2
10,9,72,6.60082928019525,3.97451430359544,5.7304188531228,5.87372865362358,5.68444354231471,1,2
10,9,74,6.60082928019525,3.97451430359544,4.81944625947013,6.44031562257046,5.8106644229312,1,2
10,9,77,6.60082928019525,3.97451430359544,6.70099200557674,5.36263102481548,5.81433922168395,1,2
10,9,78,6.60082928019525,3.97451430359544,4.43467116484077,6.00827365270583,5.46891211052649,1,2
10,9,79,6.60082928019525,3.97451430359544,5.78869928209248,5.08577744621491,5.53580447684983,1,2
10,9,80,6.60082928019525,3.97451430359544,5.30427657881416,6.34718343885538,5.74748087012724,1,2
10,9,81,6.60082928019525,3.97451430359544,5.12410452287086,6.04021320607339,5.90756745617389,1,2
10,9,82,6.60082928019525,3.97451430359544,4.55565913686398,5.63360566471993,5.6636615441048,1,2
10,10,1,6.60082928019525,3.97451430359544,3.87478816817447,6.41608369447967,6.04635431880237,1,2
10,10,3,6.60082928019525,3.97451430359544,4.83881379584248,5.18304581132088,5.97769175985903,1,2
10,10,6,6.60082928019525,3.97451430359544,4.62020679578305,5.3785714811888,5.8763857271513,1,2
10,10,8,6.60082928019525,3.97451430359544,2.45010708226076,6.30638215179034,6.30117853687558,1,2
10,10,10,6.60082928019525,3.97451430359544,5.44711671519671,6.09521901587371,6.14938808013329,1,2
10,10,11,6.60082928019525,3.97451430359544,4.77783081432189,5.94063478697321,5.89926948965376,1,2
10,10,13,6.60082928019525,3.97451430359544,4.86953694999236,6.74066411245161,6.20850869191223,1,2
10,10,15,6.60082928019525,3.97451430359544,4.58710227530828,5.92010663247117,6.08321466823842,1,2
10,10,18,6.60082928019525,3.97451430359544,5.16718416238871,6.57425273103995,6.32514763704521,1,2
10,10,19,6.60082928019525,3.97451430359544,4.01623489386176,6.39656103615395,6.27321478600502,1,2
10,10,20,6.60082928019525,3.97451430359544,5.03131775026004,5.71689360964192,5.90328762874853,1,2
10,10,21,6.60082928019525,3.97451430359544,5.95908166680921,7.54178758970166,6.38513583721747,1,2
10,10,22,6.60082928019525,3.97451430359544,7.42514374503655,6.72848054891301,6.48381684687303,1,2
10,10,31,6.60082928019525,3.97451430359544,4.41848623581987,6.45914901903647,6.00287530805387,1,2
10,10,32,6.60082928019525,3.97451430359544,3.3855928827765,5.84672847186266,5.88794490608867,1,2
10,10,33,6.60082928019525,3.97451430359544,3.75186212424443,5.95089106308725,6.20266060304612,1,2
10,10,35,6.60082928019525,3.97451430359544,5.48726327469255,5.54985278687472,6.10765766151236,1,2
10,10,36,6.60082928019525,3.97451430359544,4.92825774002248,5.42943969853827,5.84661839101041,1,2
10,10,37,6.60082928019525,3.97451430359544,5.43932255113626,5.71606170626962,6.08479554481744,1,2
10,10,39,6.60082928019525,3.97451430359544,5.36713825869379,6.03822709834769,6.12690604860121,1,2
10,10,41,6.60082928019525,3.97451430359544,5.3225612802767,6.05919012571595,6.10240377989281,1,2
10,10,42,6.60082928019525,3.97451430359544,6.95391566411364,5.57879040641958,5.98892137756403,1,2
10,10,44,6.60082928019525,3.97451430359544,3.6337624546418,6.60918137312434,6.15764194670598,1,2
10,10,45,6.60082928019525,3.97451430359544,5.33398086924949,5.95975676937878,6.05631032711712,1,2
10,10,46,6.60082928019525,3.97451430359544,5.03008622468988,6.01678487666689,5.98698546513799,1,2
10,10,49,6.60082928019525,3.97451430359544,5.03777270322078,6.43993158073902,6.19203075905831,1,2
10,10,52,6.60082928019525,3.97451430359544,5.61923652809399,6.33844018258443,6.1906729158525,1,2
10,10,54,6.60082928019525,3.97451430359544,5.44132340275474,5.66426364716533,6.15389885298552,1,2
10,10,55,6.60082928019525,3.97451430359544,4.70253777270243,6.27726721051515,5.98568748531268,1,2
10,10,57,6.60082928019525,3.97451430359544,5.93650792830179,5.49343160355601,5.91525016563164,1,2
10,10,58,6.60082928019525,3.97451430359544,4.46391448781039,5.69629516635211,5.88588961166738,1,2
10,10,62,6.60082928019525,3.97451430359544,6.50517381354604,6.30230880127091,6.08158830249993,1,2
10,10,63,6.60082928019525,3.97451430359544,5.76926585842398,5.70253090634284,6.12253870004717,1,2
10,10,69,6.60082928019525,3.97451430359544,5.74825337744498,6.27029266529623,6.19102938128141,1,2
10,10,70,6.60082928019525,3.97451430359544,3.94643073190995,5.8419478401752,5.83399888090171,1,2
10,10,75,6.60082928019525,3.97451430359544,5.28680130128444,5.93744656380898,5.97003606406054,1,2
10,10,77,6.60082928019525,3.97451430359544,4.36058441634236,5.91095417397189,6.20242728047365,1,2
10,10,78,6.60082928019525,3.97451430359544,3.95228345489536,6.05427952176296,6.29128543300094,1,2
10,10,79,6.60082928019525,3.97451430359544,4.31068395612944,5.72905210518997,5.93479956087383,1,2
10,10,81,6.60082928019525,3.97451430359544,4.68831936832392,6.1672556673922,6.12549264402918,1,2
10,10,84,6.60082928019525,3.97451430359544,2.7988803946258,5.54324761474204,5.86989938305329,1,2
10,10,86,6.60082928019525,3.97451430359544,3.96683602000434,6.08648285266501,5.87026664218177,1,2
10,10,87,6.60082928019525,3.97451430359544,5.13563865185824,5.56750699993934,5.87939840423891,1,2
10,10,88,6.60082928019525,3.97451430359544,4.75821131109457,5.74688808819071,5.9501084607115,1,2
10,11,1,6.60082928019525,3.97451430359544,4.66428434207701,6.14712926779201,6.37982748151747,1,2
10,11,2,6.60082928019525,3.97451430359544,4.65520127631406,5.85609759592405,6.19447528511515,1,2
10,11,4,6.60082928019525,3.97451430359544,5.76826285374657,5.56095974609296,6.03784781939247,1,2
10,11,5,6.60082928019525,3.97451430359544,5.6156365032532,5.83954769906801,6.05158731991281,1,2
10,11,7,6.60082928019525,3.97451430359544,5.65030520659788,6.12737119893159,6.19260934597035,1,2
10,11,8,6.60082928019525,3.97451430359544,4.17895667994522,5.05647479234616,6.01222672336748,1,2
10,11,9,6.60082928019525,3.97451430359544,4.23258723160499,5.936588122271,6.40855345704153,1,2
10,11,10,6.60082928019525,3.97451430359544,2.832056908654,5.74838831388981,6.01236196755652,1,2
10,11,11,6.60082928019525,3.97451430359544,2.92947339524052,6.65537742435814,6.39539774398637,1,2
10,11,12,6.60082928019525,3.97451430359544,5.9785542321715,5.09780611147865,6.26365171465213,1,2
10,11,13,6.60082928019525,3.97451430359544,4.22899980795657,5.49703667900768,6.16254874366981,1,2
10,11,14,6.60082928019525,3.97451430359544,6.16040169607691,5.85908338628562,6.08577028064676,1,2
10,11,16,6.60082928019525,3.97451430359544,4.77340499117599,5.91538359649573,6.16193509991474,1,2
10,11,18,6.60082928019525,3.97451430359544,3.76736365003005,5.66304944725578,6.12067226081684,1,2
10,11,19,6.60082928019525,3.97451430359544,5.69442869719582,6.37102637239336,6.42300524517103,1,2
10,11,21,6.60082928019525,3.97451430359544,5.70968643557591,6.72488999577804,6.66058961203795,1,2
10,11,22,6.60082928019525,3.97451430359544,5.02532583364737,5.9334153008821,6.24747338776006,1,2
10,11,24,6.60082928019525,3.97451430359544,5.5928376248182,6.04102403438438,6.49549871291903,1,2
10,11,25,6.60082928019525,3.97451430359544,5.20013851693913,5.151515948173,6.00261091116979,1,2
10,11,26,6.60082928019525,3.97451430359544,5.69968126756842,6.29125517851159,6.53210453854186,1,2
10,11,27,6.60082928019525,3.97451430359544,5.94902775436382,5.45192462292929,6.25736282163936,1,2
10,11,29,6.60082928019525,3.97451430359544,4.14675196502966,6.16702505993974,6.38360933821869,1,2
10,11,30,6.60082928019525,3.97451430359544,5.5206874092834,5.31587264392111,6.32896848691269,1,2
10,11,31,6.60082928019525,3.97451430359544,3.22237235041966,5.23912682568325,5.9267732032681,1,2
10,11,34,6.60082928019525,3.97451430359544,2.84405802061259,5.23057545916787,6.00199892051864,1,2
10,11,35,6.60082928019525,3.97451430359544,5.11251755348668,5.7767910872976,6.25148612982036,1,2
10,11,36,6.60082928019525,3.97451430359544,5.91418118711498,5.48860856217683,6.09631325456571,1,2
10,11,37,6.60082928019525,3.97451430359544,5.32682064173011,6.37307886063893,6.46744850460638,1,2
10,11,38,6.60082928019525,3.97451430359544,5.14559545146652,6.56039964558579,6.71336934124808,1,2
10,11,41,6.60082928019525,3.97451430359544,3.29287656961409,6.20178254661588,6.36390488435209,1,2
10,11,42,6.60082928019525,3.97451430359544,4.39432054502023,6.01337706357996,6.37561604255823,1,2
10,11,44,6.60082928019525,3.97451430359544,5.34516834126611,6.7054734414769,6.67959513119633,1,2
10,11,49,6.60082928019525,3.97451430359544,3.98021189876864,6.53979317750513,6.32028282374894,1,2
10,11,50,6.60082928019525,3.97451430359544,6.0442871881276,5.70379175344434,6.22077974850375,1,2
10,11,52,6.60082928019525,3.97451430359544,4.67977856325572,5.82937702946721,6.04209384834965,1,2
10,11,53,6.60082928019525,3.97451430359544,5.00576775414203,6.3103468770652,6.38420964126315,1,2
10,11,59,6.60082928019525,3.97451430359544,3.35024236464637,6.25256142557651,6.37504219376574,1,2
10,11,60,6.60082928019525,3.97451430359544,4.63100949970138,4.75868049927674,5.84256284209176,1,2
10,11,61,6.60082928019525,3.97451430359544,4.76534229005296,5.92917162044589,6.29419661692687,1,2
10,11,62,6.60082928019525,3.97451430359544,5.85798027298491,5.23600204853003,6.05364105824962,1,2
10,11,64,6.60082928019525,3.97451430359544,4.00902304225495,6.28080104756685,6.04281711114115,1,2
10,12,1,6.60082928019525,3.97451430359544,6.06541786975917,6.22400307412232,6.76173120321652,1,2
10,12,2,6.60082928019525,3.97451430359544,3.77694415570688,5.11964862159688,6.26350324636989,1,2
10,12,5,6.60082928019525,3.97451430359544,4.01643294582684,6.4832097363893,6.64041858350836,1,2
10,12,6,6.60082928019525,3.97451430359544,4.78118780391223,5.77038878590139,6.52428235568363,1,2
10,12,7,6.60082928019525,3.97451430359544,5.49840729893824,6.05735643618188,6.4514698252375,1,2
10,12,8,6.60082928019525,3.97451430359544,6.33106745517832,6.05627767021366,6.70865336925281,1,2
10,12,10,6.60082928019525,3.97451430359544,6.00094607527584,6.45399449207661,6.52055947976012,1,2
10,12,13,6.60082928019525,3.97451430359544,6.96302461789038,5.62882709380458,6.51302946429045,1,2
10,12,14,6.60082928019525,3.97451430359544,6.15466216696671,6.27067172428726,6.68842423722602,1,2
10,12,15,6.60082928019525,3.97451430359544,2.24526105949104,5.99525965059996,6.24564820990226,1,2
10,12,18,6.60082928019525,3.97451430359544,5.92131700830794,5.57802105411653,6.47130481444946,1,2
10,12,19,6.60082928019525,3.97451430359544,4.03590801252361,6.4669601914435,6.43460819652258,1,2
10,12,20,6.60082928019525,3.97451430359544,4.71938734063705,5.83561427602297,6.39034200089477,1,2
10,12,21,6.60082928019525,3.97451430359544,6.08053594279563,6.16652083805303,6.63602933709808,1,2
10,12,22,6.60082928019525,3.97451430359544,4.08810783192145,7.07593708428539,6.71268217250154,1,2
10,12,23,6.60082928019525,3.97451430359544,5.4812054332442,6.6545316885502,6.68459756455334,1,2
10,12,25,6.60082928019525,3.97451430359544,5.43088839652116,7.17149924541668,6.86926611307981,1,2
10,12,28,6.60082928019525,3.97451430359544,3.66511598131422,6.56995099514676,6.3938820314635,1,2
10,12,29,6.60082928019525,3.97451430359544,5.55838410982698,6.77236801630782,6.70213169173623,1,2
10,12,33,6.60082928019525,3.97451430359544,3.80119529292947,6.16062162535711,6.58520833907656,1,2
10,12,34,6.60082928019525,3.97451430359544,4.33473815155128,5.18103677810382,6.31409239326311,1,2
10,12,35,6.60082928019525,3.97451430359544,4.60488489247927,6.04282752876141,6.79460290773388,1,2
10,12,36,6.60082928019525,3.97451430359544,5.52752515145542,7.15207494279266,6.98346164782717,1,2
10,12,39,6.60082928019525,3.97451430359544,0.981491027690661,5.351196621287,6.05242100821085,1,2
10,12,41,6.60082928019525,3.97451430359544,5.30181002853893,6.20529537809247,6.61381913894738,1,2
10,12,42,6.60082928019525,3.97451430359544,4.26381363818792,6.24919381487495,6.52500249375741,1,2
10,12,43,6.60082928019525,3.97451430359544,5.50737371256778,6.76881651542945,6.74663286931273,1,2
10,12,44,6.60082928019525,3.97451430359544,5.00785072405288,6.71592464605645,6.94922731540367,1,2
10,12,48,6.60082928019525,3.97451430359544,6.45210711916988,5.79586984127813,6.35513579205032,1,2
10,12,50,6.60082928019525,3.97451430359544,5.2375944417505,6.25989934804134,6.42067597754649,1,2
10,12,52,6.60082928019525,3.97451430359544,5.16725866989508,5.82000691365356,6.47144290321803,1,2
10,12,55,6.60082928019525,3.97451430359544,5.25373496217943,6.10491053381685,6.58711437651275,1,2
10,12,57,6.60082928019525,3.97451430359544,5.21744845016568,7.32640143590157,6.80104986647804,1,2
10,12,58,6.60082928019525,3.97451430359544,4.86561752389217,6.48373706332415,6.73991124473583,1,2
10,12,59,6.60082928019525,3.97451430359544,5.75724346615939,6.13797728399951,6.61880478419114,1,2
10,12,60,6.60082928019525,3.97451430359544,5.88834003523537,4.60200661524859,6.0898599971967,1,2
10,12,65,6.60082928019525,3.97451430359544,5.50818877520009,5.34821755989633,6.42613209392584,1,2
10,12,66,6.60082928019525,3.97451430359544,6.35089058815004,6.19289184527098,6.69541688027847,1,2
10,12,69,6.60082928019525,3.97451430359544,5.94011106780944,6.17539208951304,6.66156964855122,1,2
10,12,72,6.60082928019525,3.97451430359544,5.34373920532289,5.2584253989493,6.26436989373208,1,2
10,12,73,6.60082928019525,3.97451430359544,6.45240606106967,5.62000763967312,6.45111782991054,1,2
10,12,76,6.60082928019525,3.97451430359544,3.69613998335158,5.78036693056827,6.59251082021763,1,2
10,12,77,6.60082928019525,3.97451430359544,3.27929543492657,5.93766934915699,6.67449698211131,1,2
10,13,6,6.60082928019525,3.97451430359544,5.40308915796602,5.9845545123245,6.7308867641826,1,2
10,13,8,6.60082928019525,3.97451430359544,6.17825711036991,5.60134733114338,6.72079235294096,1,2
10,13,9,6.60082928019525,3.97451430359544,7.10887632896408,6.80200600759934,6.86471335980371,1,2
10,13,10,6.60082928019525,3.97451430359544,3.39739976797184,5.30691613745138,6.48608931756737,1,2
10,13,16,6.60082928019525,3.97451430359544,6.53105236602428,6.62903161906395,7.23955906585022,1,2
10,13,17,6.60082928019525,3.97451430359544,6.46208812740655,5.80993276145516,6.9307268457514,1,2
10,13,21,6.60082928019525,3.97451430359544,5.21696003823388,5.58425891317644,6.70072671948931,1,2
10,13,23,6.60082928019525,3.97451430359544,4.38746838316622,6.62874507697666,6.68241748105336,1,2
10,13,25,6.60082928019525,3.97451430359544,6.00943118357225,5.75164802437498,6.63109754100232,1,2
10,13,26,6.60082928019525,3.97451430359544,4.37280934735218,6.7180639092625,7.04876577671211,1,2
10,13,32,6.60082928019525,3.97451430359544,5.77717129984667,6.26311141379318,7.16484951478593,1,2
10,13,34,6.60082928019525,3.97451430359544,3.9569148097297,6.68796259279461,6.99536571583047,1,2
10,13,36,6.60082928019525,3.97451430359544,4.6720031232616,5.18497383559487,6.56084103614083,1,2
10,13,37,6.60082928019525,3.97451430359544,5.63464920360218,5.17499750109841,6.52369892003624,1,2
10,13,39,6.60082928019525,3.97451430359544,3.55434316362146,6.12842758989555,6.60066044955045,1,2
10,13,41,6.60082928019525,3.97451430359544,6.28562487023581,5.6309305509698,6.29833474220963,1,2
10,13,42,6.60082928019525,3.97451430359544,5.62889349880293,5.33656012030064,6.47719901859761,1,2
10,13,43,6.60082928019525,3.97451430359544,5.64398890991929,5.5354504279997,6.53070614649566,1,2
10,13,44,6.60082928019525,3.97451430359544,7.60109948394574,6.84255652065192,7.03553371483364,1,2
10,13,45,6.60082928019525,3.97451430359544,6.63387749899996,6.04900421034155,6.87971560414229,1,2
10,13,47,6.60082928019525,3.97451430359544,6.07927314624843,6.03739906770735,6.82599283725363,1,2
10,13,50,6.60082928019525,3.97451430359544,4.18504647450921,5.9704525825032,6.56100467707177,1,2
10,13,52,6.60082928019525,3.97451430359544,3.43827415511118,6.27235683387794,6.75592226448675,1,2
10,13,54,6.60082928019525,3.97451430359544,3.86894276284689,6.25300785179662,6.62297367931063,1,2
10,13,55,6.60082928019525,3.97451430359544,4.34000985466671,5.41939542706507,6.52729097582188,1,2
10,13,57,6.60082928019525,3.97451430359544,5.07618324965171,6.27911911800663,6.85753857323504,1,2
10,13,58,6.60082928019525,3.97451430359544,7.54961042072644,5.39520061049274,6.86049672944199,1,2
10,13,60,6.60082928019525,3.97451430359544,4.87225059612266,6.19103540646805,6.85135149470243,1,2
10,13,61,6.60082928019525,3.97451430359544,6.0416711472149,5.89196894682021,6.87592950654172,1,2
10,13,63,6.60082928019525,3.97451430359544,5.58652489326952,5.9947304309984,6.61773181443769,1,2
10,13,64,6.60082928019525,3.97451430359544,6.51052436637448,5.27457113135528,6.50041243658994,1,2
10,13,66,6.60082928019525,3.97451430359544,4.99827494184902,6.43897182332304,6.6575634241343,1,2
10,13,67,6.60082928019525,3.97451430359544,4.39532249881778,6.73350623291993,7.00711702640945,1,2
10,13,69,6.60082928019525,3.97451430359544,3.04923309516047,6.49649638153999,6.91410800517233,1,2
10,13,71,6.60082928019525,3.97451430359544,4.31600215986397,6.40983409489912,6.82359847602191,1,2
10,13,72,6.60082928019525,3.97451430359544,4.21088847679742,5.60020400003782,6.65996188137395,1,2
10,13,75,6.60082928019525,3.97451430359544,3.44135322251039,6.18527468177424,6.4169089386117,1,2
10,13,77,6.60082928019525,3.97451430359544,5.2495760365895,6.1214082542787,6.48194766023423,1,2
10,13,82,6.60082928019525,3.97451430359544,4.23157096373932,7.25261733134503,6.92188077912744,1,2
10,14,1,6.60082928019525,3.97451430359544,5.85946935051775,5.23556350391418,6.52913641466716,1,2
10,14,3,6.60082928019525,3.97451430359544,5.58756409658498,5.22746538628148,6.59709556027376,1,2
10,14,5,6.60082928019525,3.97451430359544,5.09557796886678,5.78647355733003,6.78372249420554,1,2
10,14,6,6.60082928019525,3.97451430359544,4.30430325831346,5.99194956142375,6.54275063927074,1,2
10,14,7,6.60082928019525,3.97451430359544,6.12107837087815,5.94166803255639,6.6327445138831,1,2
10,14,9,6.60082928019525,3.97451430359544,5.61034763818781,6.76860723884766,7.01718255149754,1,2
10,14,10,6.60082928019525,3.97451430359544,4.93237578163839,6.54160405850623,6.92231430032773,1,2
10,14,11,6.60082928019525,3.97451430359544,5.72562824305964,5.63392274453318,6.72579221608259,1,2
10,14,16,6.60082928019525,3.97451430359544,4.04333993005053,5.93642531260265,6.95161136886165,1,2
10,14,18,6.60082928019525,3.97451430359544,5.78180468175358,5.07617024023984,6.40930076305855,1,2
10,14,19,6.60082928019525,3.97451430359544,5.68954221873507,7.34786839059154,7.14063337870307,1,2
10,14,20,6.60082928019525,3.97451430359544,4.91246095014037,6.64426264412873,7.04699943751856,1,2
10,14,21,6.60082928019525,3.97451430359544,5.53305874985195,5.44687517580443,6.77105324196969,1,2
10,14,22,6.60082928019525,3.97451430359544,5.16344091449556,6.29700203353215,6.77678694661315,1,2
10,14,25,6.60082928019525,3.97451430359544,4.93010749665877,6.14552148660943,6.89102024721387,1,2
10,14,27,6.60082928019525,3.97451430359544,3.39541403810141,6.19268287832115,6.67571254357329,1,2
10,14,28,6.60082928019525,3.97451430359544,4.80802894403035,6.69997164449202,7.12280395088518,1,2
10,14,29,6.60082928019525,3.97451430359544,5.75953850059447,6.45860563504206,6.91459393771334,1,2
10,14,31,6.60082928019525,3.97451430359544,5.74846192748039,6.21966876133022,6.82262285345493,1,2
10,14,36,6.60082928019525,3.97451430359544,5.00077613593274,6.47083977441095,6.71573427922102,1,2
10,14,37,6.60082928019525,3.97451430359544,4.05553356539952,6.55317753297537,6.90597261573377,1,2
10,14,38,6.60082928019525,3.97451430359544,5.2730861327583,6.08936065784485,6.756129107554,1,2
10,14,43,6.60082928019525,3.97451430359544,2.97225917534913,5.63500262613028,6.42393203816819,1,2
10,14,44,6.60082928019525,3.97451430359544,6.15677982228708,6.37690461516129,6.7342427236015,1,2
10,14,45,6.60082928019525,3.97451430359544,4.73440772289461,5.94391983697511,6.89374711939248,1,2
10,14,48,6.60082928019525,3.97451430359544,5.24447346228543,5.67759617014929,6.67782139171655,1,2
10,14,50,6.60082928019525,3.97451430359544,5.14710207861338,6.75381305126777,7.11354609206513,1,2
10,14,51,6.60082928019525,3.97451430359544,5.18089867682715,6.65714213536801,7.02661907177565,1,2
10,14,53,6.60082928019525,3.97451430359544,5.26750160623489,5.29811518207159,6.54684566234946,1,2
10,14,54,6.60082928019525,3.97451430359544,4.84665797619506,6.52287980547336,7.11681442542032,1,2
10,14,57,6.60082928019525,3.97451430359544,4.46173623263465,6.36097624139052,6.70551284402108,1,2
10,14,58,6.60082928019525,3.97451430359544,3.31810149746209,5.81735060332512,6.56835708586014,1,2
10,14,60,6.60082928019525,3.97451430359544,3.3261604973003,6.67980796362791,6.76746388914703,1,2
10,14,61,6.60082928019525,3.97451430359544,3.98521043520011,5.27983035683482,6.62098870397536,1,2
10,14,62,6.60082928019525,3.97451430359544,4.75042569179312,6.31303187117097,6.9705166750232,1,2
10,14,64,6.60082928019525,3.97451430359544,6.69667989648024,6.52984496108942,7.01029373364723,1,2
10,14,66,6.60082928019525,3.97451430359544,5.5867665945027,5.31011591948538,6.4170191622587,1,2
10,14,71,6.60082928019525,3.97451430359544,4.45075797375391,4.90203058824833,6.39362703878186,1,2
10,14,72,6.60082928019525,3.97451430359544,6.09179141612232,5.40659733514418,6.54429283517143,1,2
10,14,74,6.60082928019525,3.97451430359544,3.75083926082457,6.3354945479308,6.99063948312259,1,2
10,15,1,6.60082928019525,3.97451430359544,5.24923579113909,5.76301287095826,6.63562866395048,1,2
10,15,4,6.60082928019525,3.97451430359544,5.98214618991688,6.05531164096055,6.79249191573129,1,2
10,15,5,6.60082928019525,3.97451430359544,4.42245156386983,5.77397857687389,6.86723386903641,1,2
10,15,8,6.60082928019525,3.97451430359544,4.99108880136769,5.90594088294365,6.86755119279212,1,2
10,15,9,6.60082928019525,3.97451430359544,5.39292515103016,6.00815549353323,6.77993425004962,1,2
10,15,11,6.60082928019525,3.97451430359544,4.48968966503058,6.48972360960043,6.77482158228515,1,2
10,15,14,6.60082928019525,3.97451430359544,5.37699788033842,5.80405433680989,7.01222837230236,1,2
10,15,15,6.60082928019525,3.97451430359544,3.97517585245111,5.81436267701125,6.66642757760782,1,2
10,15,16,6.60082928019525,3.97451430359544,3.8844805768773,5.54540337704107,6.86634683373234,1,2
10,15,21,6.60082928019525,3.97451430359544,6.06290054395062,6.5259429334778,6.91218486044939,1,2
10,15,23,6.60082928019525,3.97451430359544,4.54911057390604,5.54933110390333,6.52216755152602,1,2
10,15,25,6.60082928019525,3.97451430359544,5.9115555075978,6.06795110569296,6.73573635687967,1,2
10,15,27,6.60082928019525,3.97451430359544,5.38606755948315,5.92864163727837,6.97585385515976,1,2
10,15,28,6.60082928019525,3.97451430359544,5.70852254351916,5.33223802738862,6.8339561070084,1,2
10,15,29,6.60082928019525,3.97451430359544,7.44078802091297,5.88042902728742,7.02133400025506,1,2
10,15,31,6.60082928019525,3.97451430359544,6.31463202158437,5.87929862134216,6.68909555786098,1,2
10,15,32,6.60082928019525,3.97451430359544,6.05209135813117,6.43951889218428,6.93959487356046,1,2
10,15,33,6.60082928019525,3.97451430359544,5.62314852055095,5.8492377646467,6.93584904297854,1,2
10,15,34,6.60082928019525,3.97451430359544,4.52086171714448,5.70023424152416,6.76768204575409,1,2
10,15,36,6.60082928019525,3.97451430359544,3.89810578045056,5.89182284103481,6.59994838350882,1,2
10,15,38,6.60082928019525,3.97451430359544,5.14397861739142,6.14408924170073,6.95251445527701,1,2
10,15,39,6.60082928019525,3.97451430359544,5.1678460708333,6.00978728154462,6.77797153283827,1,2
10,15,40,6.60082928019525,3.97451430359544,2.42880202902578,5.75632026284353,6.63251812956679,1,2
10,15,42,6.60082928019525,3.97451430359544,4.3984533701251,6.36809466874638,6.811092921644,1,2
10,15,44,6.60082928019525,3.97451430359544,4.46556205811505,5.5303252997837,6.78223911540968,1,2
10,15,45,6.60082928019525,3.97451430359544,5.22856151636465,6.00019416869979,7.09502075654969,1,2
10,15,47,6.60082928019525,3.97451430359544,5.0535821428362,6.3791427817163,7.00163549064304,1,2
10,15,48,6.60082928019525,3.97451430359544,4.5833849987596,5.48557753248183,6.55230853955791,1,2
10,15,50,6.60082928019525,3.97451430359544,3.52650814671282,6.17655373394113,6.76786431097536,1,2
10,15,52,6.60082928019525,3.97451430359544,3.93655301967867,5.58089389906816,6.65011261159657,1,2
10,15,53,6.60082928019525,3.97451430359544,7.34291359155103,5.55959544034267,6.66730578670623,1,2
10,15,55,6.60082928019525,3.97451430359544,4.36963996205734,6.89315186801026,6.86718770377117,1,2
10,15,56,6.60082928019525,3.97451430359544,5.54231851468324,6.31020734789767,6.93552521496075,1,2
10,15,57,6.60082928019525,3.97451430359544,4.75993135650095,7.51052366453264,7.38481255300387,1,2
10,15,59,6.60082928019525,3.97451430359544,5.0947526491852,6.1645481792783,6.9716315771647,1,2
10,15,62,6.60082928019525,3.97451430359544,5.78631125427253,5.73642188432723,6.95214215609517,1,2
10,15,66,6.60082928019525,3.97451430359544,5.25386842016216,5.12745401194591,6.72332675836591,1,2
10,15,67,6.60082928019525,3.97451430359544,5.06453593409375,6.03114585326191,6.65982205602144,1,2
10,15,71,6.60082928019525,3.97451430359544,4.68335634547538,5.9331484983753,7.08856947240463,1,2
10,15,72,6.60082928019525,3.97451430359544,6.21739633372214,5.43383625684924,6.80303390142644,1,2
10,15,74,6.60082928019525,3.97451430359544,4.79471118930968,5.47096590177891,6.74566925776945,1,2
10,15,76,6.60082928019525,3.97451430359544,5.42598557372326,5.14814900523517,6.75132275027809,1,2
10,15,79,6.60082928019525,3.97451430359544,3.89134566215255,5.53478607596693,6.75687320614163,1,2
10,15,82,6.60082928019525,3.97451430359544,6.38817444889624,5.04553521318692,6.26834424139186,1,2
10,16,1,6.60082928019525,3.97451430359544,4.7075106914425,5.54643691845016,7.01896892143986,1,2
10,16,2,6.60082928019525,3.97451430359544,4.52130894160707,5.76118562009157,7.047200705573,1,2
10,16,4,6.60082928019525,3.97451430359544,5.90776721903315,6.35929046896041,7.37935209766011,1,2
10,16,8,6.60082928019525,3.97451430359544,4.57643616228508,5.67362276780453,6.95933103367582,1,2
10,16,9,6.60082928019525,3.97451430359544,5.2420096758669,5.7191771175213,7.2023580170523,1,2
10,16,10,6.60082928019525,3.97451430359544,5.16871289938947,5.20155048696559,7.00479113345199,1,2
10,16,15,6.60082928019525,3.97451430359544,5.00882160511639,6.13651961309771,7.06827221333249,1,2
10,16,16,6.60082928019525,3.97451430359544,6.37780605223625,5.9554653859244,7.34853096151964,1,2
10,16,19,6.60082928019525,3.97451430359544,5.11570504220491,5.02827720347905,6.93535640970902,1,2
10,16,20,6.60082928019525,3.97451430359544,5.16538530273178,6.91325293031326,7.73534610097997,1,2
10,16,23,6.60082928019525,3.97451430359544,6.62058117608248,6.05304849062339,7.3422309434521,1,2
10,16,25,6.60082928019525,3.97451430359544,5.06375689765902,6.52512560618857,7.34275680238889,1,2
10,16,26,6.60082928019525,3.97451430359544,5.41499605127696,5.74914105727246,7.11630391221337,1,2
10,16,27,6.60082928019525,3.97451430359544,4.27360509835492,6.48507327912847,7.34360557753009,1,2
10,16,29,6.60082928019525,3.97451430359544,3.50282935365122,6.23411297774689,7.35903911180166,1,2
10,16,30,6.60082928019525,3.97451430359544,6.17797279827396,5.71246584615233,7.26608562873683,1,2
10,16,31,6.60082928019525,3.97451430359544,5.04352662083967,6.99278404046754,7.37097445216743,1,2
10,16,32,6.60082928019525,3.97451430359544,4.41717756073336,5.8894556289443,7.19801866549799,1,2
10,16,33,6.60082928019525,3.97451430359544,5.2218389005329,5.63215388001954,7.25149878687955,1,2
10,16,35,6.60082928019525,3.97451430359544,5.4023382037136,6.55316985862083,7.47352305786153,1,2
10,16,39,6.60082928019525,3.97451430359544,7.04995794007355,7.18309595904778,7.53647708051083,1,2
10,16,40,6.60082928019525,3.97451430359544,4.24644543346773,5.78392521830876,6.96427270786626,1,2
10,16,44,6.60082928019525,3.97451430359544,4.16708037533334,6.00623839910556,7.15689864151204,1,2
10,16,47,6.60082928019525,3.97451430359544,4.54050897346821,6.80606165714398,7.23379840285169,1,2
10,16,48,6.60082928019525,3.97451430359544,6.05503823804238,6.84123986683061,7.8646998989883,1,2
10,16,49,6.60082928019525,3.97451430359544,4.66626529382201,5.92064535455039,7.24554592098173,1,2
10,16,51,6.60082928019525,3.97451430359544,4.96784647564421,6.70329489715363,7.56172504225502,1,2
10,16,52,6.60082928019525,3.97451430359544,4.94203259065841,6.49067470973993,7.29073276322189,1,2
10,16,54,6.60082928019525,3.97451430359544,3.6919795657168,6.20403211406721,7.30683390796941,1,2
10,16,55,6.60082928019525,3.97451430359544,4.1760108044694,6.31713060510279,7.15615683842573,1,2
10,16,56,6.60082928019525,3.97451430359544,3.65365156789584,4.87627363322688,7.02376497732885,1,2
10,16,59,6.60082928019525,3.97451430359544,3.83013220421752,5.35348508178276,6.90564443469033,1,2
10,16,63,6.60082928019525,3.97451430359544,6.98667789241566,5.89428762019489,7.19242379847393,1,2
10,16,68,6.60082928019525,3.97451430359544,4.03830608013576,6.04796884030208,7.15782092168185,1,2
10,16,69,6.60082928019525,3.97451430359544,3.97595284086917,6.37019468831288,7.46643176296305,1,2
10,16,73,6.60082928019525,3.97451430359544,5.673925678691,5.70272330155971,7.3169408497669,1,2
10,16,74,6.60082928019525,3.97451430359544,4.78358535402535,5.0603653656002,7.03410716058352,1,2
10,16,77,6.60082928019525,3.97451430359544,5.01424989995715,5.46879595247019,6.99563897895848,1,2
10,16,78,6.60082928019525,3.97451430359544,4.94735228733774,5.86816981261938,7.23581428110568,1,2
10,16,79,6.60082928019525,3.97451430359544,6.21040230080724,6.16388818575084,7.37216015592176,1,2
10,16,81,6.60082928019525,3.97451430359544,5.28915468135309,5.47550438904627,7.21027675720412,1,2
10,16,84,6.60082928019525,3.97451430359544,4.60575340198776,6.00446159762451,7.35650839915512,1,2
10,17,4,6.60082928019525,3.97451430359544,6.97963298892917,6.53369395628771,7.23824864171905,1,2
10,17,7,6.60082928019525,3.97451430359544,4.98851597449632,6.03603552316542,7.03968672963914,1,2
10,17,9,6.60082928019525,3.97451430359544,4.54209063769309,5.85977182470934,6.96916677286376,1,2
10,17,13,6.60082928019525,3.97451430359544,4.46931722878705,5.33687658030397,6.91610251784564,1,2
10,17,16,6.60082928019525,3.97451430359544,3.5377033252577,5.62052234525629,7.00815537934777,1,2
10,17,20,6.60082928019525,3.97451430359544,5.18632508139072,6.42407797481443,7.45363952185603,1,2
10,17,22,6.60082928019525,3.97451430359544,5.61652790655781,6.19031276482896,7.31596187244518,1,2
10,17,23,6.60082928019525,3.97451430359544,5.20838956739038,6.6456281236046,7.26237465624251,1,2
10,17,24,6.60082928019525,3.97451430359544,2.41468282951429,5.69645581745802,6.77794543199088,1,2
10,17,28,6.60082928019525,3.97451430359544,6.07497385545138,5.74273132498378,7.19662108062546,1,2
10,17,29,6.60082928019525,3.97451430359544,3.61434895242005,5.9639685358375,7.07007003022144,1,2
10,17,31,6.60082928019525,3.97451430359544,3.71938631850997,6.49470710955928,7.2136590604336,1,2
10,17,35,6.60082928019525,3.97451430359544,4.42885581161022,6.45471090052088,7.02153033654504,1,2
10,17,38,6.60082928019525,3.97451430359544,5.15368549799156,5.4578910602166,6.83856238666583,1,2
10,17,39,6.60082928019525,3.97451430359544,5.5949668524804,6.46297260568601,7.1844585537973,1,2
10,17,40,6.60082928019525,3.97451430359544,4.98385962557243,5.92035647686797,7.11433531252052,1,2
10,17,41,6.60082928019525,3.97451430359544,3.60076547045199,5.57819044219555,6.82843228436213,1,2
10,17,42,6.60082928019525,3.97451430359544,4.58062957061321,6.03642722128131,6.95544168587502,1,2
10,17,44,6.60082928019525,3.97451430359544,3.71607635063597,5.34184551811611,6.80585204941898,1,2
10,17,45,6.60082928019525,3.97451430359544,5.85304279041759,6.48706648293177,7.21216994817145,1,2
10,17,46,6.60082928019525,3.97451430359544,5.098937757598,6.23554250537606,6.88615918616095,1,2
10,17,47,6.60082928019525,3.97451430359544,6.21317915062644,5.28687282379879,7.19008629609144,1,2
10,17,49,6.60082928019525,3.97451430359544,6.27272667120227,6.13847773784569,7.0286244612814,1,2
10,17,50,6.60082928019525,3.97451430359544,7.1547993828988,6.60543188524732,7.48250282337113,1,2
10,17,51,6.60082928019525,3.97451430359544,6.12444162129002,7.13965428258776,7.36178350172611,1,2
10,17,55,6.60082928019525,3.97451430359544,3.37527828956959,6.18267699904258,6.94837143755431,1,2
10,17,56,6.60082928019525,3.97451430359544,4.57711240797428,6.3541181537503,7.41509851903818,1,2
10,17,59,6.60082928019525,3.97451430359544,5.20937058844714,6.43548148942973,7.24434190178305,1,2
10,17,63,6.60082928019525,3.97451430359544,5.30062329130724,5.99463956016195,7.22449883807501,1,2
10,17,65,6.60082928019525,3.97451430359544,6.63325310901058,5.22563020769367,6.91993408750339,1,2
10,17,70,6.60082928019525,3.97451430359544,2.32986853362584,5.89676783040915,7.04997889179297,1,2
10,17,72,6.60082928019525,3.97451430359544,3.49445315086984,6.18210343617413,6.58759779926823,1,2
10,17,73,6.60082928019525,3.97451430359544,4.54174603521166,5.75133028423211,7.01572428184331,1,2
10,17,75,6.60082928019525,3.97451430359544,5.77487871316507,5.30187754295922,7.15878489486162,1,2
10,17,79,6.60082928019525,3.97451430359544,4.21429361008161,6.23327352494058,7.26610421053741,1,2
10,17,81,6.60082928019525,3.97451430359544,5.84830230319815,5.71641523683701,7.12366886514865,1,2
10,18,1,6.60082928019525,3.97451430359544,5.47723608812777,6.62710170266237,7.38617069271081,1,2
10,18,2,6.60082928019525,3.97451430359544,5.3960312884839,6.41101216128905,7.37176713579409,1,2
10,18,3,6.60082928019525,3.97451430359544,4.27262937895011,5.46794205701667,7.23193459166599,1,2
10,18,4,6.60082928019525,3.97451430359544,4.37245178978184,5.98547045666269,7.36400180125362,1,2
10,18,5,6.60082928019525,3.97451430359544,5.04550736058085,6.44028503715912,7.54401122923127,1,2
10,18,7,6.60082928019525,3.97451430359544,5.44675829922571,5.60915671278081,7.1839120567484,1,2
10,18,9,6.60082928019525,3.97451430359544,6.17607154006177,5.41931362991259,7.41748522115058,1,2
10,18,10,6.60082928019525,3.97451430359544,6.60576460873942,6.52448007784903,7.52959323579019,1,2
10,18,12,6.60082928019525,3.97451430359544,5.39460715066944,4.81202548573136,6.71139805437351,1,2
10,18,14,6.60082928019525,3.97451430359544,5.11903099239385,6.31381321027555,7.55203342415618,1,2
10,18,15,6.60082928019525,3.97451430359544,5.23926519573393,5.64432009554947,7.3022923450593,1,2
10,18,17,6.60082928019525,3.97451430359544,4.91908625625865,5.96113900572866,7.34495352185467,1,2
10,18,19,6.60082928019525,3.97451430359544,3.7515786785797,5.94306472774672,7.50410671194011,1,2
10,18,24,6.60082928019525,3.97451430359544,6.45197284035255,5.81428687849201,7.54494412071107,1,2
10,18,25,6.60082928019525,3.97451430359544,6.25374833177643,6.39922835881423,7.83327063024137,1,2
10,18,26,6.60082928019525,3.97451430359544,3.61056316958579,5.93202376151017,7.18006502162231,1,2
10,18,28,6.60082928019525,3.97451430359544,3.86330860083106,5.63301819745163,7.26321871559068,1,2
10,18,30,6.60082928019525,3.97451430359544,5.75260644223453,5.68635601914919,7.5275832743076,1,2
10,18,31,6.60082928019525,3.97451430359544,5.37515521561491,5.4963028094953,7.41426625690484,1,2
10,18,33,6.60082928019525,3.97451430359544,3.81512775338428,6.32460623805447,7.04665605654123,1,2
10,18,37,6.60082928019525,3.97451430359544,4.39111878039787,6.05523414065374,7.51285091992164,1,2
10,18,38,6.60082928019525,3.97451430359544,4.44073449991453,6.51599939100328,7.56937961250254,1,2
10,18,39,6.60082928019525,3.97451430359544,7.69234333657929,6.45293439025551,7.56663118424227,1,2
10,18,41,6.60082928019525,3.97451430359544,5.41227664268377,5.82180939470082,7.46711851466262,1,2
10,18,44,6.60082928019525,3.97451430359544,6.70388151344493,6.15870728791866,7.30574043297156,1,2
10,18,45,6.60082928019525,3.97451430359544,4.86389673428984,6.51044743394051,7.70372888355204,1,2
10,18,46,6.60082928019525,3.97451430359544,5.21880333777845,6.42965802038655,7.46881127599546,1,2
10,18,48,6.60082928019525,3.97451430359544,5.56793586824076,6.44032357391126,7.3022017286562,1,2
10,18,49,6.60082928019525,3.97451430359544,5.99699599981938,6.35897481852397,7.61291804985695,1,2
10,18,50,6.60082928019525,3.97451430359544,7.07449142168988,6.32191283900062,7.73337634234266,1,2
10,18,51,6.60082928019525,3.97451430359544,3.73772151712559,6.5361520630755,7.47102932863282,1,2
10,18,52,6.60082928019525,3.97451430359544,5.05949193933884,6.18439010515922,7.23582473795923,1,2
10,18,53,6.60082928019525,3.97451430359544,5.25668715462513,4.5716438117033,6.94672905745738,1,2
10,18,54,6.60082928019525,3.97451430359544,7.89328557180032,6.21033471531341,7.5453887202121,1,2
10,18,55,6.60082928019525,3.97451430359544,6.98273864479142,5.54877108101526,7.46900771554721,1,2
10,18,56,6.60082928019525,3.97451430359544,6.1409231707061,6.819731522479,7.59135767997949,1,2
10,18,57,6.60082928019525,3.97451430359544,5.21394971085864,6.68143303311684,7.85926878980313,1,2
10,18,58,6.60082928019525,3.97451430359544,4.36444624452061,6.39388634135493,7.78405245506988,1,2
10,18,59,6.60082928019525,3.97451430359544,5.9687988477453,5.76568926082619,7.63545885555725,1,2
10,18,60,6.60082928019525,3.97451430359544,4.68219906118614,5.98525448714788,7.32706063516511,1,2
10,18,63,6.60082928019525,3.97451430359544,7.17541538076439,5.92494719505225,7.5976894682749,1,2
10,18,64,6.60082928019525,3.97451430359544,5.64011719892519,5.97994539310768,7.46933081463377,1,2
10,18,67,6.60082928019525,3.97451430359544,6.19976350224044,6.25354571562973,7.38999421449791,1,2
10,18,71,6.60082928019525,3.97451430359544,4.36686463713836,6.76876214939102,7.5081452061466,1,2
10,18,72,6.60082928019525,3.97451430359544,3.91757912941844,5.10820040761721,7.00692051029269,1,2
10,18,73,6.60082928019525,3.97451430359544,6.45063299286892,6.04582795524566,7.58609241553788,1,2
10,18,75,6.60082928019525,3.97451430359544,4.25149136217967,5.75781897990392,7.12170901251965,1,2
10,18,76,6.60082928019525,3.97451430359544,4.40450644959903,6.02490266300107,7.54096579717324,1,2
10,18,79,6.60082928019525,3.97451430359544,6.61714726203481,5.66710245410886,7.51682040942248,1,2
10,18,80,6.60082928019525,3.97451430359544,4.88717371775136,6.0078969590539,7.6320296889381,1,2
10,18,82,6.60082928019525,3.97451430359544,6.83848094077507,5.83597739079263,7.4286892819122,1,2
10,18,83,6.60082928019525,3.97451430359544,5.87205592189477,6.02138586979587,7.35450142089661,1,2
10,18,85,6.60082928019525,3.97451430359544,7.12737756138341,6.49420534782362,7.81018743744599,1,2
10,18,86,6.60082928019525,3.97451430359544,4.07087544225717,5.07497140199655,6.95068829609635,1,2
10,19,1,6.60082928019525,3.97451430359544,4.41302294274065,5.53606214010005,7.59420111150328,1,2
10,19,3,6.60082928019525,3.97451430359544,4.50027977358165,6.24122747746505,7.65282263756019,1,2
10,19,6,6.60082928019525,3.97451430359544,4.33165959679464,5.59097805743291,7.52408931708184,1,2
10,19,7,6.60082928019525,3.97451430359544,5.81587018003448,5.61678272528508,7.60943393746187,1,2
10,19,8,6.60082928019525,3.97451430359544,5.58524902567642,6.1204939774654,7.87532801282362,1,2
10,19,10,6.60082928019525,3.97451430359544,4.69705504339718,5.16826810684822,7.43190373594873,1,2
10,19,11,6.60082928019525,3.97451430359544,3.52125088330687,6.76726675918845,7.86023614842941,1,2
10,19,12,6.60082928019525,3.97451430359544,4.7322454767982,5.88721933227666,7.79079434568275,1,2
10,19,14,6.60082928019525,3.97451430359544,4.43821805958135,5.79104787014761,7.52357313793146,1,2
10,19,15,6.60082928019525,3.97451430359544,6.74115397473798,6.25068141728461,7.72395926442986,1,2
10,19,17,6.60082928019525,3.97451430359544,4.71538833321647,6.25475614307095,7.70218010978992,1,2
10,19,18,6.60082928019525,3.97451430359544,4.5304541948096,7.14757111944902,7.85856969281981,1,2
10,19,19,6.60082928019525,3.97451430359544,4.20538209375259,5.69361880083863,7.42391383901754,1,2
10,19,20,6.60082928019525,3.97451430359544,7.37294894115984,6.52347734604904,7.75366168307131,1,2
10,19,21,6.60082928019525,3.97451430359544,4.25027959439934,6.11043610644698,7.34084781402879,1,2
10,19,23,6.60082928019525,3.97451430359544,5.79657990700602,6.21302266379242,7.7437202044372,1,2
10,19,26,6.60082928019525,3.97451430359544,5.46868151606802,5.86763406133196,7.45258076206385,1,2
10,19,30,6.60082928019525,3.97451430359544,5.18739831701521,5.80394643320754,7.47393070446997,1,2
10,19,33,6.60082928019525,3.97451430359544,5.89473054674524,6.01989735599424,7.9113327301805,1,2
10,19,35,6.60082928019525,3.97451430359544,6.3276963270684,5.62164779702672,7.99322131058215,1,2
10,19,37,6.60082928019525,3.97451430359544,4.74695553503508,7.3981156259826,8.072875739639,1,2
10,19,38,6.60082928019525,3.97451430359544,5.58144303187025,6.55676146527989,7.92205916914895,1,2
10,19,39,6.60082928019525,3.97451430359544,6.11154174539962,6.47529268134358,7.67544446069439,1,2
10,19,40,6.60082928019525,3.97451430359544,5.45182291977634,6.14429701231604,7.59276853315075,1,2
10,19,41,6.60082928019525,3.97451430359544,6.23526686167677,5.89450935881477,7.85075720177741,1,2
10,19,43,6.60082928019525,3.97451430359544,4.99892775440149,5.79454467284525,7.57893332569333,1,2
10,19,45,6.60082928019525,3.97451430359544,5.58583853143919,5.14276490201929,7.72280124828824,1,2
10,19,49,6.60082928019525,3.97451430359544,4.63288649015684,5.41147081059625,7.5222000439822,1,2
10,19,52,6.60082928019525,3.97451430359544,5.20426195991699,6.11868992752054,7.79516962231094,1,2
10,19,54,6.60082928019525,3.97451430359544,4.18198802664718,6.6437896524642,7.83986641971643,1,2
10,19,56,6.60082928019525,3.97451430359544,3.51191160489377,6.97036028423149,7.89033216376167,1,2
10,19,57,6.60082928019525,3.97451430359544,5.49171875580103,6.06729576885757,7.86853682321391,1,2
10,19,58,6.60082928019525,3.97451430359544,4.64087299148543,5.586257119637,7.64136770957877,1,2
10,19,59,6.60082928019525,3.97451430359544,3.14074655599026,6.60579118019576,7.70327337600469,1,2
10,19,62,6.60082928019525,3.97451430359544,3.31349651323219,6.79445573014788,7.75375812754831,1,2
10,19,63,6.60082928019525,3.97451430359544,3.50930677554736,5.90412559629297,7.29957668984013,1,2
10,19,66,6.60082928019525,3.97451430359544,3.53668810871375,6.15348721901389,7.36209715708766,1,2
10,19,68,6.60082928019525,3.97451430359544,5.09064318663247,6.52611313825151,7.94017933302064,1,2
10,19,70,6.60082928019525,3.97451430359544,6.45057847568614,6.37851776583419,7.893962766539,1,2
10,19,72,6.60082928019525,3.97451430359544,5.55541201014444,5.85296325295333,7.93953909376801,1,2
10,19,75,6.60082928019525,3.97451430359544,4.89626078216871,5.56845499217003,7.53513734011511,1,2
10,20,1,6.60082928019525,3.97451430359544,6.19085095844819,7.17997879479305,8.35870921089478,1,2
10,20,2,6.60082928019525,3.97451430359544,4.92949951592087,5.80344780431486,7.7868368888715,1,2
10,20,5,6.60082928019525,3.97451430359544,4.90896787224108,6.86761298027909,8.01873564539017,1,2
10,20,9,6.60082928019525,3.97451430359544,4.15915140320731,5.86453963775084,7.63641965048089,1,2
10,20,12,6.60082928019525,3.97451430359544,5.08231716808325,5.80727311419684,7.63529873433124,1,2
10,20,13,6.60082928019525,3.97451430359544,5.54411240765368,7.14155309296885,7.85884889832021,1,2
10,20,14,6.60082928019525,3.97451430359544,3.7450485180156,6.30781040569526,7.49023418736717,1,2
10,20,15,6.60082928019525,3.97451430359544,4.45910867304755,5.73957480998775,7.77025451224038,1,2
10,20,16,6.60082928019525,3.97451430359544,6.8055423705598,6.06596792335971,7.84027203306331,1,2
10,20,18,6.60082928019525,3.97451430359544,4.50430609199788,7.23491148397025,7.87846055145362,1,2
10,20,19,6.60082928019525,3.97451430359544,6.17131418194929,5.76143765441687,7.51591148576433,1,2
10,20,20,6.60082928019525,3.97451430359544,4.86406108653608,4.6254786947659,7.46573857275709,1,2
10,20,21,6.60082928019525,3.97451430359544,5.56449878214047,6.92239324966055,7.8655622085067,1,2
10,20,24,6.60082928019525,3.97451430359544,5.28532447260041,6.49875948210291,7.88819401007228,1,2
10,20,28,6.60082928019525,3.97451430359544,5.35322527003189,6.37053541135946,7.87646755827977,1,2
10,20,29,6.60082928019525,3.97451430359544,4.92506986746651,5.78734924528663,7.59829752121726,1,2
10,20,30,6.60082928019525,3.97451430359544,4.82368176989945,6.39762162278997,7.75913919813088,1,2
10,20,33,6.60082928019525,3.97451430359544,3.61357448025567,5.99327472071197,7.50191630087535,1,2
10,20,34,6.60082928019525,3.97451430359544,4.37213758412822,5.76465114715566,7.48206679971387,1,2
10,20,35,6.60082928019525,3.97451430359544,6.78097221257163,5.45073239897723,7.48711221230053,1,2
10,20,38,6.60082928019525,3.97451430359544,4.78143207834385,6.191502262404,7.85311626204647,1,2
10,20,39,6.60082928019525,3.97451430359544,6.05256402458404,6.0606891190313,7.83807827218367,1,2
10,20,40,6.60082928019525,3.97451430359544,5.50605621642511,5.82391229953561,7.67051684355506,1,2
10,20,43,6.60082928019525,3.97451430359544,5.25791309864621,6.26473657711399,7.57465789863173,1,2
10,20,46,6.60082928019525,3.97451430359544,4.08667682608234,5.79888586007326,7.35099476335364,1,2
10,20,49,6.60082928019525,3.97451430359544,4.83894267519698,5.45571369672391,7.48925141059136,1,2
10,20,50,6.60082928019525,3.97451430359544,3.12395715112682,5.55854428408628,7.41941980006554,1,2
10,20,52,6.60082928019525,3.97451430359544,6.6730216428149,6.58555844893129,7.99774239425931,1,2
10,20,53,6.60082928019525,3.97451430359544,4.99609579596513,6.28362542733817,7.58791239210043,1,2
10,20,56,6.60082928019525,3.97451430359544,6.52960595085711,4.83556031663344,7.49955704354048,1,2
10,20,57,6.60082928019525,3.97451430359544,4.10987681692981,6.22229739611246,7.60159682938192,1,2
10,20,60,6.60082928019525,3.97451430359544,5.30802467500357,6.47974419925859,7.86981017628484,1,2
10,20,65,6.60082928019525,3.97451430359544,3.84897669268142,7.27519902321976,7.72452499858387,1,2
10,20,66,6.60082928019525,3.97451430359544,5.87738099670641,6.39790599558164,7.60547831208453,1,2
10,20,67,6.60082928019525,3.97451430359544,5.43630319527654,6.3940355596689,7.82936224788752,1,2
10,20,71,6.60082928019525,3.97451430359544,6.67544493223369,6.8321382156897,7.89681634387204,1,2
10,20,72,6.60082928019525,3.97451430359544,3.90113471079929,6.50683591744739,7.67562417642356,1,2
10,20,73,6.60082928019525,3.97451430359544,4.46410992556878,6.25210720556053,7.63239897218054,1,2
10,20,74,6.60082928019525,3.97451430359544,4.95703651851291,5.94681864107173,7.72223923857328,1,2
10,20,75,6.60082928019525,3.97451430359544,3.69356319571044,5.84049995834382,7.2974264985388,1,2
10,20,76,6.60082928019525,3.97451430359544,4.16566230671073,6.09526512151906,7.50319354329638,1,2
10,20,78,6.60082928019525,3.97451430359544,4.69118177266023,6.11891170037899,8.01019604827405,1,2
10,20,80,6.60082928019525,3.97451430359544,6.01808372150491,5.13547168207765,7.52969715972544,1,2
10,20,81,6.60082928019525,3.97451430359544,5.43517350854822,5.18417676970026,7.69029154883271,1,2
10,20,83,6.60082928019525,3.97451430359544,3.86473198777238,6.04829066986429,7.68429143922886,1,2
10,20,84,6.60082928019525,3.97451430359544,3.9625394551648,6.85844314555326,7.52648362187391,1,2
10,20,87,6.60082928019525,3.97451430359544,6.07812769717519,5.44033084267474,7.33893210140057,1,2
10,20,88,6.60082928019525,3.97451430359544,5.28296497097546,6.0162902049457,7.79552842130294,1,2
10,20,89,6.60082928019525,3.97451430359544,4.63958898184841,5.95847308555295,7.51266681695623,1,2
10,21,1,6.60082928019525,3.97451430359544,5.73131091595872,4.97791324576534,7.30953911969261,1,2
10,21,2,6.60082928019525,3.97451430359544,3.95906759674823,5.55676667376432,7.45957471335635,1,2
10,21,3,6.60082928019525,3.97451430359544,5.10759320936067,7.1403083667664,8.00386385505404,1,2
10,21,8,6.60082928019525,3.97451430359544,3.90858846366933,6.2211867595989,7.60190042897515,1,2
10,21,9,6.60082928019525,3.97451430359544,5.02604660386884,5.46763977961001,7.59452636243669,1,2
10,21,10,6.60082928019525,3.97451430359544,5.12239247230405,5.76434081155276,7.68750813073495,1,2
10,21,11,6.60082928019525,3.97451430359544,5.44265127333246,6.05773753629935,7.55358684859843,1,2
10,21,12,6.60082928019525,3.97451430359544,5.83402860596124,6.46941672215544,7.65370427938972,1,2
10,21,13,6.60082928019525,3.97451430359544,5.9319042124645,6.34480366387276,7.73902861183328,1,2
10,21,16,6.60082928019525,3.97451430359544,6.24700688842001,6.00368072125013,7.75407474509385,1,2
10,21,17,6.60082928019525,3.97451430359544,5.00324137154965,5.59658402199497,7.36087515349114,1,2
10,21,18,6.60082928019525,3.97451430359544,3.80765432170904,5.32194192565156,7.22473033727357,1,2
10,21,19,6.60082928019525,3.97451430359544,5.67503574066341,6.87714927741389,7.86703805767222,1,2
10,21,21,6.60082928019525,3.97451430359544,7.13206323839409,5.9422866419122,8.06590690406603,1,2
10,21,22,6.60082928019525,3.97451430359544,5.60520093553653,6.96770929213815,8.07971669551832,1,2
10,21,23,6.60082928019525,3.97451430359544,4.36432868097518,6.50575778785643,7.78134224880037,1,2
10,21,24,6.60082928019525,3.97451430359544,4.46629095496915,5.67848329938337,7.77697149580256,1,2
10,21,25,6.60082928019525,3.97451430359544,3.98929259406584,6.12104479207434,7.44917707056446,1,2
10,21,27,6.60082928019525,3.97451430359544,6.07875711500842,6.44591102379573,7.59539084946214,1,2
10,21,28,6.60082928019525,3.97451430359544,4.48359261847954,5.65026875355894,7.37988716839278,1,2
10,21,33,6.60082928019525,3.97451430359544,6.13758320867917,6.98835342750285,7.92936547497735,1,2
10,21,34,6.60082928019525,3.97451430359544,7.16492886889947,5.21013195380727,7.80351620078878,1,2
10,21,37,6.60082928019525,3.97451430359544,4.49665702424516,5.95537381546566,7.45786211320139,1,2
10,21,38,6.60082928019525,3.97451430359544,6.45409043149953,5.8110330596714,8.30081952422566,1,2
10,21,40,6.60082928019525,3.97451430359544,5.13891784958729,5.67530030302199,7.80351798265386,1,2
10,21,41,6.60082928019525,3.97451430359544,5.14917555134965,6.76501331724644,7.7912537070473,1,2
10,21,42,6.60082928019525,3.97451430359544,7.43957452673546,6.78441142692281,8.10175206039629,1,2
10,21,43,6.60082928019525,3.97451430359544,5.66844047422603,6.35836395879544,7.85375880110987,1,2
10,21,44,6.60082928019525,3.97451430359544,4.63718045951313,6.32069378596431,7.71959760591784,1,2
10,21,45,6.60082928019525,3.97451430359544,6.0454683975434,6.93410395647991,7.78430284450855,1,2
10,21,46,6.60082928019525,3.97451430359544,4.98587463307983,6.56313838913434,7.92220358958644,1,2
10,21,47,6.60082928019525,3.97451430359544,4.80591016774532,6.58477506635871,7.62592442236691,1,2
10,21,48,6.60082928019525,3.97451430359544,5.44215567254204,5.9527638882769,7.65696863953622,1,2
10,21,49,6.60082928019525,3.97451430359544,4.70506393419748,6.44488071762876,7.96572566125563,1,2
10,21,50,6.60082928019525,3.97451430359544,4.2450243917625,5.73482637531009,7.59406247851313,1,2
10,21,55,6.60082928019525,3.97451430359544,4.83255139979042,6.22159600624901,7.45731485829715,1,2
10,21,56,6.60082928019525,3.97451430359544,6.32179673793929,6.48285419459503,7.79113626504207,1,2
10,21,57,6.60082928019525,3.97451430359544,5.66797544379423,5.79342135639368,7.56002692147551,1,2
10,21,62,6.60082928019525,3.97451430359544,4.09425624144894,6.76556338103551,7.61328082090458,1,2
10,21,66,6.60082928019525,3.97451430359544,5.55955603093619,5.48382670876765,7.897281402927,1,2
10,21,72,6.60082928019525,3.97451430359544,4.79282571086168,5.68819628957734,7.96929209983118,1,2
10,22,3,6.60082928019525,3.97451430359544,3.85179740056456,6.73558770941903,8.10228663486534,1,2
10,22,5,6.60082928019525,3.97451430359544,5.01042711112256,7.01272293490296,7.79253336818858,1,2
10,22,6,6.60082928019525,3.97451430359544,3.63103473407121,5.8253896874944,7.8033968308562,1,2
10,22,7,6.60082928019525,3.97451430359544,4.8469596934984,6.27314477094679,7.78284144844642,1,2
10,22,10,6.60082928019525,3.97451430359544,4.91185099928325,5.17427642064826,7.96280031249765,1,2
10,22,11,6.60082928019525,3.97451430359544,4.81913679575734,5.5004012027742,7.50956223575241,1,2
10,22,12,6.60082928019525,3.97451430359544,6.61572033835394,6.20081332323459,7.96063307865047,1,2
10,22,13,6.60082928019525,3.97451430359544,5.60437835457604,6.59238522916344,8.20183629667038,1,2
10,22,14,6.60082928019525,3.97451430359544,3.55541738273852,5.88963757330791,7.64959426912799,1,2
10,22,20,6.60082928019525,3.97451430359544,5.54583788288002,6.21133581415105,7.8368359196604,1,2
10,22,24,6.60082928019525,3.97451430359544,6.46723871613278,5.93088033909433,8.1271302923135,1,2
10,22,25,6.60082928019525,3.97451430359544,5.1371860071728,6.01949079835764,8.15718920827362,1,2
10,22,26,6.60082928019525,3.97451430359544,4.18505062150185,6.90889912436126,8.05178287471632,1,2
10,22,27,6.60082928019525,3.97451430359544,4.07907735187561,5.55307633147762,7.8807236795153,1,2
10,22,28,6.60082928019525,3.97451430359544,2.64697406289243,5.34886983110342,7.49516797058112,1,2
10,22,30,6.60082928019525,3.97451430359544,3.68908417652664,5.2908972706467,7.62670557915393,1,2
10,22,31,6.60082928019525,3.97451430359544,5.50015389602414,6.16201405982547,8.05587279926337,1,2
10,22,32,6.60082928019525,3.97451430359544,3.38410391575009,5.68370466148196,7.54208030252382,1,2
10,22,34,6.60082928019525,3.97451430359544,5.65922131807889,5.93362218515173,7.72497936613389,1,2
10,22,35,6.60082928019525,3.97451430359544,6.41046677119023,6.24793949654152,8.0487107937503,1,2
10,22,36,6.60082928019525,3.97451430359544,6.27249144615309,6.82272100205374,7.92247097281177,1,2
10,22,37,6.60082928019525,3.97451430359544,5.21418528716974,5.61043790263383,7.97950910715576,1,2
10,22,41,6.60082928019525,3.97451430359544,4.61607904205385,5.92265657436272,7.99986235212793,1,2
10,22,42,6.60082928019525,3.97451430359544,4.77054002662465,5.77745097804113,7.90322452608617,1,2
10,22,46,6.60082928019525,3.97451430359544,5.22719334017904,6.06873864639088,8.10281351441289,1,2
10,22,47,6.60082928019525,3.97451430359544,4.42228934025995,6.58712665797496,7.69591462906944,1,2
10,22,52,6.60082928019525,3.97451430359544,5.51755911406234,5.60745749019463,8.17908900112649,1,2
10,22,54,6.60082928019525,3.97451430359544,3.78019076704428,6.48497134501411,7.67608336138078,1,2
10,22,55,6.60082928019525,3.97451430359544,4.8629835243969,5.67039945935328,8.34984604514643,1,2
10,22,56,6.60082928019525,3.97451430359544,4.88658730894703,6.76701052690739,8.31118019710948,1,2
10,22,59,6.60082928019525,3.97451430359544,6.97685983841261,6.0018245520921,8.17106923681963,1,2
10,22,61,6.60082928019525,3.97451430359544,7.21381984771603,6.42948280613506,8.13173975494113,1,2
10,22,62,6.60082928019525,3.97451430359544,5.60310328450958,6.87366016006392,8.02423219567783,1,2
10,22,63,6.60082928019525,3.97451430359544,6.3907366388046,5.84992181678605,7.80132555917615,1,2
10,23,5,6.60082928019525,3.97451430359544,6.78924891575306,5.26590692976356,8.22598442113691,1,2
10,23,6,6.60082928019525,3.97451430359544,6.15049244213681,5.75805390789001,8.16699221772737,1,2
10,23,7,6.60082928019525,3.97451430359544,5.3187205667705,6.08489859905018,7.93735624250409,1,2
10,23,8,6.60082928019525,3.97451430359544,4.19459930635065,5.8456313133327,7.83957011432069,1,2
10,23,9,6.60082928019525,3.97451430359544,5.17362291837935,6.28012978377535,8.3167601540444,1,2
10,23,10,6.60082928019525,3.97451430359544,5.54693968915279,5.47641305964819,8.13147937791474,1,2
10,23,11,6.60082928019525,3.97451430359544,4.10533039522529,6.05077171904322,8.27117585998039,1,2
10,23,13,6.60082928019525,3.97451430359544,6.71617424074706,6.33536416539038,8.26639425299437,1,2
10,23,14,6.60082928019525,3.97451430359544,4.75034312943613,5.09546263949823,7.88255080360711,1,2
10,23,18,6.60082928019525,3.97451430359544,6.25202703964009,5.38757333054176,8.14471040092195,1,2
10,23,19,6.60082928019525,3.97451430359544,4.13038038823918,6.59115571844442,8.1206093503904,1,2
10,23,20,6.60082928019525,3.97451430359544,6.97863957328744,6.11292078787319,8.37058952475659,1,2
10,23,21,6.60082928019525,3.97451430359544,5.72444398663155,6.45884227586156,8.59256612007062,1,2
10,23,23,6.60082928019525,3.97451430359544,5.63063405418304,6.77552466190029,8.33080817269315,1,2
10,23,24,6.60082928019525,3.97451430359544,5.02951895672342,6.85336982246314,8.49328566977703,1,2
10,23,25,6.60082928019525,3.97451430359544,4.88648544484618,5.50487963195022,7.7038749372955,1,2
10,23,26,6.60082928019525,3.97451430359544,5.33215039103177,5.33042872796586,7.71161614027763,1,2
10,23,28,6.60082928019525,3.97451430359544,3.23729028364733,6.22218986990881,8.3400882115283,1,2
10,23,30,6.60082928019525,3.97451430359544,4.44385397223884,5.48236235402205,8.22436334000447,1,2
10,23,31,6.60082928019525,3.97451430359544,3.25148569942531,6.368248833156,8.10243577450844,1,2
10,23,33,6.60082928019525,3.97451430359544,3.50083868557163,6.04717468091985,8.068034520516,1,2
10,23,35,6.60082928019525,3.97451430359544,3.93556053837728,6.82140582412684,8.02771214023966,1,2
10,23,37,6.60082928019525,3.97451430359544,6.41281831942324,6.04640244751236,8.23943725545376,1,2
10,23,40,6.60082928019525,3.97451430359544,5.2468433916727,6.10740069611577,8.09877183512508,1,2
10,23,41,6.60082928019525,3.97451430359544,5.43912421793212,6.11479159051663,8.25132322033981,1,2
10,23,42,6.60082928019525,3.97451430359544,2.63387710979184,5.65088814639753,7.84104735681909,1,2
10,23,43,6.60082928019525,3.97451430359544,3.23039585325162,5.37956734359719,7.75271138157152,1,2
10,23,44,6.60082928019525,3.97451430359544,6.56686808570179,6.05526686448351,8.39836397940771,1,2
10,23,47,6.60082928019525,3.97451430359544,6.39592320740066,6.4350893312321,8.56926195536994,1,2
10,23,48,6.60082928019525,3.97451430359544,5.48573776617395,6.12613685510262,8.05797119812481,1,2
10,23,49,6.60082928019525,3.97451430359544,3.83776682471343,5.73438022480579,7.69156763818525,1,2
10,23,51,6.60082928019525,3.97451430359544,3.83399568452657,6.28062684976967,8.08696941146784,1,2
10,23,53,6.60082928019525,3.97451430359544,5.02682736162125,5.61500355524208,8.31857444899908,1,2
10,23,55,6.60082928019525,3.97451430359544,4.78864306538159,6.48750969282808,8.30590944495038,1,2
10,23,56,6.60082928019525,3.97451430359544,5.40729812518524,5.12089617453359,8.30152491705109,1,2
10,23,57,6.60082928019525,3.97451430359544,3.21748276170282,6.13110438116216,7.87251665282433,1,2
10,23,59,6.60082928019525,3.97451430359544,1.48271706032308,5.44238476991617,7.69831254213334,1,2
10,23,60,6.60082928019525,3.97451430359544,6.32762141073507,6.3847682496986,8.42482895267199,1,2
10,23,61,6.60082928019525,3.97451430359544,4.83962668186199,5.2995197099188,8.07871092468902,1,2
10,23,64,6.60082928019525,3.97451430359544,5.61292579090961,5.83851904055516,7.88275093129852,1,2
10,23,67,6.60082928019525,3.97451430359544,5.4028470338365,6.03898269398687,8.29589015808363,1,2
10,23,68,6.60082928019525,3.97451430359544,6.3243020623643,5.57701128224786,8.30800240502458,1,2
10,23,69,6.60082928019525,3.97451430359544,6.18886361190919,6.59962460646449,8.67587408159099,1,2
10,23,71,6.60082928019525,3.97451430359544,3.92373884759184,5.63442995315267,7.94163306647917,1,2
10,23,73,6.60082928019525,3.97451430359544,5.64870724505724,6.09763471537022,7.89834261119507,1,2
10,23,74,6.60082928019525,3.97451430359544,4.19690758633967,5.78166717547919,8.19410873334272,1,2
10,23,76,6.60082928019525,3.97451430359544,3.87486287917444,5.83415428810807,8.3445104964952,1,2
10,23,77,6.60082928019525,3.97451430359544,5.24773284175471,7.19684624621767,8.59255507990306,1,2
10,23,78,6.60082928019525,3.97451430359544,4.50901746615117,6.10544826217124,8.02819955829551,1,2
10,23,80,6.60082928019525,3.97451430359544,6.2502444889335,6.06585143043631,8.19621300038327,1,2
10,23,81,6.60082928019525,3.97451430359544,4.60945263467751,5.28463547764478,7.93390402471829,1,2
10,24,7,6.60082928019525,3.97451430359544,6.18542536357423,5.42740036166336,8.27117754743341,1,2
10,24,9,6.60082928019525,3.97451430359544,6.1482466905518,5.64158618944453,8.52764703917661,1,2
10,24,11,6.60082928019525,3.97451430359544,4.50287199768432,6.05815483354328,7.96785059005757,1,2
10,24,12,6.60082928019525,3.97451430359544,2.55237055288216,6.35374200178546,8.09192221645674,1,2
10,24,13,6.60082928019525,3.97451430359544,3.06546795316406,6.24221111052425,7.95367371173841,1,2
10,24,14,6.60082928019525,3.97451430359544,6.06626243748194,6.76849052950793,8.73224489078346,1,2
10,24,15,6.60082928019525,3.97451430359544,3.69625478148651,6.87356996628948,8.11336427485933,1,2
10,24,18,6.60082928019525,3.97451430359544,6.04084201772929,5.82815309277017,8.24952113786062,1,2
10,24,19,6.60082928019525,3.97451430359544,5.59336157865938,7.23681504876726,8.48332489462462,1,2
10,24,20,6.60082928019525,3.97451430359544,5.34218784906071,5.59736093034295,8.24259276468061,1,2
10,24,25,6.60082928019525,3.97451430359544,4.65743039065219,5.86525162692642,7.92803662952878,1,2
10,24,26,6.60082928019525,3.97451430359544,4.58623202870623,5.75322680787918,7.78188884388179,1,2
10,24,27,6.60082928019525,3.97451430359544,5.90705150425088,6.48075878624655,8.0225954170621,1,2
10,24,29,6.60082928019525,3.97451430359544,6.28951056924659,6.5256627050475,8.40794846759216,1,2
10,24,31,6.60082928019525,3.97451430359544,4.18547340687535,6.04809716294941,8.11671047617748,1,2
10,24,32,6.60082928019525,3.97451430359544,6.18211074184544,6.7581126721755,8.2361724159461,1,2
10,24,33,6.60082928019525,3.97451430359544,5.98554502143377,6.65380272679543,8.08843714344129,1,2
10,24,34,6.60082928019525,3.97451430359544,5.57046851987791,6.20361819170045,8.39787842785433,1,2
10,24,35,6.60082928019525,3.97451430359544,6.85203245739475,6.7318029966778,8.62967153502507,1,2
10,24,36,6.60082928019525,3.97451430359544,6.338713429109,5.96796525182038,7.92996730342517,1,2
10,24,37,6.60082928019525,3.97451430359544,4.30289021034584,6.39142222813184,7.96045079172381,1,2
10,24,39,6.60082928019525,3.97451430359544,4.38868546310232,5.70427931821668,8.03477510375715,1,2
10,24,40,6.60082928019525,3.97451430359544,3.87428123974342,7.02202846669588,8.34778057816112,1,2
10,24,43,6.60082928019525,3.97451430359544,4.5008872874794,5.90715115833493,8.01147831323124,1,2
10,24,48,6.60082928019525,3.97451430359544,4.15215542771339,5.6063597091005,8.04146340501211,1,2
10,24,49,6.60082928019525,3.97451430359544,5.36991118515344,6.23535863097416,7.88454648250047,1,2
10,24,52,6.60082928019525,3.97451430359544,5.62091307537173,5.36651206020828,7.94472109881816,1,2
10,24,53,6.60082928019525,3.97451430359544,5.55627195191033,5.9478012094498,8.29687477298802,1,2
10,24,54,6.60082928019525,3.97451430359544,5.09244690235921,5.37042035182509,7.88651624176902,1,2
10,24,56,6.60082928019525,3.97451430359544,4.63251261616308,5.70548937301637,8.37488839299977,1,2
10,24,58,6.60082928019525,3.97451430359544,5.12542435778124,5.75333208879512,7.91393384317993,1,2
10,24,59,6.60082928019525,3.97451430359544,4.56894852368462,6.0336858794902,8.59666244357242,1,2
10,24,60,6.60082928019525,3.97451430359544,4.65605815045103,6.49315602965017,8.46496337562812,1,2
10,24,63,6.60082928019525,3.97451430359544,3.57727745789135,6.28754359284828,7.98676040812305,1,2
10,24,65,6.60082928019525,3.97451430359544,4.98685200564434,5.23086408599099,7.87666074993647,1,2
10,24,68,6.60082928019525,3.97451430359544,5.74762152154072,5.90157089948053,7.99102060390804,1,2
10,24,73,6.60082928019525,3.97451430359544,2.80405933659977,6.06502731009431,8.15847339156635,1,2
10,24,75,6.60082928019525,3.97451430359544,6.56668561300337,5.84162594185299,8.15571104913041,1,2
10,25,6,6.60082928019525,3.97451430359544,6.02037581328294,6.4281756214389,8.19746132409334,1,2
10,25,7,6.60082928019525,3.97451430359544,5.29224086379689,5.68846784160743,8.0253790570256,1,2
10,25,9,6.60082928019525,3.97451430359544,4.03793918402526,4.59023436771593,8.04433703049452,1,2
10,25,11,6.60082928019525,3.97451430359544,4.86471632206191,6.05148259015671,8.78682867717312,1,2
10,25,12,6.60082928019525,3.97451430359544,5.97057980292357,6.43275731418082,8.43717366172604,1,2
10,25,13,6.60082928019525,3.97451430359544,2.93969572640138,5.77923676434467,8.15657093240064,1,2
10,25,14,6.60082928019525,3.97451430359544,5.29496514322748,6.621481126789,8.33793685518415,1,2
10,25,17,6.60082928019525,3.97451430359544,4.32529083244455,5.73225658416627,8.20510015140274,1,2
10,25,22,6.60082928019525,3.97451430359544,6.36171439364121,5.80376852700042,8.17870256057427,1,2
10,25,25,6.60082928019525,3.97451430359544,5.3666637531499,5.85026939564404,8.42039494209509,1,2
10,25,26,6.60082928019525,3.97451430359544,4.29884265487972,6.01421945696618,8.11753386344972,1,2
10,25,30,6.60082928019525,3.97451430359544,6.36424837671131,6.10924564531825,8.55996997640068,1,2
10,25,31,6.60082928019525,3.97451430359544,4.23628427044133,6.86572110897066,8.20171606652616,1,2
10,25,32,6.60082928019525,3.97451430359544,4.60436941026589,6.35806879475661,8.20403238957228,1,2
10,25,38,6.60082928019525,3.97451430359544,4.96698223600325,5.33058848927235,8.30352738624611,1,2
10,25,39,6.60082928019525,3.97451430359544,4.99753381967812,5.85217030005985,8.06252683813258,1,2
10,25,40,6.60082928019525,3.97451430359544,4.07218600089749,5.33584268035087,8.37506811847673,1,2
10,25,41,6.60082928019525,3.97451430359544,3.13634882589124,5.57208474179631,8.05391698457922,1,2
10,25,42,6.60082928019525,3.97451430359544,3.7452641500504,5.61545288840142,8.29314009416486,1,2
10,25,44,6.60082928019525,3.97451430359544,5.35555054489155,5.98343033017323,8.23943303649192,1,2
10,25,49,6.60082928019525,3.97451430359544,4.55907879959473,6.17574559616227,8.60383743695049,1,2
10,25,53,6.60082928019525,3.97451430359544,5.7254694845004,6.03505135154374,7.99051078809306,1,2
10,25,54,6.60082928019525,3.97451430359544,3.96500237954851,6.44897678292059,8.40045913772674,1,2
10,25,55,6.60082928019525,3.97451430359544,5.08004041634631,6.24533669886187,8.81970990184183,1,2
10,25,56,6.60082928019525,3.97451430359544,5.18715133292986,5.64121093553317,8.08680743357759,1,2
10,25,58,6.60082928019525,3.97451430359544,6.65670311228298,5.69358277215433,8.46040758500147,1,2
10,25,60,6.60082928019525,3.97451430359544,5.82804323359799,5.60580473762353,8.32793105611133,1,2
10,25,61,6.60082928019525,3.97451430359544,5.68795344332195,6.02706979536317,8.53929046039271,1,2
10,26,1,6.60082928019525,3.97451430359544,4.54138873189551,6.66832390895323,8.42816060042123,1,2
10,26,2,6.60082928019525,3.97451430359544,4.11380871320246,6.31650281019842,8.179609054309,1,2
10,26,3,6.60082928019525,3.97451430359544,5.7407457297507,5.81388272050661,8.3356188114472,1,2
10,26,6,6.60082928019525,3.97451430359544,5.03321013201727,6.53957772545515,8.61112673226079,1,2
10,26,7,6.60082928019525,3.97451430359544,3.37182719750674,7.00973935591841,8.71778961024262,1,2
10,26,8,6.60082928019525,3.97451430359544,5.79484076398156,6.1776041753442,8.59034825840572,1,2
10,26,9,6.60082928019525,3.97451430359544,4.29538796823845,7.11301137522833,8.68003814574021,1,2
10,26,10,6.60082928019525,3.97451430359544,6.57101092740158,6.33799071185763,8.38894723477695,1,2
10,26,14,6.60082928019525,3.97451430359544,4.55364099429502,5.86343817783837,8.22865121623339,1,2
10,26,17,6.60082928019525,3.97451430359544,5.08812664923173,5.79070753709352,8.4740779642953,1,2
10,26,20,6.60082928019525,3.97451430359544,4.51925587694615,6.02635528785052,8.09500725917254,1,2
10,26,24,6.60082928019525,3.97451430359544,3.65646156724504,6.31898011886449,8.00486420682327,1,2
10,26,25,6.60082928019525,3.97451430359544,4.71553257403544,5.45124371619858,8.30911832754429,1,2
10,26,30,6.60082928019525,3.97451430359544,4.58852042874342,5.95940064021732,8.29907142398134,1,2
10,26,31,6.60082928019525,3.97451430359544,3.79351388488056,5.42553316135577,7.95585440430152,1,2
10,26,42,6.60082928019525,3.97451430359544,3.34379900460953,5.66856996569562,8.1712442149421,1,2
10,26,43,6.60082928019525,3.97451430359544,3.77474114377113,6.25448087712103,8.46672514823162,1,2
10,26,47,6.60082928019525,3.97451430359544,3.6566270624056,7.27300723203274,8.60009459082976,1,2
10,26,48,6.60082928019525,3.97451430359544,4.96400890261443,5.86667688123409,8.60722236140614,1,2
10,26,49,6.60082928019525,3.97451430359544,6.1870747960194,5.85900719704317,8.29539602213935,1,2
10,26,51,6.60082928019525,3.97451430359544,5.05454556017511,6.60628116773206,8.10427789052826,1,2
10,26,54,6.60082928019525,3.97451430359544,4.26256023818665,6.31443576992913,8.2185898933297,1,2
10,26,56,6.60082928019525,3.97451430359544,6.24065444579854,6.10893030356988,8.52876329284114,1,2
10,26,62,6.60082928019525,3.97451430359544,5.06131775954633,5.90101085806346,8.23768357137627,1,2
10,26,64,6.60082928019525,3.97451430359544,6.85112840215727,5.99277918016565,8.74420257885506,1,2
10,26,65,6.60082928019525,3.97451430359544,4.11309995734451,5.96701793277172,8.1310453018967,1,2
10,26,66,6.60082928019525,3.97451430359544,7.10670818186798,6.6892913573746,8.51245144570647,1,2
10,27,4,6.60082928019525,3.97451430359544,4.05501526287995,5.74186576238725,8.53842758576536,1,2
10,27,5,6.60082928019525,3.97451430359544,4.38974218986922,6.81342554033283,8.63168915576463,1,2
10,27,6,6.60082928019525,3.97451430359544,3.92954528827201,5.07926387424753,8.3031649906089,1,2
10,27,7,6.60082928019525,3.97451430359544,5.02702217701481,6.22440320922484,8.77142540171033,1,2
10,27,9,6.60082928019525,3.97451430359544,5.3804401408891,6.58891922689528,8.74964798103241,1,2
10,27,10,6.60082928019525,3.97451430359544,3.61982250374639,6.43369689261399,8.34617475990696,1,2
10,27,12,6.60082928019525,3.97451430359544,4.82610903933894,6.20184466179849,8.76653433197015,1,2
10,27,13,6.60082928019525,3.97451430359544,5.72379654449495,5.61557455234048,8.54512729693683,1,2
10,27,14,6.60082928019525,3.97451430359544,4.84278781980738,6.35168394194149,8.45649006289871,1,2
10,27,15,6.60082928019525,3.97451430359544,4.26478064373181,4.91225814485565,8.55532898050963,1,2
10,27,17,6.60082928019525,3.97451430359544,3.19643238440172,5.50951007313513,8.20778964783251,1,2
10,27,18,6.60082928019525,3.97451430359544,3.58859605181238,6.18116006577245,8.28155972940754,1,2
10,27,20,6.60082928019525,3.97451430359544,4.51826049988988,6.51013689148248,8.46598314731997,1,2
10,27,21,6.60082928019525,3.97451430359544,6.43855876240433,6.28389087536684,8.63780404682458,1,2
10,27,23,6.60082928019525,3.97451430359544,5.2598177611794,5.66975815102291,8.65586120346602,1,2
10,27,28,6.60082928019525,3.97451430359544,5.60318923277268,5.77131764886929,8.4719689424683,1,2
10,27,29,6.60082928019525,3.97451430359544,5.59546691580641,6.27390089893371,8.78342876114072,1,2
10,27,32,6.60082928019525,3.97451430359544,6.83864024236547,6.00898979797031,8.20648528287777,1,2
10,27,33,6.60082928019525,3.97451430359544,7.12284441124903,6.03266063604617,8.60076996229272,1,2
10,27,36,6.60082928019525,3.97451430359544,4.56904914318245,5.63703291826661,8.40295315980419,1,2
10,27,38,6.60082928019525,3.97451430359544,3.03951353548747,5.32576387505202,8.27304022908559,1,2
10,27,40,6.60082928019525,3.97451430359544,5.39855672211204,6.10188668416351,8.39058567318084,1,2
10,27,43,6.60082928019525,3.97451430359544,4.25195724449692,5.40255225899417,8.63867747709989,1,2
10,27,44,6.60082928019525,3.97451430359544,5.78621017327654,5.65177762845759,8.48453037977809,1,2
10,27,48,6.60082928019525,3.97451430359544,4.94794024776632,5.12209002134788,8.41019457589214,1,2
10,27,51,6.60082928019525,3.97451430359544,6.1912847563688,5.51390357174253,8.46617962167577,1,2
10,27,54,6.60082928019525,3.97451430359544,4.66372379741852,6.160686926775,8.5917172404869,1,2
10,27,56,6.60082928019525,3.97451430359544,3.66023694704059,5.79515094034228,8.35227017034481,1,2
10,27,58,6.60082928019525,3.97451430359544,5.08059311011639,6.56205543898024,9.01219919535804,1,2
10,27,60,6.60082928019525,3.97451430359544,4.08689454475614,5.83923591316764,8.29942677146568,1,2
10,27,62,6.60082928019525,3.97451430359544,4.45898193830201,5.83188578138682,8.32711836600413,1,2
10,27,64,6.60082928019525,3.97451430359544,4.08706567117037,6.15110415351996,8.43094406555069,1,2
10,27,65,6.60082928019525,3.97451430359544,5.71240069515959,6.92263917446237,8.80620036176645,1,2
10,27,66,6.60082928019525,3.97451430359544,6.92553104651378,7.15746899230041,8.98172198121463,1,2
10,27,67,6.60082928019525,3.97451430359544,4.16925762108022,6.08179477068375,8.78107113625751,1,2
10,27,69,6.60082928019525,3.97451430359544,3.75952798469026,5.67488204673064,8.33394857470406,1,2
10,27,71,6.60082928019525,3.97451430359544,3.85055089671217,5.44342602005168,8.30657730177986,1,2
10,27,72,6.60082928019525,3.97451430359544,5.26710633447161,5.43092735220034,8.50550137804186,1,2
10,27,73,6.60082928019525,3.97451430359544,3.99040280658487,5.90543516460318,8.52050063126869,1,2
10,27,75,6.60082928019525,3.97451430359544,7.80032606261003,6.62674356450802,8.98766770285963,1,2
10,27,77,6.60082928019525,3.97451430359544,5.09398975183865,5.87104051713289,8.41825457779599,1,2
10,27,78,6.60082928019525,3.97451430359544,5.33001584545907,6.06031676317209,8.79272402729901,1,2
10,27,79,6.60082928019525,3.97451430359544,5.12082217646766,6.15296142954582,8.24792784366747,1,2
10,27,80,6.60082928019525,3.97451430359544,4.00042242680818,6.04559273238781,8.76767823276702,1,2
10,27,81,6.60082928019525,3.97451430359544,3.97741886639177,4.95033935307064,8.35925442406452,1,2
10,27,82,6.60082928019525,3.97451430359544,4.07639796489908,5.02428997424212,8.09923582529513,1,2
10,27,90,6.60082928019525,3.97451430359544,5.07647732341635,5.52871903207732,8.41074479731443,1,2
10,27,92,6.60082928019525,3.97451430359544,6.49960492683839,5.61721339032194,8.6842898627419,1,2
10,27,97,6.60082928019525,3.97451430359544,3.87801944785933,6.28928615818223,8.66008378525933,1,2
10,27,98,6.60082928019525,3.97451430359544,4.95057795795961,6.77144053132121,8.81287639318808,1,2
10,28,2,6.60082928019525,3.97451430359544,6.07337553556078,6.55120994860306,9.1808506003323,1,2
10,28,3,6.60082928019525,3.97451430359544,4.94456263496559,5.93100390534556,8.55374633335648,1,2
10,28,5,6.60082928019525,3.97451430359544,6.28203149344908,6.29255310183138,8.63168518674738,1,2
10,28,6,6.60082928019525,3.97451430359544,4.68638085992557,5.21801357431745,8.33455019549197,1,2
10,28,8,6.60082928019525,3.97451430359544,4.90894941740264,5.75250177763612,8.66531336495707,1,2
10,28,12,6.60082928019525,3.97451430359544,7.13507544840412,6.07989392636362,8.6778073062063,1,2
10,28,14,6.60082928019525,3.97451430359544,4.98082993524611,5.24924090161315,8.32317633875312,1,2
10,28,19,6.60082928019525,3.97451430359544,3.57313697194607,5.36659280600195,8.12539493268757,1,2
10,28,20,6.60082928019525,3.97451430359544,5.18288849186211,5.33660966476521,8.44792064921052,1,2
10,28,21,6.60082928019525,3.97451430359544,4.76277033383076,5.02883572141529,8.50516028708524,1,2
10,28,24,6.60082928019525,3.97451430359544,6.08336040115177,6.30330888165124,8.66115697265798,1,2
10,28,25,6.60082928019525,3.97451430359544,5.55376492850024,6.11726948058046,8.54285516229018,1,2
10,28,27,6.60082928019525,3.97451430359544,3.72268148436866,5.75878427664438,8.38416033536134,1,2
10,28,28,6.60082928019525,3.97451430359544,4.81042113174677,5.92739038745975,7.694748393495,1,2
10,28,29,6.60082928019525,3.97451430359544,6.73449691206081,5.24566735588454,8.2538405548565,1,2
10,28,31,6.60082928019525,3.97451430359544,6.82018988352476,6.95525876740698,8.82125720759161,1,2
10,28,34,6.60082928019525,3.97451430359544,5.94649115970539,6.24274658322057,9.03770577841274,1,2
10,28,35,6.60082928019525,3.97451430359544,6.0863790352783,6.21987627389183,8.89660591066662,1,2
10,28,41,6.60082928019525,3.97451430359544,6.33625789746295,6.30854436069965,8.8811565437185,1,2
10,28,42,6.60082928019525,3.97451430359544,5.53007056308607,5.28567434070552,8.62958323388254,1,2
10,28,43,6.60082928019525,3.97451430359544,5.59532321122234,6.55608528666615,8.72096158276294,1,2
10,28,47,6.60082928019525,3.97451430359544,5.45938863523521,5.8357769700963,8.62588023486162,1,2
10,28,48,6.60082928019525,3.97451430359544,5.34061517296723,6.29252779610507,8.72567432597546,1,2
10,28,52,6.60082928019525,3.97451430359544,2.83177430309925,6.63329307782055,8.49388898213761,1,2
10,28,54,6.60082928019525,3.97451430359544,6.57104178991816,6.31438606171653,8.97377340631661,1,2
10,28,55,6.60082928019525,3.97451430359544,6.70302416151375,5.84656941065544,8.60375475777528,1,2
10,28,56,6.60082928019525,3.97451430359544,4.00525980399667,5.82987136654623,8.45947670100022,1,2
10,28,57,6.60082928019525,3.97451430359544,4.37579416865372,6.88566606239491,8.63653904914117,1,2
10,28,60,6.60082928019525,3.97451430359544,5.37102423638669,4.92781637079912,8.49871347014623,1,2
10,28,61,6.60082928019525,3.97451430359544,6.12229447352048,6.17815062089421,8.39719548886602,1,2
10,28,62,6.60082928019525,3.97451430359544,5.38365717351194,7.11620930393422,8.81978144087408,1,2
10,28,65,6.60082928019525,3.97451430359544,4.8518971607549,5.33067101134658,8.50993501398943,1,2
10,28,66,6.60082928019525,3.97451430359544,6.15279650405315,5.26214073637932,8.97252835445672,1,2
10,28,67,6.60082928019525,3.97451430359544,3.13262698689871,5.75390038306382,8.0991469876583,1,2
10,28,68,6.60082928019525,3.97451430359544,4.48839564440781,6.13028095908252,8.39998365754666,1,2
10,28,69,6.60082928019525,3.97451430359544,5.5177536058098,6.31688848809653,8.65885409896548,1,2
10,28,70,6.60082928019525,3.97451430359544,5.10691815101251,6.32820517606729,8.20206884182363,1,2
10,28,79,6.60082928019525,3.97451430359544,5.90626941779694,7.06498116898994,8.97538535582806,1,2
10,29,4,6.60082928019525,3.97451430359544,4.37177260390755,7.12199783773307,8.9508261590813,1,2
10,29,5,6.60082928019525,3.97451430359544,5.53950470115534,5.99911532937416,9.01222352385066,1,2
10,29,6,6.60082928019525,3.97451430359544,4.94804745715589,5.57573124523686,8.54693413427569,1,2
10,29,10,6.60082928019525,3.97451430359544,4.02046263903346,7.17396621403748,8.96177056548289,1,2
10,29,12,6.60082928019525,3.97451430359544,3.87480578362352,5.55974464842079,8.42137361621717,1,2
10,29,15,6.60082928019525,3.97451430359544,5.98176755406523,6.77776887563364,8.53394877242455,1,2
10,29,16,6.60082928019525,3.97451430359544,5.61867666310343,5.30654665304811,8.20052053510589,1,2
10,29,17,6.60082928019525,3.97451430359544,5.49563123227123,5.89261256892919,8.9061491628412,1,2
10,29,26,6.60082928019525,3.97451430359544,3.30997153908272,5.650371917697,8.3654932146211,1,2
10,29,34,6.60082928019525,3.97451430359544,6.59523293703407,5.54165792153579,8.97855511652517,1,2
10,29,36,6.60082928019525,3.97451430359544,5.79712845044012,5.62570307318081,9.16054406427278,1,2
10,29,38,6.60082928019525,3.97451430359544,4.85425971699043,6.15173211014841,9.09086620807001,1,2
10,29,41,6.60082928019525,3.97451430359544,6.68566597457836,5.65829644563753,9.19661085797616,1,2
10,29,48,6.60082928019525,3.97451430359544,3.38318763756203,6.33388382169956,9.01356004931278,1,2
10,29,50,6.60082928019525,3.97451430359544,5.943121991965,6.30503106249597,9.0014840013799,1,2
10,29,53,6.60082928019525,3.97451430359544,4.05573592309465,6.22175129087353,9.07539537891094,1,2
10,29,58,6.60082928019525,3.97451430359544,6.02407663890739,6.33152355396444,8.98318198772682,1,2
10,29,59,6.60082928019525,3.97451430359544,6.88676076079905,5.85150152389794,8.7432028033705,1,2
10,29,62,6.60082928019525,3.97451430359544,6.74629804263314,5.69580789577045,8.82186328659496,1,2
10,29,64,6.60082928019525,3.97451430359544,4.65887430577462,6.42753103163186,8.65699102187967,1,2
10,29,68,6.60082928019525,3.97451430359544,5.73363282949629,5.02807790272188,8.4901230485343,1,2
10,29,70,6.60082928019525,3.97451430359544,4.45678291353675,5.27918032970055,8.49312964560643,1,2
10,29,71,6.60082928019525,3.97451430359544,2.91499397424017,5.42479762692354,8.15772957676353,1,2
10,29,73,6.60082928019525,3.97451430359544,4.87831118094131,4.85650132897221,8.62205652827997,1,2
10,30,6,6.60082928019525,3.97451430359544,4.2509771457521,5.30766931901628,8.44433083802696,1,2
10,30,7,6.60082928019525,3.97451430359544,4.76363944050425,5.971978832198,9.01390479991792,1,2
10,30,8,6.60082928019525,3.97451430359544,5.19632845540213,5.88475121220584,8.67855397472687,1,2
10,30,11,6.60082928019525,3.97451430359544,3.58633350812127,7.08449146335412,8.31518902128112,1,2
10,30,13,6.60082928019525,3.97451430359544,4.32888649412016,6.24238899216868,8.85189676881877,1,2
10,30,14,6.60082928019525,3.97451430359544,6.34954959730622,5.67160917971334,9.21338830468652,1,2
10,30,17,6.60082928019525,3.97451430359544,5.68695552407272,5.68762242217634,9.10626601471849,1,2
10,30,19,6.60082928019525,3.97451430359544,4.92250270662837,6.16223547022668,9.0788569456124,1,2
10,30,22,6.60082928019525,3.97451430359544,3.89221942509046,5.29269056142075,8.54470000494813,1,2
10,30,23,6.60082928019525,3.97451430359544,3.98968083981887,5.69350697718031,8.9808550757235,1,2
10,30,25,6.60082928019525,3.97451430359544,4.66937384364281,6.43591442870341,9.23770907243615,1,2
10,30,26,6.60082928019525,3.97451430359544,4.45387272620307,5.94316756406142,8.74751756348199,1,2
10,30,29,6.60082928019525,3.97451430359544,6.14728572084358,5.26102452864107,8.83477941766728,1,2
10,30,30,6.60082928019525,3.97451430359544,4.62485458318152,6.64514106887049,9.03710948176146,1,2
10,30,32,6.60082928019525,3.97451430359544,4.55131480239393,6.20447349251698,8.81109967850756,1,2
10,30,36,6.60082928019525,3.97451430359544,5.71322774081998,6.57891915070261,8.92377629922992,1,2
10,30,38,6.60082928019525,3.97451430359544,5.6024367519771,5.5777824367911,8.85721810864624,1,2
10,30,42,6.60082928019525,3.97451430359544,7.04302096388119,5.92592177631266,9.58921852622051,1,2
10,30,43,6.60082928019525,3.97451430359544,4.11483991181913,5.91634843388551,9.29797769225467,1,2
10,30,46,6.60082928019525,3.97451430359544,4.61343143986579,6.18528788708633,9.13535521563297,1,2
10,30,47,6.60082928019525,3.97451430359544,7.06198871718513,5.34693062379874,8.94737257851094,1,2
10,30,48,6.60082928019525,3.97451430359544,2.89766876327298,6.96409120717181,8.6916868249757,1,2
10,30,49,6.60082928019525,3.97451430359544,4.90305867779952,6.03694071200154,8.75319878771536,1,2
10,30,51,6.60082928019525,3.97451430359544,4.54645517617282,6.17733413607009,8.569229901786,1,2
10,30,52,6.60082928019525,3.97451430359544,3.30695602926608,5.6860231181988,8.26116422768683,1,2
10,30,55,6.60082928019525,3.97451430359544,3.86619218298424,5.85072988618303,9.02348469102439,1,2
10,30,58,6.60082928019525,3.97451430359544,6.22902652406296,7.09175766869282,9.06334230800733,1,2
10,30,59,6.60082928019525,3.97451430359544,4.18428298255199,5.61635868678652,8.29190063694694,1,2
10,30,62,6.60082928019525,3.97451430359544,3.49507174697681,5.66851009660735,9.01968469912798,1,2
10,30,63,6.60082928019525,3.97451430359544,6.15332499952538,6.37355651359543,9.18974878209919,1,2
10,31,1,6.60082928019525,3.97451430359544,5.8159213432056,5.57412450920671,8.42402105248103,1,2
10,31,2,6.60082928019525,3.97451430359544,4.57407363619082,6.3179734879293,8.51446889602819,1,2
10,31,3,6.60082928019525,3.97451430359544,6.36259569257344,6.14203486948707,8.75386765079718,1,2
10,31,8,6.60082928019525,3.97451430359544,6.69434654965335,5.81771568748843,9.13580927153943,1,2
10,31,9,6.60082928019525,3.97451430359544,3.39623844083215,6.85744249411388,8.34785243089476,1,2
10,31,14,6.60082928019525,3.97451430359544,4.63619481858,6.81015607006993,9.13145629782448,1,2
10,31,17,6.60082928019525,3.97451430359544,3.75999897318478,5.58795617837618,8.84221164447677,1,2
10,31,18,6.60082928019525,3.97451430359544,3.7274758287121,5.26459707976878,8.00061241110124,1,2
10,31,19,6.60082928019525,3.97451430359544,5.05481545980044,5.32111338958173,8.97071136014253,1,2
10,31,20,6.60082928019525,3.97451430359544,5.91873278185227,5.4434275741554,8.90837901182627,1,2
10,31,22,6.60082928019525,3.97451430359544,6.88643965910719,6.1732230183148,8.78731402247179,1,2
10,31,24,6.60082928019525,3.97451430359544,5.67881507773091,5.76696866470754,8.8171192336553,1,2
10,31,26,6.60082928019525,3.97451430359544,5.09092988038375,6.11790518030074,8.3133989595171,1,2
10,31,27,6.60082928019525,3.97451430359544,6.91538876249907,6.24140953487241,8.87329632801545,1,2
10,31,28,6.60082928019525,3.97451430359544,4.04178788385889,6.36896871957594,8.83435571100774,1,2
10,31,29,6.60082928019525,3.97451430359544,4.35119276417121,6.15458030663501,8.75324395319483,1,2
10,31,30,6.60082928019525,3.97451430359544,5.72158604697496,5.53613932477726,8.90023322320099,1,2
10,31,31,6.60082928019525,3.97451430359544,5.12256335663357,5.20430855811523,8.53683610189477,1,2
10,31,32,6.60082928019525,3.97451430359544,4.10823205070938,5.97104629025342,8.67728616899885,1,2
10,31,33,6.60082928019525,3.97451430359544,6.93815292931244,6.77171488680951,8.83081708391205,1,2
10,31,34,6.60082928019525,3.97451430359544,3.68432691557372,6.95905332780015,8.47134791685172,1,2
10,31,37,6.60082928019525,3.97451430359544,5.62335318469278,5.90600876395818,8.8415007234551,1,2
10,31,38,6.60082928019525,3.97451430359544,6.05346897422393,6.30995338656722,8.39795654641923,1,2
10,31,39,6.60082928019525,3.97451430359544,6.05406352634444,5.59494392814983,8.92556323894701,1,2
10,31,40,6.60082928019525,3.97451430359544,5.2255255099073,6.34468258546246,8.54893876758671,1,2
10,31,42,6.60082928019525,3.97451430359544,3.55010686146971,6.48920411043442,8.58039610624694,1,2
10,31,49,6.60082928019525,3.97451430359544,5.33674329333928,5.04509605698659,8.68158914872518,1,2
10,31,53,6.60082928019525,3.97451430359544,5.7027167043702,5.60567065992706,8.75151022504856,1,2
10,31,55,6.60082928019525,3.97451430359544,3.81271078123485,5.91989692606318,7.97038431862612,1,2
10,31,57,6.60082928019525,3.97451430359544,4.00343792316323,6.02941298358414,8.55759388835838,1,2
10,31,58,6.60082928019525,3.97451430359544,4.69650078533266,5.63738953152591,8.35326785650531,1,2
10,31,59,6.60082928019525,3.97451430359544,5.34834994990845,5.71598690584342,8.46370918207027,1,2
10,31,60,6.60082928019525,3.97451430359544,6.14625143379931,4.70504207482346,8.67321101693765,1,2
10,31,62,6.60082928019525,3.97451430359544,5.09673695749646,5.61528337715032,8.46573330023606,1,2
10,31,63,6.60082928019525,3.97451430359544,5.04457523715922,5.47832333959863,8.34845500546425,1,2
10,31,66,6.60082928019525,3.97451430359544,6.08024555607808,6.10140588619324,8.65229922058475,1,2
10,31,67,6.60082928019525,3.97451430359544,5.57877785909297,5.3856654712252,8.51737747696454,1,2
10,31,68,6.60082928019525,3.97451430359544,4.87501487075762,5.78636216290832,8.43665255717791,1,2
10,31,69,6.60082928019525,3.97451430359544,4.31083377445765,5.1677058667743,8.4263079440066,1,2
10,31,70,6.60082928019525,3.97451430359544,4.53695894478493,5.49737057520628,9.03221897207653,1,2
10,31,71,6.60082928019525,3.97451430359544,5.54024355238425,5.99308687807836,9.30421135300888,1,2
10,31,75,6.60082928019525,3.97451430359544,4.35255468754315,6.18722909199742,8.84951366045041,1,2
10,31,76,6.60082928019525,3.97451430359544,5.31670761189519,6.1597970806217,8.656394898402,1,2
10,31,78,6.60082928019525,3.97451430359544,4.39437789478356,5.41909133488577,8.81802964715603,1,2
10,31,81,6.60082928019525,3.97451430359544,5.61891060265024,5.17512093409968,8.28626972113901,1,2
10,32,1,6.60082928019525,3.97451430359544,6.21727078086221,5.67366007008061,9.33144080374167,1,2
10,32,2,6.60082928019525,3.97451430359544,6.42265905000643,5.48604752243269,9.06276784460756,1,2
10,32,3,6.60082928019525,3.97451430359544,5.95088204052982,6.08755865815855,9.0787084738703,1,2
10,32,6,6.60082928019525,3.97451430359544,4.21647550675587,5.84239691166206,8.75559188316005,1,2
10,32,7,6.60082928019525,3.97451430359544,5.49093249212966,5.76050389344417,9.15634966823449,1,2
10,32,9,6.60082928019525,3.97451430359544,4.90415603600431,6.14690478269206,9.34334246209238,1,2
10,32,10,6.60082928019525,3.97451430359544,4.95242084090888,5.46975214573601,8.99905350378525,1,2
10,32,25,6.60082928019525,3.97451430359544,5.13279121736635,6.36198105355904,9.22456244960641,1,2
10,32,28,6.60082928019525,3.97451430359544,3.85296916072698,5.70477631350252,9.15241356345207,1,2
10,32,30,6.60082928019525,3.97451430359544,5.30127253098997,6.21894031628329,9.11410326584159,1,2
10,32,31,6.60082928019525,3.97451430359544,5.04737457875555,5.68969562288938,8.78556604348246,1,2
10,32,32,6.60082928019525,3.97451430359544,3.82403638394029,7.35770841415366,9.05700333355325,1,2
10,32,33,6.60082928019525,3.97451430359544,5.49676956264971,6.31261574783533,8.74981864983672,1,2
10,32,34,6.60082928019525,3.97451430359544,4.90572612991383,5.54467549577447,9.15718141888132,1,2
10,32,35,6.60082928019525,3.97451430359544,4.98512213946986,5.86049655605644,9.04520062563777,1,2
10,32,37,6.60082928019525,3.97451430359544,4.9374960416293,5.84997509217351,9.04437565858093,1,2
10,32,38,6.60082928019525,3.97451430359544,3.79801552088988,6.51864046172075,9.06829375237599,1,2
10,32,39,6.60082928019525,3.97451430359544,4.77481877422113,5.8939263070571,9.28817489695817,1,2
10,32,40,6.60082928019525,3.97451430359544,5.97387263877292,5.88718108693113,8.81681419020229,1,2
10,32,41,6.60082928019525,3.97451430359544,5.85852480694592,6.4133386245201,9.0130586278335,1,2
10,32,42,6.60082928019525,3.97451430359544,3.82214072946818,5.69438064861374,9.03578081042938,1,2
10,32,44,6.60082928019525,3.97451430359544,4.68485803349117,5.70503714906128,8.76736362363697,1,2
10,32,45,6.60082928019525,3.97451430359544,4.44388221690888,5.40430203255113,9.22750557026845,1,2
10,32,49,6.60082928019525,3.97451430359544,4.76683292772422,6.69124855769457,9.62717096402904,1,2
10,32,51,6.60082928019525,3.97451430359544,3.95196514299053,6.20572287030445,8.96273119228598,1,2
10,32,52,6.60082928019525,3.97451430359544,7.5291109240947,6.40483913051871,9.09032147335664,1,2
10,32,53,6.60082928019525,3.97451430359544,2.98376331504654,6.27226592981682,8.55501483385717,1,2
10,32,54,6.60082928019525,3.97451430359544,4.66096220357725,6.06773110466781,9.37449377373703,1,2
10,32,55,6.60082928019525,3.97451430359544,4.56035542742903,5.465650591187,8.65464755689675,1,2
10,32,56,6.60082928019525,3.97451430359544,7.21923198128603,5.96193830265583,9.36774758762941,1,2
10,32,57,6.60082928019525,3.97451430359544,4.80190734668366,6.65225417416612,9.06710470882052,1,2
10,32,58,6.60082928019525,3.97451430359544,7.10381850381652,6.1406268829239,9.72942604226696,1,2
10,32,59,6.60082928019525,3.97451430359544,5.16323945607058,5.77019090059459,9.1999093150652,1,2
10,32,61,6.60082928019525,3.97451430359544,4.50483086393997,6.78818265854098,9.4769368062611,1,2
10,32,62,6.60082928019525,3.97451430359544,5.27404054790524,5.02314381257365,9.13942670681948,1,2
10,32,64,6.60082928019525,3.97451430359544,5.36430294877994,6.34977143806362,9.16134061549149,1,2
10,32,67,6.60082928019525,3.97451430359544,5.71395336751765,6.18523098564833,9.16171261966114,1,2
10,32,70,6.60082928019525,3.97451430359544,6.9240539460529,6.17567666738185,9.64688717233342,1,2
10,32,73,6.60082928019525,3.97451430359544,4.66149759149136,6.06047091586996,9.31073233649601,1,2
10,32,75,6.60082928019525,3.97451430359544,5.28916684971362,6.22207740409126,9.30654151449443,1,2
10,32,76,6.60082928019525,3.97451430359544,5.37440595653597,6.24376803991327,9.16437250959327,1,2
10,32,77,6.60082928019525,3.97451430359544,5.25904393989689,6.24585447744711,9.39383049626248,1,2
10,32,78,6.60082928019525,3.97451430359544,4.61291378733019,5.62492019365368,8.94964599525578,1,2
10,32,80,6.60082928019525,3.97451430359544,3.86144667702496,7.01094057204129,9.2686917892631,1,2
10,33,1,6.60082928019525,3.97451430359544,6.14513596553444,5.67877011515843,9.35468893726821,1,2
10,33,6,6.60082928019525,3.97451430359544,3.53755097787554,6.04310967304094,8.87797347506363,1,2
10,33,7,6.60082928019525,3.97451430359544,5.02736592995351,5.9188822933194,9.66130665312992,1,2
10,33,9,6.60082928019525,3.97451430359544,6.86301813088569,6.16917612112834,9.72973524891456,1,2
10,33,11,6.60082928019525,3.97451430359544,6.29451312495551,6.29727108249148,8.91073992865545,1,2
10,33,13,6.60082928019525,3.97451430359544,6.19133485210444,6.3321270613486,9.46042268016883,1,2
10,33,14,6.60082928019525,3.97451430359544,6.04931494479669,6.39542843238822,8.91912527389014,1,2
10,33,15,6.60082928019525,3.97451430359544,4.55063945022154,6.09836451723893,9.25994567409817,1,2
10,33,16,6.60082928019525,3.97451430359544,6.10561554507395,6.4375153961177,9.13261923666298,1,2
10,33,17,6.60082928019525,3.97451430359544,5.25020497757688,6.04578737331695,9.28548385076141,1,2
10,33,18,6.60082928019525,3.97451430359544,4.93543730349015,5.11616143085542,9.45757030174259,1,2
10,33,19,6.60082928019525,3.97451430359544,5.93350474540602,6.90875921645793,9.72057119403365,1,2
10,33,20,6.60082928019525,3.97451430359544,5.53278777764576,5.46285805591386,9.55838814993792,1,2
10,33,21,6.60082928019525,3.97451430359544,4.32210743026102,5.24055147186121,9.39358482999889,1,2
10,33,25,6.60082928019525,3.97451430359544,4.43653854011484,7.06513922665574,9.30086293496087,1,2
10,33,26,6.60082928019525,3.97451430359544,5.68967602690994,6.65754336713032,9.74987582153677,1,2
10,33,30,6.60082928019525,3.97451430359544,5.34185123457977,6.0276170520927,9.25409079913953,1,2
10,33,31,6.60082928019525,3.97451430359544,6.08204301640387,5.73773015104835,9.15131009746497,1,2
10,33,32,6.60082928019525,3.97451430359544,5.43361759058041,5.97755549944044,9.2350353694921,1,2
10,33,34,6.60082928019525,3.97451430359544,4.88452665611007,5.75145356550811,8.6668553597722,1,2
10,33,37,6.60082928019525,3.97451430359544,5.91395523941816,6.56076891073797,9.39879029858559,1,2
10,33,39,6.60082928019525,3.97451430359544,4.14378765232821,6.72303148934851,9.23322524320242,1,2
10,33,46,6.60082928019525,3.97451430359544,3.56009268271992,5.85147024628076,9.34064784915967,1,2
10,33,53,6.60082928019525,3.97451430359544,4.46306845271109,5.13168446914209,9.15578916052194,1,2
10,33,54,6.60082928019525,3.97451430359544,5.84638706808216,5.88945327336083,9.26633383729946,1,2
10,33,56,6.60082928019525,3.97451430359544,5.08503330814585,5.24648151924616,9.21030012285842,1,2
10,33,57,6.60082928019525,3.97451430359544,4.59063704674917,5.59765973377486,9.36719108251616,1,2
10,33,59,6.60082928019525,3.97451430359544,5.58233613427894,6.09137682034165,9.45056497683637,1,2
10,33,63,6.60082928019525,3.97451430359544,7.2538785084697,5.55115325806614,9.95369639990166,1,2
10,33,65,6.60082928019525,3.97451430359544,4.39613699976637,5.7214987882265,8.86132386738397,1,2
10,33,70,6.60082928019525,3.97451430359544,6.56856150778747,6.52021301525471,10.2264930281258,1,2
10,33,71,6.60082928019525,3.97451430359544,6.44466135199977,5.88596588657889,9.34411468126772,1,2
10,33,73,6.60082928019525,3.97451430359544,6.72688434198295,5.47796422633694,9.47802159659339,1,2
10,33,77,6.60082928019525,3.97451430359544,4.96367382253572,5.31033454668603,9.2382281797159,1,2
10,33,78,6.60082928019525,3.97451430359544,5.04347462600942,6.15113206426668,8.97336515650203,1,2
10,33,79,6.60082928019525,3.97451430359544,6.50959663331283,5.92618103798751,9.30698274256593,1,2
10,34,1,6.60082928019525,3.97451430359544,5.77229465036808,6.14744213170419,9.26041577346138,1,2
10,34,2,6.60082928019525,3.97451430359544,5.79960903769369,6.31875165353188,8.9388673990994,1,2
10,34,5,6.60082928019525,3.97451430359544,5.17114829788046,5.86065358201952,9.62460079222942,1,2
10,34,6,6.60082928019525,3.97451430359544,3.72435700598446,6.41221028556047,9.04410833475443,1,2
10,34,7,6.60082928019525,3.97451430359544,5.35084572711076,5.78426193758182,9.31725453065451,1,2
10,34,11,6.60082928019525,3.97451430359544,7.01203629863412,6.20406391578077,9.78466710088083,1,2
10,34,13,6.60082928019525,3.97451430359544,3.41853047269777,6.32491044879642,8.75462264826536,1,2
10,34,14,6.60082928019525,3.97451430359544,5.69139960627063,5.89044524397846,8.58873731746947,1,2
10,34,17,6.60082928019525,3.97451430359544,5.0448713549754,5.69266506234016,9.16134333515313,1,2
10,34,18,6.60082928019525,3.97451430359544,6.97809867109574,5.66771032985305,9.46873682938787,1,2
10,34,21,6.60082928019525,3.97451430359544,5.49326784126168,6.25676122828913,9.5213296052643,1,2
10,34,22,6.60082928019525,3.97451430359544,4.70506594645433,5.42426426804837,9.05832756347406,1,2
10,34,24,6.60082928019525,3.97451430359544,5.08562128509762,6.14310170923405,9.42314538967095,1,2
10,34,26,6.60082928019525,3.97451430359544,4.60479502830815,5.67329180112829,9.35176410012982,1,2
10,34,28,6.60082928019525,3.97451430359544,3.84647267899083,5.86537683713306,8.67598205600214,1,2
10,34,29,6.60082928019525,3.97451430359544,5.52625710128399,6.48081394308993,9.31446602224885,1,2
10,34,30,6.60082928019525,3.97451430359544,4.40584898813736,5.00018979494383,9.19368407737626,1,2
10,34,31,6.60082928019525,3.97451430359544,5.43186068283104,5.68882369498339,9.44800720457125,1,2
10,34,32,6.60082928019525,3.97451430359544,5.55478819322379,6.14704737590999,9.40404228557811,1,2
10,34,33,6.60082928019525,3.97451430359544,5.71833240105858,6.14752302974457,9.74404374803905,1,2
10,34,34,6.60082928019525,3.97451430359544,5.70918365406409,5.19361131085498,9.32670903299284,1,2
10,34,35,6.60082928019525,3.97451430359544,4.58901326943514,5.81157640250477,9.15226505997054,1,2
10,34,42,6.60082928019525,3.97451430359544,4.42262920675445,6.0048088482854,8.71423577810856,1,2
10,34,43,6.60082928019525,3.97451430359544,5.56357275699803,6.09217242067291,9.81373998961231,1,2
10,34,51,6.60082928019525,3.97451430359544,5.55981571935566,5.51454756860739,9.18120291140739,1,2
10,34,53,6.60082928019525,3.97451430359544,4.03507838875109,5.51603412923339,9.32959784096085,1,2
10,34,54,6.60082928019525,3.97451430359544,3.29658590002584,6.44616788505351,9.13640904774064,1,2
10,34,55,6.60082928019525,3.97451430359544,3.01662309402426,5.25307200546557,8.73094257006059,1,2
10,34,59,6.60082928019525,3.97451430359544,3.28581725347471,7.21157488651248,8.68808271510613,1,2
10,34,63,6.60082928019525,3.97451430359544,3.36890132186468,6.01788924134634,8.99606273566508,1,2
10,34,65,6.60082928019525,3.97451430359544,6.00541446684659,5.93042991058126,9.08689759227381,1,2
10,34,68,6.60082928019525,3.97451430359544,5.52124728411508,6.33600568938624,9.386642821639,1,2
10,34,69,6.60082928019525,3.97451430359544,6.26650941813167,5.59522673470437,9.3236853032676,1,2
10,34,72,6.60082928019525,3.97451430359544,5.16270238115341,6.30558708354029,8.83577160725969,1,2
10,34,73,6.60082928019525,3.97451430359544,5.40361958889873,4.90697508157469,9.06011797246231,1,2
10,34,74,6.60082928019525,3.97451430359544,5.18343456452312,5.5205461918564,9.56141371504963,1,2
10,34,78,6.60082928019525,3.97451430359544,4.34627422216244,5.9033763720688,9.28780721918197,1,2
10,34,79,6.60082928019525,3.97451430359544,4.8313391369641,4.66094537865675,9.32465553148725,1,2
10,34,80,6.60082928019525,3.97451430359544,5.52773560238757,6.36262637286347,9.12488200596764,1,2
10,34,81,6.60082928019525,3.97451430359544,5.02567904414972,6.50588029350515,8.8083174995051,1,2
10,34,82,6.60082928019525,3.97451430359544,5.12864305551715,6.13739116521968,9.13188338934022,1,2
10,34,83,6.60082928019525,3.97451430359544,4.77826495024714,6.18121938900854,8.72687266870566,1,2
10,34,84,6.60082928019525,3.97451430359544,6.87202139066322,5.09380195879871,9.15255914421668,1,2
10,34,85,6.60082928019525,3.97451430359544,4.87560518474248,6.29229151281902,9.19284640159961,1,2
10,34,86,6.60082928019525,3.97451430359544,6.05820015061059,4.89156825013793,9.23832297317154,1,2
10,34,89,6.60082928019525,3.97451430359544,5.89188958998124,5.18397535077843,9.28252937975896,1,2
10,35,7,6.60082928019525,3.97451430359544,4.41463187520412,6.6753606361949,9.25957614464249,1,2
10,35,10,6.60082928019525,3.97451430359544,5.61819083697373,6.29059682087414,9.49165264433351,1,2
10,35,11,6.60082928019525,3.97451430359544,4.02177219414771,6.16040961549376,9.45739889458576,1,2
10,35,14,6.60082928019525,3.97451430359544,3.78935020074245,5.75622063766683,9.25141926911013,1,2
10,35,15,6.60082928019525,3.97451430359544,5.50279315764044,5.04283065402275,9.51066373731673,1,2
10,35,16,6.60082928019525,3.97451430359544,5.97714560597201,6.5584375671714,9.67296905052604,1,2
10,35,18,6.60082928019525,3.97451430359544,5.55870182660837,6.01586971684465,9.08709794977837,1,2
10,35,21,6.60082928019525,3.97451430359544,6.1366757974766,6.80013402534065,9.59577135825007,1,2
10,35,22,6.60082928019525,3.97451430359544,5.51815607130256,6.04644063403638,9.42853720722109,1,2
10,35,28,6.60082928019525,3.97451430359544,7.25031760318296,5.78577253299861,9.75795251450926,1,2
10,35,29,6.60082928019525,3.97451430359544,6.37593208574224,6.05807431287542,9.78500585173896,1,2
10,35,31,6.60082928019525,3.97451430359544,3.88979300774232,5.80172830726924,9.51150619153942,1,2
10,35,32,6.60082928019525,3.97451430359544,6.23626250772585,5.69592519183991,9.49807557326017,1,2
10,35,33,6.60082928019525,3.97451430359544,4.53881426952421,6.16552436512588,9.71491557487382,1,2
10,35,35,6.60082928019525,3.97451430359544,5.97038145825637,6.36143372108579,9.463931470497,1,2
10,35,40,6.60082928019525,3.97451430359544,5.42564866233279,6.60453342990475,9.75097975014971,1,2
10,35,44,6.60082928019525,3.97451430359544,4.22459907580328,5.03061837743544,8.8927854494191,1,2
10,35,46,6.60082928019525,3.97451430359544,7.01290582892788,5.72166968363378,9.89673384427827,1,2
10,35,47,6.60082928019525,3.97451430359544,2.81017646199475,6.21286021635197,9.59419974050124,1,2
10,35,51,6.60082928019525,3.97451430359544,4.2338220767824,7.1472501560921,9.69296986177955,1,2
10,35,52,6.60082928019525,3.97451430359544,5.32813759372387,6.36948789305189,9.32625199620793,1,2
10,35,53,6.60082928019525,3.97451430359544,5.59920931344352,6.63559169163391,9.62296640675886,1,2
10,35,54,6.60082928019525,3.97451430359544,3.79936398140403,6.07689530303393,9.11580009158427,1,2
10,35,57,6.60082928019525,3.97451430359544,5.23971081808687,6.44306476693438,9.36212404673719,1,2
10,35,59,6.60082928019525,3.97451430359544,4.63095330108973,6.26540811289741,9.51407146433999,1,2
10,35,60,6.60082928019525,3.97451430359544,4.9554149146646,5.95450638085646,9.51248631717512,1,2
10,35,63,6.60082928019525,3.97451430359544,3.26082142488383,6.92363236371433,8.74593463921346,1,2
10,35,66,6.60082928019525,3.97451430359544,6.66720386896494,5.44551767003431,9.73930689575657,1,2
10,35,67,6.60082928019525,3.97451430359544,3.57305003958595,6.00508500568556,8.99022952031664,1,2
10,35,68,6.60082928019525,3.97451430359544,3.77590420763298,6.12431225657256,9.13136353230117,1,2
10,35,71,6.60082928019525,3.97451430359544,3.39297888002886,5.99482147985845,9.08222785799674,1,2
10,35,72,6.60082928019525,3.97451430359544,4.50370827391185,5.22962657894009,9.37001328796831,1,2
10,35,74,6.60082928019525,3.97451430359544,5.11145879388836,6.56730569364786,9.50736923546949,1,2
10,36,2,6.60082928019525,3.97451430359544,4.22410167079138,5.98016984852767,9.26608311444521,1,2
10,36,3,6.60082928019525,3.97451430359544,4.68220251107294,6.45671942193691,8.89882873659629,1,2
10,36,8,6.60082928019525,3.97451430359544,4.61550546973836,5.87990990459113,9.24743649860189,1,2
10,36,11,6.60082928019525,3.97451430359544,4.96545922040509,6.63943775260233,9.88259027012654,1,2
10,36,12,6.60082928019525,3.97451430359544,5.06471631210667,5.56258207802777,9.1386596723589,1,2
10,36,14,6.60082928019525,3.97451430359544,6.22065846604651,6.27310313209599,9.36108154000951,1,2
10,36,21,6.60082928019525,3.97451430359544,4.60588428417717,6.85791030041271,9.21024548644665,1,2
10,36,22,6.60082928019525,3.97451430359544,4.08315834928997,6.38633608203066,9.33737050769241,1,2
10,36,23,6.60082928019525,3.97451430359544,6.0866501334349,5.86800567843478,9.2631599664732,1,2
10,36,25,6.60082928019525,3.97451430359544,5.44587119042291,6.34979970997231,9.33327668256607,1,2
10,36,26,6.60082928019525,3.97451430359544,4.6350201859673,5.9039712312607,9.17567117162371,1,2
10,36,31,6.60082928019525,3.97451430359544,5.41654723453381,5.48655990891503,9.70932592733491,1,2
10,36,34,6.60082928019525,3.97451430359544,5.69276322230899,6.08039802324951,9.18977579675994,1,2
10,36,35,6.60082928019525,3.97451430359544,5.24797976529647,6.3369881383609,9.5870890736085,1,2
10,36,38,6.60082928019525,3.97451430359544,4.26491277214584,5.91272569508345,8.91438215816238,1,2
10,36,39,6.60082928019525,3.97451430359544,5.73422680970152,6.17074275300624,9.64442620303399,1,2
10,36,45,6.60082928019525,3.97451430359544,5.76858849476584,5.83438443286946,9.61594391753419,1,2
10,36,46,6.60082928019525,3.97451430359544,2.67298304698141,5.43774931426083,8.92722666559145,1,2
10,36,49,6.60082928019525,3.97451430359544,4.19209328288083,6.19292519572313,9.40139595664736,1,2
10,36,50,6.60082928019525,3.97451430359544,4.25306223380105,4.78050052567176,9.11459159533705,1,2
10,36,51,6.60082928019525,3.97451430359544,5.80468527248671,5.80411616776381,9.85576256788081,1,2
10,36,53,6.60082928019525,3.97451430359544,5.62924628679359,5.6596476811575,9.33844684177511,1,2
10,36,55,6.60082928019525,3.97451430359544,6.10718181344392,6.66934967654015,9.61137735479625,1,2
10,36,56,6.60082928019525,3.97451430359544,6.54017525194696,5.86334668624627,9.58598308161043,1,2
10,36,57,6.60082928019525,3.97451430359544,2.94382894750733,5.0302310082788,8.71736050800764,1,2
10,36,59,6.60082928019525,3.97451430359544,3.8189267043327,6.16572260230275,9.42765937202073,1,2
10,36,61,6.60082928019525,3.97451430359544,3.60833903315721,6.54902783504026,9.25559208203528,1,2
10,36,63,6.60082928019525,3.97451430359544,3.81908982070144,5.46406947648189,8.94872979081374,1,2
10,36,65,6.60082928019525,3.97451430359544,5.58890901161556,5.74902292330183,9.92204723697182,1,2
10,36,67,6.60082928019525,3.97451430359544,4.45028946045629,5.79820231882702,9.1612606086421,1,2
10,36,68,6.60082928019525,3.97451430359544,4.44445446286431,5.97476819544899,9.14773978150172,1,2
10,36,70,6.60082928019525,3.97451430359544,4.8223887518791,5.37741060206245,9.56676755082133,1,2
10,36,71,6.60082928019525,3.97451430359544,2.54511873974499,6.05566134784629,9.21678277574243,1,2
10,36,74,6.60082928019525,3.97451430359544,4.52769280627407,6.88216136306011,9.72454022233958,1,2
10,36,76,6.60082928019525,3.97451430359544,5.46899831249478,5.84086857224095,9.38450302534403,1,2
10,36,79,6.60082928019525,3.97451430359544,5.54313548777508,6.26229132670093,9.02917891498753,1,2
10,37,4,6.60082928019525,3.97451430359544,4.90645037903219,5.34946190105624,9.70268143087489,1,2
10,37,7,6.60082928019525,3.97451430359544,5.07770851823752,5.61869545325329,9.22506662414895,1,2
10,37,8,6.60082928019525,3.97451430359544,4.7296316250706,6.31895245749747,9.21479210186384,1,2
10,37,9,6.60082928019525,3.97451430359544,6.03804260627646,4.92442510923502,10.071555857048,1,2
10,37,10,6.60082928019525,3.97451430359544,4.79091850902277,7.10660511687107,9.03679649543389,1,2
10,37,15,6.60082928019525,3.97451430359544,3.94276194746819,6.64732091801846,9.38690852627565,1,2
10,37,17,6.60082928019525,3.97451430359544,5.14149933031381,6.54483055082734,8.85103083639005,1,2
10,37,22,6.60082928019525,3.97451430359544,4.70792999275855,6.62001605801204,9.39225638869897,1,2
10,37,24,6.60082928019525,3.97451430359544,4.86843750646067,6.43073543993891,9.18401320031825,1,2
10,37,26,6.60082928019525,3.97451430359544,5.0627340990073,6.36793229930574,9.33332039814584,1,2
10,37,27,6.60082928019525,3.97451430359544,4.6367513404875,5.69808642901861,9.23277222593377,1,2
10,37,29,6.60082928019525,3.97451430359544,4.36031832108294,6.01295608500775,8.7329836125863,1,2
10,37,34,6.60082928019525,3.97451430359544,6.01529833167235,6.27304293885124,9.29279928652702,1,2
10,37,36,6.60082928019525,3.97451430359544,4.86968195842877,6.50228620456823,9.56373240413254,1,2
10,37,38,6.60082928019525,3.97451430359544,3.85836085516697,6.46529361381467,9.31998583922569,1,2
10,37,39,6.60082928019525,3.97451430359544,5.55121990484458,6.52061825464703,9.18640901112092,1,2
10,37,40,6.60082928019525,3.97451430359544,4.39431011407578,5.43723174242507,9.0261963199366,1,2
10,37,41,6.60082928019525,3.97451430359544,3.3221757292651,5.96817409246724,9.43007040926968,1,2
10,37,47,6.60082928019525,3.97451430359544,5.72801025703959,6.04845388651865,9.97385212682009,1,2
10,37,48,6.60082928019525,3.97451430359544,3.75735680745281,5.54521679893858,9.31306088818875,1,2
10,37,55,6.60082928019525,3.97451430359544,5.79076859533321,5.64690409087698,9.39797781514979,1,2
10,37,57,6.60082928019525,3.97451430359544,5.2923113590028,5.90961948054528,9.83782755780432,1,2
10,37,58,6.60082928019525,3.97451430359544,5.68038668781759,5.45988143869808,9.44584912469133,1,2
10,37,60,6.60082928019525,3.97451430359544,5.23398335664333,5.84413483139767,9.60958851418716,1,2
10,37,62,6.60082928019525,3.97451430359544,4.50932201671029,5.62970792512244,9.17437846405892,1,2
10,37,63,6.60082928019525,3.97451430359544,3.4560180623629,6.10179670089463,9.59328797075993,1,2
10,37,64,6.60082928019525,3.97451430359544,6.02255755338112,6.52163815922518,9.7588522561205,1,2
10,37,68,6.60082928019525,3.97451430359544,4.71577353341291,5.22070606944759,10.2372285728872,1,2
10,37,70,6.60082928019525,3.97451430359544,4.71954705637052,6.21624770037802,9.34879113893471,1,2
10,37,73,6.60082928019525,3.97451430359544,5.23027008815921,5.73503566700885,9.06611059991265,1,2
10,38,4,6.60082928019525,3.97451430359544,5.63386423738596,6.62236074684318,9.89857862666202,1,2
10,38,5,6.60082928019525,3.97451430359544,4.79612533780972,6.63740467898627,10.0334145835312,1,2
10,38,6,6.60082928019525,3.97451430359544,5.96407684169033,6.40712337893714,9.90544991551577,1,2
10,38,11,6.60082928019525,3.97451430359544,5.50919078748501,6.2069958627246,9.36268676005439,1,2
10,38,16,6.60082928019525,3.97451430359544,4.88329751207883,6.39307122950668,9.86158134477554,1,2
10,38,19,6.60082928019525,3.97451430359544,4.84082127466091,6.96569619311506,9.02505868389329,1,2
10,38,20,6.60082928019525,3.97451430359544,3.84220636892148,6.24381343443881,9.75466387438656,1,2
10,38,21,6.60082928019525,3.97451430359544,5.70809626482059,5.91055203277629,9.79444196213713,1,2
10,38,23,6.60082928019525,3.97451430359544,5.17876897464884,5.89593885898747,9.63471696403413,1,2
10,38,25,6.60082928019525,3.97451430359544,4.91830408151536,5.55091861465006,9.46503436985008,1,2
10,38,26,6.60082928019525,3.97451430359544,5.05123524456651,6.02958438731239,10.0089544827045,1,2
10,38,31,6.60082928019525,3.97451430359544,6.13630025273805,5.89289080915161,9.90223407418539,1,2
10,38,33,6.60082928019525,3.97451430359544,4.6924560648675,6.22147466617732,10.0196637070884,1,2
10,38,34,6.60082928019525,3.97451430359544,3.86797235773294,5.60406349703302,9.40086629773841,1,2
10,38,35,6.60082928019525,3.97451430359544,5.08144224028517,5.4398123123899,9.13809294364201,1,2
10,38,37,6.60082928019525,3.97451430359544,4.30102662555352,6.07744602000024,9.28366754418991,1,2
10,38,38,6.60082928019525,3.97451430359544,5.28167045992765,6.28462980720095,9.29792274404718,1,2
10,38,39,6.60082928019525,3.97451430359544,4.75609588495797,5.64347682950726,9.19226968496887,1,2
10,38,40,6.60082928019525,3.97451430359544,6.52662602163771,5.52064332193473,9.72391513655308,1,2
10,38,41,6.60082928019525,3.97451430359544,6.86835520238995,6.6665624555092,9.82487886265046,1,2
10,38,42,6.60082928019525,3.97451430359544,3.36488384871721,5.68281639483055,9.53270802762229,1,2
10,38,44,6.60082928019525,3.97451430359544,4.28484454122228,6.31649925496658,9.81320981710842,1,2
10,38,46,6.60082928019525,3.97451430359544,6.22225999830213,5.54251283824341,9.71353127766051,1,2
10,38,47,6.60082928019525,3.97451430359544,5.94627421837456,5.49488751916449,10.0396217830522,1,2
10,38,48,6.60082928019525,3.97451430359544,5.00198804007362,5.81545501416203,9.94153012519284,1,2
10,38,49,6.60082928019525,3.97451430359544,3.57509492434349,6.32302707267626,8.94675930785512,1,2
10,38,53,6.60082928019525,3.97451430359544,5.10194145608781,6.42649765201701,9.97674680981839,1,2
10,38,54,6.60082928019525,3.97451430359544,5.01669741037647,5.79619003344991,9.93989845375728,1,2
10,38,57,6.60082928019525,3.97451430359544,5.05937005574177,6.14225563503651,10.1796365621676,1,2
10,38,60,6.60082928019525,3.97451430359544,4.0228909123538,5.86935833332369,9.19694680413754,1,2
10,38,61,6.60082928019525,3.97451430359544,3.82332045506183,5.68971014963365,9.5340798861629,1,2
10,38,63,6.60082928019525,3.97451430359544,6.42418352054392,6.55562039797452,9.69741965273475,1,2
10,38,64,6.60082928019525,3.97451430359544,5.25317436371188,5.73677044103256,9.82081872973927,1,2
10,38,65,6.60082928019525,3.97451430359544,5.59055922238171,6.11699174300259,10.186389197403,1,2
10,38,67,6.60082928019525,3.97451430359544,4.22059117770785,6.13548428301718,10.2001520040767,1,2
10,39,3,6.60082928019525,3.97451430359544,4.17770926092664,5.60395118995389,9.73310876361561,1,2
10,39,5,6.60082928019525,3.97451430359544,4.18994710560951,5.21115272647083,9.56558796109718,1,2
10,39,6,6.60082928019525,3.97451430359544,4.6027878688948,7.18437922432756,10.1111298345571,1,2
10,39,7,6.60082928019525,3.97451430359544,4.78209978567942,5.42582310211148,9.24496441717777,1,2
10,39,8,6.60082928019525,3.97451430359544,5.01038627172642,5.09438177303328,9.62644010489713,1,2
10,39,10,6.60082928019525,3.97451430359544,6.15565283248325,5.51869452362802,10.1627737686362,1,2
10,39,12,6.60082928019525,3.97451430359544,3.03120565292567,6.48583999635889,9.61154578747752,1,2
10,39,14,6.60082928019525,3.97451430359544,5.43630045642027,5.69867227171281,9.34941469872572,1,2
10,39,16,6.60082928019525,3.97451430359544,5.89755871510304,5.85622706526401,9.85375294625656,1,2
10,39,17,6.60082928019525,3.97451430359544,4.75771692054162,5.71737946190049,9.93875735432708,1,2
10,39,20,6.60082928019525,3.97451430359544,5.03261274726332,6.38022249023549,9.96695985249852,1,2
10,39,25,6.60082928019525,3.97451430359544,4.1860088668351,6.02134320269953,9.87195172598089,1,2
10,39,26,6.60082928019525,3.97451430359544,4.20641573971261,6.55430343771959,9.65676121201019,1,2
10,39,28,6.60082928019525,3.97451430359544,4.78190714270424,6.57257486399013,9.88904793235676,1,2
10,39,29,6.60082928019525,3.97451430359544,3.07804086276874,6.23376907724312,9.62221142304491,1,2
10,39,34,6.60082928019525,3.97451430359544,3.32978609950889,6.26146742590563,9.83988145200095,1,2
10,39,36,6.60082928019525,3.97451430359544,5.52192003474195,6.164652805234,9.70087774400948,1,2
10,39,37,6.60082928019525,3.97451430359544,6.65706709380634,6.30903507603172,10.459368367754,1,2
10,39,38,6.60082928019525,3.97451430359544,5.26881353915667,6.12459720169676,10.1667584524253,1,2
10,39,39,6.60082928019525,3.97451430359544,5.11919186561423,6.01227342404785,9.94504607152228,1,2
10,39,43,6.60082928019525,3.97451430359544,5.7517550347567,5.09259974348194,9.9679034682158,1,2
10,39,44,6.60082928019525,3.97451430359544,4.37559260789297,6.43791239402317,9.99289012788203,1,2
10,39,45,6.60082928019525,3.97451430359544,4.05994888009924,6.58930981428612,9.53537754404976,1,2
10,39,46,6.60082928019525,3.97451430359544,4.24929009342662,6.71042818188886,10.1093395968999,1,2
10,39,47,6.60082928019525,3.97451430359544,5.6889734562184,5.31439900653386,9.55151100642265,1,2
10,39,48,6.60082928019525,3.97451430359544,5.11674476218542,5.64173856360943,10.3555247622525,1,2
10,39,49,6.60082928019525,3.97451430359544,4.64284965640662,5.69140778635508,10.5971430141941,1,2
10,39,51,6.60082928019525,3.97451430359544,3.20625951311471,5.76514118082509,9.73956528351806,1,2
10,39,54,6.60082928019525,3.97451430359544,6.08818817208728,5.48190547701582,10.0934408134562,1,2
10,39,56,6.60082928019525,3.97451430359544,3.57740330221438,6.18639145468102,9.82030238782965,1,2
10,39,61,6.60082928019525,3.97451430359544,6.16027325125008,6.47826097560435,10.4697528144393,1,2
10,39,62,6.60082928019525,3.97451430359544,4.21745486347554,6.10000903889871,9.74085093303858,1,2
10,39,63,6.60082928019525,3.97451430359544,3.62891849595388,6.52316640417427,9.63047983121924,1,2
10,39,65,6.60082928019525,3.97451430359544,5.68093354780582,6.4220191803418,10.0136083077251,1,2
10,39,66,6.60082928019525,3.97451430359544,3.88731897548831,5.74946506250264,9.85531041917201,1,2
10,39,69,6.60082928019525,3.97451430359544,2.96279749875983,5.80254391901515,9.85443360573228,1,2
10,39,70,6.60082928019525,3.97451430359544,5.09291157775964,5.6443966837843,9.90830412078656,1,2
10,39,74,6.60082928019525,3.97451430359544,4.1766131567118,6.17805571952364,9.36206737719122,1,2
10,39,75,6.60082928019525,3.97451430359544,4.17713599192856,5.12964905450577,9.85206998562386,1,2
10,39,76,6.60082928019525,3.97451430359544,4.86362906311052,6.30004888815196,9.88966939741424,1,2
10,39,77,6.60082928019525,3.97451430359544,4.7846701986521,5.66843560676271,9.53182296773596,1,2
10,39,78,6.60082928019525,3.97451430359544,5.43472027155354,5.82424172548496,9.95293761843549,1,2
10,39,79,6.60082928019525,3.97451430359544,4.70622512511731,6.13005333577581,10.1811396030593,1,2
10,39,80,6.60082928019525,3.97451430359544,5.62346968195624,6.23894935351413,10.252861714065,1,2
10,39,82,6.60082928019525,3.97451430359544,3.33947988038659,5.84724175181118,9.61323370296142,1,2
10,39,84,6.60082928019525,3.97451430359544,4.27900961008596,5.67056972306225,10.1762086478074,1,2
10,39,85,6.60082928019525,3.97451430359544,4.57472651505325,6.32810370217079,9.29165447033503,1,2
10,39,86,6.60082928019525,3.97451430359544,5.14217767147823,6.24694484815383,9.49176827307102,1,2
10,39,88,6.60082928019525,3.97451430359544,5.52196763589564,5.45042288879511,10.1359116348857,1,2
10,39,89,6.60082928019525,3.97451430359544,7.00796454442626,6.04056145677047,9.87081911013312,1,2
10,40,1,6.60082928019525,3.97451430359544,4.72134725976616,7.09116861186403,9.80497995320108,1,2
10,40,2,6.60082928019525,3.97451430359544,5.44229014621574,5.78388965421416,9.83971466969654,1,2
10,40,4,6.60082928019525,3.97451430359544,3.92837100594273,4.60891581672103,9.38861226639964,1,2
10,40,7,6.60082928019525,3.97451430359544,5.84523068570008,5.79939309366703,9.9315747911044,1,2
10,40,8,6.60082928019525,3.97451430359544,6.77496786569413,6.07192879896228,10.1106371262125,1,2
10,40,15,6.60082928019525,3.97451430359544,5.61158884629365,5.69946699139011,10.2044837007191,1,2
10,40,17,6.60082928019525,3.97451430359544,4.64331828508737,5.97731558100354,10.1837333855209,1,2
10,40,18,6.60082928019525,3.97451430359544,4.84364997093853,5.78986592659617,9.55470271479183,1,2
10,40,21,6.60082928019525,3.97451430359544,4.11365442722369,5.55684094223572,9.97801197226688,1,2
10,40,22,6.60082928019525,3.97451430359544,4.81260835047332,6.4394061515073,9.79545194049234,1,2
10,40,23,6.60082928019525,3.97451430359544,4.71733678320606,5.60216563979784,10.4008000801689,1,2
10,40,26,6.60082928019525,3.97451430359544,3.97642265832782,6.45296537168322,9.7062154784203,1,2
10,40,27,6.60082928019525,3.97451430359544,6.65552605280398,5.77758768501503,10.3031962907598,1,2
10,40,28,6.60082928019525,3.97451430359544,4.07341104213368,5.80673001700302,9.96070164654094,1,2
10,40,29,6.60082928019525,3.97451430359544,4.56242190196021,6.65429692533711,9.99178924106762,1,2
10,40,32,6.60082928019525,3.97451430359544,5.92536413016517,6.11908296562949,9.90674896785901,1,2
10,40,36,6.60082928019525,3.97451430359544,5.47077843661939,5.14290626258452,9.75623948608832,1,2
10,40,37,6.60082928019525,3.97451430359544,3.85219121844315,5.88436096524324,9.55919453942941,1,2
10,40,38,6.60082928019525,3.97451430359544,5.14418749923318,5.76289588491694,9.94716203026467,1,2
10,40,39,6.60082928019525,3.97451430359544,4.21745292358183,6.07337862278663,9.53940792179757,1,2
10,40,42,6.60082928019525,3.97451430359544,2.24593907334835,5.82829155794729,9.13124771973606,1,2
10,40,43,6.60082928019525,3.97451430359544,5.34456433063265,5.5272971495784,9.62309917470698,1,2
10,40,44,6.60082928019525,3.97451430359544,5.36522956995424,5.89600570645247,9.30090681143288,1,2
10,40,45,6.60082928019525,3.97451430359544,4.07739121004501,5.46083111498447,9.6713238094143,1,2
10,40,48,6.60082928019525,3.97451430359544,4.91549693410158,6.8565662222715,9.38848001932368,1,2
10,40,52,6.60082928019525,3.97451430359544,4.00751879980114,6.0191683586263,10.0329805611751,1,2
10,40,55,6.60082928019525,3.97451430359544,5.00762765712846,5.89934299640392,8.9920158571379,1,2
10,40,56,6.60082928019525,3.97451430359544,4.7973442052541,6.07837121119067,9.8973840980977,1,2
10,40,57,6.60082928019525,3.97451430359544,7.08039928816978,6.03812353006384,9.8112425999802,1,2
10,40,60,6.60082928019525,3.97451430359544,4.38898480634696,5.34558753033795,9.94127217600225,1,2
10,40,61,6.60082928019525,3.97451430359544,4.42577809392504,6.00216823802925,9.46526168222497,1,2
10,40,62,6.60082928019525,3.97451430359544,4.66228448193868,5.74735885505926,9.35085066059123,1,2
10,40,64,6.60082928019525,3.97451430359544,2.91623785306625,5.92604006050527,9.48222108285969,1,2
10,40,65,6.60082928019525,3.97451430359544,4.16942903793618,5.93445307025596,9.62189181534699,1,2
10,41,6,6.60082928019525,3.97451430359544,4.13232925793859,5.00109524621849,10.0893102117771,1,2
10,41,8,6.60082928019525,3.97451430359544,3.96895873886443,6.28707895912329,10.0513218278363,1,2
10,41,9,6.60082928019525,3.97451430359544,5.96147206578847,5.46367480446316,9.93550258926036,1,2
10,41,11,6.60082928019525,3.97451430359544,4.96884109876197,6.34347831087815,10.55243286382,1,2
10,41,13,6.60082928019525,3.97451430359544,4.08185435937311,5.86662925303156,10.1742909153103,1,2
10,41,15,6.60082928019525,3.97451430359544,5.5332471390246,5.75687181277226,10.5296504746915,1,2
10,41,16,6.60082928019525,3.97451430359544,5.83244954257693,6.50953529022835,10.697572637752,1,2
10,41,17,6.60082928019525,3.97451430359544,5.35338033262903,5.38523419573308,9.52982944569376,1,2
10,41,19,6.60082928019525,3.97451430359544,6.29960605398417,6.04839520044196,10.3018011217285,1,2
10,41,20,6.60082928019525,3.97451430359544,4.69437415861819,5.55772117338741,9.69506952822088,1,2
10,41,23,6.60082928019525,3.97451430359544,6.16394078925432,5.48451010472766,9.76413438077821,1,2
10,41,26,6.60082928019525,3.97451430359544,4.88464132112531,5.82806705422305,10.077348049579,1,2
10,41,27,6.60082928019525,3.97451430359544,4.86221858992311,6.1291445136308,9.89619656118509,1,2
10,41,28,6.60082928019525,3.97451430359544,4.00124514275193,6.49159606989545,10.1790889422322,1,2
10,41,30,6.60082928019525,3.97451430359544,4.65941327819065,5.14492832246878,9.99937745305974,1,2
10,41,31,6.60082928019525,3.97451430359544,5.57765628291201,5.97152354669847,10.6027726395481,1,2
10,41,32,6.60082928019525,3.97451430359544,2.54458276472451,6.51817041244708,9.79933517137699,1,2
10,41,36,6.60082928019525,3.97451430359544,4.37237962074155,6.29471617698483,9.3365035175092,1,2
10,41,37,6.60082928019525,3.97451430359544,6.43527686619063,5.49940474825136,10.5638430593617,1,2
10,41,39,6.60082928019525,3.97451430359544,4.74919571358825,6.11037490325771,9.72469560816761,1,2
10,41,40,6.60082928019525,3.97451430359544,6.30287087469653,5.72373357853326,9.70556366905345,1,2
10,41,42,6.60082928019525,3.97451430359544,4.4401139043645,5.19428088573435,9.83456170516738,1,2
10,41,43,6.60082928019525,3.97451430359544,5.17317391971773,6.03643119081954,9.22675883115746,1,2
10,41,44,6.60082928019525,3.97451430359544,4.49866463711522,6.6823403402298,10.1016096524778,1,2
10,41,45,6.60082928019525,3.97451430359544,6.04030768841757,6.5515631643606,10.0669414819809,1,2
10,41,46,6.60082928019525,3.97451430359544,5.24748371808558,4.89044945864954,10.1657036900065,1,2
10,41,49,6.60082928019525,3.97451430359544,4.98809016842058,6.06263799224526,9.70703093623987,1,2
10,41,52,6.60082928019525,3.97451430359544,4.21059302540558,5.67860212974085,9.39073333142534,1,2
10,41,53,6.60082928019525,3.97451430359544,2.22773713029799,6.18038709847568,10.0545636878431,1,2
10,41,56,6.60082928019525,3.97451430359544,6.38541460493888,6.73362012439911,9.80676341151185,1,2
10,41,58,6.60082928019525,3.97451430359544,5.75002950258035,6.26947020694265,9.98562282823567,1,2
10,41,61,6.60082928019525,3.97451430359544,5.13707547897248,6.37851812079787,9.86349746772903,1,2
10,41,62,6.60082928019525,3.97451430359544,4.45002554453735,5.3831936078856,10.2952372303756,1,2
10,41,64,6.60082928019525,3.97451430359544,4.7287659769525,6.1478447700973,10.0891067076158,1,2
10,41,65,6.60082928019525,3.97451430359544,5.20497994726717,6.01370105280315,10.1051238441585,1,2
10,41,66,6.60082928019525,3.97451430359544,5.14708845373051,7.1882875338942,9.74126196865892,1,2
10,41,68,6.60082928019525,3.97451430359544,4.1670732450488,6.39447921327849,9.13817439872403,1,2
10,41,69,6.60082928019525,3.97451430359544,4.57581525182137,6.56580928238873,10.0250543134453,1,2
10,41,73,6.60082928019525,3.97451430359544,4.05215290699892,5.84015134426087,9.56384312446774,1,2
10,41,74,6.60082928019525,3.97451430359544,5.87657381988291,5.67305194313992,9.98032627887053,1,2
10,41,77,6.60082928019525,3.97451430359544,6.01414835389053,5.64864545054769,10.0918668004825,1,2
10,41,78,6.60082928019525,3.97451430359544,5.67314727140213,6.8819354526132,10.257999228553,1,2
10,41,81,6.60082928019525,3.97451430359544,4.41123321075325,5.29715100363314,9.74211452123863,1,2
10,41,82,6.60082928019525,3.97451430359544,5.644246251813,5.98897516364861,10.3620763776848,1,2
10,41,83,6.60082928019525,3.97451430359544,5.75231324965314,5.89446508830464,10.1110939365331,1,2
10,41,85,6.60082928019525,3.97451430359544,6.95630405846847,4.51368753917268,10.2486090097939,1,2
10,41,86,6.60082928019525,3.97451430359544,5.31586141224214,6.64923592383623,10.4607109016749,1,2
11,1,2,7.14526005203852,3.09088356363387,4.77144727939026,5.5250836438918,2.77513776731833,1,2
11,1,3,7.14526005203852,3.09088356363387,4.70274572522399,6.0720710522252,3.03410560257371,1,2
11,1,5,7.14526005203852,3.09088356363387,7.2123740824539,5.77690372872814,2.72261923598836,1,2
11,1,7,7.14526005203852,3.09088356363387,3.84934961025949,5.53337168893562,2.78417344421665,1,2
11,1,9,7.14526005203852,3.09088356363387,3.44794704190427,5.75297791418733,2.86272710372616,1,2
11,1,13,7.14526005203852,3.09088356363387,5.32856323454227,6.04397060716075,3.009329234145,1,2
11,1,15,7.14526005203852,3.09088356363387,4.37531806907305,6.25459219386126,2.9187606803554,1,2
11,1,17,7.14526005203852,3.09088356363387,5.0936527107547,5.69369401141466,2.76135099405729,1,2
11,1,18,7.14526005203852,3.09088356363387,5.30958400240594,6.14286299274188,3.09607891170152,1,2
11,1,20,7.14526005203852,3.09088356363387,5.21645260213637,6.47909185877073,3.2705669024453,1,2
11,1,21,7.14526005203852,3.09088356363387,5.17473261839525,5.94357664701097,2.97338854468705,1,2
11,1,22,7.14526005203852,3.09088356363387,6.02714365605665,6.21685344974912,3.11140113223686,1,2
11,1,23,7.14526005203852,3.09088356363387,4.26619532227078,6.16575963918038,2.97371525626892,1,2
11,1,24,7.14526005203852,3.09088356363387,3.64443081264421,5.59561945462909,2.79718155153525,1,2
11,1,25,7.14526005203852,3.09088356363387,3.95273596545177,6.23763120318848,2.96814910191044,1,2
11,1,26,7.14526005203852,3.09088356363387,6.39596686315417,5.69506907649091,2.78465634101132,1,2
11,1,30,7.14526005203852,3.09088356363387,4.13064112334185,5.656112533457,2.75233911383688,1,2
11,1,32,7.14526005203852,3.09088356363387,3.61583256678647,6.19773281547597,2.95692958829747,1,2
11,1,33,7.14526005203852,3.09088356363387,3.77714965681067,6.08078742299461,3.05279051633923,1,2
11,1,35,7.14526005203852,3.09088356363387,4.33165785804818,6.45634834953123,3.18589627364516,1,2
11,1,40,7.14526005203852,3.09088356363387,6.61724974713136,5.55423369580488,2.8087314244168,1,2
11,1,42,7.14526005203852,3.09088356363387,7.21570743149861,6.35892386405181,2.95552686491081,1,2
11,1,43,7.14526005203852,3.09088356363387,5.99995505831612,6.47147000871797,3.19679607866285,1,2
11,1,44,7.14526005203852,3.09088356363387,5.951009966408,4.92475302297583,2.54089120183855,1,2
11,1,45,7.14526005203852,3.09088356363387,6.05074078193018,5.3477316420588,2.73854414289288,1,2
11,1,47,7.14526005203852,3.09088356363387,4.96343074747083,6.18103756397791,2.86407835941476,1,2
11,1,50,7.14526005203852,3.09088356363387,5.77040186233956,5.63271936880854,2.74690695204433,1,2
11,1,53,7.14526005203852,3.09088356363387,4.85621962501749,5.36583214758497,2.6404908223272,1,2
11,1,54,7.14526005203852,3.09088356363387,6.53277368754994,5.77157081141158,2.7578516765906,1,2
11,1,56,7.14526005203852,3.09088356363387,2.71969134037208,5.51295723762041,2.71658493310443,1,2
11,1,58,7.14526005203852,3.09088356363387,6.00259627224794,6.75114719721833,3.23869867911104,1,2
11,1,60,7.14526005203852,3.09088356363387,4.91912985837754,6.07492692091791,2.72959984682446,1,2
11,1,61,7.14526005203852,3.09088356363387,3.58496891772059,5.94855273922393,3.03062018731163,1,2
11,1,63,7.14526005203852,3.09088356363387,3.17436995804015,5.88402306830251,2.77432594194217,1,2
11,1,64,7.14526005203852,3.09088356363387,4.60070854106255,5.76708969102602,2.85232214705437,1,2
11,1,65,7.14526005203852,3.09088356363387,6.5677304431941,6.16816361010545,3.07773889981696,1,2
11,2,1,7.14526005203852,3.09088356363387,5.36660926008213,6.90766167289609,4.15720521498509,1,2
11,2,2,7.14526005203852,3.09088356363387,4.11402718677512,5.82827583196106,3.72413288057012,1,2
11,2,4,7.14526005203852,3.09088356363387,4.77304122415241,6.19955232643631,3.76524478497958,1,2
11,2,5,7.14526005203852,3.09088356363387,3.88317140844941,5.57176694945669,3.66154831880109,1,2
11,2,7,7.14526005203852,3.09088356363387,5.84989047791669,6.72964356590902,4.17542621800026,1,2
11,2,12,7.14526005203852,3.09088356363387,5.18812196013021,6.73013815181437,4.07419482329553,1,2
11,2,15,7.14526005203852,3.09088356363387,4.96536092066819,6.83108334719598,4.15445022978029,1,2
11,2,16,7.14526005203852,3.09088356363387,7.50910821251782,5.61823870071325,3.59566911280987,1,2
11,2,17,7.14526005203852,3.09088356363387,6.59001684151369,5.82040022075699,3.57657045151452,1,2
11,2,19,7.14526005203852,3.09088356363387,5.65009990007605,6.22715312534889,3.86973634734808,1,2
11,2,21,7.14526005203852,3.09088356363387,4.19514622093084,6.15454366153396,4.07475569235439,1,2
11,2,23,7.14526005203852,3.09088356363387,4.52223785149947,5.40372850584749,3.67471293647655,1,2
11,2,25,7.14526005203852,3.09088356363387,6.00452445342018,6.29751817864136,3.9084483698452,1,2
11,2,26,7.14526005203852,3.09088356363387,4.34368112155184,6.18820944101496,3.93780075321862,1,2
11,2,29,7.14526005203852,3.09088356363387,4.731295962449,5.32168558551734,3.59552995645089,1,2
11,2,30,7.14526005203852,3.09088356363387,5.04436208767089,6.31946081895961,3.9360449185633,1,2
11,2,34,7.14526005203852,3.09088356363387,5.49260150455794,6.07653559578463,3.78214545956046,1,2
11,2,37,7.14526005203852,3.09088356363387,5.91734101397632,6.19861774298561,3.7905279967722,1,2
11,2,38,7.14526005203852,3.09088356363387,5.50169146693321,5.61227343220769,3.65843955072653,1,2
11,2,39,7.14526005203852,3.09088356363387,6.23515521474804,5.98940811519362,3.72327291523568,1,2
11,2,40,7.14526005203852,3.09088356363387,5.45910419546786,5.82641577418835,3.69966215728628,1,2
11,2,41,7.14526005203852,3.09088356363387,5.78961393892079,5.75781332503115,3.57202059317042,1,2
11,2,43,7.14526005203852,3.09088356363387,6.0130296653705,5.99138298754253,3.74472935258414,1,2
11,2,46,7.14526005203852,3.09088356363387,5.79047160811934,5.53319039174704,3.64302196081848,1,2
11,2,47,7.14526005203852,3.09088356363387,5.26234406100752,5.80069308893355,3.6575917471642,1,2
11,2,49,7.14526005203852,3.09088356363387,5.43792477740965,6.23221018022192,3.86981558925098,1,2
11,2,52,7.14526005203852,3.09088356363387,6.10833539067957,6.45009580468861,4.04596429254395,1,2
11,2,59,7.14526005203852,3.09088356363387,5.16842878475456,5.65232408444044,3.8450984410085,1,2
11,2,63,7.14526005203852,3.09088356363387,5.06340111991432,6.01749290921545,3.81029635256121,1,2
11,2,64,7.14526005203852,3.09088356363387,5.97094746092191,6.16829954216649,3.76862348195594,1,2
11,2,65,7.14526005203852,3.09088356363387,4.93699438702655,5.79193500711956,3.65664788050913,1,2
11,2,66,7.14526005203852,3.09088356363387,5.14770617552861,5.9702634479154,3.67937758291756,1,2
11,2,69,7.14526005203852,3.09088356363387,6.61604205693535,6.17948921487322,3.88110366394412,1,2
11,2,70,7.14526005203852,3.09088356363387,4.88284339035937,5.99709657006867,3.78760375946399,1,2
11,2,71,7.14526005203852,3.09088356363387,8.24892393468471,6.25417028357124,3.94407846894767,1,2
11,2,73,7.14526005203852,3.09088356363387,3.94140202657093,5.05978072129158,3.43974069681052,1,2
11,2,76,7.14526005203852,3.09088356363387,2.96845234610806,6.34404958314946,3.87142737767478,1,2
11,2,82,7.14526005203852,3.09088356363387,6.35663357233619,6.01887176724489,3.93950012746733,1,2
11,3,1,7.14526005203852,3.09088356363387,3.50029412828975,5.93292173778671,4.51663790689363,1,2
11,3,4,7.14526005203852,3.09088356363387,4.47851228057801,5.98974134258745,4.42320358522774,1,2
11,3,8,7.14526005203852,3.09088356363387,5.12013046393478,6.14249676071705,4.57438259063922,1,2
11,3,9,7.14526005203852,3.09088356363387,5.17333597056883,5.5262798621724,4.42977066161586,1,2
11,3,10,7.14526005203852,3.09088356363387,5.72774989036672,5.17424539418697,4.02033897620545,1,2
11,3,11,7.14526005203852,3.09088356363387,4.67457483266231,5.80319155729835,4.30132553161002,1,2
11,3,12,7.14526005203852,3.09088356363387,4.88369414862972,5.59201907635992,4.44537713611789,1,2
11,3,15,7.14526005203852,3.09088356363387,4.3040179910257,5.8852367028121,4.44589952571582,1,2
11,3,16,7.14526005203852,3.09088356363387,4.89485595006616,6.34154926147851,4.63884154717348,1,2
11,3,18,7.14526005203852,3.09088356363387,4.58358475658186,6.17159437945139,4.65762672688837,1,2
11,3,19,7.14526005203852,3.09088356363387,5.83557505081248,6.55014008223913,4.47162847012825,1,2
11,3,20,7.14526005203852,3.09088356363387,5.12731509591873,6.3997257165452,4.71784222331875,1,2
11,3,22,7.14526005203852,3.09088356363387,6.88851517296791,5.51527507436435,4.4338429110432,1,2
11,3,24,7.14526005203852,3.09088356363387,5.39858753693931,5.05448702154693,4.04006300532532,1,2
11,3,29,7.14526005203852,3.09088356363387,5.37908651755814,5.54102633917845,4.37913756367158,1,2
11,3,32,7.14526005203852,3.09088356363387,3.63643761921581,5.46846969080649,4.09385986752034,1,2
11,3,33,7.14526005203852,3.09088356363387,3.97461507867801,6.20127387047647,4.5100754033278,1,2
11,3,34,7.14526005203852,3.09088356363387,4.34418770327012,7.19931885674669,4.94737290624854,1,2
11,3,35,7.14526005203852,3.09088356363387,5.5849706616059,5.77911035061516,4.50143408717768,1,2
11,3,36,7.14526005203852,3.09088356363387,4.51395400414973,5.70581879948379,4.31096487715999,1,2
11,3,38,7.14526005203852,3.09088356363387,4.33811359788499,5.17721073331793,3.95499707262427,1,2
11,3,40,7.14526005203852,3.09088356363387,5.24061069836836,6.18648872351935,4.62034968581373,1,2
11,3,41,7.14526005203852,3.09088356363387,3.76018135926195,5.13260405095794,4.25424538867583,1,2
11,3,42,7.14526005203852,3.09088356363387,3.71503958149311,6.27223470387913,4.49734941230747,1,2
11,3,43,7.14526005203852,3.09088356363387,6.34589609974739,6.23678117601436,4.58131214875019,1,2
11,3,45,7.14526005203852,3.09088356363387,4.16449962123076,6.01173473933809,4.58275222321215,1,2
11,3,47,7.14526005203852,3.09088356363387,3.63075452841335,6.14015450058781,4.60338638976537,1,2
11,3,48,7.14526005203852,3.09088356363387,4.3656516766118,5.62900360648536,4.24689831149487,1,2
11,3,51,7.14526005203852,3.09088356363387,5.7110441344562,5.8368684608025,4.41153395089478,1,2
11,3,52,7.14526005203852,3.09088356363387,5.28920742747508,5.55388993657643,4.37022897286418,1,2
11,3,54,7.14526005203852,3.09088356363387,4.27505785212984,5.30159134896425,4.39177993332283,1,2
11,3,55,7.14526005203852,3.09088356363387,3.85524915068103,5.87248959309214,4.29065795280879,1,2
11,3,58,7.14526005203852,3.09088356363387,4.89702997819155,5.93911120638028,4.51354640107857,1,2
11,3,59,7.14526005203852,3.09088356363387,5.47711720063584,5.73168941861053,4.5182888140733,1,2
11,3,64,7.14526005203852,3.09088356363387,4.73996825498201,6.78734892348646,4.62919888328368,1,2
11,4,3,7.14526005203852,3.09088356363387,5.91973552312333,5.92399762984313,4.82654651652239,1,2
11,4,4,7.14526005203852,3.09088356363387,4.34898755434772,7.00092683933265,5.22554794934804,1,2
11,4,5,7.14526005203852,3.09088356363387,5.36798579765442,6.18078589701601,5.016324989765,1,2
11,4,6,7.14526005203852,3.09088356363387,3.85182391245058,6.14364051531825,4.80925897516577,1,2
11,4,7,7.14526005203852,3.09088356363387,5.67292674118976,5.60265447047714,4.43843791753201,1,2
11,4,16,7.14526005203852,3.09088356363387,5.4100933160336,6.74233557751189,5.14620763230476,1,2
11,4,17,7.14526005203852,3.09088356363387,4.44848528014938,5.42023537496038,4.65137657012162,1,2
11,4,18,7.14526005203852,3.09088356363387,5.1849755925074,5.74334830070041,4.82922777603377,1,2
11,4,19,7.14526005203852,3.09088356363387,5.48472438922148,6.58327063173107,5.03696991185074,1,2
11,4,21,7.14526005203852,3.09088356363387,6.06045993049785,5.79789108571204,4.84514028244654,1,2
11,4,22,7.14526005203852,3.09088356363387,5.07763347639992,6.31456470785307,4.91547285040734,1,2
11,4,23,7.14526005203852,3.09088356363387,6.55060281975312,6.84536917121451,5.19788086433988,1,2
11,4,25,7.14526005203852,3.09088356363387,5.16671380584565,6.6666048132917,5.2810152269346,1,2
11,4,26,7.14526005203852,3.09088356363387,3.5403196929684,6.47723160311116,5.05741876555599,1,2
11,4,28,7.14526005203852,3.09088356363387,6.6293717340229,6.5334298218891,4.89486014639016,1,2
11,4,31,7.14526005203852,3.09088356363387,5.37295138999544,5.0675381766796,4.5769547563176,1,2
11,4,33,7.14526005203852,3.09088356363387,3.84364248396861,6.38498348453691,4.79612453521922,1,2
11,4,34,7.14526005203852,3.09088356363387,5.01347749305823,5.43244934647299,4.49766641452115,1,2
11,4,35,7.14526005203852,3.09088356363387,5.51337423551458,5.58619504232464,4.64028156052062,1,2
11,4,37,7.14526005203852,3.09088356363387,5.6415954531453,5.61530448412405,4.7172747068691,1,2
11,4,40,7.14526005203852,3.09088356363387,5.63646285374585,5.96346032806657,4.82418710836086,1,2
11,4,42,7.14526005203852,3.09088356363387,5.76098050836485,5.84838096879995,4.8067970150037,1,2
11,4,43,7.14526005203852,3.09088356363387,4.77728964748022,5.90472069546906,4.57594790635175,1,2
11,4,47,7.14526005203852,3.09088356363387,6.22395135857549,6.0972074698338,4.91674370759488,1,2
11,4,49,7.14526005203852,3.09088356363387,4.23362165778679,6.57289813125608,5.12113461426245,1,2
11,4,50,7.14526005203852,3.09088356363387,4.95289573702145,5.71956919257417,4.65898357202556,1,2
11,4,51,7.14526005203852,3.09088356363387,4.06773581650395,6.12669362783963,4.69832085001587,1,2
11,4,52,7.14526005203852,3.09088356363387,5.13502125013458,5.95000885585123,4.7411878646658,1,2
11,4,53,7.14526005203852,3.09088356363387,4.24263516876504,7.7504197691735,5.51080095143595,1,2
11,4,54,7.14526005203852,3.09088356363387,6.69285507733857,6.25498005181562,5.00326733565635,1,2
11,4,55,7.14526005203852,3.09088356363387,4.69171615867797,5.98938973418385,4.83215039474757,1,2
11,4,58,7.14526005203852,3.09088356363387,4.49607414063347,5.79687578837459,4.63963605006128,1,2
11,4,59,7.14526005203852,3.09088356363387,4.08421755708656,6.32682748978592,5.04117723068264,1,2
11,4,60,7.14526005203852,3.09088356363387,4.42930594918054,5.28204898181473,4.44967080353786,1,2
11,4,66,7.14526005203852,3.09088356363387,6.92377848813882,5.86539885408283,4.78038598162177,1,2
11,4,67,7.14526005203852,3.09088356363387,4.74365437115783,5.52752201492454,4.71395452070332,1,2
11,5,2,7.14526005203852,3.09088356363387,3.97359560866065,5.79221039437355,5.17847785441778,1,2
11,5,3,7.14526005203852,3.09088356363387,3.92059140455378,5.65934602202294,5.05016479542059,1,2
11,5,6,7.14526005203852,3.09088356363387,5.55316834435855,5.79530100302512,5.21620279850701,1,2
11,5,8,7.14526005203852,3.09088356363387,5.59615251595369,6.22327685202744,5.4036019948764,1,2
11,5,18,7.14526005203852,3.09088356363387,4.21545898882587,6.09391846447417,5.22277268650051,1,2
11,5,19,7.14526005203852,3.09088356363387,4.76259154090729,5.72443194382848,5.18112298175728,1,2
11,5,23,7.14526005203852,3.09088356363387,5.52621018017346,6.68584151089223,5.48197915469494,1,2
11,5,24,7.14526005203852,3.09088356363387,3.30762989593178,6.44549755682061,5.23968340778198,1,2
11,5,26,7.14526005203852,3.09088356363387,3.84575257340086,5.42001522192862,5.00693423654314,1,2
11,5,29,7.14526005203852,3.09088356363387,3.72901466784461,5.93214895713201,5.06250569159172,1,2
11,5,32,7.14526005203852,3.09088356363387,5.23426326004902,5.50037832139262,4.83958726523074,1,2
11,5,33,7.14526005203852,3.09088356363387,5.37833817506025,6.05735892033336,5.18125328776708,1,2
11,5,34,7.14526005203852,3.09088356363387,5.58165724468721,6.35854192794729,5.43250373208714,1,2
11,5,37,7.14526005203852,3.09088356363387,4.76062065849307,6.4944741224925,5.33766566044251,1,2
11,5,38,7.14526005203852,3.09088356363387,5.38263912816373,6.25536370785976,5.42619712705945,1,2
11,5,40,7.14526005203852,3.09088356363387,5.10281784740681,5.86875441639003,5.18619147933863,1,2
11,5,44,7.14526005203852,3.09088356363387,4.72214110188875,5.85962563193418,5.07154661352963,1,2
11,5,46,7.14526005203852,3.09088356363387,5.49264878025532,6.20314657260762,5.48552550636177,1,2
11,5,49,7.14526005203852,3.09088356363387,4.48780584271112,6.1410902129426,5.2848602194246,1,2
11,5,53,7.14526005203852,3.09088356363387,3.91733056051134,5.66275342702638,4.96450306269364,1,2
11,5,55,7.14526005203852,3.09088356363387,6.56540807086795,6.47036747480461,5.38732552163031,1,2
11,5,56,7.14526005203852,3.09088356363387,3.95232788338766,5.57041574309214,5.00721897298299,1,2
11,5,57,7.14526005203852,3.09088356363387,4.43546278838966,6.16085408187652,5.19207437252419,1,2
11,5,58,7.14526005203852,3.09088356363387,4.57490509495678,6.29462982458709,5.55828664115477,1,2
11,5,61,7.14526005203852,3.09088356363387,3.90972976242473,6.01888220039367,5.42427855865592,1,2
11,5,63,7.14526005203852,3.09088356363387,4.17670213055042,5.97247026290543,5.28618390350741,1,2
11,5,64,7.14526005203852,3.09088356363387,5.8113006400971,5.49578278857927,5.04301155217935,1,2
11,5,66,7.14526005203852,3.09088356363387,2.94552080072783,5.63247012485615,5.0522958407673,1,2
11,5,68,7.14526005203852,3.09088356363387,4.69232646969259,4.88686285151503,4.72233496572423,1,2
11,5,71,7.14526005203852,3.09088356363387,7.11907366064771,6.21984237777487,5.36502691470493,1,2
11,5,72,7.14526005203852,3.09088356363387,4.94357595296201,6.62505219769947,5.47261363792199,1,2
11,5,76,7.14526005203852,3.09088356363387,4.11869788708156,5.9499243478107,5.29407441964638,1,2
11,5,78,7.14526005203852,3.09088356363387,4.667481287517,6.39068320963727,5.40394483790438,1,2
11,5,79,7.14526005203852,3.09088356363387,3.88245782001567,5.8633282805441,5.13225232435801,1,2
11,5,81,7.14526005203852,3.09088356363387,6.67293046189925,6.03377567948121,5.35518956880393,1,2
11,5,84,7.14526005203852,3.09088356363387,5.69176009138992,5.87359233596193,5.1853160841491,1,2
11,5,85,7.14526005203852,3.09088356363387,4.6401337395122,5.42270918482951,5.07030227297534,1,2
11,5,86,7.14526005203852,3.09088356363387,5.64978486918601,6.25490511406759,5.30596999810542,1,2
11,5,87,7.14526005203852,3.09088356363387,5.41732245550042,6.50893281556292,5.4954115446287,1,2
11,5,88,7.14526005203852,3.09088356363387,6.3992638948925,6.24776846384206,5.46200913592575,1,2
11,5,89,7.14526005203852,3.09088356363387,5.05780142331802,6.92643793724924,5.50931077526006,1,2
11,5,90,7.14526005203852,3.09088356363387,5.18528447779232,6.33508821641127,5.40433973377808,1,2
11,5,91,7.14526005203852,3.09088356363387,6.39019720561966,6.6903255385865,5.60174547569883,1,2
11,6,1,7.14526005203852,3.09088356363387,4.9543344500113,5.47696651194853,5.3665867301668,1,2
11,6,2,7.14526005203852,3.09088356363387,5.70339167784797,6.10428781917805,5.8306797282577,1,2
11,6,4,7.14526005203852,3.09088356363387,5.10555708413915,6.67164052148562,5.89847464341508,1,2
11,6,5,7.14526005203852,3.09088356363387,5.30974836763858,5.999545935464,5.64321692858247,1,2
11,6,6,7.14526005203852,3.09088356363387,5.15919630200503,6.49067077481417,6.02005666360751,1,2
11,6,11,7.14526005203852,3.09088356363387,5.28309799217523,5.95730025052328,5.7642792228945,1,2
11,6,12,7.14526005203852,3.09088356363387,5.50390377474349,5.31036964693451,5.62197412214915,1,2
11,6,13,7.14526005203852,3.09088356363387,5.41361734018525,5.69249871494801,5.50329667841556,1,2
11,6,16,7.14526005203852,3.09088356363387,3.73920064080604,6.16279033526513,5.60703346793395,1,2
11,6,17,7.14526005203852,3.09088356363387,4.45765132246115,5.54334429249195,5.46375856627456,1,2
11,6,18,7.14526005203852,3.09088356363387,4.97920574431339,5.92211887350924,5.67196723264402,1,2
11,6,26,7.14526005203852,3.09088356363387,5.55214763837309,6.03680626085827,5.65340366699822,1,2
11,6,28,7.14526005203852,3.09088356363387,3.99237664873776,5.60025871433341,5.52718909797194,1,2
11,6,30,7.14526005203852,3.09088356363387,6.59730039049318,5.69091856728502,5.54588331538945,1,2
11,6,32,7.14526005203852,3.09088356363387,4.22066255416863,6.07395712695062,5.60944834093,1,2
11,6,34,7.14526005203852,3.09088356363387,4.20926492033719,5.91364664935937,5.7265979626609,1,2
11,6,35,7.14526005203852,3.09088356363387,5.42626385563082,5.71233690369207,5.6752038881966,1,2
11,6,36,7.14526005203852,3.09088356363387,4.62912975660814,6.16217889208882,5.73925757034067,1,2
11,6,41,7.14526005203852,3.09088356363387,6.15224507458947,6.13926956396417,5.69410331175571,1,2
11,6,42,7.14526005203852,3.09088356363387,4.93941474974201,5.42373114187662,5.56947657227887,1,2
11,6,44,7.14526005203852,3.09088356363387,3.85540242479365,6.36594700354075,5.76039306434111,1,2
11,6,46,7.14526005203852,3.09088356363387,3.92034848398347,5.5666941975183,5.61949644639856,1,2
11,6,47,7.14526005203852,3.09088356363387,5.00090662495204,6.40142154792482,5.71099594660937,1,2
11,6,50,7.14526005203852,3.09088356363387,4.05030828993357,6.14087393174017,5.66865281883582,1,2
11,6,55,7.14526005203852,3.09088356363387,4.8611576199618,6.1641070991325,5.70594406945609,1,2
11,6,56,7.14526005203852,3.09088356363387,3.5821335886652,5.66997614921105,5.49675313804761,1,2
11,6,60,7.14526005203852,3.09088356363387,5.65717984036854,7.15150013998462,6.2309985498227,1,2
11,6,65,7.14526005203852,3.09088356363387,6.83029242219247,5.44382647729878,5.61431943050507,1,2
11,6,69,7.14526005203852,3.09088356363387,6.25017371634241,6.13771856141068,5.75662931963876,1,2
11,6,74,7.14526005203852,3.09088356363387,4.74116203241287,5.23450113956551,5.59205117838961,1,2
11,6,75,7.14526005203852,3.09088356363387,5.75261246739885,6.29545100670185,5.8118439134482,1,2
11,6,77,7.14526005203852,3.09088356363387,5.70147868827991,5.70577539797549,5.44144603423761,1,2
11,6,78,7.14526005203852,3.09088356363387,6.45820550226705,5.25627649484513,5.61243925394877,1,2
11,7,2,7.14526005203852,3.09088356363387,3.38932478580241,6.00830361404554,5.74859928878744,1,2
11,7,3,7.14526005203852,3.09088356363387,4.25506980287974,5.99170951976494,5.84696450577471,1,2
11,7,4,7.14526005203852,3.09088356363387,5.982230319807,5.59321441077565,5.71918247898097,1,2
11,7,7,7.14526005203852,3.09088356363387,6.84167369354011,6.13727519392709,5.90403830236102,1,2
11,7,9,7.14526005203852,3.09088356363387,6.78271353001267,5.31420600256137,5.41572739815167,1,2
11,7,12,7.14526005203852,3.09088356363387,4.95278887271894,6.13988055425364,5.70080130300501,1,2
11,7,13,7.14526005203852,3.09088356363387,3.6492032066759,5.93847529854662,5.83902235409496,1,2
11,7,14,7.14526005203852,3.09088356363387,4.45774699565796,6.38010740205783,6.19119530757829,1,2
11,7,15,7.14526005203852,3.09088356363387,5.56343732071152,6.71322030126844,6.15786265330383,1,2
11,7,16,7.14526005203852,3.09088356363387,5.05501211960084,6.44592448504261,5.81409284202429,1,2
11,7,17,7.14526005203852,3.09088356363387,5.37812763120727,6.53406437559733,6.05300555792897,1,2
11,7,20,7.14526005203852,3.09088356363387,3.71185710769021,5.98722075506046,6.10342735565442,1,2
11,7,21,7.14526005203852,3.09088356363387,5.66664188442139,6.08575670635466,6.15877418485476,1,2
11,7,24,7.14526005203852,3.09088356363387,4.8590665907778,5.85527298039575,5.75060197641662,1,2
11,7,26,7.14526005203852,3.09088356363387,5.44614486614434,5.50217895752447,5.53671962352685,1,2
11,7,27,7.14526005203852,3.09088356363387,6.20138057215183,5.76071784436641,5.71970031504457,1,2
11,7,28,7.14526005203852,3.09088356363387,4.57882853846629,6.9077315155902,6.18942198942192,1,2
11,7,29,7.14526005203852,3.09088356363387,5.13607914038298,5.69372460582009,5.77010225635062,1,2
11,7,32,7.14526005203852,3.09088356363387,5.60252906675396,5.83951848946624,5.94895333555338,1,2
11,7,33,7.14526005203852,3.09088356363387,4.32546109452269,5.5602659256018,5.69658321572933,1,2
11,7,34,7.14526005203852,3.09088356363387,5.38773238265608,5.84526805878418,5.85342613003682,1,2
11,7,35,7.14526005203852,3.09088356363387,5.09089727599153,6.3111702610565,5.82022909174039,1,2
11,7,38,7.14526005203852,3.09088356363387,3.83212000810203,5.20502699345141,5.60735019548086,1,2
11,7,40,7.14526005203852,3.09088356363387,4.82631381530652,5.45404783836449,5.47554049441217,1,2
11,7,41,7.14526005203852,3.09088356363387,4.46099825684857,6.53746342959955,6.05277821052651,1,2
11,7,44,7.14526005203852,3.09088356363387,4.916022299712,6.24687350643419,5.82148529983191,1,2
11,7,47,7.14526005203852,3.09088356363387,3.95458151733073,5.46626182960126,5.63198375214815,1,2
11,7,49,7.14526005203852,3.09088356363387,5.27430681552659,6.32348837784572,6.12155356421631,1,2
11,7,51,7.14526005203852,3.09088356363387,3.8197395117676,5.92651722190744,5.88127929378793,1,2
11,7,53,7.14526005203852,3.09088356363387,4.32035956470967,6.63886256937892,5.90575600546951,1,2
11,7,55,7.14526005203852,3.09088356363387,3.51296888981499,5.49505272135235,5.66105279736776,1,2
11,7,56,7.14526005203852,3.09088356363387,3.09913075247111,5.94689184446144,5.68085751427624,1,2
11,7,57,7.14526005203852,3.09088356363387,3.95309142944302,6.12702155051921,6.00523598844279,1,2
11,7,59,7.14526005203852,3.09088356363387,4.78451564180715,6.04148055024755,5.60189581444988,1,2
11,7,62,7.14526005203852,3.09088356363387,6.07522142135055,6.03221735360552,5.91205085297607,1,2
11,7,63,7.14526005203852,3.09088356363387,6.49895358623633,5.52518802792248,5.71169201921738,1,2
11,7,64,7.14526005203852,3.09088356363387,4.62646592171296,5.98549916227041,5.9037516562395,1,2
11,7,67,7.14526005203852,3.09088356363387,5.53795510810684,5.44410161844915,5.72610417136407,1,2
11,7,68,7.14526005203852,3.09088356363387,5.93247161211208,5.18743786368488,5.4340380536193,1,2
11,7,69,7.14526005203852,3.09088356363387,5.98565793254189,5.81035678320246,5.94770969375254,1,2
11,7,71,7.14526005203852,3.09088356363387,6.23170436022683,6.64992991685622,5.89664434823073,1,2
11,7,74,7.14526005203852,3.09088356363387,3.85461470183536,6.1807066984465,5.80954962824217,1,2
11,7,75,7.14526005203852,3.09088356363387,5.98768020159679,5.45250616323143,5.55273679351115,1,2
11,7,76,7.14526005203852,3.09088356363387,5.14740323953985,5.49593150675884,5.73311534843038,1,2
11,8,4,7.14526005203852,3.09088356363387,4.64254319178786,5.40629905183267,5.95885631911886,1,2
11,8,5,7.14526005203852,3.09088356363387,5.28347521186054,5.73985819098042,5.99049235973342,1,2
11,8,6,7.14526005203852,3.09088356363387,4.50110732895863,6.46572073280751,6.08279322888185,1,2
11,8,7,7.14526005203852,3.09088356363387,5.42647762414458,6.21486218059052,6.11053747784401,1,2
11,8,10,7.14526005203852,3.09088356363387,4.12627128459332,6.45673806681305,6.09390930116043,1,2
11,8,12,7.14526005203852,3.09088356363387,5.74533079083243,5.44715660918595,5.84265068347699,1,2
11,8,13,7.14526005203852,3.09088356363387,3.78012637356431,6.00301377949046,6.01985618631336,1,2
11,8,14,7.14526005203852,3.09088356363387,4.82484291187429,5.53147909637438,5.72426270173412,1,2
11,8,15,7.14526005203852,3.09088356363387,6.6512744674542,5.16918265135805,5.66441032407904,1,2
11,8,17,7.14526005203852,3.09088356363387,5.45376575951643,5.9090099675656,6.01787326632427,1,2
11,8,18,7.14526005203852,3.09088356363387,4.7997400132502,5.55100229162393,5.96710943290425,1,2
11,8,19,7.14526005203852,3.09088356363387,4.79762429885727,6.4534178329212,6.10744664850838,1,2
11,8,21,7.14526005203852,3.09088356363387,4.5468383417981,5.59698926466164,5.72227775785729,1,2
11,8,23,7.14526005203852,3.09088356363387,6.55189822268352,6.37434208389999,6.15253700631031,1,2
11,8,24,7.14526005203852,3.09088356363387,5.03582474168247,6.36629149769463,6.19652016483454,1,2
11,8,25,7.14526005203852,3.09088356363387,6.26954597176609,5.19137111908776,5.54432911104706,1,2
11,8,27,7.14526005203852,3.09088356363387,3.95723447419786,6.52151890319967,6.08569114930939,1,2
11,8,29,7.14526005203852,3.09088356363387,4.95615968154971,5.56173469540353,5.8055165470691,1,2
11,8,30,7.14526005203852,3.09088356363387,5.0038085540941,5.53874265230759,5.88131667614346,1,2
11,8,32,7.14526005203852,3.09088356363387,6.46650825244408,5.98092598652815,5.84408852025994,1,2
11,8,34,7.14526005203852,3.09088356363387,4.32260035035349,6.4539327230756,6.20545386147737,1,2
11,8,35,7.14526005203852,3.09088356363387,4.73209599171456,6.15845436942389,6.04371537271082,1,2
11,8,38,7.14526005203852,3.09088356363387,5.28320850880843,6.4402451739165,6.29438504898161,1,2
11,8,39,7.14526005203852,3.09088356363387,5.6539788826175,5.92602611572869,5.88510680970336,1,2
11,8,40,7.14526005203852,3.09088356363387,3.93383579234406,6.28834199306332,6.23981538911146,1,2
11,8,41,7.14526005203852,3.09088356363387,6.60575697221403,5.94741367439522,5.97533576531931,1,2
11,8,45,7.14526005203852,3.09088356363387,4.9345137340186,6.15135575133649,6.03956090019994,1,2
11,8,46,7.14526005203852,3.09088356363387,5.56124830847925,5.87487389624774,5.77205527323896,1,2
11,8,47,7.14526005203852,3.09088356363387,4.64711003066151,6.04329958926869,5.78090667149469,1,2
11,8,56,7.14526005203852,3.09088356363387,6.02726045007626,5.50166549753281,5.80792991364686,1,2
11,8,57,7.14526005203852,3.09088356363387,4.99943890795454,5.40592535861426,5.62953079803184,1,2
11,8,58,7.14526005203852,3.09088356363387,4.80045579646315,4.73807631407509,5.64479607175305,1,2
11,9,1,7.14526005203852,3.09088356363387,4.41490317006551,6.26677953724932,6.04147215076084,1,2
11,9,3,7.14526005203852,3.09088356363387,4.8480556621227,5.63416182739671,6.00642023457097,1,2
11,9,6,7.14526005203852,3.09088356363387,4.6877482624226,5.44074376657506,5.83560900387089,1,2
11,9,7,7.14526005203852,3.09088356363387,6.05117121828285,5.24758498113922,5.97564361467598,1,2
11,9,9,7.14526005203852,3.09088356363387,6.46458739068151,5.78197092987052,6.11455268190178,1,2
11,9,10,7.14526005203852,3.09088356363387,6.14179191528026,5.97660795300327,6.16390956081334,1,2
11,9,11,7.14526005203852,3.09088356363387,4.99549443663595,5.99390673993109,6.03760723112112,1,2
11,9,12,7.14526005203852,3.09088356363387,4.7821810933993,5.82569515273047,6.02409428588673,1,2
11,9,16,7.14526005203852,3.09088356363387,4.87985693340613,6.03288731684258,6.11015406591642,1,2
11,9,18,7.14526005203852,3.09088356363387,6.15040565051079,6.19963708491391,6.0695499377885,1,2
11,9,19,7.14526005203852,3.09088356363387,6.22729729823835,5.85235941942763,6.15708425522542,1,2
11,9,22,7.14526005203852,3.09088356363387,3.98161073066345,5.44290267997711,6.0228604616263,1,2
11,9,23,7.14526005203852,3.09088356363387,4.88790942463477,5.53582132629611,5.89171673670741,1,2
11,9,24,7.14526005203852,3.09088356363387,5.66239265951937,5.46290357439463,5.98553297996031,1,2
11,9,27,7.14526005203852,3.09088356363387,5.3937591208709,7.26506313055594,6.6726164645846,1,2
11,9,33,7.14526005203852,3.09088356363387,7.14566316452351,6.13065125355583,6.15717433814072,1,2
11,9,34,7.14526005203852,3.09088356363387,4.12743816774515,5.72285259144623,5.99198160876807,1,2
11,9,37,7.14526005203852,3.09088356363387,4.57925920142395,6.24381961578283,6.32456044703188,1,2
11,9,38,7.14526005203852,3.09088356363387,6.24987659914045,6.33099455368431,6.02777844206696,1,2
11,9,40,7.14526005203852,3.09088356363387,7.34410751741956,6.14088840622839,6.32752065411563,1,2
11,9,41,7.14526005203852,3.09088356363387,4.7780368178531,5.50458397772445,5.97067100477644,1,2
11,9,42,7.14526005203852,3.09088356363387,6.07673673875056,5.84352136953345,6.06619417546176,1,2
11,9,43,7.14526005203852,3.09088356363387,5.02898175435981,6.22018274147948,6.20996775339948,1,2
11,9,44,7.14526005203852,3.09088356363387,4.66680700897292,5.63940690783602,6.1093210335594,1,2
11,9,46,7.14526005203852,3.09088356363387,4.53382217885587,6.28424398097646,6.06319041801773,1,2
11,9,47,7.14526005203852,3.09088356363387,4.17087838892956,6.49983341666265,6.40199965536382,1,2
11,9,48,7.14526005203852,3.09088356363387,5.43017035400417,6.05440455087905,6.15515130044462,1,2
11,9,50,7.14526005203852,3.09088356363387,5.31028861176413,5.29733940642829,5.86956908321408,1,2
11,9,51,7.14526005203852,3.09088356363387,4.32293408181717,5.82747128955305,6.18899749995794,1,2
11,9,56,7.14526005203852,3.09088356363387,6.06690538096298,4.74353745173848,5.80415620578405,1,2
11,9,57,7.14526005203852,3.09088356363387,2.75307863953575,6.39043418333088,6.19049523732524,1,2
11,9,58,7.14526005203852,3.09088356363387,4.68173207859942,7.20834859662393,6.48310325431014,1,2
11,9,59,7.14526005203852,3.09088356363387,4.48503480507529,5.80066418556208,5.9790549439512,1,2
11,9,62,7.14526005203852,3.09088356363387,6.06524713277462,5.78250829632162,6.02642934306884,1,2
11,9,65,7.14526005203852,3.09088356363387,3.8048389885512,6.51145082679579,6.16545030556581,1,2
11,9,66,7.14526005203852,3.09088356363387,5.31919979465258,5.76971018919684,5.89449740213934,1,2
11,9,67,7.14526005203852,3.09088356363387,4.88155023017364,5.72627042895076,6.15679258004229,1,2
11,9,69,7.14526005203852,3.09088356363387,4.12227263966944,5.95361444574232,6.06394744722801,1,2
11,9,70,7.14526005203852,3.09088356363387,5.76202889274116,6.18198013908063,6.13855138038007,1,2
11,9,71,7.14526005203852,3.09088356363387,6.13003433038156,5.11025038655187,6.07695296172861,1,2
11,9,72,7.14526005203852,3.09088356363387,5.30372452867213,5.95629574657263,6.20242084483468,1,2
11,9,73,7.14526005203852,3.09088356363387,6.02238695575781,5.95593930088139,5.99601605081201,1,2
11,9,77,7.14526005203852,3.09088356363387,7.27627183441487,6.26489208453656,6.34237703750589,1,2
11,9,80,7.14526005203852,3.09088356363387,4.29627153799619,6.11968155288624,6.17513593198076,1,2
11,9,82,7.14526005203852,3.09088356363387,4.5321429698633,5.7196113793672,5.78727791335188,1,2
11,9,83,7.14526005203852,3.09088356363387,5.77560689687499,5.61317923272033,5.99918574684125,1,2
11,9,90,7.14526005203852,3.09088356363387,3.30689171805847,5.4295978856251,5.66471248643523,1,2
11,9,91,7.14526005203852,3.09088356363387,3.26307497075277,5.76872737069924,6.10421302857661,1,2
11,9,94,7.14526005203852,3.09088356363387,5.66732278551428,5.8540974327367,5.93020396448351,1,2
11,9,95,7.14526005203852,3.09088356363387,5.92963622889195,5.07743909789817,5.84683544033603,1,2
11,9,96,7.14526005203852,3.09088356363387,5.9297069760561,6.21882288962913,6.43579301136604,1,2
11,10,2,7.14526005203852,3.09088356363387,3.53376648182844,5.61398819465677,5.99738912547294,1,2
11,10,3,7.14526005203852,3.09088356363387,5.49477945497053,5.56993426714366,6.16562757847296,1,2
11,10,6,7.14526005203852,3.09088356363387,4.26235965956148,5.76133793096537,6.20288259972478,1,2
11,10,8,7.14526005203852,3.09088356363387,3.58023641249087,6.50527865527997,6.19545086987105,1,2
11,10,11,7.14526005203852,3.09088356363387,5.06904622773326,5.74695066321805,5.95747523017765,1,2
11,10,12,7.14526005203852,3.09088356363387,3.29511041656041,6.05267095329962,6.08473193348483,1,2
11,10,20,7.14526005203852,3.09088356363387,5.31663252314287,6.16442254842842,6.34284189325563,1,2
11,10,23,7.14526005203852,3.09088356363387,5.10834150459373,7.0975504222322,6.63713846173628,1,2
11,10,24,7.14526005203852,3.09088356363387,6.03557497523864,6.31192305774687,6.50823619217934,1,2
11,10,27,7.14526005203852,3.09088356363387,3.43919069449614,6.06665078249906,6.02557165329451,1,2
11,10,31,7.14526005203852,3.09088356363387,5.19462713607111,5.77003081278381,6.23097329279532,1,2
11,10,32,7.14526005203852,3.09088356363387,5.79446790145385,5.58395639136923,6.13255829554728,1,2
11,10,33,7.14526005203852,3.09088356363387,4.1406465528776,5.45009124227852,6.06529860675281,1,2
11,10,34,7.14526005203852,3.09088356363387,4.42189817357836,5.30396970882423,6.06029540564878,1,2
11,10,40,7.14526005203852,3.09088356363387,5.06148196915,6.11504108760352,6.24640689454591,1,2
11,10,41,7.14526005203852,3.09088356363387,4.89536267053762,6.47785597450987,6.55771713963738,1,2
11,10,42,7.14526005203852,3.09088356363387,4.63322278854389,6.36956186191507,6.40297204688109,1,2
11,10,43,7.14526005203852,3.09088356363387,4.80807373445928,5.26195202405365,6.19203781974943,1,2
11,10,44,7.14526005203852,3.09088356363387,4.75093039246532,4.52085200668511,5.90797658904871,1,2
11,10,45,7.14526005203852,3.09088356363387,4.8270624856911,5.34421527569033,6.08870187458962,1,2
11,10,46,7.14526005203852,3.09088356363387,5.19256257090662,6.36467513022095,6.58023139390661,1,2
11,10,48,7.14526005203852,3.09088356363387,5.4531143766117,6.08849580203039,6.18601881715882,1,2
11,10,49,7.14526005203852,3.09088356363387,4.10881139884943,6.51712270369567,6.44191562967268,1,2
11,10,51,7.14526005203852,3.09088356363387,4.28297531823922,4.81744344233235,5.87706591062374,1,2
11,10,52,7.14526005203852,3.09088356363387,4.85138408455843,5.40834510921308,5.97383763389719,1,2
11,10,53,7.14526005203852,3.09088356363387,4.75214520852098,6.53234862468395,6.35290043589714,1,2
11,10,55,7.14526005203852,3.09088356363387,5.8657337767341,6.241351366484,6.25039451360495,1,2
11,10,56,7.14526005203852,3.09088356363387,3.70383069149176,6.53870534857736,6.39822471541188,1,2
11,10,57,7.14526005203852,3.09088356363387,5.85391601998599,5.67444894241696,6.10507439793863,1,2
11,10,60,7.14526005203852,3.09088356363387,5.09155245366671,5.70386295781139,6.13302852429058,1,2
11,10,62,7.14526005203852,3.09088356363387,6.41583191136158,6.2595161411084,6.27725153687287,1,2
11,10,64,7.14526005203852,3.09088356363387,4.94551085274994,5.44127934572058,6.26286526946095,1,2
11,10,65,7.14526005203852,3.09088356363387,4.13315541406828,6.44937745822239,6.25780089717516,1,2
11,10,67,7.14526005203852,3.09088356363387,5.11891879249496,6.18249681389447,6.27990576617519,1,2
11,10,68,7.14526005203852,3.09088356363387,4.93974292324368,6.42903943131614,6.2979458367768,1,2
11,10,69,7.14526005203852,3.09088356363387,5.13998322233407,5.70209291434025,6.31260283690032,1,2
11,10,71,7.14526005203852,3.09088356363387,5.35485134589712,6.37232802686329,6.29524106598195,1,2
11,10,72,7.14526005203852,3.09088356363387,6.71787440925094,6.21625008590077,6.55986074954261,1,2
11,10,74,7.14526005203852,3.09088356363387,5.20894634483107,6.98704361387888,6.44636836770485,1,2
11,10,76,7.14526005203852,3.09088356363387,4.87731537705545,5.92535852452104,6.24860081235047,1,2
11,10,81,7.14526005203852,3.09088356363387,3.52236418288192,5.82211166459156,6.10828955090673,1,2
11,10,85,7.14526005203852,3.09088356363387,3.75528383316208,6.09987202013352,6.15012151133002,1,2
11,10,86,7.14526005203852,3.09088356363387,4.31320012055716,6.33210605266757,6.31768451648947,1,2
11,10,87,7.14526005203852,3.09088356363387,4.21611762164326,5.98675940591998,6.08288277058195,1,2
11,11,2,7.14526005203852,3.09088356363387,5.01027976179709,6.34845277540685,6.68917176221709,1,2
11,11,3,7.14526005203852,3.09088356363387,4.94072171960471,6.1594180995127,6.66531838369513,1,2
11,11,4,7.14526005203852,3.09088356363387,2.89364228791665,6.19574284040446,6.52095706186358,1,2
11,11,12,7.14526005203852,3.09088356363387,5.40095471285617,6.09166000056983,6.32210622412019,1,2
11,11,16,7.14526005203852,3.09088356363387,5.53499219398329,6.33815454046858,6.41825672102537,1,2
11,11,18,7.14526005203852,3.09088356363387,6.23422848003935,6.64219492416546,6.59600347536158,1,2
11,11,21,7.14526005203852,3.09088356363387,5.46652502102892,5.94696707913666,6.41664730186942,1,2
11,11,22,7.14526005203852,3.09088356363387,5.14751423031144,6.71643772982622,6.56863599857511,1,2
11,11,23,7.14526005203852,3.09088356363387,4.90879903211568,6.20021871415078,6.45554320280661,1,2
11,11,27,7.14526005203852,3.09088356363387,6.47231285295551,5.3360224789963,6.03519430434977,1,2
11,11,28,7.14526005203852,3.09088356363387,5.69810530140964,5.40332206221898,6.31160508245166,1,2
11,11,29,7.14526005203852,3.09088356363387,5.4936424052744,5.84615149783165,6.22024270433829,1,2
11,11,30,7.14526005203852,3.09088356363387,4.35153171143315,5.89968030964419,6.24606803024426,1,2
11,11,32,7.14526005203852,3.09088356363387,6.01751803138807,5.88035921776211,6.24646161641954,1,2
11,11,33,7.14526005203852,3.09088356363387,4.2316880738673,5.86149961337002,6.27871820709708,1,2
11,11,34,7.14526005203852,3.09088356363387,5.44180281000384,5.78624442476573,6.38600250255289,1,2
11,11,36,7.14526005203852,3.09088356363387,4.91057755908635,4.64581738182897,5.9784264456339,1,2
11,11,37,7.14526005203852,3.09088356363387,4.9074312999517,6.77061773081486,6.65077169707424,1,2
11,11,40,7.14526005203852,3.09088356363387,4.66732659802543,5.79882060107293,6.34684060296679,1,2
11,11,45,7.14526005203852,3.09088356363387,4.61933372155047,5.53385355154325,6.38294646554897,1,2
11,11,46,7.14526005203852,3.09088356363387,4.14303761330886,6.15767686694418,6.40615221001845,1,2
11,11,47,7.14526005203852,3.09088356363387,5.9746327202694,6.06798936329669,6.39600405443275,1,2
11,11,48,7.14526005203852,3.09088356363387,5.4072707852672,6.26421735958617,6.71118147224564,1,2
11,11,52,7.14526005203852,3.09088356363387,6.42456708080778,6.10156807527052,6.41740370263931,1,2
11,11,54,7.14526005203852,3.09088356363387,5.25590606455352,6.30706571681649,6.47303112504158,1,2
11,11,60,7.14526005203852,3.09088356363387,6.49530049953411,5.52043917415834,6.34369670086355,1,2
11,11,61,7.14526005203852,3.09088356363387,6.05217864515028,6.19012026596413,6.44437861022388,1,2
11,11,62,7.14526005203852,3.09088356363387,4.93435412928115,5.62237927769345,6.23268494985793,1,2
11,11,63,7.14526005203852,3.09088356363387,4.92961449432137,5.71253096095147,5.99764311441823,1,2
11,11,65,7.14526005203852,3.09088356363387,4.73821106518059,7.10200605756951,6.85092936235908,1,2
11,11,66,7.14526005203852,3.09088356363387,5.17226208676253,5.57951703494568,6.35582187193424,1,2
11,11,68,7.14526005203852,3.09088356363387,4.4675145537776,6.03250728059425,6.44513171945017,1,2
11,11,70,7.14526005203852,3.09088356363387,4.78059253701146,5.93058267483999,6.36763625141575,1,2
11,11,71,7.14526005203852,3.09088356363387,4.24032843557104,5.40069743355812,6.16925027707086,1,2
11,12,2,7.14526005203852,3.09088356363387,4.41984164726959,6.225204502001,6.52077176413411,1,2
11,12,3,7.14526005203852,3.09088356363387,5.14400401069223,6.43295640934645,6.51233994346959,1,2
11,12,4,7.14526005203852,3.09088356363387,2.41820991654509,5.7459012187931,6.32009951356082,1,2
11,12,5,7.14526005203852,3.09088356363387,6.52802975582724,6.22930937154209,6.48457156195387,1,2
11,12,9,7.14526005203852,3.09088356363387,4.48563662659598,5.71614973314937,6.28518554317776,1,2
11,12,13,7.14526005203852,3.09088356363387,5.35351347629009,6.29706119914499,6.69298094152978,1,2
11,12,14,7.14526005203852,3.09088356363387,3.99714129111243,7.02293637416348,6.96575821621522,1,2
11,12,16,7.14526005203852,3.09088356363387,4.04959969033678,6.25386437126663,6.47975857117872,1,2
11,12,20,7.14526005203852,3.09088356363387,3.35178402521331,5.05542917296224,6.35000257334634,1,2
11,12,21,7.14526005203852,3.09088356363387,4.51030624657051,7.00318258582539,6.90304814481798,1,2
11,12,26,7.14526005203852,3.09088356363387,3.05308049021573,5.45699987286705,6.1697926707447,1,2
11,12,27,7.14526005203852,3.09088356363387,5.57146244947967,5.73678378250491,6.80979933070091,1,2
11,12,28,7.14526005203852,3.09088356363387,4.509114917219,5.58369196728415,6.2474597806491,1,2
11,12,29,7.14526005203852,3.09088356363387,4.23917783298535,6.08909949366879,6.48929692395173,1,2
11,12,30,7.14526005203852,3.09088356363387,5.24653113292267,6.84772967495647,6.64623160975792,1,2
11,12,32,7.14526005203852,3.09088356363387,4.90932223341379,5.43079614737847,6.19740880645052,1,2
11,12,37,7.14526005203852,3.09088356363387,3.96056762494759,6.40943887147231,6.64738449727218,1,2
11,12,40,7.14526005203852,3.09088356363387,6.41828904033251,6.65158734179595,6.65909497715826,1,2
11,12,43,7.14526005203852,3.09088356363387,5.35001326041149,5.47126321125263,6.15108392443243,1,2
11,12,44,7.14526005203852,3.09088356363387,3.49157187505696,6.55523302323526,6.89598491980399,1,2
11,12,46,7.14526005203852,3.09088356363387,4.90707287375331,5.18471777657899,6.2391707010534,1,2
11,12,48,7.14526005203852,3.09088356363387,4.48958955326617,6.05598289753996,6.51232747048742,1,2
11,12,49,7.14526005203852,3.09088356363387,4.78103064273489,5.53785197107761,6.24685355411842,1,2
11,12,50,7.14526005203852,3.09088356363387,5.50894035756233,6.10840600495932,6.60891046822536,1,2
11,12,51,7.14526005203852,3.09088356363387,4.58882569038925,5.44426283375537,6.39921309703717,1,2
11,12,52,7.14526005203852,3.09088356363387,5.56802616301833,5.65530115857119,6.22346633615764,1,2
11,12,54,7.14526005203852,3.09088356363387,6.65243726941887,5.64053513033719,6.43150536687084,1,2
11,12,55,7.14526005203852,3.09088356363387,6.89456203311596,5.76828956411379,6.38813009245233,1,2
11,12,60,7.14526005203852,3.09088356363387,4.96274655210226,6.09725946024242,6.42146334057752,1,2
11,12,62,7.14526005203852,3.09088356363387,4.5636384653236,5.24162294893791,6.23311100267196,1,2
11,12,63,7.14526005203852,3.09088356363387,5.38499942857443,5.78501888162,6.37098328981251,1,2
11,12,68,7.14526005203852,3.09088356363387,4.52220028535537,5.77010447738054,6.48941925584271,1,2
11,12,69,7.14526005203852,3.09088356363387,3.18857387477369,6.08688607965991,6.42614264896793,1,2
11,12,70,7.14526005203852,3.09088356363387,4.16607467407704,5.26373505633047,6.37711183957731,1,2
11,12,72,7.14526005203852,3.09088356363387,4.97150546312539,5.77788541633294,6.36265661063943,1,2
11,12,73,7.14526005203852,3.09088356363387,4.72645489062717,6.31539210101936,6.69978936156419,1,2
11,12,74,7.14526005203852,3.09088356363387,4.42425681995593,6.3707752978281,6.80997585697617,1,2
11,12,76,7.14526005203852,3.09088356363387,5.59450538996643,6.0118559194723,6.56501057070044,1,2
11,12,77,7.14526005203852,3.09088356363387,4.20254611635781,5.36578359233034,6.46361927623727,1,2
11,12,79,7.14526005203852,3.09088356363387,5.35659189598399,5.82932398688972,6.55341897274987,1,2
11,12,80,7.14526005203852,3.09088356363387,4.17232877754132,6.57630597971396,6.66517091944637,1,2
11,12,82,7.14526005203852,3.09088356363387,4.18000926680879,4.86721694175182,6.05261986203018,1,2
11,12,84,7.14526005203852,3.09088356363387,5.31699465910038,6.11735653379052,6.64629059211117,1,2
11,12,85,7.14526005203852,3.09088356363387,7.52981018662583,6.61649363004496,6.63910822166321,1,2
11,12,87,7.14526005203852,3.09088356363387,4.57822496999987,6.01865758438006,6.49972547406958,1,2
11,12,88,7.14526005203852,3.09088356363387,4.41617179121034,6.34153430796752,6.77846943647035,1,2
11,12,89,7.14526005203852,3.09088356363387,4.04769292410116,5.86136107893654,6.53216696481723,1,2
11,13,1,7.14526005203852,3.09088356363387,3.49616627249896,5.53983602111688,6.47194772742894,1,2
11,13,2,7.14526005203852,3.09088356363387,5.18543597939438,6.54396722942263,6.81328399314257,1,2
11,13,3,7.14526005203852,3.09088356363387,4.29486172369318,6.82991725103007,6.94851042286547,1,2
11,13,4,7.14526005203852,3.09088356363387,3.59306148047685,5.85258627064675,6.6826052119891,1,2
11,13,7,7.14526005203852,3.09088356363387,5.11809292413919,5.42387902054803,6.52435942519039,1,2
11,13,8,7.14526005203852,3.09088356363387,4.90443735025481,6.85863093332562,6.70359738586669,1,2
11,13,11,7.14526005203852,3.09088356363387,5.09465709324365,5.59155090298076,6.57167166628154,1,2
11,13,14,7.14526005203852,3.09088356363387,6.36031009239796,5.95310437387452,7.01582655446508,1,2
11,13,16,7.14526005203852,3.09088356363387,1.81000861539579,5.79413760553702,6.34134005730319,1,2
11,13,19,7.14526005203852,3.09088356363387,5.23125072732632,5.64660652912373,6.53699424721308,1,2
11,13,20,7.14526005203852,3.09088356363387,4.9013633772155,5.90618556443988,6.3980554628108,1,2
11,13,23,7.14526005203852,3.09088356363387,4.77506364278992,6.39524879150537,6.70701942402457,1,2
11,13,27,7.14526005203852,3.09088356363387,5.82006659013614,5.74148700642425,6.6232274973214,1,2
11,13,28,7.14526005203852,3.09088356363387,5.94661478100241,5.22767349284772,6.50579797582951,1,2
11,13,32,7.14526005203852,3.09088356363387,8.26054402587883,5.20170453951501,6.73777619453062,1,2
11,13,33,7.14526005203852,3.09088356363387,4.26759809101508,6.31852319445948,6.72535677724001,1,2
11,13,38,7.14526005203852,3.09088356363387,4.84126818122153,5.17432496245114,6.50289692247235,1,2
11,13,39,7.14526005203852,3.09088356363387,7.13900761655937,6.07649645783918,6.71113217694286,1,2
11,13,40,7.14526005203852,3.09088356363387,4.56881245359661,5.14530781862502,6.283600011361,1,2
11,13,41,7.14526005203852,3.09088356363387,3.54616207318006,5.05871596493337,6.37125452141226,1,2
11,13,43,7.14526005203852,3.09088356363387,5.88195337080161,6.47532495208633,6.74721140980896,1,2
11,13,45,7.14526005203852,3.09088356363387,7.0592423837102,5.62693624053801,6.58329397524057,1,2
11,13,47,7.14526005203852,3.09088356363387,5.70693601065932,6.51325788848603,6.80011105295126,1,2
11,13,49,7.14526005203852,3.09088356363387,5.00935004049855,5.62182925051728,6.71477640230239,1,2
11,13,52,7.14526005203852,3.09088356363387,4.35253839693519,6.04022647478487,6.6711811597563,1,2
11,13,53,7.14526005203852,3.09088356363387,5.67713720849048,5.61817077636845,6.56350529553218,1,2
11,13,54,7.14526005203852,3.09088356363387,3.59391771275177,5.81636455569059,6.39396322099274,1,2
11,13,57,7.14526005203852,3.09088356363387,5.55534398012581,5.47606184088272,6.48253490742325,1,2
11,13,59,7.14526005203852,3.09088356363387,5.82537468281287,6.8721353512555,6.9835485644382,1,2
11,13,62,7.14526005203852,3.09088356363387,2.20863107747921,5.63280605859318,6.66646334886192,1,2
11,13,63,7.14526005203852,3.09088356363387,5.11985902610805,6.14707718467761,6.77617211652011,1,2
11,13,64,7.14526005203852,3.09088356363387,4.8721465466926,6.48951104088981,6.69558950084124,1,2
11,13,65,7.14526005203852,3.09088356363387,5.27712214479068,5.31156158630735,6.47202157592157,1,2
11,13,66,7.14526005203852,3.09088356363387,4.72310027123799,6.18720878666079,6.69488782487113,1,2
11,13,67,7.14526005203852,3.09088356363387,4.89680726444503,6.14581685812819,6.79162528363104,1,2
11,13,69,7.14526005203852,3.09088356363387,6.54091246048219,6.29798251334356,6.88703342899705,1,2
11,13,71,7.14526005203852,3.09088356363387,6.15575209188568,6.22459704490777,6.96348665376562,1,2
11,13,73,7.14526005203852,3.09088356363387,3.86164419382837,5.73123847888483,6.60769640473116,1,2
11,14,1,7.14526005203852,3.09088356363387,4.60634625772302,6.20783356429161,6.61281238841421,1,2
11,14,6,7.14526005203852,3.09088356363387,4.88029971769815,7.05350101112377,7.14398811934245,1,2
11,14,7,7.14526005203852,3.09088356363387,3.16367504032047,6.4639808957145,6.9314127532155,1,2
11,14,10,7.14526005203852,3.09088356363387,4.05489214573447,6.3620914073386,7.18859854981683,1,2
11,14,13,7.14526005203852,3.09088356363387,6.19518518194002,6.63555235342683,7.06482089228077,1,2
11,14,18,7.14526005203852,3.09088356363387,4.79571168061899,5.92008734337144,6.90851602928536,1,2
11,14,19,7.14526005203852,3.09088356363387,3.38431192334818,5.73134708772761,6.78487442846793,1,2
11,14,20,7.14526005203852,3.09088356363387,6.22143282217717,5.66140942804991,6.71234420175302,1,2
11,14,22,7.14526005203852,3.09088356363387,4.76750075237768,6.17166933616097,6.85756162203133,1,2
11,14,24,7.14526005203852,3.09088356363387,3.23840612709929,5.54895698529014,6.44917365287489,1,2
11,14,25,7.14526005203852,3.09088356363387,5.83010719956063,7.10271313488279,7.04074122611099,1,2
11,14,26,7.14526005203852,3.09088356363387,3.02366051959078,6.14936892994123,6.93980916855917,1,2
11,14,27,7.14526005203852,3.09088356363387,6.33851969452845,6.52178237427514,7.37587804257294,1,2
11,14,29,7.14526005203852,3.09088356363387,4.8156998069904,6.15141518951445,6.86817828585452,1,2
11,14,35,7.14526005203852,3.09088356363387,5.10223635987406,4.79204560043569,6.33143561512129,1,2
11,14,36,7.14526005203852,3.09088356363387,5.71480993654005,6.36327136766171,6.99861921008337,1,2
11,14,37,7.14526005203852,3.09088356363387,5.89871607855916,5.71802986120124,6.6820603332358,1,2
11,14,38,7.14526005203852,3.09088356363387,4.10153816899188,5.66668704065224,6.52096728752424,1,2
11,14,43,7.14526005203852,3.09088356363387,5.43359487879923,6.00446767416311,6.83913554712659,1,2
11,14,44,7.14526005203852,3.09088356363387,5.5653299536299,6.32114682633024,6.55335115453834,1,2
11,14,50,7.14526005203852,3.09088356363387,3.55570530192833,6.20519786841824,6.91983487207893,1,2
11,14,51,7.14526005203852,3.09088356363387,4.11884557789216,6.4386326104732,6.64867795636217,1,2
11,14,53,7.14526005203852,3.09088356363387,4.87898564683596,6.5831912675148,6.89641373350734,1,2
11,14,55,7.14526005203852,3.09088356363387,2.93644917383711,5.87638434786517,6.44911840227413,1,2
11,14,57,7.14526005203852,3.09088356363387,4.83859191528402,5.7867927226116,6.94913255543465,1,2
11,15,3,7.14526005203852,3.09088356363387,5.75134446280004,5.00866523510425,6.52520955916593,1,2
11,15,4,7.14526005203852,3.09088356363387,5.48204963752088,6.15270299418562,6.64388683162255,1,2
11,15,8,7.14526005203852,3.09088356363387,3.2836118305411,6.55615881316397,7.04382193438433,1,2
11,15,9,7.14526005203852,3.09088356363387,5.28516411235175,6.40197548963585,6.76708680707368,1,2
11,15,11,7.14526005203852,3.09088356363387,4.65257644251448,6.17816591860049,7.32194070312055,1,2
11,15,16,7.14526005203852,3.09088356363387,4.15584964141109,5.7373179321263,6.79327772187808,1,2
11,15,22,7.14526005203852,3.09088356363387,4.94381666663726,5.62256188124157,6.70133861655046,1,2
11,15,23,7.14526005203852,3.09088356363387,5.73783141907563,5.23183382343329,6.70754090426178,1,2
11,15,29,7.14526005203852,3.09088356363387,4.78022788091008,6.44660489386759,7.01029966851862,1,2
11,15,30,7.14526005203852,3.09088356363387,5.12441100859199,5.5297595950913,6.3956907988457,1,2
11,15,31,7.14526005203852,3.09088356363387,5.43641904099641,4.32202792380577,6.69376976961818,1,2
11,15,32,7.14526005203852,3.09088356363387,6.03721532051797,5.78973375890374,6.89591414799238,1,2
11,15,37,7.14526005203852,3.09088356363387,3.00033040532647,6.00571707702543,6.786415856455,1,2
11,15,38,7.14526005203852,3.09088356363387,5.43984754627719,6.39464901517073,6.99334048876363,1,2
11,15,39,7.14526005203852,3.09088356363387,2.98472715168555,6.02185479958379,6.77435394728734,1,2
11,15,42,7.14526005203852,3.09088356363387,5.6863451563628,6.2249322725979,7.07097001252553,1,2
11,15,45,7.14526005203852,3.09088356363387,4.22073228841064,6.96045331643966,7.32576351713902,1,2
11,15,47,7.14526005203852,3.09088356363387,5.18987706294062,5.39150680035895,6.629896758776,1,2
11,15,48,7.14526005203852,3.09088356363387,3.68850491639907,5.89895720903709,6.82833491596651,1,2
11,15,50,7.14526005203852,3.09088356363387,5.48153823001925,6.17871868726955,6.87803116977457,1,2
11,15,54,7.14526005203852,3.09088356363387,7.3036941106341,6.17898842965638,6.89496159694715,1,2
11,15,56,7.14526005203852,3.09088356363387,5.01774538607376,6.08531119439394,6.91575318067595,1,2
11,15,57,7.14526005203852,3.09088356363387,5.16543270195452,6.31075822369302,6.93280324836875,1,2
11,15,61,7.14526005203852,3.09088356363387,5.42955945889301,6.47677411475458,7.22865474997695,1,2
11,15,63,7.14526005203852,3.09088356363387,5.67733369076188,5.99447469401788,6.90061108323293,1,2
11,15,65,7.14526005203852,3.09088356363387,5.29316453935296,6.20414602523365,6.92011973745691,1,2
11,15,66,7.14526005203852,3.09088356363387,3.90513907030644,6.70006455979865,7.03238706080188,1,2
11,15,68,7.14526005203852,3.09088356363387,4.89573806351085,5.61363750588831,6.64947819123432,1,2
11,15,69,7.14526005203852,3.09088356363387,4.97092107976544,6.1962144996689,6.95871556714565,1,2
11,15,72,7.14526005203852,3.09088356363387,7.16947710431769,5.56105097749064,6.48280462153209,1,2
11,15,74,7.14526005203852,3.09088356363387,4.77764936124124,5.36351319525453,6.60158337249353,1,2
11,15,75,7.14526005203852,3.09088356363387,4.31173075115776,6.1155633122969,6.90974147691478,1,2
11,15,76,7.14526005203852,3.09088356363387,5.94982321113041,5.63749352784801,6.81684169667952,1,2
11,15,79,7.14526005203852,3.09088356363387,3.57027842144859,6.0063375121496,6.64488944052426,1,2
11,15,80,7.14526005203852,3.09088356363387,5.90101760985447,7.08480549289769,7.61582741531292,1,2
11,15,81,7.14526005203852,3.09088356363387,3.83138140932759,5.85136153056887,7.11755467900282,1,2
11,15,82,7.14526005203852,3.09088356363387,3.88100651396083,6.45301273634286,7.0460663203791,1,2
11,15,83,7.14526005203852,3.09088356363387,6.32523057749138,5.81863871957804,6.86863453390639,1,2
11,15,85,7.14526005203852,3.09088356363387,4.16539228632775,5.38772683451129,6.49316054145881,1,2
11,15,87,7.14526005203852,3.09088356363387,5.78458590007906,5.9908105621126,7.00394997166734,1,2
11,15,89,7.14526005203852,3.09088356363387,4.67060132852344,6.37747018469979,7.05696968286338,1,2
11,15,92,7.14526005203852,3.09088356363387,4.80472990740258,6.93971948977982,7.00094638754835,1,2
11,15,93,7.14526005203852,3.09088356363387,5.60035709668641,5.86674544927598,6.84741190051084,1,2
11,15,97,7.14526005203852,3.09088356363387,4.34295544137829,6.24575144208297,6.74602838423934,1,2
11,16,2,7.14526005203852,3.09088356363387,5.4697731545246,5.28396090134387,7.12203081290243,1,2
11,16,5,7.14526005203852,3.09088356363387,3.05371740273123,5.60511831401682,7.41388542143043,1,2
11,16,10,7.14526005203852,3.09088356363387,6.2040311955431,6.01764209797437,7.31035217645143,1,2
11,16,12,7.14526005203852,3.09088356363387,4.93625965665367,6.03722017291384,6.99683234345144,1,2
11,16,13,7.14526005203852,3.09088356363387,6.5822767919213,6.43567144486855,7.4596974670718,1,2
11,16,17,7.14526005203852,3.09088356363387,6.0286975134899,6.39150451282524,7.45414175324808,1,2
11,16,19,7.14526005203852,3.09088356363387,4.2963708067469,6.15412713634833,6.96199592764357,1,2
11,16,20,7.14526005203852,3.09088356363387,3.54844269265246,6.09060672224317,7.00249906338259,1,2
11,16,21,7.14526005203852,3.09088356363387,4.84954471801503,6.64598686759274,7.25248632625639,1,2
11,16,22,7.14526005203852,3.09088356363387,5.75842413409395,6.30272216074066,7.3082355624371,1,2
11,16,24,7.14526005203852,3.09088356363387,5.19128837993745,5.70259815332359,7.25173859458984,1,2
11,16,28,7.14526005203852,3.09088356363387,5.44397169187459,5.82082868590077,7.22272944476496,1,2
11,16,30,7.14526005203852,3.09088356363387,5.5246218690425,6.3246850776864,7.30859429824435,1,2
11,16,32,7.14526005203852,3.09088356363387,5.08962822712582,5.57180463461594,6.90055993205746,1,2
11,16,36,7.14526005203852,3.09088356363387,5.31147704986282,5.6646611514324,7.11148336520816,1,2
11,16,40,7.14526005203852,3.09088356363387,5.3321368650915,5.81079045560491,7.13640904904792,1,2
11,16,42,7.14526005203852,3.09088356363387,5.11452477955509,6.03597888071874,7.05179762827906,1,2
11,16,43,7.14526005203852,3.09088356363387,4.71602452650455,6.01566097020531,7.20647115471273,1,2
11,16,46,7.14526005203852,3.09088356363387,5.13404764210579,6.11012066943877,7.16028344681995,1,2
11,16,49,7.14526005203852,3.09088356363387,4.21021074454354,6.14885918267362,7.17328392729831,1,2
11,16,50,7.14526005203852,3.09088356363387,6.37429076638481,5.70916769980888,7.06143580487736,1,2
11,16,51,7.14526005203852,3.09088356363387,3.93245345398181,5.55380786706989,6.98951803768282,1,2
11,16,52,7.14526005203852,3.09088356363387,4.86546565992611,5.53082766350668,7.16118427783684,1,2
11,16,54,7.14526005203852,3.09088356363387,4.97537067760076,6.00336252202494,7.41335236926966,1,2
11,16,59,7.14526005203852,3.09088356363387,4.23279183113707,6.12672589207674,6.83673957311696,1,2
11,16,60,7.14526005203852,3.09088356363387,2.90761137456113,5.9339343039883,6.97167325154963,1,2
11,16,61,7.14526005203852,3.09088356363387,3.67601427279276,5.31021888802573,7.23332195582,1,2
11,16,62,7.14526005203852,3.09088356363387,3.49696536815366,5.94118898482219,7.051284402928,1,2
11,16,64,7.14526005203852,3.09088356363387,5.95136154810085,5.83322834756766,7.11449373187902,1,2
11,16,65,7.14526005203852,3.09088356363387,4.39125725227311,6.40615361675691,7.36356743157889,1,2
11,16,66,7.14526005203852,3.09088356363387,6.13233324994921,6.85060906914833,7.50459123638741,1,2
11,16,67,7.14526005203852,3.09088356363387,6.87071001209541,6.12659237036186,7.5095883373856,1,2
11,16,69,7.14526005203852,3.09088356363387,3.81742026563352,6.50656486990053,7.51717376979415,1,2
11,16,71,7.14526005203852,3.09088356363387,5.73481224941317,4.78244545743648,6.77593275437127,1,2
11,16,72,7.14526005203852,3.09088356363387,5.21500069163601,5.75618814317842,7.07079693904705,1,2
11,16,76,7.14526005203852,3.09088356363387,5.31923880313877,6.62696187391611,7.24766926026827,1,2
11,17,1,7.14526005203852,3.09088356363387,3.95940058718714,6.04925308307494,7.01866848958235,1,2
11,17,3,7.14526005203852,3.09088356363387,4.48350035712533,5.67096396131829,7.10583051386663,1,2
11,17,6,7.14526005203852,3.09088356363387,2.88867431899831,5.36846186881972,6.81187058179347,1,2
11,17,7,7.14526005203852,3.09088356363387,7.85200914859982,5.49988109031837,6.96928403978931,1,2
11,17,8,7.14526005203852,3.09088356363387,5.92867559329722,6.07743801378637,7.44180982359643,1,2
11,17,10,7.14526005203852,3.09088356363387,4.43280397769994,6.95366613565512,7.42476431245863,1,2
11,17,13,7.14526005203852,3.09088356363387,5.99382534974866,6.4725851938321,7.22204685462941,1,2
11,17,15,7.14526005203852,3.09088356363387,4.68127479432566,6.34149366799979,7.14359633537061,1,2
11,17,16,7.14526005203852,3.09088356363387,5.50620396007713,5.85404862908094,7.29401003076788,1,2
11,17,17,7.14526005203852,3.09088356363387,4.89861428983649,6.07202555851438,7.05977350503557,1,2
11,17,19,7.14526005203852,3.09088356363387,6.74710077204674,5.37839019921658,7.20175221067961,1,2
11,17,20,7.14526005203852,3.09088356363387,5.32242677899506,4.83804844982192,6.85913245343388,1,2
11,17,21,7.14526005203852,3.09088356363387,4.11130474589896,6.69184873370251,7.09839064580824,1,2
11,17,22,7.14526005203852,3.09088356363387,5.02357965280159,5.77635124915313,7.15561429460425,1,2
11,17,24,7.14526005203852,3.09088356363387,6.14573952607544,6.30785959461452,6.99098778251387,1,2
11,17,25,7.14526005203852,3.09088356363387,5.80059512254052,5.68585872537321,7.19943569464119,1,2
11,17,26,7.14526005203852,3.09088356363387,5.52479840399951,5.23651616848686,6.75691385245764,1,2
11,17,27,7.14526005203852,3.09088356363387,4.91598815536457,6.10520121643201,7.13857111511528,1,2
11,17,29,7.14526005203852,3.09088356363387,4.38484720112123,5.67579224707524,6.97350678956427,1,2
11,17,30,7.14526005203852,3.09088356363387,5.04724340362455,6.75172092698506,7.3338025729411,1,2
11,17,31,7.14526005203852,3.09088356363387,4.9659368601284,5.00790481405721,6.72262237890556,1,2
11,17,32,7.14526005203852,3.09088356363387,4.73658538171876,6.42298006142385,7.13893007214321,1,2
11,17,33,7.14526005203852,3.09088356363387,5.14659732989931,5.25318259976207,7.12282297349878,1,2
11,17,36,7.14526005203852,3.09088356363387,4.5527365371145,5.2242647295721,6.64513910247422,1,2
11,17,38,7.14526005203852,3.09088356363387,3.42305992051012,6.50076422471451,7.05883961454727,1,2
11,17,41,7.14526005203852,3.09088356363387,4.20434163311556,6.15515059102436,7.2113571314129,1,2
11,17,42,7.14526005203852,3.09088356363387,5.81488169046097,6.40085170507903,7.12625940773309,1,2
11,17,43,7.14526005203852,3.09088356363387,4.4993058459481,5.80290327470432,6.83842198703962,1,2
11,17,45,7.14526005203852,3.09088356363387,5.11013007444007,6.26714327424783,7.32138107255792,1,2
11,17,46,7.14526005203852,3.09088356363387,6.35420923531938,5.98030311991112,7.21963246789507,1,2
11,17,48,7.14526005203852,3.09088356363387,5.11306406907239,5.51640028621833,7.02607227457243,1,2
11,17,50,7.14526005203852,3.09088356363387,6.52430266085676,6.61297682124135,7.20856962166775,1,2
11,17,51,7.14526005203852,3.09088356363387,4.4037928433003,6.48619653182722,7.25791308018643,1,2
11,17,52,7.14526005203852,3.09088356363387,6.32111590042628,5.87074972840523,7.27701905745872,1,2
11,17,56,7.14526005203852,3.09088356363387,5.66890690574249,5.66142360378637,7.14081634905031,1,2
11,17,58,7.14526005203852,3.09088356363387,5.33712148690473,5.55400153917475,7.01477056225461,1,2
11,17,59,7.14526005203852,3.09088356363387,6.34630023489549,6.51493706012661,7.41127298652307,1,2
11,17,62,7.14526005203852,3.09088356363387,7.5618496643497,5.9205577063792,7.35260464616546,1,2
11,17,63,7.14526005203852,3.09088356363387,3.01187197461591,6.20529948578304,6.92551582639923,1,2
11,17,64,7.14526005203852,3.09088356363387,4.22007167752074,5.63384506486486,7.09158811652563,1,2
11,17,65,7.14526005203852,3.09088356363387,6.2315468156846,5.89725497380181,7.16451956194536,1,2
11,17,67,7.14526005203852,3.09088356363387,3.94698408903253,5.15054718554859,6.97681981165424,1,2
11,17,68,7.14526005203852,3.09088356363387,4.74927200310425,6.32603780687607,7.27888137767576,1,2
11,17,69,7.14526005203852,3.09088356363387,4.37013714746438,6.30408638303547,7.38995429998033,1,2
11,17,71,7.14526005203852,3.09088356363387,5.13624584124602,6.1281602949747,7.28749071061837,1,2
11,17,72,7.14526005203852,3.09088356363387,4.31048690537792,5.12948845271396,6.96952748087879,1,2
11,17,74,7.14526005203852,3.09088356363387,5.48546353872857,6.71586462945822,6.95560130766905,1,2
11,17,75,7.14526005203852,3.09088356363387,3.9735966221683,6.7904405335222,7.1241993087623,1,2
11,17,76,7.14526005203852,3.09088356363387,5.77386194032203,5.35162541898513,6.85785447838288,1,2
11,17,77,7.14526005203852,3.09088356363387,2.9480294995423,5.94468472510252,7.386724072751,1,2
11,17,78,7.14526005203852,3.09088356363387,4.85767835640643,6.22325830184634,7.474855220109,1,2
11,17,87,7.14526005203852,3.09088356363387,5.7633835439375,5.42948190255019,7.23145735806914,1,2
11,17,88,7.14526005203852,3.09088356363387,2.68543448009825,6.22744896265914,7.21001076492743,1,2
11,17,89,7.14526005203852,3.09088356363387,6.28277597200357,6.03026991382667,7.06797008589911,1,2
11,17,91,7.14526005203852,3.09088356363387,4.42625959211487,6.54870369522901,7.41364218141612,1,2
11,17,92,7.14526005203852,3.09088356363387,4.49176184371664,6.24997620404809,7.10300271090298,1,2
11,17,94,7.14526005203852,3.09088356363387,4.9866374553071,5.11239470136913,6.97507437833554,1,2
11,18,5,7.14526005203852,3.09088356363387,5.23278326098663,5.50840593425261,7.50469617354587,1,2
11,18,6,7.14526005203852,3.09088356363387,4.33385201525289,5.97808350834484,7.46631993694621,1,2
11,18,8,7.14526005203852,3.09088356363387,4.5735882589285,6.44390921011033,7.55179909244105,1,2
11,18,10,7.14526005203852,3.09088356363387,5.66216082630413,6.22156144726546,7.39705848834257,1,2
11,18,12,7.14526005203852,3.09088356363387,5.54678148592724,6.67582521261266,7.50869763010185,1,2
11,18,14,7.14526005203852,3.09088356363387,5.12817000381236,6.26127847344231,7.60734037764692,1,2
11,18,15,7.14526005203852,3.09088356363387,5.77084983453518,6.58199942344821,7.66401100666152,1,2
11,18,17,7.14526005203852,3.09088356363387,4.77355960302667,6.45194005148915,7.16238620789577,1,2
11,18,18,7.14526005203852,3.09088356363387,3.90067787340446,6.40139208560295,7.45005754007619,1,2
11,18,19,7.14526005203852,3.09088356363387,4.48700581437777,5.73455059097081,6.94011234571079,1,2
11,18,20,7.14526005203852,3.09088356363387,4.68961171069052,5.77157229452007,7.05633643020858,1,2
11,18,21,7.14526005203852,3.09088356363387,4.79539304046139,5.64005730388696,7.09451286228351,1,2
11,18,22,7.14526005203852,3.09088356363387,4.52718600457087,5.95642482468316,7.29517925424172,1,2
11,18,23,7.14526005203852,3.09088356363387,5.48557308950565,6.78390435021898,7.55984003523657,1,2
11,18,27,7.14526005203852,3.09088356363387,5.7473444479144,5.89918239337109,7.57198964363157,1,2
11,18,29,7.14526005203852,3.09088356363387,5.85224438724857,6.1670353603514,7.36369705287744,1,2
11,18,30,7.14526005203852,3.09088356363387,4.78794192634133,5.99841538725292,7.17638042379762,1,2
11,18,32,7.14526005203852,3.09088356363387,4.40820547620789,5.3384587171468,7.08983548220629,1,2
11,18,33,7.14526005203852,3.09088356363387,5.84768906068523,6.33180708610218,7.50959485801692,1,2
11,18,36,7.14526005203852,3.09088356363387,4.56087210406363,5.69359427431963,7.03663500931001,1,2
11,18,38,7.14526005203852,3.09088356363387,2.42338443917321,6.83397154735068,7.37450937809575,1,2
11,18,42,7.14526005203852,3.09088356363387,4.0920023960353,6.77432035935541,7.38212929170588,1,2
11,18,43,7.14526005203852,3.09088356363387,4.5206068989404,6.43480881356347,7.28967300138709,1,2
11,18,44,7.14526005203852,3.09088356363387,5.87001590272945,6.24642314614817,7.37830752015741,1,2
11,18,46,7.14526005203852,3.09088356363387,4.65774917298565,5.85556050646753,7.15119661359039,1,2
11,18,48,7.14526005203852,3.09088356363387,6.28520260551597,5.75029068429273,7.11906712889702,1,2
11,18,50,7.14526005203852,3.09088356363387,5.47094125237403,7.10745685018417,7.28534054283106,1,2
11,18,51,7.14526005203852,3.09088356363387,5.84129520748897,6.54997031641496,7.27137486003415,1,2
11,18,52,7.14526005203852,3.09088356363387,6.5543972677986,6.90754151047383,7.84885748399782,1,2
11,18,54,7.14526005203852,3.09088356363387,6.62399923571829,5.77749101589936,7.22393303113729,1,2
11,18,56,7.14526005203852,3.09088356363387,5.25841571794345,5.84275841366617,7.52558241968737,1,2
11,18,57,7.14526005203852,3.09088356363387,5.11934785266095,6.33150466373452,7.4427479818083,1,2
11,18,62,7.14526005203852,3.09088356363387,4.09325072451176,5.91567924674933,7.25570037599357,1,2
11,18,63,7.14526005203852,3.09088356363387,4.99446751658049,5.03637616200438,7.58687814977217,1,2
11,18,65,7.14526005203852,3.09088356363387,6.13006281356635,6.2862174418869,7.65451284125303,1,2
11,18,66,7.14526005203852,3.09088356363387,4.5941978265977,6.54767323483507,7.50318858041111,1,2
11,18,68,7.14526005203852,3.09088356363387,5.48038290739421,5.86024412678526,7.32744154888514,1,2
11,18,70,7.14526005203852,3.09088356363387,3.44405505087446,7.0922558789982,7.30135420237523,1,2
11,18,73,7.14526005203852,3.09088356363387,4.77086545378546,6.34217273153666,7.3785351155309,1,2
11,18,74,7.14526005203852,3.09088356363387,6.02609771956582,6.29679597985993,7.24779536270556,1,2
11,18,75,7.14526005203852,3.09088356363387,4.28511929374188,5.76359532192009,7.03658953713896,1,2
11,18,76,7.14526005203852,3.09088356363387,2.64163478629036,7.11143340852447,7.45562477709472,1,2
11,18,79,7.14526005203852,3.09088356363387,5.14792574975863,5.68234977691667,7.1802350503088,1,2
11,18,82,7.14526005203852,3.09088356363387,5.45795659134328,5.24556862337033,6.8491762084365,1,2
11,18,83,7.14526005203852,3.09088356363387,6.4803510692019,5.85949086239996,7.3345941803188,1,2
11,18,84,7.14526005203852,3.09088356363387,5.72219420088058,6.21561932335897,7.24087534407963,1,2
11,18,88,7.14526005203852,3.09088356363387,5.21513423675789,6.00529146359813,7.10142676941766,1,2
11,18,89,7.14526005203852,3.09088356363387,5.06581605877557,6.17896545338149,7.59103683155343,1,2
11,18,91,7.14526005203852,3.09088356363387,4.91880427433761,5.91343210206522,7.42721820940386,1,2
11,18,92,7.14526005203852,3.09088356363387,4.69176448577262,5.81418296407153,7.28270146546677,1,2
11,18,95,7.14526005203852,3.09088356363387,5.28519507306311,6.47587981481715,7.72652143204907,1,2
11,18,96,7.14526005203852,3.09088356363387,4.35004998096325,5.24285545730589,7.2699415333363,1,2
11,18,98,7.14526005203852,3.09088356363387,6.77363858267979,6.4129542709646,7.5521333309659,1,2
11,18,100,7.14526005203852,3.09088356363387,5.29269574306325,6.89046890464497,7.51665855267909,1,2
11,19,1,7.14526005203852,3.09088356363387,5.33425982908389,6.4161626412056,7.39153933754021,1,2
11,19,2,7.14526005203852,3.09088356363387,3.72108177271084,5.70680400673052,7.38292590507225,1,2
11,19,10,7.14526005203852,3.09088356363387,7.23406024510793,5.65048333983195,7.35917795990313,1,2
11,19,15,7.14526005203852,3.09088356363387,4.69800240772649,5.94979766205246,7.46693850585914,1,2
11,19,18,7.14526005203852,3.09088356363387,4.42559625004946,5.50142722580771,7.25667378648595,1,2
11,19,20,7.14526005203852,3.09088356363387,6.21412067663497,6.00686655379189,7.4535885403524,1,2
11,19,22,7.14526005203852,3.09088356363387,5.94721099650126,5.33709178438848,7.60716473829135,1,2
11,19,23,7.14526005203852,3.09088356363387,5.56411230684145,6.2796477267215,7.34245073082696,1,2
11,19,25,7.14526005203852,3.09088356363387,5.76301350035853,6.33968200091318,7.94378080723456,1,2
11,19,26,7.14526005203852,3.09088356363387,4.42114588738613,6.66768081848796,7.9781883489537,1,2
11,19,28,7.14526005203852,3.09088356363387,4.22378040431342,6.38901999628412,7.97473877406278,1,2
11,19,31,7.14526005203852,3.09088356363387,7.03548472533655,6.27765193367827,7.42615456223384,1,2
11,19,32,7.14526005203852,3.09088356363387,5.97469682644736,6.23269692546236,7.58393424221306,1,2
11,19,37,7.14526005203852,3.09088356363387,5.20995440602125,6.2990923476688,7.24361344100461,1,2
11,19,39,7.14526005203852,3.09088356363387,5.27012778164423,5.83545893115541,7.22036458791726,1,2
11,19,41,7.14526005203852,3.09088356363387,5.93803255491389,5.36314704601023,7.23510300791993,1,2
11,19,44,7.14526005203852,3.09088356363387,4.12468789532673,5.99939164419431,7.61644655715283,1,2
11,19,51,7.14526005203852,3.09088356363387,4.34301063939522,5.6314716231575,7.1944223457823,1,2
11,19,52,7.14526005203852,3.09088356363387,5.44213911578695,5.30430578913506,7.54845670979428,1,2
11,19,55,7.14526005203852,3.09088356363387,4.24365987028102,6.20034330392037,7.18061898650662,1,2
11,19,57,7.14526005203852,3.09088356363387,5.92238531012371,5.67635030729155,7.40461326285241,1,2
11,19,58,7.14526005203852,3.09088356363387,5.21330838138627,5.64510089322653,7.09967312434208,1,2
11,19,62,7.14526005203852,3.09088356363387,5.54513433524475,6.34557881164722,7.46385601435791,1,2
11,20,1,7.14526005203852,3.09088356363387,4.98163205073962,5.3787873488068,7.16226799561396,1,2
11,20,4,7.14526005203852,3.09088356363387,4.96335138962597,5.77202667323009,7.49171845809095,1,2
11,20,7,7.14526005203852,3.09088356363387,5.47248731135187,5.99937840837707,7.54736615953255,1,2
11,20,8,7.14526005203852,3.09088356363387,3.72441613033509,5.65790578026021,7.40638205480498,1,2
11,20,9,7.14526005203852,3.09088356363387,4.21467504928792,5.99671480747811,7.39768626920742,1,2
11,20,14,7.14526005203852,3.09088356363387,5.60692155918913,5.34993860721585,7.10351291537253,1,2
11,20,15,7.14526005203852,3.09088356363387,4.55061322248691,6.04434920778055,7.42868670291706,1,2
11,20,17,7.14526005203852,3.09088356363387,5.36134939632796,5.96693634218287,7.53428968595716,1,2
11,20,19,7.14526005203852,3.09088356363387,4.47273681981006,5.94710576641423,7.33688751252096,1,2
11,20,23,7.14526005203852,3.09088356363387,6.2927723179169,5.92919631940471,7.72159349640647,1,2
11,20,25,7.14526005203852,3.09088356363387,6.18121984759368,6.33385340736971,7.82601036795873,1,2
11,20,26,7.14526005203852,3.09088356363387,3.02715567527191,5.61667431601061,7.18003460911804,1,2
11,20,28,7.14526005203852,3.09088356363387,3.43015086282372,7.08221828883437,7.80593566516149,1,2
11,20,30,7.14526005203852,3.09088356363387,6.33922900238307,5.73418112552559,7.51425020549728,1,2
11,20,35,7.14526005203852,3.09088356363387,6.05859171920919,5.74758148265037,7.29915692010247,1,2
11,20,36,7.14526005203852,3.09088356363387,3.78945262233387,6.4808061330437,7.43359137442648,1,2
11,20,38,7.14526005203852,3.09088356363387,6.17199707503937,5.91008482654961,7.44594614280757,1,2
11,20,42,7.14526005203852,3.09088356363387,4.6190286795019,6.00118518667375,7.33028096285861,1,2
11,20,44,7.14526005203852,3.09088356363387,4.96831256007326,5.05922400901242,6.99918205082634,1,2
11,20,48,7.14526005203852,3.09088356363387,5.4805498726429,5.7353788103453,7.35520611097579,1,2
11,20,49,7.14526005203852,3.09088356363387,4.20589137354558,6.10885851419734,7.66858878450201,1,2
11,20,50,7.14526005203852,3.09088356363387,3.96448561148085,5.65609766792978,7.52025290815633,1,2
11,20,55,7.14526005203852,3.09088356363387,5.5186562078444,5.825654786251,7.33714098242037,1,2
11,20,60,7.14526005203852,3.09088356363387,6.08485615393629,5.93368000340514,7.59189403765318,1,2
11,20,61,7.14526005203852,3.09088356363387,5.56121414125597,6.07892113176671,7.34351335490358,1,2
11,20,64,7.14526005203852,3.09088356363387,4.22319323788529,6.19637763240046,7.58204913005299,1,2
11,20,65,7.14526005203852,3.09088356363387,5.57735881089797,5.97821789208659,7.28062685796681,1,2
11,20,66,7.14526005203852,3.09088356363387,4.65289667158285,6.20981047754911,7.53327254084175,1,2
11,20,67,7.14526005203852,3.09088356363387,2.83338517151129,6.78522373458277,7.60277140905499,1,2
11,20,68,7.14526005203852,3.09088356363387,5.83641654490107,5.67612011501514,7.72761601069835,1,2
11,20,72,7.14526005203852,3.09088356363387,5.75000141534275,5.61241174606305,7.64898401818116,1,2
11,20,73,7.14526005203852,3.09088356363387,4.18536585694066,6.63679222544574,7.62274027209466,1,2
11,20,75,7.14526005203852,3.09088356363387,5.85803750944247,5.95038840079469,7.66688262634548,1,2
11,20,76,7.14526005203852,3.09088356363387,4.07346372554487,5.35147640203581,7.19991262058187,1,2
11,21,3,7.14526005203852,3.09088356363387,3.66689705884195,5.71355523155526,7.4337973928894,1,2
11,21,5,7.14526005203852,3.09088356363387,4.14279017454805,5.95989237952959,7.74837114147977,1,2
11,21,8,7.14526005203852,3.09088356363387,6.05620005456317,5.99816512321131,7.81229208212943,1,2
11,21,11,7.14526005203852,3.09088356363387,5.37381671731413,6.27053166053159,7.84751802881051,1,2
11,21,14,7.14526005203852,3.09088356363387,4.13616981598026,5.70586618099942,7.74072571388559,1,2
11,21,15,7.14526005203852,3.09088356363387,4.5310738788403,7.31111409761979,7.68087160972713,1,2
11,21,16,7.14526005203852,3.09088356363387,4.71256028781989,5.47618817625305,7.68680097586395,1,2
11,21,17,7.14526005203852,3.09088356363387,4.03936474246414,6.08760072119358,7.49776517265677,1,2
11,21,18,7.14526005203852,3.09088356363387,6.69709911527742,6.3886197007992,7.72904713231913,1,2
11,21,23,7.14526005203852,3.09088356363387,3.74358934233888,5.95048649477401,7.4856519276178,1,2
11,21,26,7.14526005203852,3.09088356363387,5.14977696757926,6.9060126976694,7.91008518149373,1,2
11,21,27,7.14526005203852,3.09088356363387,6.19096887818634,6.18639076952368,7.78050445712823,1,2
11,21,28,7.14526005203852,3.09088356363387,3.93116284398335,5.29264118696941,7.59574182306223,1,2
11,21,29,7.14526005203852,3.09088356363387,5.84071797333462,6.69133916944101,7.84155973014757,1,2
11,21,30,7.14526005203852,3.09088356363387,6.17279803455817,5.34791880127373,7.45594751322388,1,2
11,21,34,7.14526005203852,3.09088356363387,4.48960193287948,5.70507781775969,7.53152401066166,1,2
11,21,36,7.14526005203852,3.09088356363387,5.25004975455579,6.58389256791431,7.77491642383902,1,2
11,21,39,7.14526005203852,3.09088356363387,4.38006725619854,6.21075634332816,7.52975962080481,1,2
11,21,43,7.14526005203852,3.09088356363387,5.94400510785086,5.57026742793946,7.95257454432851,1,2
11,21,44,7.14526005203852,3.09088356363387,4.24758233023958,5.87538723992999,7.64099548874808,1,2
11,21,46,7.14526005203852,3.09088356363387,4.47943107298201,6.30393691807146,7.83257518054628,1,2
11,21,48,7.14526005203852,3.09088356363387,4.664016479491,6.6730878124882,7.64222265474925,1,2
11,21,49,7.14526005203852,3.09088356363387,5.72451125261271,5.94751055371011,7.73594687932071,1,2
11,21,52,7.14526005203852,3.09088356363387,4.18454712165385,5.20471058898042,7.78449895366637,1,2
11,21,54,7.14526005203852,3.09088356363387,6.91262693104125,6.50495414797269,7.73422813495711,1,2
11,21,55,7.14526005203852,3.09088356363387,4.07110737584305,5.85825215386849,7.53436767900869,1,2
11,21,56,7.14526005203852,3.09088356363387,5.74774929172769,6.61737818093327,7.60769762033141,1,2
11,21,58,7.14526005203852,3.09088356363387,4.76103546202819,6.47438422703334,7.49991933491099,1,2
11,21,59,7.14526005203852,3.09088356363387,4.6059981844081,6.29472702011379,7.85031107313654,1,2
11,21,60,7.14526005203852,3.09088356363387,3.65931767494543,6.60473528952248,7.70852219295369,1,2
11,21,61,7.14526005203852,3.09088356363387,6.46428356414419,5.6500374462109,7.7057200376127,1,2
11,21,63,7.14526005203852,3.09088356363387,6.18867294256835,6.72912485297504,7.84318479586982,1,2
11,21,66,7.14526005203852,3.09088356363387,4.84834389419993,5.43284269328459,7.67637502962937,1,2
11,21,68,7.14526005203852,3.09088356363387,4.847755438157,6.12630594148419,7.44791840502295,1,2
11,21,71,7.14526005203852,3.09088356363387,6.20458279052498,6.06976239454868,7.5840400495378,1,2
11,21,72,7.14526005203852,3.09088356363387,7.17007078562634,6.47357170235472,8.06543939234083,1,2
11,21,73,7.14526005203852,3.09088356363387,3.58380206430543,6.24675034030101,7.80528164471982,1,2
11,21,75,7.14526005203852,3.09088356363387,4.99588337723611,6.28447354923973,7.66603598212045,1,2
11,21,76,7.14526005203852,3.09088356363387,4.72842787565677,6.09307655579791,7.92360890331834,1,2
11,21,81,7.14526005203852,3.09088356363387,4.54887830797092,5.80266768855422,7.70889730701979,1,2
11,21,84,7.14526005203852,3.09088356363387,5.50818439918457,6.55916964930508,7.76714956069588,1,2
11,21,85,7.14526005203852,3.09088356363387,4.9951671919161,5.19525940252751,7.49713457421593,1,2
11,21,88,7.14526005203852,3.09088356363387,5.47452258678396,6.07590803317321,7.89417128299972,1,2
11,21,91,7.14526005203852,3.09088356363387,4.26926238682756,5.08043190723973,7.64772834372143,1,2
11,21,92,7.14526005203852,3.09088356363387,5.36228897183912,5.65475190877041,7.66184620317862,1,2
11,22,2,7.14526005203852,3.09088356363387,5.02083628389925,5.91098659832904,7.86568902439674,1,2
11,22,3,7.14526005203852,3.09088356363387,4.90348529456987,5.81716197033021,8.02895093549752,1,2
11,22,4,7.14526005203852,3.09088356363387,4.99890100031203,6.0791834318728,7.84045506845065,1,2
11,22,5,7.14526005203852,3.09088356363387,6.35871969732258,5.75562837372263,7.74460005889752,1,2
11,22,6,7.14526005203852,3.09088356363387,6.55193178656406,6.84067532344328,8.09318182187991,1,2
11,22,7,7.14526005203852,3.09088356363387,5.09036944293754,5.85095864636001,7.47811444650268,1,2
11,22,9,7.14526005203852,3.09088356363387,3.18381505706624,5.56890006511178,7.59317950060829,1,2
11,22,10,7.14526005203852,3.09088356363387,4.42676797510116,6.79281359084576,8.08461915118862,1,2
11,22,11,7.14526005203852,3.09088356363387,3.7822577661532,5.82576101992721,7.87761694175714,1,2
11,22,12,7.14526005203852,3.09088356363387,4.34314290137799,5.81370202108463,7.57864511463234,1,2
11,22,13,7.14526005203852,3.09088356363387,4.77876742016901,5.53531785845672,7.65253504134559,1,2
11,22,14,7.14526005203852,3.09088356363387,5.37576458997671,6.20883022940777,7.9612247820661,1,2
11,22,17,7.14526005203852,3.09088356363387,7.20791209548153,6.11031045182859,7.95936773403843,1,2
11,22,18,7.14526005203852,3.09088356363387,6.00575222690352,5.92855727686347,8.04033582564984,1,2
11,22,19,7.14526005203852,3.09088356363387,6.54878426114276,5.72734926796244,7.83251082981444,1,2
11,22,21,7.14526005203852,3.09088356363387,5.26562616850016,7.03616941270217,7.98439418136227,1,2
11,22,24,7.14526005203852,3.09088356363387,6.03179835692681,5.29137840221672,7.62602982449342,1,2
11,22,29,7.14526005203852,3.09088356363387,4.43005229848891,5.71665783783887,7.8326990617813,1,2
11,22,30,7.14526005203852,3.09088356363387,4.59408841477157,5.75837251459904,7.55790491393173,1,2
11,22,36,7.14526005203852,3.09088356363387,5.69594800667021,5.33612492416236,7.4094867311115,1,2
11,22,38,7.14526005203852,3.09088356363387,4.85467296458834,6.75779530382892,7.8116785303625,1,2
11,22,39,7.14526005203852,3.09088356363387,4.48629014882907,5.92875607435135,7.51874784648484,1,2
11,22,41,7.14526005203852,3.09088356363387,5.82313070982862,6.38634710559939,7.94495081171825,1,2
11,22,42,7.14526005203852,3.09088356363387,5.03340066389887,6.20020678058599,7.54071092453537,1,2
11,22,44,7.14526005203852,3.09088356363387,5.13416563486338,5.26112622225052,7.46540078897875,1,2
11,22,46,7.14526005203852,3.09088356363387,5.79523780932805,6.50145895608288,7.54973446326754,1,2
11,22,47,7.14526005203852,3.09088356363387,6.0017297120969,5.61381616037373,7.64384167773096,1,2
11,22,48,7.14526005203852,3.09088356363387,5.24527279183779,5.89983492134408,7.76075095796884,1,2
11,22,50,7.14526005203852,3.09088356363387,4.03271644027574,7.15598489183822,7.78432661855388,1,2
11,22,52,7.14526005203852,3.09088356363387,5.2067174961808,6.05034782196576,7.70019810427763,1,2
11,22,53,7.14526005203852,3.09088356363387,6.9430161582873,5.79773411876359,8.08027115405248,1,2
11,22,58,7.14526005203852,3.09088356363387,2.78226980801802,5.6512258043045,7.95896762508407,1,2
11,22,59,7.14526005203852,3.09088356363387,4.86119363504929,6.1574720033883,7.85505031531076,1,2
11,22,62,7.14526005203852,3.09088356363387,5.21585777593178,6.13407221948966,7.7680279965688,1,2
11,22,65,7.14526005203852,3.09088356363387,5.45972443479905,5.05849718325846,7.53123860152038,1,2
11,22,68,7.14526005203852,3.09088356363387,5.80409120715879,6.03875131004268,7.7707927114529,1,2
11,22,70,7.14526005203852,3.09088356363387,4.98258522726735,6.32622291796912,8.04067538508379,1,2
11,22,71,7.14526005203852,3.09088356363387,5.68873328622565,6.16069259105749,7.58309551587388,1,2
11,22,72,7.14526005203852,3.09088356363387,3.50748594091948,5.24098988370249,7.52066659509992,1,2
11,23,2,7.14526005203852,3.09088356363387,4.40737427913883,4.77034255246746,7.64334500906988,1,2
11,23,6,7.14526005203852,3.09088356363387,4.74708306338961,6.87921935844852,8.17393375413703,1,2
11,23,7,7.14526005203852,3.09088356363387,4.68482335289269,5.99247227686368,8.02573681195947,1,2
11,23,9,7.14526005203852,3.09088356363387,5.34371831690509,6.42994243780867,7.95947515153549,1,2
11,23,10,7.14526005203852,3.09088356363387,5.75582021007293,5.50310778342046,7.65110340417279,1,2
11,23,11,7.14526005203852,3.09088356363387,5.07889358496027,5.68158495321127,7.63768060698557,1,2
11,23,13,7.14526005203852,3.09088356363387,4.66033588403268,6.63022781630059,7.63865949593816,1,2
11,23,14,7.14526005203852,3.09088356363387,5.43673961698218,6.16855062443379,7.76490464748606,1,2
11,23,16,7.14526005203852,3.09088356363387,3.11618338941774,6.50331928591656,7.82253633933072,1,2
11,23,17,7.14526005203852,3.09088356363387,4.54804616758872,6.29181424869435,7.60298147641786,1,2
11,23,24,7.14526005203852,3.09088356363387,5.91624826220265,5.82771518758011,7.97586256913618,1,2
11,23,26,7.14526005203852,3.09088356363387,5.146398556114,5.5865549472386,7.56575186388479,1,2
11,23,28,7.14526005203852,3.09088356363387,7.16277086597653,6.41076952716986,7.95055372892424,1,2
11,23,29,7.14526005203852,3.09088356363387,4.65314940407801,5.47389661101775,7.62636573355123,1,2
11,23,32,7.14526005203852,3.09088356363387,4.81424525679663,6.05379998978508,7.72510852380865,1,2
11,23,36,7.14526005203852,3.09088356363387,2.67070937636069,6.01659729213042,7.73423553821776,1,2
11,23,37,7.14526005203852,3.09088356363387,5.53220236042314,6.3036605642335,8.47531198887297,1,2
11,23,39,7.14526005203852,3.09088356363387,7.45273174485339,6.10389248307982,8.16397105637055,1,2
11,23,42,7.14526005203852,3.09088356363387,4.64262188289406,5.89732734031116,7.88656197889259,1,2
11,23,43,7.14526005203852,3.09088356363387,3.47482728591184,6.06289279231114,8.09738642198726,1,2
11,23,44,7.14526005203852,3.09088356363387,6.35207795723773,5.81915278358936,7.77661111669017,1,2
11,23,45,7.14526005203852,3.09088356363387,3.19384085241186,5.98827420323406,7.97638324189308,1,2
11,23,46,7.14526005203852,3.09088356363387,3.59401540260211,5.39714686985101,7.79026913209354,1,2
11,23,48,7.14526005203852,3.09088356363387,6.20247814690183,7.17821614571025,8.52813800293085,1,2
11,23,49,7.14526005203852,3.09088356363387,6.22341700643318,6.60904623947038,8.33134958406386,1,2
11,23,51,7.14526005203852,3.09088356363387,4.60666107530258,5.61603780999309,7.39142802103433,1,2
11,23,56,7.14526005203852,3.09088356363387,5.13549823686628,5.68879325474002,7.77640440966762,1,2
11,23,57,7.14526005203852,3.09088356363387,3.91207213467515,5.74021341127107,7.61329079850759,1,2
11,23,59,7.14526005203852,3.09088356363387,6.39155405181842,5.58737879876044,7.78968753968703,1,2
11,23,60,7.14526005203852,3.09088356363387,5.66621115705363,6.28186593338294,7.95661155766844,1,2
11,23,61,7.14526005203852,3.09088356363387,4.91821816316286,5.75976115571608,7.87981711807095,1,2
11,23,62,7.14526005203852,3.09088356363387,3.86135023995641,6.5147792983323,7.79224111759817,1,2
11,23,64,7.14526005203852,3.09088356363387,4.53869399705879,6.65466684174891,8.20063707436694,1,2
11,23,65,7.14526005203852,3.09088356363387,6.21564145503153,6.66183207127094,8.28461378787201,1,2
11,23,68,7.14526005203852,3.09088356363387,4.81501448084677,6.16992957143556,8.12420179178613,1,2
11,23,70,7.14526005203852,3.09088356363387,5.48220331896723,6.35219074470389,7.77034368899091,1,2
11,23,71,7.14526005203852,3.09088356363387,3.82874325209393,6.61560577251941,8.22109488861689,1,2
11,23,72,7.14526005203852,3.09088356363387,5.86023370145766,5.92048935948459,8.12687014106611,1,2
11,23,74,7.14526005203852,3.09088356363387,6.22917824738645,5.90709668622746,7.94495129552976,1,2
11,23,78,7.14526005203852,3.09088356363387,5.51339582296989,5.88602941188238,8.37562730989956,1,2
11,23,79,7.14526005203852,3.09088356363387,4.86403578816073,5.35745911900742,7.88075279647302,1,2
11,23,80,7.14526005203852,3.09088356363387,6.0971746252566,6.75190593043335,8.01317412007845,1,2
11,23,81,7.14526005203852,3.09088356363387,3.11973663447957,6.02216011706647,7.7441195602548,1,2
11,23,82,7.14526005203852,3.09088356363387,2.80605516649445,5.68921286086025,7.79462159554752,1,2
11,24,4,7.14526005203852,3.09088356363387,5.14570515450632,6.63342339971089,7.95252389070797,1,2
11,24,7,7.14526005203852,3.09088356363387,5.53294290178893,5.61947991972149,7.9498499758965,1,2
11,24,8,7.14526005203852,3.09088356363387,4.08530256217247,6.33059877637289,7.86722509894918,1,2
11,24,9,7.14526005203852,3.09088356363387,5.31773049454589,6.61727695022747,7.77696055593772,1,2
11,24,10,7.14526005203852,3.09088356363387,3.85895201305118,5.76042471453607,7.8645664960036,1,2
11,24,14,7.14526005203852,3.09088356363387,4.45773041982865,5.60267196128509,7.60156736946862,1,2
11,24,17,7.14526005203852,3.09088356363387,4.25708046479327,6.28744883966071,7.71325532975576,1,2
11,24,18,7.14526005203852,3.09088356363387,4.90342282274184,6.46826841558294,8.33865248533786,1,2
11,24,24,7.14526005203852,3.09088356363387,5.36665379745919,6.34118353476317,8.31036944840018,1,2
11,24,25,7.14526005203852,3.09088356363387,6.07192675676451,6.73367692977658,8.11663152603488,1,2
11,24,27,7.14526005203852,3.09088356363387,5.29785201417196,6.09576247845515,8.15392095390484,1,2
11,24,30,7.14526005203852,3.09088356363387,5.22248195801063,6.63084553710022,8.6170512837538,1,2
11,24,31,7.14526005203852,3.09088356363387,3.98899606783378,5.63677332566348,7.58041876452295,1,2
11,24,34,7.14526005203852,3.09088356363387,4.09828378345932,5.75410554331192,7.79343473764921,1,2
11,24,40,7.14526005203852,3.09088356363387,5.51387697792955,5.88943905901113,8.04014412128184,1,2
11,24,41,7.14526005203852,3.09088356363387,5.6699935196221,5.78614579888117,7.82605516715611,1,2
11,24,42,7.14526005203852,3.09088356363387,4.60439953023187,6.28144431701654,7.85842116062904,1,2
11,24,43,7.14526005203852,3.09088356363387,5.30755071017194,5.69200576395772,8.20066101267361,1,2
11,24,48,7.14526005203852,3.09088356363387,4.66391892579359,5.61261545882263,7.6808485646877,1,2
11,24,49,7.14526005203852,3.09088356363387,6.48180820190537,5.44653818202708,7.91310156983796,1,2
11,24,50,7.14526005203852,3.09088356363387,4.90247657347059,6.27047546893648,8.08803909970386,1,2
11,24,51,7.14526005203852,3.09088356363387,4.13363362082815,5.92801169418996,8.07005720292769,1,2
11,24,53,7.14526005203852,3.09088356363387,5.28231314140231,6.73177824892248,8.39811586671566,1,2
11,24,54,7.14526005203852,3.09088356363387,4.48347927269681,7.21581380411001,8.12463512631715,1,2
11,24,55,7.14526005203852,3.09088356363387,4.06962119144902,5.33221646585006,7.69843753875684,1,2
11,24,57,7.14526005203852,3.09088356363387,5.21853734376392,5.87949871075985,7.8566330224596,1,2
11,24,58,7.14526005203852,3.09088356363387,3.39597695486034,6.34625616083123,7.84763734230842,1,2
11,24,60,7.14526005203852,3.09088356363387,4.36155923290901,6.26871110892874,8.08213995731054,1,2
11,24,61,7.14526005203852,3.09088356363387,4.20928004717899,6.05980049013258,8.16286130055134,1,2
11,24,62,7.14526005203852,3.09088356363387,5.33428713264005,6.1019939051882,8.00815779012097,1,2
11,24,63,7.14526005203852,3.09088356363387,5.47383419376187,5.97206094435273,7.83446206504401,1,2
11,24,64,7.14526005203852,3.09088356363387,2.86542545614467,5.67005074267819,7.88162247080974,1,2
11,24,65,7.14526005203852,3.09088356363387,5.50799580285912,6.56947217450147,8.25659851337285,1,2
11,24,68,7.14526005203852,3.09088356363387,4.36820476244623,6.39824590161602,7.88017197037501,1,2
11,24,69,7.14526005203852,3.09088356363387,4.22544507750344,6.06568503772809,7.69591136228213,1,2
11,25,2,7.14526005203852,3.09088356363387,3.65226686409752,5.63119498508577,7.59083441386692,1,2
11,25,5,7.14526005203852,3.09088356363387,3.88024648372169,5.78941667034214,7.78198878240515,1,2
11,25,6,7.14526005203852,3.09088356363387,6.8669390105236,5.77837778706838,7.99451258348514,1,2
11,25,7,7.14526005203852,3.09088356363387,5.34944334637515,6.2044008803835,8.17613282217872,1,2
11,25,9,7.14526005203852,3.09088356363387,4.83212305220059,6.05325307057862,7.94037484714369,1,2
11,25,10,7.14526005203852,3.09088356363387,5.36642752740882,6.12094011321308,8.20643141808642,1,2
11,25,12,7.14526005203852,3.09088356363387,4.06502337052025,5.08075897899639,8.00578649690122,1,2
11,25,14,7.14526005203852,3.09088356363387,3.55917400816067,5.46786739253548,7.73268233704328,1,2
11,25,15,7.14526005203852,3.09088356363387,7.02168694009279,6.27260683984967,8.72118397079794,1,2
11,25,16,7.14526005203852,3.09088356363387,3.96977996728772,6.09889627703064,7.94830651047909,1,2
11,25,18,7.14526005203852,3.09088356363387,5.5364934487518,5.88485031885526,8.49089719760781,1,2
11,25,19,7.14526005203852,3.09088356363387,4.46630688020319,6.66815578203744,8.03771479576827,1,2
11,25,21,7.14526005203852,3.09088356363387,5.81569698235533,6.74314818226506,8.19188324969767,1,2
11,25,23,7.14526005203852,3.09088356363387,5.33966706424774,5.56920795688147,8.00856865992842,1,2
11,25,24,7.14526005203852,3.09088356363387,7.84717051458568,5.53830641767522,8.18455164429536,1,2
11,25,26,7.14526005203852,3.09088356363387,3.62319820464327,5.95046602694729,7.96668201270025,1,2
11,25,28,7.14526005203852,3.09088356363387,5.1049465525821,6.36150839402199,8.05489827666145,1,2
11,25,29,7.14526005203852,3.09088356363387,3.96762809012886,6.08928147572229,8.40517872181779,1,2
11,25,39,7.14526005203852,3.09088356363387,5.07043255582127,4.90524215483691,8.00711978695595,1,2
11,25,41,7.14526005203852,3.09088356363387,4.83343630071333,6.11071440248891,8.15387141429978,1,2
11,25,43,7.14526005203852,3.09088356363387,5.1616853703079,6.25757877942184,8.28533450615174,1,2
11,25,44,7.14526005203852,3.09088356363387,4.56143399413221,5.41728713287398,7.94421854759126,1,2
11,25,47,7.14526005203852,3.09088356363387,4.84504121740156,5.75537252188564,8.14684178676245,1,2
11,25,48,7.14526005203852,3.09088356363387,3.64696281328606,5.57385565113462,7.96110148028654,1,2
11,25,49,7.14526005203852,3.09088356363387,5.47350907495632,6.10806316547087,8.15998839112865,1,2
11,25,51,7.14526005203852,3.09088356363387,4.76214827877407,5.80952686430369,7.84389180137035,1,2
11,25,52,7.14526005203852,3.09088356363387,3.84896209075049,6.04381971953692,8.14177992628035,1,2
11,25,53,7.14526005203852,3.09088356363387,5.72328583023997,6.08248527852482,8.02094002454924,1,2
11,25,54,7.14526005203852,3.09088356363387,4.37813429181218,5.76465045741347,8.33094787937499,1,2
11,25,55,7.14526005203852,3.09088356363387,4.59396883230681,5.16351625378766,7.89370596576382,1,2
11,25,56,7.14526005203852,3.09088356363387,7.62963511281318,5.62858154560112,8.2962291064964,1,2
11,25,59,7.14526005203852,3.09088356363387,3.65523077566417,5.33243581025008,7.71144319122265,1,2
11,25,60,7.14526005203852,3.09088356363387,6.03628699252215,6.31875484253297,8.42149558093111,1,2
11,25,61,7.14526005203852,3.09088356363387,6.11731545539281,5.95999394150573,8.20627201455808,1,2
11,26,1,7.14526005203852,3.09088356363387,6.1765264309743,6.37374972496304,8.34049159700393,1,2
11,26,5,7.14526005203852,3.09088356363387,3.8730988347488,5.77771954424904,7.70352195270579,1,2
11,26,8,7.14526005203852,3.09088356363387,4.23507495261253,5.58574467327369,7.81454720146343,1,2
11,26,9,7.14526005203852,3.09088356363387,5.03399952086487,6.08677499983174,7.78622894228984,1,2
11,26,12,7.14526005203852,3.09088356363387,5.67432091869277,5.85125993596565,8.07209460019023,1,2
11,26,13,7.14526005203852,3.09088356363387,5.63123640031406,6.31309038399185,8.59226392167998,1,2
11,26,15,7.14526005203852,3.09088356363387,6.12742979862117,6.22226939120946,8.53321725431902,1,2
11,26,16,7.14526005203852,3.09088356363387,3.82105404903718,6.02996197917077,7.95213925174088,1,2
11,26,17,7.14526005203852,3.09088356363387,4.84263369286486,5.91633961975086,8.07803675552175,1,2
11,26,18,7.14526005203852,3.09088356363387,6.01626529433547,6.34068583777488,7.96432984803859,1,2
11,26,19,7.14526005203852,3.09088356363387,4.7063277428154,5.62590544028788,8.41269817614074,1,2
11,26,20,7.14526005203852,3.09088356363387,4.85653864688109,6.2070084960167,7.91281951248826,1,2
11,26,22,7.14526005203852,3.09088356363387,6.57475942726407,6.45023053523134,8.20674385921411,1,2
11,26,23,7.14526005203852,3.09088356363387,5.91915647194058,6.48582655424771,7.80444392046545,1,2
11,26,26,7.14526005203852,3.09088356363387,4.97882573308747,6.76353040291446,8.0894025285113,1,2
11,26,30,7.14526005203852,3.09088356363387,6.73087788848259,6.10997558226384,8.28373727692097,1,2
11,26,31,7.14526005203852,3.09088356363387,3.96217143778657,7.23426055443635,8.02070629959169,1,2
11,26,32,7.14526005203852,3.09088356363387,4.51223884337353,5.92536622641311,7.76651190170982,1,2
11,26,33,7.14526005203852,3.09088356363387,4.46867540472226,5.99588662388769,7.94541680667238,1,2
11,26,35,7.14526005203852,3.09088356363387,7.10579700586464,5.44985722645341,8.02361644745871,1,2
11,26,36,7.14526005203852,3.09088356363387,4.83502008358829,6.03834515107551,8.11615235273015,1,2
11,26,37,7.14526005203852,3.09088356363387,4.73363714512788,6.27188301463745,8.12902117272559,1,2
11,26,38,7.14526005203852,3.09088356363387,4.20842675044153,5.85566416780175,8.09270893110479,1,2
11,26,40,7.14526005203852,3.09088356363387,4.84616716435243,5.38089195305,7.74626479421574,1,2
11,26,41,7.14526005203852,3.09088356363387,5.38746826556656,5.88999737259884,7.84820298696721,1,2
11,26,44,7.14526005203852,3.09088356363387,5.29337728452651,6.05405984547722,8.22725800327454,1,2
11,26,45,7.14526005203852,3.09088356363387,6.4047622591303,6.22739377676506,8.65662438393164,1,2
11,26,47,7.14526005203852,3.09088356363387,2.40464205372681,6.36054289040941,8.22805239823918,1,2
11,26,50,7.14526005203852,3.09088356363387,6.02260306696272,6.26777000188415,8.07413527859996,1,2
11,26,53,7.14526005203852,3.09088356363387,6.79750358099358,5.8748508533098,8.35811190272647,1,2
11,26,58,7.14526005203852,3.09088356363387,5.44665354991531,6.32019367747362,7.84247189027192,1,2
11,26,59,7.14526005203852,3.09088356363387,4.30576758507166,5.84855432549732,8.30787922719055,1,2
11,26,60,7.14526005203852,3.09088356363387,4.7517632803828,5.61744057697634,8.12465038911546,1,2
11,26,62,7.14526005203852,3.09088356363387,5.0920480575653,6.08996615705324,7.85281306395571,1,2
11,26,64,7.14526005203852,3.09088356363387,3.95714636506664,6.25472024137119,7.87070526583038,1,2
11,26,71,7.14526005203852,3.09088356363387,6.14186189087887,5.54958763103331,8.43587573069305,1,2
11,26,74,7.14526005203852,3.09088356363387,6.83355935042427,5.97036833551497,8.48587734385361,1,2
11,26,75,7.14526005203852,3.09088356363387,3.84195937050515,5.91024329165992,7.66989645020059,1,2
11,26,77,7.14526005203852,3.09088356363387,5.47020270292587,6.09767696039185,7.79175639193546,1,2
11,26,80,7.14526005203852,3.09088356363387,2.50035281667164,6.4167988280799,8.07458351111073,1,2
11,27,2,7.14526005203852,3.09088356363387,5.96977747513027,5.72538053931174,8.16928350386206,1,2
11,27,3,7.14526005203852,3.09088356363387,3.99314709866462,6.24025820823017,8.04797241547902,1,2
11,27,5,7.14526005203852,3.09088356363387,5.01055351845684,5.16903567987634,8.10011926853591,1,2
11,27,7,7.14526005203852,3.09088356363387,5.46932507464187,5.58632261335754,8.33186803072128,1,2
11,27,8,7.14526005203852,3.09088356363387,5.9362642969508,6.25418038984754,8.40138466875306,1,2
11,27,9,7.14526005203852,3.09088356363387,5.44798423792434,5.60876437400798,8.23696462987791,1,2
11,27,12,7.14526005203852,3.09088356363387,4.05380722715326,6.09103376831247,8.0825360193619,1,2
11,27,13,7.14526005203852,3.09088356363387,4.31375191442491,5.82091653184811,8.02880627630198,1,2
11,27,14,7.14526005203852,3.09088356363387,4.02435771435743,5.63997028492202,8.08126208795919,1,2
11,27,15,7.14526005203852,3.09088356363387,4.93411869957993,6.58009356451211,8.17190695212088,1,2
11,27,18,7.14526005203852,3.09088356363387,4.65791431438867,6.31664572601526,8.35807356952652,1,2
11,27,19,7.14526005203852,3.09088356363387,4.77755414441913,5.9461849714695,8.16090503589425,1,2
11,27,21,7.14526005203852,3.09088356363387,4.16472270739194,6.39262610840816,8.1224595308099,1,2
11,27,30,7.14526005203852,3.09088356363387,4.47277530337093,5.41810231852506,7.70056510204636,1,2
11,27,37,7.14526005203852,3.09088356363387,5.0406275236016,6.19448925520242,8.15671903946494,1,2
11,27,38,7.14526005203852,3.09088356363387,5.86820781309114,6.44127149199538,8.3418468074765,1,2
11,27,39,7.14526005203852,3.09088356363387,4.25726916966263,5.00429543680107,8.03407233961905,1,2
11,27,43,7.14526005203852,3.09088356363387,5.11947252222738,6.63951258611867,8.78222636256766,1,2
11,27,44,7.14526005203852,3.09088356363387,3.97614646338122,5.90984143033557,7.81898333858563,1,2
11,27,45,7.14526005203852,3.09088356363387,6.28667677974991,5.95146672279654,8.40078382171393,1,2
11,27,47,7.14526005203852,3.09088356363387,4.64373752937302,5.86826138017267,7.95146027001562,1,2
11,27,49,7.14526005203852,3.09088356363387,6.9887915742614,5.20176312632998,8.12931295643155,1,2
11,27,51,7.14526005203852,3.09088356363387,6.32327303520225,5.73739527529241,8.20309709204886,1,2
11,27,55,7.14526005203852,3.09088356363387,4.84566546677271,6.13609846199707,8.15990547743352,1,2
11,27,56,7.14526005203852,3.09088356363387,4.61957577823976,5.8512863969293,7.98241487488405,1,2
11,27,57,7.14526005203852,3.09088356363387,3.80519149138405,6.18824543838539,8.4480768950405,1,2
11,27,58,7.14526005203852,3.09088356363387,5.19540193405886,6.85043304467173,8.42449701507904,1,2
11,27,60,7.14526005203852,3.09088356363387,5.62493245146903,5.91421510716587,8.19874875196066,1,2
11,27,63,7.14526005203852,3.09088356363387,6.45124294352217,6.65726707040497,8.33751757036259,1,2
11,27,66,7.14526005203852,3.09088356363387,5.41320720973492,6.47994268109605,8.07167184616477,1,2
11,27,68,7.14526005203852,3.09088356363387,4.17302800569687,6.72979557092463,8.07594112655574,1,2
11,27,69,7.14526005203852,3.09088356363387,4.79722417958782,5.23198757807353,8.01362833790329,1,2
11,27,70,7.14526005203852,3.09088356363387,5.76772082047713,6.37842712127706,8.1037666943371,1,2
11,27,72,7.14526005203852,3.09088356363387,3.61773055697616,5.74722495046173,8.45475794581588,1,2
11,27,74,7.14526005203852,3.09088356363387,5.58003985788674,6.06897164122032,8.44545052206946,1,2
11,28,2,7.14526005203852,3.09088356363387,4.28349857663349,5.45848669419197,8.01054308270486,1,2
11,28,3,7.14526005203852,3.09088356363387,5.74979623448945,5.3071871562723,8.58876971981866,1,2
11,28,4,7.14526005203852,3.09088356363387,4.87285916176323,5.89299265707532,8.22751637399696,1,2
11,28,5,7.14526005203852,3.09088356363387,5.36526833058561,6.07530476623641,8.39034813248302,1,2
11,28,8,7.14526005203852,3.09088356363387,4.77879891320933,5.65062016584752,8.14824778162396,1,2
11,28,9,7.14526005203852,3.09088356363387,5.1115740263726,5.96450312008605,8.51054012630351,1,2
11,28,13,7.14526005203852,3.09088356363387,3.50130637496901,6.01360194873252,8.26910063888503,1,2
11,28,18,7.14526005203852,3.09088356363387,5.15727917732168,5.61180274473358,8.52150227841384,1,2
11,28,20,7.14526005203852,3.09088356363387,6.59772083364924,5.80712175668647,8.3817273731121,1,2
11,28,21,7.14526005203852,3.09088356363387,6.62315468996413,6.32363228602846,8.27221674585288,1,2
11,28,23,7.14526005203852,3.09088356363387,3.79663060657233,5.72342631808435,8.09250253626804,1,2
11,28,24,7.14526005203852,3.09088356363387,2.64652703664821,5.91393090590283,8.30049602536463,1,2
11,28,25,7.14526005203852,3.09088356363387,6.31920598424161,5.32791798537455,8.41039331675339,1,2
11,28,28,7.14526005203852,3.09088356363387,6.62893660373691,6.14566273779929,8.35020225149038,1,2
11,28,29,7.14526005203852,3.09088356363387,5.74427627294043,5.17938339005899,8.26057291008777,1,2
11,28,36,7.14526005203852,3.09088356363387,5.37697210314499,6.56969555718389,8.70967285014947,1,2
11,28,37,7.14526005203852,3.09088356363387,4.9573878897422,6.35882539588647,8.36678075668256,1,2
11,28,38,7.14526005203852,3.09088356363387,5.92666916672203,6.23463327294628,8.09549864947653,1,2
11,28,40,7.14526005203852,3.09088356363387,4.47464754737973,5.45678324596008,8.27762423520992,1,2
11,28,43,7.14526005203852,3.09088356363387,4.56219835892912,5.62115688069662,8.09570851426881,1,2
11,28,44,7.14526005203852,3.09088356363387,5.68943685687495,6.47737385334477,8.33159510355676,1,2
11,28,45,7.14526005203852,3.09088356363387,4.47744147875452,5.88724952534888,8.34309095336541,1,2
11,28,47,7.14526005203852,3.09088356363387,3.99713156925819,4.53974372763961,8.51754503064049,1,2
11,28,51,7.14526005203852,3.09088356363387,6.83738458910795,6.61266263412599,8.5893406869525,1,2
11,28,54,7.14526005203852,3.09088356363387,4.7701047303191,5.94394003024322,8.1600636458428,1,2
11,28,55,7.14526005203852,3.09088356363387,5.96118167604079,5.9899119975866,8.64034977782778,1,2
11,28,56,7.14526005203852,3.09088356363387,5.2674807016869,7.35330822908391,8.27882612269448,1,2
11,28,57,7.14526005203852,3.09088356363387,4.61330901838658,6.37594870376031,8.44404832080119,1,2
11,28,58,7.14526005203852,3.09088356363387,5.64334255972206,6.07969574045108,8.67033701537179,1,2
11,28,59,7.14526005203852,3.09088356363387,5.07680850555084,5.75797948101149,8.55479782632838,1,2
11,28,60,7.14526005203852,3.09088356363387,5.73241989012566,5.55458173145994,8.77696963606742,1,2
11,28,61,7.14526005203852,3.09088356363387,3.49393701997421,5.6641373606794,8.32998556421352,1,2
11,28,62,7.14526005203852,3.09088356363387,6.76816025902775,5.78175439152417,8.76616199842227,1,2
11,28,63,7.14526005203852,3.09088356363387,3.76031609543995,5.7425418511259,8.15023196350934,1,2
11,28,65,7.14526005203852,3.09088356363387,4.9873641595567,5.3936150599266,8.32853259076391,1,2
11,28,66,7.14526005203852,3.09088356363387,5.54623994158676,6.03104916142858,8.18507883791461,1,2
11,28,68,7.14526005203852,3.09088356363387,6.29223546670934,6.34598533144023,8.12348803595586,1,2
11,28,71,7.14526005203852,3.09088356363387,3.66717191534492,5.99243162288756,7.88132359012733,1,2
11,28,73,7.14526005203852,3.09088356363387,4.95508439546991,6.30032046852184,8.40077868134921,1,2
11,28,74,7.14526005203852,3.09088356363387,4.2588353843786,5.66684722733099,8.48035708323597,1,2
11,28,75,7.14526005203852,3.09088356363387,3.44934284777818,5.54821366951899,7.92669859877919,1,2
11,28,76,7.14526005203852,3.09088356363387,7.19741561977232,6.01530854468278,8.28561368531639,1,2
11,28,78,7.14526005203852,3.09088356363387,4.05661194548262,5.9711885358209,8.70944685671047,1,2
11,28,83,7.14526005203852,3.09088356363387,6.50924373557072,5.69647536238918,8.06794546499311,1,2
11,28,89,7.14526005203852,3.09088356363387,1.92738127344506,5.3679863786659,7.77228656623106,1,2
11,28,91,7.14526005203852,3.09088356363387,5.73666691982088,6.02154791387208,8.45762769738969,1,2
11,28,92,7.14526005203852,3.09088356363387,4.97323150952066,6.43841859222785,8.59631907438566,1,2
11,28,94,7.14526005203852,3.09088356363387,6.08270192288726,6.19035815603727,8.89305624775079,1,2
11,28,95,7.14526005203852,3.09088356363387,3.96407294947064,6.05025688955535,8.32786670738448,1,2
11,28,98,7.14526005203852,3.09088356363387,6.07509812591449,5.8894969118965,8.2752309149078,1,2
11,29,1,7.14526005203852,3.09088356363387,7.71720558454519,5.97186204272082,8.38646754923411,1,2
11,29,2,7.14526005203852,3.09088356363387,4.83924492474523,6.78138528014438,8.78472702894392,1,2
11,29,3,7.14526005203852,3.09088356363387,4.62322272917077,6.29619635376832,7.97603959340953,1,2
11,29,8,7.14526005203852,3.09088356363387,6.44998276777417,6.42217969167071,8.4861287045702,1,2
11,29,10,7.14526005203852,3.09088356363387,4.94642046139939,5.71882405075128,8.39824817123324,1,2
11,29,11,7.14526005203852,3.09088356363387,5.15836023600414,5.86425608549127,8.29204753759224,1,2
11,29,13,7.14526005203852,3.09088356363387,5.51700251301756,6.4628306576299,8.51780074838581,1,2
11,29,14,7.14526005203852,3.09088356363387,6.60717241475312,6.16114695491919,8.79429073308963,1,2
11,29,16,7.14526005203852,3.09088356363387,4.74891323788799,5.66261837946987,8.27347470110019,1,2
11,29,18,7.14526005203852,3.09088356363387,5.40649457834562,6.28438993625172,8.44785720927359,1,2
11,29,19,7.14526005203852,3.09088356363387,6.62325894415857,6.28079302628872,8.27197096195835,1,2
11,29,23,7.14526005203852,3.09088356363387,6.24604588770842,5.6401074449269,8.42089548826937,1,2
11,29,24,7.14526005203852,3.09088356363387,5.70137191102506,5.53880563121485,8.36276327637935,1,2
11,29,25,7.14526005203852,3.09088356363387,4.72282745292655,6.19777178716298,8.24026048254451,1,2
11,29,26,7.14526005203852,3.09088356363387,4.70099013432639,5.83585733026675,8.02002907059028,1,2
11,29,27,7.14526005203852,3.09088356363387,4.32979633973749,5.08153423815554,8.60984389075266,1,2
11,29,30,7.14526005203852,3.09088356363387,7.70809723231598,5.83223438024936,8.27260794480284,1,2
11,29,31,7.14526005203852,3.09088356363387,5.04363683450527,6.82679826371307,8.46826371749747,1,2
11,29,32,7.14526005203852,3.09088356363387,5.86226123506062,6.60876667671973,8.17731278609678,1,2
11,29,33,7.14526005203852,3.09088356363387,4.58716822005124,5.2031065798777,7.85415908221962,1,2
11,29,34,7.14526005203852,3.09088356363387,5.82561633680058,6.51296413195228,8.5681761882907,1,2
11,29,35,7.14526005203852,3.09088356363387,4.94496937428984,6.29699060689221,8.22053486618105,1,2
11,29,36,7.14526005203852,3.09088356363387,7.57909502126582,6.29992439151768,8.7754911826465,1,2
11,29,39,7.14526005203852,3.09088356363387,5.02028061262343,7.09840568920805,8.47429820190168,1,2
11,29,40,7.14526005203852,3.09088356363387,4.56209566360048,5.48544164762255,8.09341284750653,1,2
11,29,44,7.14526005203852,3.09088356363387,4.31091882617457,7.03453727634,8.65845683619612,1,2
11,29,45,7.14526005203852,3.09088356363387,5.77223165031986,5.37094856092248,8.4904706802179,1,2
11,29,46,7.14526005203852,3.09088356363387,4.24209267625617,6.30050195627581,8.24060145723201,1,2
11,29,47,7.14526005203852,3.09088356363387,3.22311584856866,5.58035760764988,8.228233761223,1,2
11,29,48,7.14526005203852,3.09088356363387,4.1054434926896,5.1592452366157,8.3895334212577,1,2
11,29,51,7.14526005203852,3.09088356363387,5.98281512837906,5.48322733374609,8.43291695338725,1,2
11,29,52,7.14526005203852,3.09088356363387,3.92223137398186,6.10536500297338,8.1682522367745,1,2
11,29,53,7.14526005203852,3.09088356363387,4.30782439294426,6.14208544356076,8.02925521154691,1,2
11,29,54,7.14526005203852,3.09088356363387,6.48395329062342,6.37067009817506,8.98412223666063,1,2
11,29,55,7.14526005203852,3.09088356363387,5.08849621318868,5.70303122288936,8.39986263411544,1,2
11,29,57,7.14526005203852,3.09088356363387,5.78556899758326,5.8393684501965,8.15142311489222,1,2
11,29,59,7.14526005203852,3.09088356363387,3.6783703642383,6.179347319054,8.21459886719087,1,2
11,29,60,7.14526005203852,3.09088356363387,5.93054007099714,5.51513730845911,7.88886796216738,1,2
11,29,61,7.14526005203852,3.09088356363387,4.65172493784297,6.16879917133341,8.3422077269645,1,2
11,29,62,7.14526005203852,3.09088356363387,3.90077605724621,6.19988647741372,7.97687313934201,1,2
11,29,64,7.14526005203852,3.09088356363387,4.97263954399418,6.38534371161885,8.20039241160803,1,2
11,29,67,7.14526005203852,3.09088356363387,5.80621338593064,6.36694167868343,8.38555089571595,1,2
11,29,70,7.14526005203852,3.09088356363387,4.5066494397588,5.961458321934,8.37880136382796,1,2
11,29,72,7.14526005203852,3.09088356363387,4.49785624722015,5.68186056200234,7.98406717929322,1,2
11,29,73,7.14526005203852,3.09088356363387,6.13512832491742,6.36033874857023,8.01548616977297,1,2
11,29,75,7.14526005203852,3.09088356363387,6.55694273099049,6.12245861309886,8.29884901469711,1,2
11,29,78,7.14526005203852,3.09088356363387,5.68130814011569,6.19133587658205,8.3630633439523,1,2
11,29,84,7.14526005203852,3.09088356363387,5.0511066410426,5.64128789770734,8.72183432141793,1,2
11,29,85,7.14526005203852,3.09088356363387,6.74758337295687,5.34810050909724,8.65718042976427,1,2
11,29,86,7.14526005203852,3.09088356363387,5.75391072761743,6.27241597188443,8.76832227358117,1,2
11,29,87,7.14526005203852,3.09088356363387,4.14115306051885,6.08765902382049,8.3166156842277,1,2
11,29,90,7.14526005203852,3.09088356363387,5.65540955498921,5.9949518873512,8.35943441196671,1,2
11,30,1,7.14526005203852,3.09088356363387,4.03582332851578,6.05850645370493,8.36867402826137,1,2
11,30,6,7.14526005203852,3.09088356363387,3.72309786237668,5.76324538384809,8.65700653768873,1,2
11,30,7,7.14526005203852,3.09088356363387,3.96607395989382,6.45175799192447,8.10780651282517,1,2
11,30,10,7.14526005203852,3.09088356363387,5.19265887811421,6.73324303284216,8.62323533026602,1,2
11,30,12,7.14526005203852,3.09088356363387,6.21027704030695,6.64158190602504,8.62481158147099,1,2
11,30,13,7.14526005203852,3.09088356363387,3.83044699840718,6.58043239375006,8.48537423895215,1,2
11,30,18,7.14526005203852,3.09088356363387,4.45429511528974,6.80481470264245,8.13819784154638,1,2
11,30,19,7.14526005203852,3.09088356363387,5.94926141475799,5.29181531807641,8.35573713501155,1,2
11,30,20,7.14526005203852,3.09088356363387,4.19254552150571,5.74774789495634,8.26614214852678,1,2
11,30,22,7.14526005203852,3.09088356363387,5.39881702156059,6.13503019099016,8.53751172094358,1,2
11,30,23,7.14526005203852,3.09088356363387,5.00366489625582,6.04978008236124,7.96953936495862,1,2
11,30,26,7.14526005203852,3.09088356363387,5.49190484466343,6.00272131646252,8.5533672201462,1,2
11,30,30,7.14526005203852,3.09088356363387,4.93394764168012,5.8568956738118,8.47095964252773,1,2
11,30,33,7.14526005203852,3.09088356363387,6.33315277119621,6.47880987839913,8.59086037291902,1,2
11,30,35,7.14526005203852,3.09088356363387,6.00945705076213,6.48718534231983,8.01969416428364,1,2
11,30,37,7.14526005203852,3.09088356363387,3.03191195748093,6.22440614483063,8.50682817017559,1,2
11,30,38,7.14526005203852,3.09088356363387,3.60211866567237,5.83190140090039,8.45699087919643,1,2
11,30,39,7.14526005203852,3.09088356363387,7.12207430113164,5.88448327246828,8.79904659590695,1,2
11,30,41,7.14526005203852,3.09088356363387,4.68831882687356,6.26004622665082,8.37918504002792,1,2
11,30,42,7.14526005203852,3.09088356363387,5.37533391109801,6.1245467335115,8.09288392316626,1,2
11,30,44,7.14526005203852,3.09088356363387,3.59671746047918,6.04320369686671,8.38730062320021,1,2
11,30,49,7.14526005203852,3.09088356363387,3.78664278062004,6.36908184338571,8.20484320043272,1,2
11,30,50,7.14526005203852,3.09088356363387,3.93268439457055,6.42832030896521,8.27365468271389,1,2
11,30,52,7.14526005203852,3.09088356363387,3.99722947288895,5.32718543843516,7.82302441074015,1,2
11,30,53,7.14526005203852,3.09088356363387,5.61102904544298,6.27160680477539,8.77907891803744,1,2
11,30,54,7.14526005203852,3.09088356363387,5.26971966685719,5.66765927760847,8.57688625878982,1,2
11,30,55,7.14526005203852,3.09088356363387,3.04692865173878,6.05212056675396,8.1701441884591,1,2
11,30,56,7.14526005203852,3.09088356363387,4.34340311248473,5.99190687147254,8.23440491769607,1,2
11,30,58,7.14526005203852,3.09088356363387,5.3042458524406,5.31009773048118,8.54213461953093,1,2
11,30,59,7.14526005203852,3.09088356363387,4.0643005002806,5.9322983410181,8.41301031053963,1,2
11,30,61,7.14526005203852,3.09088356363387,6.46626405906489,5.91978457385343,8.59720126543641,1,2
11,30,62,7.14526005203852,3.09088356363387,4.83238902893776,5.58789219165859,8.11645993645157,1,2
11,30,63,7.14526005203852,3.09088356363387,5.81472263490363,6.72947840402219,8.34043301121071,1,2
11,30,66,7.14526005203852,3.09088356363387,5.91862453592048,5.73219679211852,8.16246144294101,1,2
11,30,68,7.14526005203852,3.09088356363387,3.62413689799027,5.85385106570406,8.29621456928191,1,2
11,30,69,7.14526005203852,3.09088356363387,4.40483450964306,6.30369399849371,8.24770911599892,1,2
11,30,70,7.14526005203852,3.09088356363387,4.07629269792674,6.44057535908043,8.42632084581479,1,2
11,30,72,7.14526005203852,3.09088356363387,3.65843361908089,5.48838583471035,7.86783013346934,1,2
11,31,1,7.14526005203852,3.09088356363387,5.40347866393621,6.2562878241997,8.98888698518102,1,2
11,31,2,7.14526005203852,3.09088356363387,6.32329024225211,5.48659519473035,9.03555358556762,1,2
11,31,4,7.14526005203852,3.09088356363387,4.17202204813867,6.26795974065839,9.04605544998001,1,2
11,31,5,7.14526005203852,3.09088356363387,4.70333108430696,6.20380489486559,8.12307983089852,1,2
11,31,6,7.14526005203852,3.09088356363387,5.37878772187069,5.42526500404155,8.54594390177771,1,2
11,31,7,7.14526005203852,3.09088356363387,6.37617235312848,5.29486470442356,8.0924603119823,1,2
11,31,8,7.14526005203852,3.09088356363387,3.83608431252959,6.91001613031777,8.30290232966497,1,2
11,31,10,7.14526005203852,3.09088356363387,6.62903910127617,5.90785184542971,8.52706125126874,1,2
11,31,12,7.14526005203852,3.09088356363387,3.35158050743787,5.98480145547998,8.0334185511449,1,2
11,31,13,7.14526005203852,3.09088356363387,5.39633351033011,6.32654332966945,8.79372158886531,1,2
11,31,14,7.14526005203852,3.09088356363387,5.54515160631265,6.43119942469303,8.82428107656959,1,2
11,31,16,7.14526005203852,3.09088356363387,4.52609325136366,6.26489925533337,8.63552586720912,1,2
11,31,17,7.14526005203852,3.09088356363387,5.85207005458577,6.2060069641275,7.85877146244923,1,2
11,31,18,7.14526005203852,3.09088356363387,4.55852162450953,5.44320843232069,8.90338976924134,1,2
11,31,21,7.14526005203852,3.09088356363387,5.31737194849038,7.11775359904735,8.61321063153586,1,2
11,31,23,7.14526005203852,3.09088356363387,6.31846955430325,5.94211410566688,8.75421283026586,1,2
11,31,24,7.14526005203852,3.09088356363387,4.23664249269194,6.47807914439846,8.60027220792378,1,2
11,31,26,7.14526005203852,3.09088356363387,5.42184885409181,6.74377729995561,8.57160430618314,1,2
11,31,27,7.14526005203852,3.09088356363387,3.75369168164166,6.02738373670017,8.49098589826634,1,2
11,31,28,7.14526005203852,3.09088356363387,5.69183530612245,5.93946688610085,8.538562559646,1,2
11,31,30,7.14526005203852,3.09088356363387,5.63560902153049,6.26118764461845,8.51441744020636,1,2
11,31,31,7.14526005203852,3.09088356363387,5.19939836760082,5.24845265545049,8.15964459250514,1,2
11,31,33,7.14526005203852,3.09088356363387,5.73502297865906,6.01517605602461,8.62363821665744,1,2
11,31,34,7.14526005203852,3.09088356363387,3.93755179391866,5.36313708578279,8.06255830573504,1,2
11,31,37,7.14526005203852,3.09088356363387,5.80761236568181,5.24227120261387,7.97925130805716,1,2
11,31,38,7.14526005203852,3.09088356363387,6.04795545674286,6.55070680745924,9.04730663608971,1,2
11,31,39,7.14526005203852,3.09088356363387,5.49540393458734,5.51803685020866,8.68620231253293,1,2
11,31,41,7.14526005203852,3.09088356363387,6.1185064211781,5.83520029530663,8.65606488373456,1,2
11,31,42,7.14526005203852,3.09088356363387,5.32044827962298,6.15040661409917,8.38165824280249,1,2
11,31,43,7.14526005203852,3.09088356363387,5.61014899773281,6.164185721259,8.97775188240269,1,2
11,31,44,7.14526005203852,3.09088356363387,6.48308649905863,7.03973722434109,8.84997611948959,1,2
11,31,46,7.14526005203852,3.09088356363387,5.76553767142049,5.12717425854743,8.36337417628119,1,2
11,31,47,7.14526005203852,3.09088356363387,5.01943472661641,5.79257490052221,8.65388789737491,1,2
11,31,50,7.14526005203852,3.09088356363387,5.26184600565249,5.06685916154387,8.3213019655762,1,2
11,31,51,7.14526005203852,3.09088356363387,5.72230844076714,6.40806968688012,8.39784443128776,1,2
11,31,52,7.14526005203852,3.09088356363387,5.27262296988232,6.27890712856796,8.50337690542666,1,2
11,31,54,7.14526005203852,3.09088356363387,2.05044182438559,6.16615787568978,8.1077582131838,1,2
11,31,55,7.14526005203852,3.09088356363387,4.13453949008733,6.03035704626893,8.56261829879634,1,2
11,31,57,7.14526005203852,3.09088356363387,4.68263127465558,5.60630134593459,8.67657762477272,1,2
11,31,58,7.14526005203852,3.09088356363387,4.60005275583534,5.07438845988311,8.03068136480096,1,2
11,31,59,7.14526005203852,3.09088356363387,6.33954713920746,5.70625641191742,8.60765568247391,1,2
11,31,61,7.14526005203852,3.09088356363387,4.90170138912614,6.56631869016398,8.65405716929769,1,2
11,32,1,7.14526005203852,3.09088356363387,6.27504426607268,6.42155764058119,9.10904291872685,1,2
11,32,3,7.14526005203852,3.09088356363387,4.39333827906952,6.48437662565239,8.5866827931901,1,2
11,32,5,7.14526005203852,3.09088356363387,5.23910798480148,5.70618259680509,8.89201142963799,1,2
11,32,6,7.14526005203852,3.09088356363387,3.88144707449413,5.69484068606121,8.02920722282128,1,2
11,32,7,7.14526005203852,3.09088356363387,5.32602848864094,6.10749039503065,8.70392719505475,1,2
11,32,8,7.14526005203852,3.09088356363387,3.41496386045143,6.59594573466659,8.49021080008905,1,2
11,32,9,7.14526005203852,3.09088356363387,4.18209638705309,5.05924034746575,8.21748117634945,1,2
11,32,11,7.14526005203852,3.09088356363387,4.10089440833467,6.38842852016222,8.51605152318603,1,2
11,32,12,7.14526005203852,3.09088356363387,6.07172296420709,6.18740059950571,8.63118432765333,1,2
11,32,14,7.14526005203852,3.09088356363387,5.625974994888,6.39280159066132,8.56959210922974,1,2
11,32,16,7.14526005203852,3.09088356363387,4.70289648296807,5.90176427807689,8.62342993025277,1,2
11,32,26,7.14526005203852,3.09088356363387,4.65819957045402,5.30448877619929,7.91815912060175,1,2
11,32,27,7.14526005203852,3.09088356363387,6.68579500366423,5.58258813710807,8.96048793821247,1,2
11,32,28,7.14526005203852,3.09088356363387,5.32725251016646,6.07778264025823,8.29036265638138,1,2
11,32,29,7.14526005203852,3.09088356363387,5.59132663659032,6.19059326094995,8.72499253639702,1,2
11,32,30,7.14526005203852,3.09088356363387,3.66907526632993,6.18204306997998,8.24941970120341,1,2
11,32,31,7.14526005203852,3.09088356363387,4.44099799375476,5.48066598560439,8.03165113985144,1,2
11,32,35,7.14526005203852,3.09088356363387,5.51455314180144,5.24261841869357,8.5091620552986,1,2
11,32,36,7.14526005203852,3.09088356363387,5.3801754365644,6.62174139750887,8.13293570653536,1,2
11,32,38,7.14526005203852,3.09088356363387,5.1424765277295,6.0954739037269,8.70442846516007,1,2
11,32,39,7.14526005203852,3.09088356363387,4.25912888413319,4.90622558518085,8.27264435788317,1,2
11,32,40,7.14526005203852,3.09088356363387,5.34148637314731,6.48155340673861,8.26747013815184,1,2
11,32,41,7.14526005203852,3.09088356363387,4.90597732767789,5.75090745370783,8.59634763795948,1,2
11,32,43,7.14526005203852,3.09088356363387,4.62905621161993,5.61810036616531,8.23841184897134,1,2
11,32,44,7.14526005203852,3.09088356363387,5.15528351642455,7.12815735614047,8.09201014741131,1,2
11,32,47,7.14526005203852,3.09088356363387,7.30476444169998,6.15592771004249,8.92275364947708,1,2
11,32,48,7.14526005203852,3.09088356363387,4.88366153205134,5.50975686036306,8.44557142552493,1,2
11,32,49,7.14526005203852,3.09088356363387,4.6061294214341,4.99129662538563,8.05029076521811,1,2
11,32,50,7.14526005203852,3.09088356363387,3.86552283001296,6.09465653620243,8.54517781394041,1,2
11,32,51,7.14526005203852,3.09088356363387,4.67050084338866,6.50441237580763,8.76111080792912,1,2
11,32,52,7.14526005203852,3.09088356363387,4.89481697868091,5.89884245397828,8.35204541083833,1,2
11,32,54,7.14526005203852,3.09088356363387,4.80902734242701,5.97509428218752,8.1231964700622,1,2
11,32,55,7.14526005203852,3.09088356363387,5.35842766071205,6.01197173990519,8.25120148620243,1,2
11,32,56,7.14526005203852,3.09088356363387,4.25413311160757,6.69067378547528,8.64882877982095,1,2
11,32,61,7.14526005203852,3.09088356363387,5.0854915584425,6.01176992377888,8.44780835590971,1,2
11,32,62,7.14526005203852,3.09088356363387,5.44184039463831,5.54281808883478,8.49996412873601,1,2
11,32,63,7.14526005203852,3.09088356363387,5.75868625574445,6.18159299797942,8.713263471792,1,2
11,32,64,7.14526005203852,3.09088356363387,4.90426959283269,5.73737350171862,8.68491861044595,1,2
11,32,72,7.14526005203852,3.09088356363387,5.50401859064096,4.91423263873535,8.31085055138151,1,2
11,32,74,7.14526005203852,3.09088356363387,3.49062596460462,6.08935448628146,7.93474800102488,1,2
11,33,2,7.14526005203852,3.09088356363387,5.64811671396893,6.00844007661412,9.28315592583261,1,2
11,33,3,7.14526005203852,3.09088356363387,4.05097306829234,6.18289439644129,8.30330058082989,1,2
11,33,5,7.14526005203852,3.09088356363387,5.36408019453263,6.05740749470183,8.61666450649474,1,2
11,33,7,7.14526005203852,3.09088356363387,5.60124613851246,6.74529716297933,8.63745398028283,1,2
11,33,9,7.14526005203852,3.09088356363387,3.72415767579804,6.1078940462449,8.68970195027889,1,2
11,33,10,7.14526005203852,3.09088356363387,6.21118376757401,7.13650594405293,9.1996733233378,1,2
11,33,11,7.14526005203852,3.09088356363387,4.91025416742572,6.21578564115141,8.81478079466575,1,2
11,33,13,7.14526005203852,3.09088356363387,5.64381065320299,5.38134973361919,8.49498304893029,1,2
11,33,14,7.14526005203852,3.09088356363387,2.07994916478747,7.7495569882697,8.43498470707959,1,2
11,33,15,7.14526005203852,3.09088356363387,4.11513751712389,6.3147578863386,8.91231910840556,1,2
11,33,19,7.14526005203852,3.09088356363387,5.8413282047524,6.29610472177217,8.94314679084885,1,2
11,33,20,7.14526005203852,3.09088356363387,4.76146769967534,6.70033510892654,8.45109673517109,1,2
11,33,21,7.14526005203852,3.09088356363387,3.87444690309329,6.72079155574865,8.48598853702759,1,2
11,33,23,7.14526005203852,3.09088356363387,6.59163047905755,6.48587941557033,9.20433084214969,1,2
11,33,25,7.14526005203852,3.09088356363387,5.63504915358975,4.9981431270813,8.75583478537678,1,2
11,33,26,7.14526005203852,3.09088356363387,4.3834079579032,5.79810813179823,8.46503425230377,1,2
11,33,27,7.14526005203852,3.09088356363387,4.00862116349171,6.63051327730767,8.80872960046728,1,2
11,33,31,7.14526005203852,3.09088356363387,5.00819767303403,6.13409648351358,8.92535395512028,1,2
11,33,35,7.14526005203852,3.09088356363387,4.51041071031843,6.90943698256128,8.69547521064048,1,2
11,33,36,7.14526005203852,3.09088356363387,4.11368609639699,5.41352553922364,8.63460958982504,1,2
11,33,37,7.14526005203852,3.09088356363387,5.22737474008828,5.25812808211687,8.70838855748531,1,2
11,33,38,7.14526005203852,3.09088356363387,4.1076750694864,6.49577978585605,8.61468534391941,1,2
11,33,40,7.14526005203852,3.09088356363387,4.66587902387941,6.31201063910956,8.48027129164075,1,2
11,33,43,7.14526005203852,3.09088356363387,4.46319292307816,5.41825448710542,8.19374782414955,1,2
11,33,46,7.14526005203852,3.09088356363387,4.17557665526425,6.92382962276022,8.26354968232751,1,2
11,33,50,7.14526005203852,3.09088356363387,3.91779102524001,6.03303063221302,8.29709413600083,1,2
11,33,52,7.14526005203852,3.09088356363387,4.50810317136715,6.08041887558126,9.16214873896235,1,2
11,33,54,7.14526005203852,3.09088356363387,6.88292462585592,6.4134021470121,8.97509589418726,1,2
11,33,56,7.14526005203852,3.09088356363387,5.5661045702403,5.80304706197696,8.80159826381349,1,2
11,33,57,7.14526005203852,3.09088356363387,2.79150443973658,5.59986960245787,8.57088333149222,1,2
11,33,59,7.14526005203852,3.09088356363387,5.19295610335422,6.00051879132487,8.44692860800708,1,2
11,33,60,7.14526005203852,3.09088356363387,6.88738468034922,6.12519821139365,8.49246766876022,1,2
11,33,61,7.14526005203852,3.09088356363387,4.7544584970544,6.74480061691612,8.37347273504966,1,2
11,33,62,7.14526005203852,3.09088356363387,5.2560202476213,5.90675462742262,8.78597671778491,1,2
11,33,63,7.14526005203852,3.09088356363387,6.54496270258104,6.00622785461887,8.7549043811689,1,2
11,33,65,7.14526005203852,3.09088356363387,4.34177476099779,5.75736809921366,8.52689586831911,1,2
11,33,66,7.14526005203852,3.09088356363387,4.59770646121177,6.01245516335614,8.41282286820201,1,2
11,33,69,7.14526005203852,3.09088356363387,4.81225355846999,6.44191632064548,8.73031899692934,1,2
11,33,70,7.14526005203852,3.09088356363387,4.03656429121523,6.56328582160461,8.33256331032937,1,2
11,33,72,7.14526005203852,3.09088356363387,4.39513461048443,5.48398558967776,8.57625409460743,1,2
11,33,74,7.14526005203852,3.09088356363387,5.59939275959316,6.10036675851146,8.87842238405866,1,2
11,33,78,7.14526005203852,3.09088356363387,4.74333820733018,6.22173760706149,8.50393306251173,1,2
11,33,80,7.14526005203852,3.09088356363387,4.46220594853881,5.83550340995998,8.27838864433704,1,2
11,33,85,7.14526005203852,3.09088356363387,6.70843195256455,5.22772210234665,8.95191414569792,1,2
11,33,86,7.14526005203852,3.09088356363387,4.58662529674831,6.45324403146559,8.94079864784516,1,2
11,33,89,7.14526005203852,3.09088356363387,5.18161666510667,6.10306212145847,8.63622787529088,1,2
11,33,91,7.14526005203852,3.09088356363387,5.86540714244303,6.72163694990395,9.11494572721668,1,2
11,33,94,7.14526005203852,3.09088356363387,6.05626462888125,6.5688895837102,8.77346345345003,1,2
11,33,95,7.14526005203852,3.09088356363387,5.62768109990258,6.0492761978609,8.93703793043036,1,2
11,34,1,7.14526005203852,3.09088356363387,4.90013612140363,5.68799581760205,8.39998165152868,1,2
11,34,3,7.14526005203852,3.09088356363387,5.37935422268017,6.09875914665539,8.45956275644929,1,2
11,34,11,7.14526005203852,3.09088356363387,5.47438686424181,6.80350700888703,8.78890464743928,1,2
11,34,12,7.14526005203852,3.09088356363387,6.04658431201962,5.71534532383443,8.91380101548338,1,2
11,34,13,7.14526005203852,3.09088356363387,4.76159312520583,6.30070107301808,8.90077367031158,1,2
11,34,16,7.14526005203852,3.09088356363387,3.35806378045495,5.89218545479796,8.62011778814458,1,2
11,34,19,7.14526005203852,3.09088356363387,3.97744926967019,6.62486413310774,8.76878878494214,1,2
11,34,22,7.14526005203852,3.09088356363387,4.98194456444575,5.84060985438315,8.84340858302923,1,2
11,34,23,7.14526005203852,3.09088356363387,4.57392347509079,5.64535305392083,8.53554669069102,1,2
11,34,24,7.14526005203852,3.09088356363387,4.95259856700997,5.80407917615006,8.07961116226468,1,2
11,34,25,7.14526005203852,3.09088356363387,4.72997113161513,5.97359178005819,8.82522689199878,1,2
11,34,29,7.14526005203852,3.09088356363387,3.82221080750825,5.84615212850667,8.70185061395474,1,2
11,34,31,7.14526005203852,3.09088356363387,5.8270578377086,6.48681055659554,8.30747022585235,1,2
11,34,32,7.14526005203852,3.09088356363387,3.67650829247112,6.49278327658,8.43037299485635,1,2
11,34,35,7.14526005203852,3.09088356363387,6.60419296506469,6.16115904335047,8.64428812871211,1,2
11,34,36,7.14526005203852,3.09088356363387,7.02657735160721,6.51790247792123,9.01425147431986,1,2
11,34,37,7.14526005203852,3.09088356363387,4.53545921514525,6.22903874480217,8.00584742393505,1,2
11,34,41,7.14526005203852,3.09088356363387,3.99636398998936,5.85473590427319,8.3563829377323,1,2
11,34,43,7.14526005203852,3.09088356363387,4.26076049747124,6.49611515067995,8.6399365321919,1,2
11,34,44,7.14526005203852,3.09088356363387,5.4155879305373,5.30762798570219,8.80368959867713,1,2
11,34,46,7.14526005203852,3.09088356363387,4.77414828124431,5.60330706529853,9.06268859567403,1,2
11,34,49,7.14526005203852,3.09088356363387,4.06416118854575,6.06243342923488,8.4746018298381,1,2
11,34,50,7.14526005203852,3.09088356363387,5.47460863597701,5.4569953567643,8.42738074944885,1,2
11,34,51,7.14526005203852,3.09088356363387,5.26356858556966,7.1913641531297,8.60678062450339,1,2
11,34,54,7.14526005203852,3.09088356363387,7.71775941292624,5.714745239829,8.64140816509998,1,2
11,34,55,7.14526005203852,3.09088356363387,4.77545854018981,5.89502431139066,8.4170909327993,1,2
11,34,57,7.14526005203852,3.09088356363387,4.98927974463978,6.09862767085569,9.14167129340838,1,2
11,34,59,7.14526005203852,3.09088356363387,4.39130340516992,6.50032989459636,8.62781409132956,1,2
11,34,60,7.14526005203852,3.09088356363387,6.71722684662263,5.56287404750985,8.44757556431422,1,2
11,35,1,7.14526005203852,3.09088356363387,6.47639146940321,6.92360412065008,9.29178832501479,1,2
11,35,2,7.14526005203852,3.09088356363387,3.33298934208689,5.42769441723817,8.20655132701455,1,2
11,35,6,7.14526005203852,3.09088356363387,4.14246346248718,6.35101280682135,9.18811693153157,1,2
11,35,9,7.14526005203852,3.09088356363387,6.2311087946829,6.74314785439798,8.29634345926503,1,2
11,35,11,7.14526005203852,3.09088356363387,4.74808508809677,5.475207912199,9.1977647437932,1,2
11,35,12,7.14526005203852,3.09088356363387,5.36564788839024,5.69673947854149,9.01971284441727,1,2
11,35,14,7.14526005203852,3.09088356363387,6.6195603917502,5.11734352441664,8.76817153388836,1,2
11,35,16,7.14526005203852,3.09088356363387,5.86904354616966,5.80059638864244,8.85119759391887,1,2
11,35,19,7.14526005203852,3.09088356363387,6.15941351090794,5.94251446188249,9.00164490029632,1,2
11,35,23,7.14526005203852,3.09088356363387,3.99332918839596,6.02096471192721,8.2563903086147,1,2
11,35,24,7.14526005203852,3.09088356363387,5.86140798457622,6.30459358500283,8.67888180523795,1,2
11,35,26,7.14526005203852,3.09088356363387,4.18992898247163,5.85711683068417,8.7644224245937,1,2
11,35,27,7.14526005203852,3.09088356363387,5.35839426007042,5.71244452260308,8.79279997029007,1,2
11,35,28,7.14526005203852,3.09088356363387,4.88597118248814,6.61124962320026,8.97701488290499,1,2
11,35,29,7.14526005203852,3.09088356363387,4.89003682543553,5.31049724446445,8.50564164010543,1,2
11,35,32,7.14526005203852,3.09088356363387,5.4854943637435,6.5499153109774,8.75873932811677,1,2
11,35,33,7.14526005203852,3.09088356363387,5.01197031645592,6.50804805301288,8.78064380408886,1,2
11,35,34,7.14526005203852,3.09088356363387,5.86793945839285,6.05902306912576,9.04667749358827,1,2
11,35,40,7.14526005203852,3.09088356363387,4.8374696630418,6.57320375566754,8.76048701327247,1,2
11,35,42,7.14526005203852,3.09088356363387,2.71788750576451,6.18813314482098,8.42144289250519,1,2
11,35,43,7.14526005203852,3.09088356363387,3.81599002703011,6.65370060851574,9.00302416324997,1,2
11,35,45,7.14526005203852,3.09088356363387,3.53821001544974,6.51177439213861,8.34947765033867,1,2
11,35,46,7.14526005203852,3.09088356363387,5.86520903694714,6.36889249790625,9.05815502663886,1,2
11,35,48,7.14526005203852,3.09088356363387,5.17076090165971,5.54351918048878,8.66927203121835,1,2
11,35,49,7.14526005203852,3.09088356363387,3.98859846799593,6.42533389168649,8.64643197284359,1,2
11,35,53,7.14526005203852,3.09088356363387,3.84804603619753,6.6460716703551,8.90048879928844,1,2
11,35,54,7.14526005203852,3.09088356363387,4.53321770215818,6.09025528132084,8.47077154289289,1,2
11,35,55,7.14526005203852,3.09088356363387,4.83151290408339,5.80722560998769,8.7386462406606,1,2
11,35,56,7.14526005203852,3.09088356363387,5.65458659630671,6.78390336975854,8.57013001487082,1,2
11,35,57,7.14526005203852,3.09088356363387,3.35372645741812,5.41263955579664,8.68246698356261,1,2
11,35,64,7.14526005203852,3.09088356363387,4.21804874532846,6.23302190694272,8.59956853843375,1,2
11,35,65,7.14526005203852,3.09088356363387,5.95721168809996,6.23119865505593,9.14080971334881,1,2
11,35,66,7.14526005203852,3.09088356363387,4.34140014893142,4.96761433548824,8.47268794526241,1,2
11,35,68,7.14526005203852,3.09088356363387,2.67760489808964,6.75264645234209,8.169015176908,1,2
11,35,69,7.14526005203852,3.09088356363387,3.41090864775139,6.12788472547091,8.93771754004125,1,2
11,35,72,7.14526005203852,3.09088356363387,5.32058641505225,5.61003233172764,9.192628068956,1,2
11,35,73,7.14526005203852,3.09088356363387,5.41583250053628,5.57444897991482,9.00861833739619,1,2
11,35,74,7.14526005203852,3.09088356363387,5.8566135070136,5.33522825091698,8.82978252076822,1,2
11,35,75,7.14526005203852,3.09088356363387,4.37192625674819,6.35695091332462,8.32249177379804,1,2
11,35,76,7.14526005203852,3.09088356363387,4.00260955333598,5.89947455713508,8.73526411665334,1,2
11,35,77,7.14526005203852,3.09088356363387,4.63305540942493,5.89541776468902,8.70012827081463,1,2
11,35,79,7.14526005203852,3.09088356363387,4.85339072137227,5.65371026762602,8.88304289471098,1,2
11,35,80,7.14526005203852,3.09088356363387,5.31640611543473,6.38707553798872,8.660214246393,1,2
11,36,1,7.14526005203852,3.09088356363387,6.50184342355529,7.15269836722511,8.83906008365408,1,2
11,36,2,7.14526005203852,3.09088356363387,6.38121569941945,4.9197083118922,8.20136672297706,1,2
11,36,4,7.14526005203852,3.09088356363387,4.46599253314533,6.45190478680744,8.33531793203224,1,2
11,36,6,7.14526005203852,3.09088356363387,4.17655503308379,7.41723237245333,8.95670440267629,1,2
11,36,9,7.14526005203852,3.09088356363387,4.79382963862496,6.91315566262668,8.81848038987076,1,2
11,36,11,7.14526005203852,3.09088356363387,3.78501253214692,5.68944580429431,8.24542070950517,1,2
11,36,13,7.14526005203852,3.09088356363387,5.59925556932748,5.58660918052393,8.80884521967397,1,2
11,36,16,7.14526005203852,3.09088356363387,4.12603352597527,6.53475898946597,8.45994958348988,1,2
11,36,19,7.14526005203852,3.09088356363387,4.28246033996473,5.874313115294,8.65196259440992,1,2
11,36,22,7.14526005203852,3.09088356363387,4.70235204728218,5.54305408489184,8.5754324705111,1,2
11,36,23,7.14526005203852,3.09088356363387,4.4087288956571,6.5234761858306,8.53707010311179,1,2
11,36,24,7.14526005203852,3.09088356363387,3.93672629590559,6.01914374427067,8.60440103029921,1,2
11,36,25,7.14526005203852,3.09088356363387,6.29231040216076,6.26340000250101,8.87389823792494,1,2
11,36,26,7.14526005203852,3.09088356363387,4.1475348293733,4.7468114082917,8.4861621482366,1,2
11,36,28,7.14526005203852,3.09088356363387,4.08435178606718,5.48517920093238,8.33209416734062,1,2
11,36,29,7.14526005203852,3.09088356363387,5.03250284904165,6.21271401952189,9.01515805422297,1,2
11,36,31,7.14526005203852,3.09088356363387,5.4545706026239,5.86262760873996,8.84524992220271,1,2
11,36,33,7.14526005203852,3.09088356363387,5.87514502146161,6.9810671136316,8.75227289314441,1,2
11,36,35,7.14526005203852,3.09088356363387,4.46308055022481,6.28571395473993,8.64536447678851,1,2
11,36,36,7.14526005203852,3.09088356363387,4.31710670307892,5.70415845320733,8.33738319254367,1,2
11,36,37,7.14526005203852,3.09088356363387,4.21049655872291,4.90742273449703,8.41701494378272,1,2
11,36,40,7.14526005203852,3.09088356363387,5.54214144634331,6.43425675776313,9.45745685124696,1,2
11,36,41,7.14526005203852,3.09088356363387,3.78470747675449,6.50264451253865,9.05398750893879,1,2
11,36,42,7.14526005203852,3.09088356363387,4.23755453923177,5.55397413466129,8.67301493872861,1,2
11,36,48,7.14526005203852,3.09088356363387,6.31908086916529,5.82628091804776,8.22591187970804,1,2
11,36,49,7.14526005203852,3.09088356363387,4.82685297104432,6.3908443461526,8.91614147482246,1,2
11,36,52,7.14526005203852,3.09088356363387,4.5710315418396,6.38368956133999,8.73467690059082,1,2
11,36,55,7.14526005203852,3.09088356363387,5.15387471029497,5.13937060723502,8.49211640954414,1,2
11,36,56,7.14526005203852,3.09088356363387,5.90672373406267,6.08964559446357,9.2503933297037,1,2
11,36,61,7.14526005203852,3.09088356363387,3.72087135468796,6.43266865931014,8.11513281629165,1,2
11,36,62,7.14526005203852,3.09088356363387,5.77773015079526,5.93604573170845,8.38321066412061,1,2
11,36,65,7.14526005203852,3.09088356363387,6.57650086528491,6.42424079576212,9.18090462290378,1,2
11,36,68,7.14526005203852,3.09088356363387,7.15964053956871,6.10067722828961,8.54005670688107,1,2
11,36,69,7.14526005203852,3.09088356363387,6.40195858832656,5.5082590204573,8.28359758028076,1,2
11,36,70,7.14526005203852,3.09088356363387,4.92005330713923,6.31125033197886,8.44872607875182,1,2
11,37,2,7.14526005203852,3.09088356363387,5.74031926777393,5.92055689109513,9.08596862545139,1,2
11,37,3,7.14526005203852,3.09088356363387,6.00410049750173,5.64887077435765,9.63509948094284,1,2
11,37,9,7.14526005203852,3.09088356363387,5.09303805192574,6.485545041946,9.40711408892727,1,2
11,37,10,7.14526005203852,3.09088356363387,5.27520398744443,5.46071610064078,8.65282478787072,1,2
11,37,12,7.14526005203852,3.09088356363387,5.21557911041074,6.30393511067554,8.27872791332241,1,2
11,37,15,7.14526005203852,3.09088356363387,3.91174444124525,6.55246352758819,9.26248388986181,1,2
11,37,16,7.14526005203852,3.09088356363387,3.92400830162478,4.96355687335263,8.91507442941473,1,2
11,37,17,7.14526005203852,3.09088356363387,4.3317130817058,5.48828933689056,9.03177796075162,1,2
11,37,19,7.14526005203852,3.09088356363387,6.12262441203566,5.80098655411705,8.95539871514888,1,2
11,37,20,7.14526005203852,3.09088356363387,6.09523255819254,5.68744788684481,9.34795532340463,1,2
11,37,21,7.14526005203852,3.09088356363387,4.92462556347774,6.66401291381196,8.88585170165252,1,2
11,37,22,7.14526005203852,3.09088356363387,3.42128311128313,5.19042562430943,8.65821908140502,1,2
11,37,25,7.14526005203852,3.09088356363387,5.00093642769565,6.11072480403497,9.47204434163434,1,2
11,37,27,7.14526005203852,3.09088356363387,5.31683031710863,5.90679483881247,8.57303386671626,1,2
11,37,28,7.14526005203852,3.09088356363387,5.41530152887308,5.30429174746685,8.92159836035642,1,2
11,37,30,7.14526005203852,3.09088356363387,4.52215516256665,5.5094209566542,9.09040929082475,1,2
11,37,31,7.14526005203852,3.09088356363387,5.48627130124053,5.66933117924473,9.26367827812075,1,2
11,37,34,7.14526005203852,3.09088356363387,5.55015770419945,5.48286946345904,8.82095732248759,1,2
11,37,35,7.14526005203852,3.09088356363387,4.73443710139836,6.33459993003581,9.21132617730109,1,2
11,37,36,7.14526005203852,3.09088356363387,4.95553489004061,5.89937805757366,9.09650355157808,1,2
11,37,42,7.14526005203852,3.09088356363387,4.51870794576717,5.7990636348112,9.19905444280367,1,2
11,37,44,7.14526005203852,3.09088356363387,4.44457515537524,6.2778671323434,8.87998729780645,1,2
11,37,45,7.14526005203852,3.09088356363387,4.94352973123452,5.79466197792677,8.93959984004218,1,2
11,37,46,7.14526005203852,3.09088356363387,4.52646603439696,6.76559678243438,8.65109105390835,1,2
11,37,47,7.14526005203852,3.09088356363387,5.46270689559985,6.03561940787798,8.90518999097835,1,2
11,37,49,7.14526005203852,3.09088356363387,3.73314913026564,5.8621966567281,8.77009112389601,1,2
11,37,50,7.14526005203852,3.09088356363387,5.83836844880462,6.55819546754794,8.51514478677841,1,2
11,37,52,7.14526005203852,3.09088356363387,3.13598222371925,6.27792330529694,8.68733097543855,1,2
11,37,54,7.14526005203852,3.09088356363387,6.28678330883227,5.53430113541024,8.94864660161874,1,2
11,37,56,7.14526005203852,3.09088356363387,6.93946700161838,5.70568299474302,8.99528203098281,1,2
11,37,59,7.14526005203852,3.09088356363387,4.29083694649523,7.01492418273606,8.93404635144906,1,2
11,37,60,7.14526005203852,3.09088356363387,5.72109730319151,5.05001091706447,9.2566441917495,1,2
11,37,61,7.14526005203852,3.09088356363387,5.46401721127739,5.51989676776768,8.97504637527746,1,2
11,37,62,7.14526005203852,3.09088356363387,6.61669243784514,5.6622931546939,8.77048835903337,1,2
11,37,67,7.14526005203852,3.09088356363387,4.42686833057507,6.16901530778651,8.92334896248704,1,2
11,37,71,7.14526005203852,3.09088356363387,6.15237512132706,5.81673175027545,9.14774463841923,1,2
11,37,74,7.14526005203852,3.09088356363387,4.498445542536,6.41518555270827,8.6739536111664,1,2
11,37,75,7.14526005203852,3.09088356363387,4.85644860191661,5.74864836613079,9.04418104661525,1,2
11,37,84,7.14526005203852,3.09088356363387,4.81611963643175,5.44675903734892,8.38981544441739,1,2
11,37,86,7.14526005203852,3.09088356363387,5.5325215692605,5.06594362107406,9.05498589667625,1,2
11,37,87,7.14526005203852,3.09088356363387,4.86538184992127,5.64254403151612,8.57556327718999,1,2
11,37,91,7.14526005203852,3.09088356363387,2.51081260424303,5.9288889093518,9.10052202440589,1,2
11,37,93,7.14526005203852,3.09088356363387,6.4155651273684,6.65058147377492,9.33366908147345,1,2
11,38,2,7.14526005203852,3.09088356363387,4.49970583693947,6.692199767127,9.1830664253866,1,2
11,38,3,7.14526005203852,3.09088356363387,5.66330815584515,5.87575805716275,9.64386011757352,1,2
11,38,6,7.14526005203852,3.09088356363387,5.77390297060692,5.83312061412543,8.79935591356653,1,2
11,38,11,7.14526005203852,3.09088356363387,5.13393797423396,6.79929429484849,9.37100674649215,1,2
11,38,14,7.14526005203852,3.09088356363387,5.8823041141007,5.46624438974159,9.0993532094118,1,2
11,38,16,7.14526005203852,3.09088356363387,6.51350782955656,6.30287286178422,9.29693727010685,1,2
11,38,17,7.14526005203852,3.09088356363387,4.44557179619441,5.66999922228025,9.28410886318984,1,2
11,38,18,7.14526005203852,3.09088356363387,4.57423829355412,5.65502511592226,9.11420625069355,1,2
11,38,19,7.14526005203852,3.09088356363387,6.30797426508768,5.51812836222258,8.61894491144634,1,2
11,38,24,7.14526005203852,3.09088356363387,5.71194439540688,5.68278364273689,9.39007380758163,1,2
11,38,25,7.14526005203852,3.09088356363387,4.74557013619731,5.66416054857933,9.50925472706978,1,2
11,38,27,7.14526005203852,3.09088356363387,3.94277902606369,5.20733077537641,8.88444095041021,1,2
11,38,28,7.14526005203852,3.09088356363387,4.99053635000171,5.48665056904782,9.42557851483273,1,2
11,38,29,7.14526005203852,3.09088356363387,4.86857597783351,6.22307279315967,9.27289488820266,1,2
11,38,33,7.14526005203852,3.09088356363387,4.419701058647,5.93905087801502,9.16145340360231,1,2
11,38,34,7.14526005203852,3.09088356363387,4.37832552791111,6.1783713407258,9.24494244659856,1,2
11,38,37,7.14526005203852,3.09088356363387,5.93510821447933,6.07066131231703,9.2216261716746,1,2
11,38,38,7.14526005203852,3.09088356363387,3.7680876964868,5.47055964890109,9.04534943764453,1,2
11,38,40,7.14526005203852,3.09088356363387,4.0291279030388,6.77044744386326,8.69441029564566,1,2
11,38,42,7.14526005203852,3.09088356363387,5.34580315034595,6.49007872202055,8.61599448201548,1,2
11,38,43,7.14526005203852,3.09088356363387,6.59329342613416,5.5750490895074,9.35079408240746,1,2
11,38,45,7.14526005203852,3.09088356363387,4.07335953773545,6.29004998213927,8.43304691326407,1,2
11,38,46,7.14526005203852,3.09088356363387,5.0829396166542,5.62496724078191,8.60561359042724,1,2
11,38,47,7.14526005203852,3.09088356363387,4.4575824543103,6.67862401685671,9.1923663041223,1,2
11,38,49,7.14526005203852,3.09088356363387,3.76871238520716,5.87831642482835,8.81960005697851,1,2
11,38,50,7.14526005203852,3.09088356363387,6.28108121862644,6.64925733377394,9.4010848700011,1,2
11,38,53,7.14526005203852,3.09088356363387,5.23178551525173,5.52373243119231,8.79937613913968,1,2
11,38,54,7.14526005203852,3.09088356363387,5.8063296983678,4.81999909971243,8.56736607225333,1,2
11,38,58,7.14526005203852,3.09088356363387,7.89576198510237,6.71708095230262,9.02586631471923,1,2
11,38,61,7.14526005203852,3.09088356363387,4.6745805075843,5.57571146660641,9.22182421168152,1,2
11,38,63,7.14526005203852,3.09088356363387,3.67565354846214,6.45839644213504,9.43970709958281,1,2
11,38,64,7.14526005203852,3.09088356363387,3.61573061950775,5.56029605002548,8.9670306650205,1,2
11,38,65,7.14526005203852,3.09088356363387,7.03339556930609,6.20300829786762,9.30673086362121,1,2
11,38,66,7.14526005203852,3.09088356363387,6.28744622795933,5.97109277321358,9.24690676876853,1,2
11,38,69,7.14526005203852,3.09088356363387,5.43922524320127,6.20613873898642,9.11139185650045,1,2
11,38,71,7.14526005203852,3.09088356363387,6.89510752243414,5.36868112875727,9.00196129629659,1,2
11,38,74,7.14526005203852,3.09088356363387,5.95520517204539,5.51543104712845,8.77580433719083,1,2
11,38,78,7.14526005203852,3.09088356363387,5.32450271336838,6.19758800644229,9.27756524609458,1,2
11,38,80,7.14526005203852,3.09088356363387,5.26007911978054,6.20066573938062,9.00632940983891,1,2
11,38,82,7.14526005203852,3.09088356363387,5.50383702045663,5.70491287349222,9.71417499182694,1,2
11,38,84,7.14526005203852,3.09088356363387,4.74913154545175,6.92144669492624,9.27552979954532,1,2
11,38,85,7.14526005203852,3.09088356363387,4.48641370074452,5.57347184213603,9.18693930116491,1,2
11,38,87,7.14526005203852,3.09088356363387,4.69184480359539,5.83555122208852,8.84023891362243,1,2
11,38,88,7.14526005203852,3.09088356363387,4.60594744303836,6.01456576659488,9.33840304032259,1,2
11,38,89,7.14526005203852,3.09088356363387,5.42466995290769,6.90334410920585,9.30493786234527,1,2
11,38,91,7.14526005203852,3.09088356363387,5.16434916753706,5.85488860112055,8.84071421570023,1,2
11,38,93,7.14526005203852,3.09088356363387,5.47795044022505,7.06686033121128,8.74093436530337,1,2
11,38,94,7.14526005203852,3.09088356363387,5.51789233934422,5.95920797358585,9.24533202012923,1,2
11,38,96,7.14526005203852,3.09088356363387,5.18354484311176,6.33109568325881,8.87054257148317,1,2
11,39,1,7.14526005203852,3.09088356363387,3.95762401156732,6.00077371520577,9.18504499901658,1,2
11,39,2,7.14526005203852,3.09088356363387,5.08897466317016,6.03874784570994,9.36285148579833,1,2
11,39,3,7.14526005203852,3.09088356363387,5.83291802459051,6.46155930101112,9.4872410749103,1,2
11,39,7,7.14526005203852,3.09088356363387,5.05202763961468,6.30890077291217,9.2999647027681,1,2
11,39,8,7.14526005203852,3.09088356363387,5.39995367106987,5.65620591140189,8.74189756567184,1,2
11,39,10,7.14526005203852,3.09088356363387,4.17547196489404,6.57317891552792,9.02960998724796,1,2
11,39,11,7.14526005203852,3.09088356363387,5.11341697553836,6.17975082704621,9.54749208026528,1,2
11,39,12,7.14526005203852,3.09088356363387,3.84705488530886,5.37555194111971,9.1928885621268,1,2
11,39,13,7.14526005203852,3.09088356363387,4.83764108003133,5.94438589947089,9.38570535798633,1,2
11,39,16,7.14526005203852,3.09088356363387,2.82082309625062,5.28418434800481,8.74097412206787,1,2
11,39,18,7.14526005203852,3.09088356363387,6.58532774740666,5.95127656774475,9.87821387106244,1,2
11,39,19,7.14526005203852,3.09088356363387,4.26025922562192,6.08889687708518,9.64950459189343,1,2
11,39,20,7.14526005203852,3.09088356363387,5.85438249248566,6.43324181324203,9.04802543905972,1,2
11,39,25,7.14526005203852,3.09088356363387,5.76021553306641,6.6015845215297,8.84481734919226,1,2
11,39,27,7.14526005203852,3.09088356363387,3.92406624580208,6.22962873939913,8.80157773314499,1,2
11,39,28,7.14526005203852,3.09088356363387,5.22035819945819,5.23658670900353,9.67076506177541,1,2
11,39,30,7.14526005203852,3.09088356363387,4.71885864752384,5.7016514443991,8.91031390326842,1,2
11,39,31,7.14526005203852,3.09088356363387,3.5009080973238,5.62767106337452,8.86176378986983,1,2
11,39,33,7.14526005203852,3.09088356363387,4.37755804824036,6.05773528781963,8.7094538754913,1,2
11,39,34,7.14526005203852,3.09088356363387,4.85269235249383,6.19736367465114,9.08651243916275,1,2
11,39,35,7.14526005203852,3.09088356363387,5.13508032496114,6.1160623891714,9.45964621801506,1,2
11,39,36,7.14526005203852,3.09088356363387,4.99437096382696,6.77875938262636,9.50249339653932,1,2
11,39,37,7.14526005203852,3.09088356363387,4.97962223404073,4.92229241515021,9.22940495042471,1,2
11,39,38,7.14526005203852,3.09088356363387,6.3684447783942,6.08548934352617,8.97657830946856,1,2
11,39,40,7.14526005203852,3.09088356363387,6.00993529039844,6.07763456788215,9.72622639273822,1,2
11,39,42,7.14526005203852,3.09088356363387,3.53427073849674,5.64464999208768,9.27192376673894,1,2
11,39,44,7.14526005203852,3.09088356363387,3.39628486516255,5.52638758519127,9.61967078691535,1,2
11,39,45,7.14526005203852,3.09088356363387,5.38597623453632,5.23845545648842,9.21969009025288,1,2
11,39,53,7.14526005203852,3.09088356363387,4.07524326501665,6.17147135531651,9.15545445226259,1,2
11,39,54,7.14526005203852,3.09088356363387,4.37338787917977,6.29798654916377,9.41386615735628,1,2
11,39,55,7.14526005203852,3.09088356363387,5.58203795767143,5.63189470206027,9.73731084406147,1,2
11,39,57,7.14526005203852,3.09088356363387,4.89004360502243,6.67844425721858,9.24842190933097,1,2
11,39,60,7.14526005203852,3.09088356363387,6.3604589744835,5.87706835604851,8.88936537291627,1,2
11,39,63,7.14526005203852,3.09088356363387,4.42718762230401,5.73998774594192,9.28623916016352,1,2
11,39,64,7.14526005203852,3.09088356363387,4.19695482823493,4.67608539775076,9.2964724987631,1,2
11,39,65,7.14526005203852,3.09088356363387,4.81098726285821,5.94271072925014,9.42415999287709,1,2
11,39,66,7.14526005203852,3.09088356363387,5.12220803240163,5.54594270106815,8.96149590793465,1,2
11,39,68,7.14526005203852,3.09088356363387,3.59096168978533,6.45578295914437,8.77571474581073,1,2
11,39,77,7.14526005203852,3.09088356363387,5.41692941408631,4.97457552550961,9.80526732565365,1,2
11,39,79,7.14526005203852,3.09088356363387,3.12411677581456,6.30555637858464,9.32292674795158,1,2
11,39,81,7.14526005203852,3.09088356363387,3.424849968455,5.16962780081112,8.69518239776872,1,2
11,39,82,7.14526005203852,3.09088356363387,6.6494900879325,5.92914037202572,10.1779778285168,1,2
11,39,83,7.14526005203852,3.09088356363387,4.00799614990707,5.07006412744236,8.99315069011197,1,2
11,39,86,7.14526005203852,3.09088356363387,4.95800347015279,6.67571257149039,9.17619293555078,1,2
11,39,89,7.14526005203852,3.09088356363387,4.94657103635308,5.88037920348931,9.1274636240365,1,2
11,39,90,7.14526005203852,3.09088356363387,5.83752715193107,6.2745709629567,9.4726032884795,1,2
11,39,91,7.14526005203852,3.09088356363387,5.2891764709075,6.05254030387858,9.41175935641536,1,2
11,40,1,7.14526005203852,3.09088356363387,4.45669587417325,5.96997123707939,9.19374679970094,1,2
11,40,2,7.14526005203852,3.09088356363387,5.23617165760421,6.6894908777729,9.61046918686729,1,2
11,40,3,7.14526005203852,3.09088356363387,4.21599152342683,5.79946850297168,9.05426158015206,1,2
11,40,4,7.14526005203852,3.09088356363387,5.85916059879601,5.99490015609322,9.47818426748957,1,2
11,40,8,7.14526005203852,3.09088356363387,4.15870675801406,6.4988157941793,9.31893335350048,1,2
11,40,9,7.14526005203852,3.09088356363387,4.92215362380075,5.96511524280472,9.26581128877848,1,2
11,40,10,7.14526005203852,3.09088356363387,4.76412110652081,6.17202163724972,9.21204162718355,1,2
11,40,11,7.14526005203852,3.09088356363387,3.94743472092144,5.59701683379218,8.964380599536,1,2
11,40,13,7.14526005203852,3.09088356363387,3.98445728219093,5.60755995912651,9.27283837836166,1,2
11,40,15,7.14526005203852,3.09088356363387,4.99689870869731,6.09480269698219,9.1266241466199,1,2
11,40,20,7.14526005203852,3.09088356363387,5.17269131219442,5.92544669581207,9.33184813350749,1,2
11,40,24,7.14526005203852,3.09088356363387,4.76380214763615,5.47228651823438,9.22731326645304,1,2
11,40,25,7.14526005203852,3.09088356363387,4.94553207196095,6.03916083598433,9.15447420220048,1,2
11,40,28,7.14526005203852,3.09088356363387,5.37956673305576,6.72792955987912,9.42710017787739,1,2
11,40,30,7.14526005203852,3.09088356363387,5.7209743742861,6.30407374931255,8.98489884188163,1,2
11,40,32,7.14526005203852,3.09088356363387,5.18986807057392,5.09400325924027,9.12182146206985,1,2
11,40,37,7.14526005203852,3.09088356363387,4.27177901199949,5.34686927501758,9.13065964135724,1,2
11,40,40,7.14526005203852,3.09088356363387,4.46520760347994,5.31815330666228,9.0765192888967,1,2
11,40,43,7.14526005203852,3.09088356363387,3.31824948219831,5.42964007163661,8.67759503168892,1,2
11,40,44,7.14526005203852,3.09088356363387,7.36855117420452,6.34265184981694,9.70592056195535,1,2
11,40,45,7.14526005203852,3.09088356363387,3.72472719860544,6.41089771018376,9.31210029085712,1,2
11,40,46,7.14526005203852,3.09088356363387,5.36232486045471,5.97685897782533,9.38217573235317,1,2
11,40,47,7.14526005203852,3.09088356363387,4.98627975281938,5.59629195867602,8.93676440299513,1,2
11,40,49,7.14526005203852,3.09088356363387,4.37983707857307,5.6019613130744,8.87676420728988,1,2
11,40,51,7.14526005203852,3.09088356363387,4.64590302476368,5.96330645341462,9.53796257814232,1,2
11,40,55,7.14526005203852,3.09088356363387,4.47789979849409,6.09423065949641,9.70024264573781,1,2
11,40,56,7.14526005203852,3.09088356363387,4.06850629755089,5.62399116319021,9.2281252123366,1,2
11,40,57,7.14526005203852,3.09088356363387,4.57943727339846,6.38851651816629,9.44988244667441,1,2
11,40,58,7.14526005203852,3.09088356363387,5.78458621393824,6.03010635525779,9.45764888691156,1,2
11,40,61,7.14526005203852,3.09088356363387,5.53941800313924,6.37850387671847,9.38116697081255,1,2
11,40,64,7.14526005203852,3.09088356363387,5.4069231041307,6.18167098569597,9.32898816685113,1,2
11,40,69,7.14526005203852,3.09088356363387,7.67763462229355,6.76261614108167,8.96205226353007,1,2
11,40,71,7.14526005203852,3.09088356363387,4.6469244692973,5.35580732378365,9.16364712422999,1,2
11,41,2,7.14526005203852,3.09088356363387,1.78421744544428,6.01853714786974,8.95037725909447,1,2
11,41,3,7.14526005203852,3.09088356363387,4.27746434796786,5.54255454815815,8.83761115263399,1,2
11,41,4,7.14526005203852,3.09088356363387,5.4772158390336,4.71731490414116,9.58682415955163,1,2
11,41,5,7.14526005203852,3.09088356363387,5.63367251229495,6.06930218142377,9.12563489931344,1,2
11,41,8,7.14526005203852,3.09088356363387,6.21347317692175,6.32397006161853,9.71950059541064,1,2
11,41,9,7.14526005203852,3.09088356363387,5.20858515923561,5.84738174853881,9.28360864242526,1,2
11,41,10,7.14526005203852,3.09088356363387,2.71065698131945,5.65855301052334,9.52571932607429,1,2
11,41,11,7.14526005203852,3.09088356363387,5.43501760675395,5.39906242766296,9.0904175316784,1,2
11,41,14,7.14526005203852,3.09088356363387,5.05075195695032,6.68342734435639,9.06546284232156,1,2
11,41,16,7.14526005203852,3.09088356363387,4.13804125883317,6.31626389638705,8.89095234641744,1,2
11,41,18,7.14526005203852,3.09088356363387,4.48995463984808,5.5407339046745,8.75030776565876,1,2
11,41,20,7.14526005203852,3.09088356363387,4.72553566145439,6.37093217707119,9.53198057868767,1,2
11,41,21,7.14526005203852,3.09088356363387,5.68251185277172,5.85688982747076,9.58227061381316,1,2
11,41,22,7.14526005203852,3.09088356363387,4.82154193202124,6.55500415938704,9.195551641439,1,2
11,41,28,7.14526005203852,3.09088356363387,4.7621751733162,5.97049200685925,9.33727583407519,1,2
11,41,30,7.14526005203852,3.09088356363387,5.54560771031653,6.46588174006108,9.8125322157142,1,2
11,41,31,7.14526005203852,3.09088356363387,4.7209574299528,5.62269032787159,10.0818395419328,1,2
11,41,32,7.14526005203852,3.09088356363387,5.77244461729552,5.97590179773223,9.47672474947326,1,2
11,41,34,7.14526005203852,3.09088356363387,4.85236320054268,5.83847763910276,9.15009265469022,1,2
11,41,35,7.14526005203852,3.09088356363387,5.26071574663984,6.34979046734027,9.67348849417197,1,2
11,41,36,7.14526005203852,3.09088356363387,5.21511570620141,5.99284551782394,8.72545367808258,1,2
11,41,37,7.14526005203852,3.09088356363387,4.19797602676594,5.4370900328995,9.04781040055934,1,2
11,41,40,7.14526005203852,3.09088356363387,5.63093975548161,5.79482420993028,9.22268518864208,1,2
11,41,41,7.14526005203852,3.09088356363387,4.04704381286674,6.15024960801449,9.21124811498492,1,2
11,41,42,7.14526005203852,3.09088356363387,6.58695087276586,6.12740687504151,9.50509161832747,1,2
11,41,44,7.14526005203852,3.09088356363387,5.63053579211675,5.61366383001358,9.02613151752954,1,2
11,41,47,7.14526005203852,3.09088356363387,5.87853838442637,6.56152844985602,9.11074082449372,1,2
11,41,48,7.14526005203852,3.09088356363387,6.79474655544272,6.02488895722362,9.86216384326767,1,2
11,41,51,7.14526005203852,3.09088356363387,4.3729081722895,6.04137094801318,9.33232584322348,1,2
11,41,52,7.14526005203852,3.09088356363387,4.66750912640321,6.76606185948186,9.21991037936899,1,2
11,41,54,7.14526005203852,3.09088356363387,5.60862143063541,5.86586865980684,9.02069924014207,1,2
11,41,57,7.14526005203852,3.09088356363387,3.8560196981527,6.29393549137924,9.19266405955449,1,2
11,41,58,7.14526005203852,3.09088356363387,6.12233751048759,6.94476047854623,9.64956817511098,1,2
11,41,62,7.14526005203852,3.09088356363387,7.46113523740023,5.58074566797653,9.93425187231733,1,2
11,41,63,7.14526005203852,3.09088356363387,5.47820806401635,6.52048855979504,9.37912820377995,1,2
11,41,65,7.14526005203852,3.09088356363387,4.09390618855746,6.07181576614515,9.78328254503213,1,2
11,41,66,7.14526005203852,3.09088356363387,6.35937421394506,6.11161803709494,9.65010965563787,1,2
11,41,67,7.14526005203852,3.09088356363387,5.94068252946519,5.68825074120123,9.26849014393978,1,2
11,41,68,7.14526005203852,3.09088356363387,5.91061812629611,5.64272898713248,8.91959106523241,1,2
11,41,71,7.14526005203852,3.09088356363387,5.13566759699754,5.41829043547185,9.29724096456555,1,2
11,41,74,7.14526005203852,3.09088356363387,6.27324902172866,5.95528476899496,9.39803491400576,1,2
12,1,1,7.66470993405748,3.39582997025663,5.23722721608341,5.31525946084635,2.4093679895837,1,2
12,1,2,7.66470993405748,3.39582997025663,5.89753258263767,6.72127010032406,2.82807320198603,1,2
12,1,3,7.66470993405748,3.39582997025663,5.29615694987413,6.78079065116176,2.98045394005414,1,2
12,1,4,7.66470993405748,3.39582997025663,5.40409688910273,6.08268291973568,2.68614644181856,1,2
12,1,7,7.66470993405748,3.39582997025663,2.72800391146386,6.38882972471132,2.66884106296488,1,2
12,1,8,7.66470993405748,3.39582997025663,3.62293132689004,5.59615735504221,2.38382199114192,1,2
12,1,9,7.66470993405748,3.39582997025663,5.61911410117241,6.33885809246863,2.87396518029654,1,2
12,1,11,7.66470993405748,3.39582997025663,3.73941639569859,5.25690695986617,2.30891468480715,1,2
12,1,13,7.66470993405748,3.39582997025663,4.69210929208259,6.51286109526694,2.97049320242511,1,2
12,1,16,7.66470993405748,3.39582997025663,3.64106326971877,5.44459125369914,2.31893024917056,1,2
12,1,20,7.66470993405748,3.39582997025663,6.68278770512642,5.13180085627636,2.16033528851553,1,2
12,1,24,7.66470993405748,3.39582997025663,3.86324862378146,6.10387835313442,2.81720758637225,1,2
12,1,28,7.66470993405748,3.39582997025663,6.54989659951853,6.03233069124422,2.8812188599845,1,2
12,1,29,7.66470993405748,3.39582997025663,4.66501404363149,6.80527174813605,3.11352651324691,1,2
12,1,30,7.66470993405748,3.39582997025663,4.11258381746166,6.07285124097282,2.72459611657214,1,2
12,1,31,7.66470993405748,3.39582997025663,6.8834082476361,6.92243682463885,2.97532022427158,1,2
12,1,32,7.66470993405748,3.39582997025663,5.78393532144691,6.11533693129038,2.85711372939817,1,2
12,1,33,7.66470993405748,3.39582997025663,4.7658060932185,6.46137367551736,2.99556373697913,1,2
12,1,34,7.66470993405748,3.39582997025663,6.98563125344138,6.65720584173266,2.83708585278654,1,2
12,1,35,7.66470993405748,3.39582997025663,3.10295262286172,6.42418425152498,2.84795740163166,1,2
12,1,37,7.66470993405748,3.39582997025663,1.5242129048242,6.75884058254234,3.10573253159526,1,2
12,1,38,7.66470993405748,3.39582997025663,4.25891593034988,6.37338142651354,2.89920704219703,1,2
12,1,42,7.66470993405748,3.39582997025663,5.57657363588819,6.35451519586057,2.89375459378494,1,2
12,1,44,7.66470993405748,3.39582997025663,4.19705475368887,6.30039519787229,2.82925514597586,1,2
12,1,48,7.66470993405748,3.39582997025663,4.2305172809053,6.81253449987612,3.14105057365484,1,2
12,1,49,7.66470993405748,3.39582997025663,4.31046013467285,6.18727025311696,2.66824162469539,1,2
12,1,50,7.66470993405748,3.39582997025663,4.2256694072613,5.2138834856147,2.40539091010395,1,2
12,1,51,7.66470993405748,3.39582997025663,6.19052305781578,6.30748723573798,2.81841105546949,1,2
12,1,52,7.66470993405748,3.39582997025663,3.10810499867983,5.54794407744805,2.53529624435825,1,2
12,1,53,7.66470993405748,3.39582997025663,5.6096389331897,5.99454280915806,2.55834849668717,1,2
12,1,55,7.66470993405748,3.39582997025663,5.31208665366529,5.81265441508925,2.7453209547044,1,2
12,1,57,7.66470993405748,3.39582997025663,5.99936024015725,5.74669967065824,2.55425627424639,1,2
12,1,59,7.66470993405748,3.39582997025663,4.08018226239097,6.23472149185243,2.69219762160593,1,2
12,1,60,7.66470993405748,3.39582997025663,3.737069282075,5.99684340653385,2.59976507546283,1,2
12,1,63,7.66470993405748,3.39582997025663,4.40172340111431,6.7209892688524,2.91769746365086,1,2
12,2,3,7.66470993405748,3.39582997025663,5.86293555638298,6.96018552788436,4.02649269223351,1,2
12,2,5,7.66470993405748,3.39582997025663,4.39410655897888,6.19024135408853,3.47342148838385,1,2
12,2,8,7.66470993405748,3.39582997025663,4.56871203126541,5.9515977820812,3.63981895393543,1,2
12,2,9,7.66470993405748,3.39582997025663,4.50224080182065,6.35787940668234,3.42832762045734,1,2
12,2,11,7.66470993405748,3.39582997025663,5.06355378792089,5.33253734023749,3.17806286001121,1,2
12,2,12,7.66470993405748,3.39582997025663,4.8906616871907,5.55380886325232,3.27762574495818,1,2
12,2,13,7.66470993405748,3.39582997025663,5.78505580287787,6.15594270106596,3.35958245180357,1,2
12,2,17,7.66470993405748,3.39582997025663,3.42067571292487,5.10569118437838,3.08960359362204,1,2
12,2,20,7.66470993405748,3.39582997025663,7.77228347000842,6.35254734161735,3.72331360229415,1,2
12,2,22,7.66470993405748,3.39582997025663,4.71664624499928,6.0609365122355,3.4500964590736,1,2
12,2,30,7.66470993405748,3.39582997025663,4.23532372164272,6.61460640393539,3.93056773088789,1,2
12,2,31,7.66470993405748,3.39582997025663,5.50677023502246,6.01528160122314,3.54165257488994,1,2
12,2,33,7.66470993405748,3.39582997025663,5.52524275113555,6.02168995709677,3.51142970912225,1,2
12,2,34,7.66470993405748,3.39582997025663,5.5492382616359,5.48006316939938,3.05459372279159,1,2
12,2,36,7.66470993405748,3.39582997025663,5.31047159371229,6.57389738043862,3.57852115446322,1,2
12,2,42,7.66470993405748,3.39582997025663,5.23208631517143,6.03234755866083,3.51507858069205,1,2
12,2,43,7.66470993405748,3.39582997025663,3.89779164166989,5.87540459223433,3.44425032512107,1,2
12,2,47,7.66470993405748,3.39582997025663,5.88642093598004,5.04333968184903,3.23473795285775,1,2
12,2,50,7.66470993405748,3.39582997025663,5.47859860649032,7.19155428247031,4.06202292368388,1,2
12,2,53,7.66470993405748,3.39582997025663,5.66120909352182,7.2222202453221,4.05784976286434,1,2
12,2,55,7.66470993405748,3.39582997025663,5.01490228650777,6.86384472772484,3.94543940264279,1,2
12,2,56,7.66470993405748,3.39582997025663,4.20016766971469,5.67752826770965,3.37239971874286,1,2
12,2,58,7.66470993405748,3.39582997025663,5.42601049875292,6.36608525390656,3.54747124568535,1,2
12,2,59,7.66470993405748,3.39582997025663,3.84827934315958,5.72167282523558,3.42681535787606,1,2
12,2,60,7.66470993405748,3.39582997025663,5.85537411528513,5.63309493510568,3.31041719727078,1,2
12,2,62,7.66470993405748,3.39582997025663,4.92769442896853,5.62889722789931,3.24870714462268,1,2
12,2,63,7.66470993405748,3.39582997025663,4.59859957548199,6.08667143275273,3.55766803862756,1,2
12,2,66,7.66470993405748,3.39582997025663,4.62789785724342,5.37632065169448,3.23011156529095,1,2
12,2,67,7.66470993405748,3.39582997025663,3.6323877701357,5.7488624092621,3.32628618601124,1,2
12,2,71,7.66470993405748,3.39582997025663,5.91263402390225,6.70220731894648,3.62552929614446,1,2
12,2,73,7.66470993405748,3.39582997025663,2.05906891282314,5.9794881329398,3.41010733298557,1,2
12,2,74,7.66470993405748,3.39582997025663,4.22746450384603,5.33377179832989,3.06639601911451,1,2
12,2,76,7.66470993405748,3.39582997025663,4.63782609008479,7.12179473823513,3.8679054108193,1,2
12,2,77,7.66470993405748,3.39582997025663,6.51813301537879,5.94941443382716,3.43580421881763,1,2
12,3,1,7.66470993405748,3.39582997025663,5.84360370762451,5.83757418989385,4.19031680612374,1,2
12,3,4,7.66470993405748,3.39582997025663,4.30410298667641,6.39838421294273,4.32801534794391,1,2
12,3,7,7.66470993405748,3.39582997025663,5.1357555471392,5.78624691578523,4.08123419109888,1,2
12,3,8,7.66470993405748,3.39582997025663,3.73336062660353,6.26418342212064,4.25509296715685,1,2
12,3,11,7.66470993405748,3.39582997025663,3.9666391022179,5.93861913023106,4.10995224018497,1,2
12,3,12,7.66470993405748,3.39582997025663,4.63111440335946,6.12742214211229,4.15192660130481,1,2
12,3,14,7.66470993405748,3.39582997025663,4.53708362421658,6.24329088244155,4.40036482073441,1,2
12,3,15,7.66470993405748,3.39582997025663,6.35374519911487,5.8299115100996,4.1380322752212,1,2
12,3,20,7.66470993405748,3.39582997025663,6.06613197752076,5.61293704744189,4.14056044945931,1,2
12,3,24,7.66470993405748,3.39582997025663,4.95369811451072,6.61015999115154,4.57995146225493,1,2
12,3,25,7.66470993405748,3.39582997025663,3.98970107049213,6.23353557376565,4.59555181195675,1,2
12,3,26,7.66470993405748,3.39582997025663,6.4301901995962,6.7862578263269,4.50570192463386,1,2
12,3,29,7.66470993405748,3.39582997025663,5.01579828968606,6.04639621914615,4.22408047337075,1,2
12,3,31,7.66470993405748,3.39582997025663,5.19109087458289,6.42834017440603,4.593721311218,1,2
12,3,33,7.66470993405748,3.39582997025663,4.86634148626557,5.26050393762904,4.16606666253816,1,2
12,3,37,7.66470993405748,3.39582997025663,5.23280791594413,5.75772667217178,3.94043152227351,1,2
12,3,38,7.66470993405748,3.39582997025663,4.91044248942852,5.81771316046207,4.10617443166951,1,2
12,3,43,7.66470993405748,3.39582997025663,5.64521025156227,5.5796007923305,3.90663316855421,1,2
12,3,44,7.66470993405748,3.39582997025663,5.8249893183654,5.83035017880371,4.31489848218299,1,2
12,3,45,7.66470993405748,3.39582997025663,5.53332351758711,5.53301227637964,3.9461756765185,1,2
12,3,46,7.66470993405748,3.39582997025663,4.9592775405342,6.50347171860552,4.30317940519876,1,2
12,3,47,7.66470993405748,3.39582997025663,4.34039072109121,5.21154359370421,3.99429551408776,1,2
12,3,49,7.66470993405748,3.39582997025663,4.75790759464188,6.52575055521304,4.47001493877793,1,2
12,3,51,7.66470993405748,3.39582997025663,5.03756235731102,6.8095103745154,4.62132427214694,1,2
12,3,53,7.66470993405748,3.39582997025663,4.92239038142061,5.4788841106736,4.06202787201007,1,2
12,3,54,7.66470993405748,3.39582997025663,5.38818326854455,5.96821017435194,4.08040692512369,1,2
12,3,56,7.66470993405748,3.39582997025663,6.31470448296754,5.9543962403804,4.09384523805344,1,2
12,3,57,7.66470993405748,3.39582997025663,4.17063690978988,5.7942686054661,4.03499647838644,1,2
12,3,58,7.66470993405748,3.39582997025663,4.61221378315998,6.75514334784747,4.58447550835863,1,2
12,3,59,7.66470993405748,3.39582997025663,6.73053704452354,5.61428784404593,4.10211964481246,1,2
12,3,60,7.66470993405748,3.39582997025663,3.33379829044306,6.18014319460243,4.16083942698903,1,2
12,3,62,7.66470993405748,3.39582997025663,3.73959340623296,5.63404666429124,4.19226135868464,1,2
12,3,63,7.66470993405748,3.39582997025663,4.19786827313366,6.03113655969825,4.03377124881967,1,2
12,3,65,7.66470993405748,3.39582997025663,4.52088492254434,5.40198992692381,3.82021430810774,1,2
12,3,66,7.66470993405748,3.39582997025663,3.99956378286333,5.69197214923175,4.04265112057268,1,2
12,3,72,7.66470993405748,3.39582997025663,4.23816299516676,5.79033163366823,4.18587350955909,1,2
12,3,74,7.66470993405748,3.39582997025663,5.07036487542738,6.45483622419796,4.28191464888145,1,2
12,3,75,7.66470993405748,3.39582997025663,3.91141753242056,6.41719688813225,4.30740541344072,1,2
12,3,78,7.66470993405748,3.39582997025663,6.2887983239506,6.3142558057507,4.3036943593179,1,2
12,3,79,7.66470993405748,3.39582997025663,4.39045195343903,5.55680783299903,3.99104214201893,1,2
12,3,80,7.66470993405748,3.39582997025663,4.44310785389383,6.07047524870871,4.37894593873678,1,2
12,3,81,7.66470993405748,3.39582997025663,5.47037948389844,5.83481450875814,4.17470917045144,1,2
12,3,83,7.66470993405748,3.39582997025663,4.47930164778841,5.54761629841257,3.74393400780225,1,2
12,3,84,7.66470993405748,3.39582997025663,5.94649010947794,6.79974684457976,4.6767791860749,1,2
12,3,85,7.66470993405748,3.39582997025663,3.29110003698509,6.28128190129212,4.25515621650297,1,2
12,3,86,7.66470993405748,3.39582997025663,5.46790040669147,6.72007572031871,4.55319249962273,1,2
12,3,87,7.66470993405748,3.39582997025663,4.67219958999103,6.05198936771252,4.07093769000836,1,2
12,3,88,7.66470993405748,3.39582997025663,4.4217660315484,4.95884362240576,3.79766608409998,1,2
12,3,89,7.66470993405748,3.39582997025663,5.81844016062627,5.99210767955018,4.20501071765193,1,2
12,3,92,7.66470993405748,3.39582997025663,4.28009282937956,5.95575517674056,4.171540233492,1,2
12,3,94,7.66470993405748,3.39582997025663,4.07812204117021,6.18857764697902,4.10417085124451,1,2
12,4,3,7.66470993405748,3.39582997025663,5.5902816241042,6.39320553681536,5.07194762768493,1,2
12,4,4,7.66470993405748,3.39582997025663,6.01893173103164,6.79193700589441,5.16319686064387,1,2
12,4,5,7.66470993405748,3.39582997025663,3.54669503159805,5.92337978165701,4.90047715538043,1,2
12,4,6,7.66470993405748,3.39582997025663,5.28638861598694,6.98146907242637,5.15814614533498,1,2
12,4,9,7.66470993405748,3.39582997025663,4.30680305478324,6.74247976347743,5.02652403336085,1,2
12,4,11,7.66470993405748,3.39582997025663,5.73993784801939,4.58675370297714,4.3255265257762,1,2
12,4,13,7.66470993405748,3.39582997025663,3.57940011525157,5.8823940769669,4.8197832044716,1,2
12,4,15,7.66470993405748,3.39582997025663,3.9859271221327,5.81744470863935,4.62615003348862,1,2
12,4,16,7.66470993405748,3.39582997025663,6.23644383092024,5.27838809132247,4.39441356290371,1,2
12,4,18,7.66470993405748,3.39582997025663,3.24289971643132,6.12066194710559,4.88602644057882,1,2
12,4,20,7.66470993405748,3.39582997025663,6.57458424685953,6.25191892212571,4.97076014212943,1,2
12,4,21,7.66470993405748,3.39582997025663,4.47559068431582,6.23640105092356,4.7389274651812,1,2
12,4,25,7.66470993405748,3.39582997025663,6.19141687096814,4.76814329652468,4.29291190581134,1,2
12,4,26,7.66470993405748,3.39582997025663,4.64945702799691,6.51588703865915,5.14278564143384,1,2
12,4,28,7.66470993405748,3.39582997025663,5.61234216068153,6.32549779220135,5.05998450697178,1,2
12,4,30,7.66470993405748,3.39582997025663,4.64159450544276,6.53109709559786,5.00640271038954,1,2
12,4,31,7.66470993405748,3.39582997025663,3.79816198136922,6.36222663635229,4.85415592756983,1,2
12,4,32,7.66470993405748,3.39582997025663,5.11156183084741,5.99618790634434,4.81868314110537,1,2
12,4,33,7.66470993405748,3.39582997025663,5.2503477634533,5.9282869487145,4.93547853343874,1,2
12,4,35,7.66470993405748,3.39582997025663,7.03156282117301,5.64556127235692,4.8506713988481,1,2
12,4,37,7.66470993405748,3.39582997025663,3.73126915370166,5.69266870640987,4.52723568285147,1,2
12,4,38,7.66470993405748,3.39582997025663,5.40360458400032,5.64573882597159,4.54307484697783,1,2
12,4,41,7.66470993405748,3.39582997025663,7.95311591011781,5.59378441681623,4.81364862137385,1,2
12,4,43,7.66470993405748,3.39582997025663,6.48963904433598,6.2902099820789,5.06777440818671,1,2
12,4,44,7.66470993405748,3.39582997025663,5.90186988761367,5.70351585669843,4.68519582500495,1,2
12,4,45,7.66470993405748,3.39582997025663,4.4530816451598,6.85021012961937,5.38120829267993,1,2
12,4,46,7.66470993405748,3.39582997025663,4.32727840380345,6.06409312938349,4.83195311931302,1,2
12,4,47,7.66470993405748,3.39582997025663,3.09762018579524,5.32720100543257,4.65912281485115,1,2
12,4,48,7.66470993405748,3.39582997025663,5.4562882999007,6.1980119905604,4.97682089771859,1,2
12,4,52,7.66470993405748,3.39582997025663,4.80571299508869,6.85156397202662,4.96326690003075,1,2
12,4,53,7.66470993405748,3.39582997025663,5.18036386977174,6.02143337209851,4.76546549377942,1,2
12,4,60,7.66470993405748,3.39582997025663,5.85169858302227,6.47916119323396,4.99258211429536,1,2
12,4,61,7.66470993405748,3.39582997025663,3.78498978368806,5.83834798624181,4.90261739871525,1,2
12,4,62,7.66470993405748,3.39582997025663,2.76753762412476,6.8125549201745,5.20540823246792,1,2
12,4,68,7.66470993405748,3.39582997025663,3.56779824618921,5.39130897072484,4.68745399571021,1,2
12,4,69,7.66470993405748,3.39582997025663,7.26761140655117,5.75384836543008,4.63060338584946,1,2
12,4,70,7.66470993405748,3.39582997025663,4.18095634266531,5.4379089581128,4.70627261204893,1,2
12,4,71,7.66470993405748,3.39582997025663,2.77801472326463,6.64525635487801,4.8571590953406,1,2
12,4,72,7.66470993405748,3.39582997025663,4.55856740613586,6.57623648124848,5.0118909017625,1,2
12,4,74,7.66470993405748,3.39582997025663,5.80850267050898,6.08292219103068,4.82015115764629,1,2
12,5,5,7.66470993405748,3.39582997025663,4.43149186585959,5.65535289612136,4.86362534786976,1,2
12,5,6,7.66470993405748,3.39582997025663,5.25996635796887,6.9745123615607,5.33622525121328,1,2
12,5,11,7.66470993405748,3.39582997025663,5.09103925494547,6.00871962329463,5.06235637310734,1,2
12,5,12,7.66470993405748,3.39582997025663,4.42927346894806,5.58646536343566,5.00383062348328,1,2
12,5,13,7.66470993405748,3.39582997025663,5.41913238243584,6.5205472128416,5.26200452519409,1,2
12,5,14,7.66470993405748,3.39582997025663,4.87716691541085,5.79616538518731,5.03687467147612,1,2
12,5,15,7.66470993405748,3.39582997025663,5.16096252695689,6.14104406264147,5.27041334631698,1,2
12,5,16,7.66470993405748,3.39582997025663,4.6031730329869,5.84304063554634,5.04952302798834,1,2
12,5,17,7.66470993405748,3.39582997025663,4.08003241281503,6.53292002497942,5.42736244408124,1,2
12,5,20,7.66470993405748,3.39582997025663,5.35050931121534,6.08024667471285,5.01681978773117,1,2
12,5,21,7.66470993405748,3.39582997025663,5.40264853272843,6.15337997145267,5.07676320319367,1,2
12,5,22,7.66470993405748,3.39582997025663,5.33265870704513,4.86433019927846,4.52776686854574,1,2
12,5,29,7.66470993405748,3.39582997025663,4.63664738369812,5.92206115923714,4.96996204325899,1,2
12,5,32,7.66470993405748,3.39582997025663,5.49668765769912,5.0408662194236,4.79203047192839,1,2
12,5,34,7.66470993405748,3.39582997025663,5.1359788511304,6.04150887848723,4.9567270352551,1,2
12,5,35,7.66470993405748,3.39582997025663,6.86788486323232,5.61544258356707,4.87457935421585,1,2
12,5,38,7.66470993405748,3.39582997025663,4.31999542147139,5.90270536606796,5.16218771348779,1,2
12,5,39,7.66470993405748,3.39582997025663,7.05355506782248,5.58368659757982,4.77963899705626,1,2
12,5,44,7.66470993405748,3.39582997025663,6.11751770509827,6.12214752898432,4.96416676032841,1,2
12,5,45,7.66470993405748,3.39582997025663,6.98058624118841,5.5969995126695,4.90615754493347,1,2
12,5,46,7.66470993405748,3.39582997025663,4.13540673139571,6.19583452171137,5.17563808482174,1,2
12,5,50,7.66470993405748,3.39582997025663,3.36462365929263,5.96436795593963,4.89214963820389,1,2
12,5,51,7.66470993405748,3.39582997025663,5.44260949876307,5.40742230869606,4.93186895091696,1,2
12,5,52,7.66470993405748,3.39582997025663,5.68211722060514,5.9296867428525,5.06884393577496,1,2
12,5,55,7.66470993405748,3.39582997025663,5.89400163701933,6.22356532213042,5.04026581530098,1,2
12,5,58,7.66470993405748,3.39582997025663,4.05887395234289,5.59553011743965,4.84601050471505,1,2
12,5,59,7.66470993405748,3.39582997025663,5.13072844304598,6.31535570167178,5.15570550781587,1,2
12,5,60,7.66470993405748,3.39582997025663,6.32443022698483,6.75055729664869,5.31953407132618,1,2
12,5,62,7.66470993405748,3.39582997025663,3.32092537063333,5.87534328910184,4.93668644193363,1,2
12,5,63,7.66470993405748,3.39582997025663,4.86029588273147,5.75165885998214,4.9442522788409,1,2
12,5,66,7.66470993405748,3.39582997025663,2.78137937326477,5.63709480882849,5.00424923293107,1,2
12,5,67,7.66470993405748,3.39582997025663,5.25553959248095,5.39163689790018,4.90504290169999,1,2
12,6,1,7.66470993405748,3.39582997025663,5.03728081045296,6.31070694684368,5.03348032544366,1,2
12,6,2,7.66470993405748,3.39582997025663,4.96891937774658,6.15356664964658,5.32660284230466,1,2
12,6,3,7.66470993405748,3.39582997025663,5.09183588950902,6.39658678362599,5.3519916084627,1,2
12,6,4,7.66470993405748,3.39582997025663,6.58954585652931,6.25854143039745,5.35222085894167,1,2
12,6,8,7.66470993405748,3.39582997025663,4.18511417122454,5.32343014601349,4.98018686939983,1,2
12,6,9,7.66470993405748,3.39582997025663,4.80664320597234,5.21721043816239,4.7946848213119,1,2
12,6,11,7.66470993405748,3.39582997025663,4.92033069231456,6.23126698086346,5.34798797003438,1,2
12,6,12,7.66470993405748,3.39582997025663,3.62376750201492,6.20947694799635,5.22212775715548,1,2
12,6,15,7.66470993405748,3.39582997025663,3.89883878081744,7.06779853509193,5.60562714984347,1,2
12,6,17,7.66470993405748,3.39582997025663,6.84851595550335,6.0600624324915,5.28406575472201,1,2
12,6,19,7.66470993405748,3.39582997025663,5.20522797877972,6.05464097132025,5.17994925829503,1,2
12,6,21,7.66470993405748,3.39582997025663,5.42688713262483,5.89017068658516,5.23953644925917,1,2
12,6,24,7.66470993405748,3.39582997025663,4.72965207860541,5.59266653588557,5.05699150413678,1,2
12,6,25,7.66470993405748,3.39582997025663,2.94900359217332,5.94509341825211,5.21853432429875,1,2
12,6,27,7.66470993405748,3.39582997025663,4.63744725391121,6.17849404951343,5.13136665435067,1,2
12,6,32,7.66470993405748,3.39582997025663,3.1577377366591,6.20787523237931,5.38841252890557,1,2
12,6,35,7.66470993405748,3.39582997025663,7.00656299069788,6.41266706048937,5.527243240642,1,2
12,6,38,7.66470993405748,3.39582997025663,4.61774114126291,6.58289946820749,5.34438482762259,1,2
12,6,39,7.66470993405748,3.39582997025663,5.30876349145238,5.85121098438121,5.0256092816489,1,2
12,6,40,7.66470993405748,3.39582997025663,4.70815096774886,5.67001709192669,5.01703272247349,1,2
12,6,43,7.66470993405748,3.39582997025663,6.27398377551634,5.60215070700475,5.16993012196258,1,2
12,6,45,7.66470993405748,3.39582997025663,5.61122835043097,5.26490902986799,4.87178524667534,1,2
12,6,47,7.66470993405748,3.39582997025663,6.24233998776348,5.0791040832215,4.92274315493028,1,2
12,6,48,7.66470993405748,3.39582997025663,4.80453736952806,6.1863348196735,5.08734667189906,1,2
12,6,49,7.66470993405748,3.39582997025663,5.54423317594026,6.72645683034809,5.53050660328973,1,2
12,6,50,7.66470993405748,3.39582997025663,5.14434192549475,5.25373895513292,4.95059662679935,1,2
12,6,51,7.66470993405748,3.39582997025663,4.34410675819214,5.78084130424023,5.01490379740329,1,2
12,6,55,7.66470993405748,3.39582997025663,6.00321814368076,6.62964558157926,5.56631385458482,1,2
12,6,58,7.66470993405748,3.39582997025663,5.10389705804819,6.57544127799504,5.43248691485292,1,2
12,6,61,7.66470993405748,3.39582997025663,4.47485100770984,5.79371569394085,5.16685367998734,1,2
12,6,64,7.66470993405748,3.39582997025663,4.20712559592639,6.22228853020279,5.19318227648486,1,2
12,6,67,7.66470993405748,3.39582997025663,4.83160502337718,5.87711184347577,5.32659741758188,1,2
12,6,68,7.66470993405748,3.39582997025663,5.54122084813961,6.56189677317921,5.56050823622323,1,2
12,7,4,7.66470993405748,3.39582997025663,7.1742858754829,5.85797245869144,5.74301351483839,1,2
12,7,5,7.66470993405748,3.39582997025663,4.94752729809864,6.2819897473244,5.79999374359226,1,2
12,7,6,7.66470993405748,3.39582997025663,3.49249785370131,6.31255757446472,5.65039419492758,1,2
12,7,7,7.66470993405748,3.39582997025663,6.04009875402227,5.19532943948744,5.40161943174678,1,2
12,7,14,7.66470993405748,3.39582997025663,5.85023848100543,6.24904618475707,5.86805200791304,1,2
12,7,15,7.66470993405748,3.39582997025663,6.65856718062226,5.90554910390433,5.71706766467089,1,2
12,7,16,7.66470993405748,3.39582997025663,5.77299137984954,5.96086030561367,5.62518478090325,1,2
12,7,17,7.66470993405748,3.39582997025663,4.9161827455009,4.55440870855871,5.19423161461184,1,2
12,7,21,7.66470993405748,3.39582997025663,5.90451014733433,5.41125908706351,5.37553345589861,1,2
12,7,25,7.66470993405748,3.39582997025663,4.11801111016315,5.27436886868861,5.29125579804314,1,2
12,7,26,7.66470993405748,3.39582997025663,5.36435084295045,5.04366188574527,5.40062321301296,1,2
12,7,27,7.66470993405748,3.39582997025663,4.49316608673388,5.37425642653065,5.38999550619622,1,2
12,7,28,7.66470993405748,3.39582997025663,7.25767054320712,5.93181020718035,5.57240881091007,1,2
12,7,31,7.66470993405748,3.39582997025663,5.49927670790316,6.47729615785877,5.90831607420985,1,2
12,7,32,7.66470993405748,3.39582997025663,5.68120622943626,5.93544808564811,5.72251429120943,1,2
12,7,34,7.66470993405748,3.39582997025663,5.09825620135851,6.08326481546342,5.54069076139025,1,2
12,7,35,7.66470993405748,3.39582997025663,4.59066930313102,5.90652566694728,5.64012475565354,1,2
12,7,36,7.66470993405748,3.39582997025663,6.03003922305167,5.01370616801534,5.32510168661567,1,2
12,7,38,7.66470993405748,3.39582997025663,4.96766967065029,6.11953641961133,5.71093259277332,1,2
12,7,39,7.66470993405748,3.39582997025663,4.7842319566607,6.23307825034059,5.78199580060054,1,2
12,7,40,7.66470993405748,3.39582997025663,5.11650169075293,5.63415202606138,5.47282038386342,1,2
12,7,43,7.66470993405748,3.39582997025663,3.83917081408442,5.58097357118458,5.42856081285431,1,2
12,7,45,7.66470993405748,3.39582997025663,5.00164853753959,5.33511204696283,5.21638584402159,1,2
12,7,49,7.66470993405748,3.39582997025663,6.19342795328346,6.35753512053899,5.77644161397758,1,2
12,7,53,7.66470993405748,3.39582997025663,4.67975805177578,5.82762602548101,5.63730524773384,1,2
12,7,54,7.66470993405748,3.39582997025663,4.88897878404483,6.90802286020476,5.95687086630379,1,2
12,7,55,7.66470993405748,3.39582997025663,4.77950743055825,6.30779247518953,5.83688903311683,1,2
12,7,56,7.66470993405748,3.39582997025663,7.05848753315752,4.91025300037336,5.32388072504772,1,2
12,7,57,7.66470993405748,3.39582997025663,5.06827410474931,5.858553253331,5.65169839001794,1,2
12,7,59,7.66470993405748,3.39582997025663,5.45096841554626,6.09618673416951,5.86296833278419,1,2
12,7,60,7.66470993405748,3.39582997025663,5.17609107814918,5.65009400897436,5.40020518579517,1,2
12,7,61,7.66470993405748,3.39582997025663,4.57742979224467,6.32048155366047,5.60322075922507,1,2
12,7,62,7.66470993405748,3.39582997025663,5.66715242041797,6.15869678744406,5.65942884306649,1,2
12,7,64,7.66470993405748,3.39582997025663,4.11704943984646,6.29085610019474,5.57126502034752,1,2
12,7,65,7.66470993405748,3.39582997025663,4.81618647450043,6.0667327229812,5.62793407493659,1,2
12,7,66,7.66470993405748,3.39582997025663,3.73212672780165,4.94102225223238,5.04919346615086,1,2
12,7,71,7.66470993405748,3.39582997025663,3.9156814301354,5.31938065698019,5.3436168356115,1,2
12,7,77,7.66470993405748,3.39582997025663,5.43432459457736,6.31518851659409,5.85416299342552,1,2
12,7,78,7.66470993405748,3.39582997025663,4.72494198746109,5.7071689745962,5.28690920579836,1,2
12,7,80,7.66470993405748,3.39582997025663,4.26003381202326,5.82033595690766,5.59497140609312,1,2
12,7,81,7.66470993405748,3.39582997025663,4.21622978478416,6.91500471292773,5.99868693128027,1,2
12,7,83,7.66470993405748,3.39582997025663,4.29536875158272,7.03311355819153,5.87850239196833,1,2
12,7,86,7.66470993405748,3.39582997025663,5.04852822701956,5.51630569500717,5.40331787454861,1,2
12,7,89,7.66470993405748,3.39582997025663,5.11988202925878,6.16972819082189,5.6198916411004,1,2
12,7,90,7.66470993405748,3.39582997025663,5.8188218453063,6.094846213875,5.79741349874442,1,2
12,7,91,7.66470993405748,3.39582997025663,3.64321962987618,6.09259612006779,5.43621936864555,1,2
12,7,92,7.66470993405748,3.39582997025663,5.49887705470168,6.05926602588055,5.52092793646736,1,2
12,7,93,7.66470993405748,3.39582997025663,4.4849358769187,5.59791041804637,5.40051893581114,1,2
12,7,95,7.66470993405748,3.39582997025663,5.12265968998927,5.0182836898117,5.28557445511093,1,2
12,8,1,7.66470993405748,3.39582997025663,3.96012076704206,6.02586065443487,5.91471929546255,1,2
12,8,3,7.66470993405748,3.39582997025663,5.33852941898349,6.10063062127291,5.87476339450084,1,2
12,8,4,7.66470993405748,3.39582997025663,5.96025532617894,5.25874600966411,5.40658094801203,1,2
12,8,8,7.66470993405748,3.39582997025663,6.05757280499019,4.95788293489172,5.37322084693821,1,2
12,8,9,7.66470993405748,3.39582997025663,4.55494439177357,5.26848347911858,5.30978834293613,1,2
12,8,11,7.66470993405748,3.39582997025663,4.46019481409345,6.13824157317248,5.6271720909526,1,2
12,8,14,7.66470993405748,3.39582997025663,5.03030243384617,6.45547786720176,5.93554751053279,1,2
12,8,16,7.66470993405748,3.39582997025663,6.7336905854746,6.13958860764881,5.84392791641573,1,2
12,8,18,7.66470993405748,3.39582997025663,3.77194882926097,5.70851961276247,5.83974568248155,1,2
12,8,19,7.66470993405748,3.39582997025663,5.43454823594939,6.27701718177303,5.94174448138294,1,2
12,8,21,7.66470993405748,3.39582997025663,4.69038889299048,6.50813298390648,6.09777263276219,1,2
12,8,22,7.66470993405748,3.39582997025663,4.05964264260798,5.84245284074353,5.47574113356593,1,2
12,8,23,7.66470993405748,3.39582997025663,5.15403097140737,5.52148410662045,5.65513016629337,1,2
12,8,24,7.66470993405748,3.39582997025663,4.85220194277835,6.41130684920166,5.81776643128306,1,2
12,8,27,7.66470993405748,3.39582997025663,4.93219501343526,5.41873200792602,5.51614975045306,1,2
12,8,29,7.66470993405748,3.39582997025663,3.52729011014806,6.854208100262,6.13747959623601,1,2
12,8,30,7.66470993405748,3.39582997025663,4.99278768273741,6.69997614403957,5.87372284729982,1,2
12,8,31,7.66470993405748,3.39582997025663,4.59242517999577,6.04775869294963,5.73971100153171,1,2
12,8,34,7.66470993405748,3.39582997025663,5.24507853714166,6.18125989853029,5.79606050346046,1,2
12,8,37,7.66470993405748,3.39582997025663,3.25457305204617,6.10627755453034,5.71144231486011,1,2
12,8,38,7.66470993405748,3.39582997025663,4.71178927015154,6.30184945848602,5.80124506371854,1,2
12,8,42,7.66470993405748,3.39582997025663,4.29218539337328,6.3874805380529,5.8673800919621,1,2
12,8,44,7.66470993405748,3.39582997025663,4.08722120097615,6.69737488000707,5.89575420111439,1,2
12,8,45,7.66470993405748,3.39582997025663,5.38776728606538,6.27021766171241,6.12266816498602,1,2
12,8,48,7.66470993405748,3.39582997025663,3.85932331648064,5.68301388947898,5.69221528202881,1,2
12,8,49,7.66470993405748,3.39582997025663,2.77084461448829,5.05149834033576,5.48033044365253,1,2
12,8,52,7.66470993405748,3.39582997025663,4.11059758126661,6.05169398081665,5.90531985816632,1,2
12,8,59,7.66470993405748,3.39582997025663,4.549300815807,5.23554048240772,5.68247593459646,1,2
12,8,60,7.66470993405748,3.39582997025663,4.23649695868265,6.05611067822993,5.79164045866092,1,2
12,8,62,7.66470993405748,3.39582997025663,4.7738602853893,6.10296328670552,5.50423648199445,1,2
12,9,1,7.66470993405748,3.39582997025663,4.50898774460031,5.45736047923127,5.90746787006182,1,2
12,9,2,7.66470993405748,3.39582997025663,4.06074413877778,6.01078554500277,6.23596489792798,1,2
12,9,3,7.66470993405748,3.39582997025663,3.85129371202008,5.98604723228266,6.09276990576065,1,2
12,9,6,7.66470993405748,3.39582997025663,6.63336281159434,6.75465257740127,6.37301930522545,1,2
12,9,12,7.66470993405748,3.39582997025663,3.80207181796755,6.02591445399896,6.18979370461312,1,2
12,9,13,7.66470993405748,3.39582997025663,4.43785037959562,6.64192418323637,6.52861520747152,1,2
12,9,14,7.66470993405748,3.39582997025663,5.19379132361377,5.72401586653993,5.75121670269954,1,2
12,9,15,7.66470993405748,3.39582997025663,3.81082626317013,5.63300969652379,6.08309039627067,1,2
12,9,18,7.66470993405748,3.39582997025663,5.94498417216314,6.08996598708707,6.27529578398325,1,2
12,9,20,7.66470993405748,3.39582997025663,3.27221979741275,6.25517473852745,6.08399137062061,1,2
12,9,21,7.66470993405748,3.39582997025663,2.98481099374864,6.49207025693834,6.38318126333787,1,2
12,9,25,7.66470993405748,3.39582997025663,4.52732417391331,6.19020761383089,5.98830859556525,1,2
12,9,26,7.66470993405748,3.39582997025663,4.36350673586232,6.62985986054849,6.40820368647188,1,2
12,9,27,7.66470993405748,3.39582997025663,5.68746144892794,6.39563839757311,6.39976384222552,1,2
12,9,28,7.66470993405748,3.39582997025663,4.21442934778101,6.28815402460695,6.33444519952882,1,2
12,9,29,7.66470993405748,3.39582997025663,4.2686545859184,6.07116409105702,6.14376080198846,1,2
12,9,32,7.66470993405748,3.39582997025663,4.66362583028787,5.88484631133921,6.20781256268862,1,2
12,9,35,7.66470993405748,3.39582997025663,5.11833995027925,6.08813280874795,6.38213626116661,1,2
12,9,36,7.66470993405748,3.39582997025663,5.46287601321651,5.39111707133625,5.93867704727717,1,2
12,9,37,7.66470993405748,3.39582997025663,5.6385273253479,6.33832874405037,6.24931440572262,1,2
12,9,38,7.66470993405748,3.39582997025663,7.31996566324756,6.20795738405988,6.46207965784212,1,2
12,9,42,7.66470993405748,3.39582997025663,4.27792601709753,5.70480967535091,5.94135927431934,1,2
12,9,45,7.66470993405748,3.39582997025663,6.12301704393487,6.18204520964444,6.21648058803216,1,2
12,9,47,7.66470993405748,3.39582997025663,2.90506566740259,5.66957885802639,5.8621291676956,1,2
12,9,48,7.66470993405748,3.39582997025663,3.53859456240675,5.33544825628889,6.132447441883,1,2
12,9,51,7.66470993405748,3.39582997025663,5.04204637570449,6.17127900241514,6.27534919708935,1,2
12,9,55,7.66470993405748,3.39582997025663,4.34644357859224,6.13032520396197,6.31250417565791,1,2
12,9,58,7.66470993405748,3.39582997025663,5.08613394053792,6.31280846028297,6.36390150013722,1,2
12,9,59,7.66470993405748,3.39582997025663,5.70882164009791,5.27434313949867,6.15190452999797,1,2
12,9,61,7.66470993405748,3.39582997025663,2.76252075937156,6.92172270472501,6.4919705011925,1,2
12,9,68,7.66470993405748,3.39582997025663,5.92014364714482,6.12498043753048,6.203289755325,1,2
12,9,69,7.66470993405748,3.39582997025663,5.06753157715861,6.53713718019162,6.41056041490596,1,2
12,10,1,7.66470993405748,3.39582997025663,4.39145693508743,6.15228784144932,6.16021858450889,1,2
12,10,3,7.66470993405748,3.39582997025663,5.0300281181245,5.79835058581667,6.09250339617783,1,2
12,10,5,7.66470993405748,3.39582997025663,4.66262852181872,5.64468081325803,5.91191187062532,1,2
12,10,6,7.66470993405748,3.39582997025663,4.31891881227669,6.00305117821164,6.13149946896984,1,2
12,10,7,7.66470993405748,3.39582997025663,4.21103900933491,6.39826570680041,6.24372094510411,1,2
12,10,8,7.66470993405748,3.39582997025663,4.81319751152707,4.81869694769713,5.76986771896992,1,2
12,10,9,7.66470993405748,3.39582997025663,3.10694412618756,6.56967831593843,6.22729913219669,1,2
12,10,10,7.66470993405748,3.39582997025663,4.6989247638858,5.78152703497132,6.15217321703676,1,2
12,10,11,7.66470993405748,3.39582997025663,6.36712668344268,5.96060828829582,6.40634226682545,1,2
12,10,12,7.66470993405748,3.39582997025663,4.89449741514049,6.31126650113338,6.22050794503082,1,2
12,10,13,7.66470993405748,3.39582997025663,7.60708354101171,6.06360418800924,6.40008080628937,1,2
12,10,15,7.66470993405748,3.39582997025663,6.27912921820338,6.50679390254349,6.32268249638933,1,2
12,10,16,7.66470993405748,3.39582997025663,5.9637364775604,6.53916014732157,6.44554950686394,1,2
12,10,19,7.66470993405748,3.39582997025663,3.51846017317706,6.09423815584493,6.14121184370393,1,2
12,10,20,7.66470993405748,3.39582997025663,4.71926987891082,5.66241001562674,6.12925454661441,1,2
12,10,22,7.66470993405748,3.39582997025663,3.54295268526689,5.88474175280823,6.27147899495503,1,2
12,10,24,7.66470993405748,3.39582997025663,6.30058484563162,5.76610464844336,6.10127689986223,1,2
12,10,25,7.66470993405748,3.39582997025663,3.17134235418333,5.89403596999279,6.10618276662945,1,2
12,10,26,7.66470993405748,3.39582997025663,3.34924294826013,6.20697227496733,6.15778218557467,1,2
12,10,29,7.66470993405748,3.39582997025663,5.02074502223863,5.87783759076627,6.21923824409126,1,2
12,10,30,7.66470993405748,3.39582997025663,5.59625376721177,6.80116247563174,6.54785777307157,1,2
12,10,31,7.66470993405748,3.39582997025663,5.06496826722512,7.18423193711987,6.74505450714372,1,2
12,10,34,7.66470993405748,3.39582997025663,4.36351097222445,5.77143703940407,6.16688139387893,1,2
12,10,37,7.66470993405748,3.39582997025663,3.90136325821461,5.48357695696093,6.06899259696565,1,2
12,10,39,7.66470993405748,3.39582997025663,5.858687765996,6.56910844996445,6.44085096299461,1,2
12,10,40,7.66470993405748,3.39582997025663,5.08355351792811,6.05101438351891,6.31103857798946,1,2
12,10,43,7.66470993405748,3.39582997025663,4.19344305307104,5.58736295783838,6.09216829996959,1,2
12,10,49,7.66470993405748,3.39582997025663,3.60102622013645,6.08450916984397,6.2456499193995,1,2
12,10,52,7.66470993405748,3.39582997025663,5.29222080113471,5.75045387828948,6.35222844018094,1,2
12,10,53,7.66470993405748,3.39582997025663,3.60083420513309,6.33257490614453,6.32995076012218,1,2
12,10,55,7.66470993405748,3.39582997025663,5.32096202388943,5.41516793354662,6.03081217973529,1,2
12,10,56,7.66470993405748,3.39582997025663,6.52920881467198,6.25817375954034,6.47497633185838,1,2
12,10,57,7.66470993405748,3.39582997025663,4.83818912591863,5.32264395016059,6.05175833562957,1,2
12,10,58,7.66470993405748,3.39582997025663,5.83382148529784,6.73509187007911,6.64142090906109,1,2
12,10,61,7.66470993405748,3.39582997025663,4.38354718841701,6.8734071640133,6.51320820842851,1,2
12,10,62,7.66470993405748,3.39582997025663,4.56895930699057,5.80211109218405,6.09439287578947,1,2
12,10,63,7.66470993405748,3.39582997025663,4.14963560235164,5.86910640771569,6.194793904354,1,2
12,10,64,7.66470993405748,3.39582997025663,4.16350179369083,5.86846093112933,6.03471452952706,1,2
12,10,65,7.66470993405748,3.39582997025663,5.41624696310115,5.82780245375832,6.19131670792456,1,2
12,11,1,7.66470993405748,3.39582997025663,6.83173343601666,6.06486677743802,6.5435662282287,1,2
12,11,3,7.66470993405748,3.39582997025663,3.97442697841664,6.9750514611441,6.78980627753487,1,2
12,11,4,7.66470993405748,3.39582997025663,5.69278711140127,5.45622476120481,6.30129098056996,1,2
12,11,5,7.66470993405748,3.39582997025663,4.75705819709455,5.95269224048231,6.50334690870053,1,2
12,11,6,7.66470993405748,3.39582997025663,4.52361099837021,6.17306852083151,6.69672047529367,1,2
12,11,7,7.66470993405748,3.39582997025663,6.95850525221014,5.19493575935418,6.29184689985698,1,2
12,11,9,7.66470993405748,3.39582997025663,4.91506801053538,5.276569061828,6.38896682641032,1,2
12,11,13,7.66470993405748,3.39582997025663,4.1787625703022,5.82722972496033,6.6094313667153,1,2
12,11,14,7.66470993405748,3.39582997025663,5.33727222950347,5.80528292448771,6.28772353785896,1,2
12,11,17,7.66470993405748,3.39582997025663,5.08082968899823,5.07743105694669,6.06884392776644,1,2
12,11,18,7.66470993405748,3.39582997025663,4.92144911802652,5.88322380145346,6.57807976047319,1,2
12,11,20,7.66470993405748,3.39582997025663,4.15403514991045,6.22666029314681,6.50180239565815,1,2
12,11,22,7.66470993405748,3.39582997025663,5.72137897193819,4.83726089926757,5.98629004795413,1,2
12,11,23,7.66470993405748,3.39582997025663,2.89664580238265,6.00249509477077,6.45355847403932,1,2
12,11,24,7.66470993405748,3.39582997025663,6.0486642550427,5.55137397504233,6.29643674014082,1,2
12,11,25,7.66470993405748,3.39582997025663,5.86286649470894,5.99015912048145,6.45042698477948,1,2
12,11,26,7.66470993405748,3.39582997025663,4.62337822504188,6.79296231371346,6.39591670314155,1,2
12,11,27,7.66470993405748,3.39582997025663,5.64315868167041,6.01181351659655,6.31110805838001,1,2
12,11,28,7.66470993405748,3.39582997025663,6.07793838345951,6.12008840967881,6.48830199219752,1,2
12,11,32,7.66470993405748,3.39582997025663,5.2683586943067,4.71952401546383,6.02114499312984,1,2
12,11,33,7.66470993405748,3.39582997025663,4.15108633710591,6.3951305510593,6.6296505915669,1,2
12,11,34,7.66470993405748,3.39582997025663,5.71309659669297,6.55893406867229,6.83951356979605,1,2
12,11,35,7.66470993405748,3.39582997025663,5.65058576750216,6.26155352172318,6.54329295630098,1,2
12,11,39,7.66470993405748,3.39582997025663,5.10036172205193,5.98872588624909,6.58450390510074,1,2
12,11,41,7.66470993405748,3.39582997025663,4.69628925527964,6.34488359473982,6.60380159518373,1,2
12,11,42,7.66470993405748,3.39582997025663,3.56852465171131,6.0014716734945,6.35064992894469,1,2
12,11,43,7.66470993405748,3.39582997025663,3.62843451989978,5.9651133742583,6.387961837406,1,2
12,11,45,7.66470993405748,3.39582997025663,4.20696958622829,6.32142084943308,6.60703365963105,1,2
12,11,46,7.66470993405748,3.39582997025663,4.54711749143521,5.26483877520514,6.2152144600038,1,2
12,11,47,7.66470993405748,3.39582997025663,5.28754946341277,5.68820772673858,6.39925194964305,1,2
12,11,50,7.66470993405748,3.39582997025663,4.95384058197404,5.8072132822883,6.30981559829041,1,2
12,11,51,7.66470993405748,3.39582997025663,7.04087516498078,5.99684575228329,6.79996064642962,1,2
12,11,54,7.66470993405748,3.39582997025663,4.82103892708084,6.38197188345763,6.64834588948037,1,2
12,11,55,7.66470993405748,3.39582997025663,4.99652767458205,6.85211845016083,6.76647769648815,1,2
12,11,58,7.66470993405748,3.39582997025663,4.84175833956334,5.33174750140034,6.33630442844951,1,2
12,11,61,7.66470993405748,3.39582997025663,5.88247766362003,6.282552974312,6.50388860414609,1,2
12,11,62,7.66470993405748,3.39582997025663,5.53221261313161,6.34864792464688,6.5699188897462,1,2
12,11,66,7.66470993405748,3.39582997025663,6.44413585282819,5.62027339503746,6.22936621762122,1,2
12,11,67,7.66470993405748,3.39582997025663,3.4067195384648,5.53774925607763,6.503572831212,1,2
12,11,68,7.66470993405748,3.39582997025663,5.37410231442838,5.84700682668939,6.42828990219553,1,2
12,11,73,7.66470993405748,3.39582997025663,5.50581168889139,6.52051356485579,6.58805879596373,1,2
12,11,75,7.66470993405748,3.39582997025663,4.08671940590427,5.65083660462938,6.42997022782249,1,2
12,11,77,7.66470993405748,3.39582997025663,5.04950813561617,6.16800698634624,6.52635563874263,1,2
12,12,1,7.66470993405748,3.39582997025663,6.05887757207933,6.26110861967106,6.93243169038757,1,2
12,12,4,7.66470993405748,3.39582997025663,5.24015454125286,6.13766358638171,6.46804466918282,1,2
12,12,5,7.66470993405748,3.39582997025663,5.69425835050005,5.61993444798572,6.54537347527708,1,2
12,12,7,7.66470993405748,3.39582997025663,7.46126441414224,6.38914686529479,6.8337226192801,1,2
12,12,11,7.66470993405748,3.39582997025663,4.55308501479353,6.10372023188467,6.70977846856486,1,2
12,12,12,7.66470993405748,3.39582997025663,7.1245318757381,5.69116853478081,6.5464934080808,1,2
12,12,13,7.66470993405748,3.39582997025663,5.34226645608542,6.10162797046847,6.64713611462619,1,2
12,12,17,7.66470993405748,3.39582997025663,4.19149891872925,5.50935317014364,6.41080828702002,1,2
12,12,19,7.66470993405748,3.39582997025663,5.41473132385509,6.70062054932776,6.85983569408044,1,2
12,12,21,7.66470993405748,3.39582997025663,5.0678236276506,6.59619127657238,6.92770326620612,1,2
12,12,23,7.66470993405748,3.39582997025663,6.36039277238899,5.5529287207883,6.36596566932716,1,2
12,12,27,7.66470993405748,3.39582997025663,5.93493237501699,5.99574682593867,6.73197049517311,1,2
12,12,31,7.66470993405748,3.39582997025663,5.81592771617222,5.74415195323114,6.92986209064536,1,2
12,12,34,7.66470993405748,3.39582997025663,3.90512792151262,5.52235589415348,6.48317994062892,1,2
12,12,35,7.66470993405748,3.39582997025663,8.2540238890941,6.03175605526394,6.81157496940028,1,2
12,12,36,7.66470993405748,3.39582997025663,2.89735761506825,5.85240691511049,6.34604857874399,1,2
12,12,38,7.66470993405748,3.39582997025663,2.14581687022119,6.2711846027986,6.58379524491651,1,2
12,12,39,7.66470993405748,3.39582997025663,6.10741336240259,5.85019589243851,6.87295366906442,1,2
12,12,44,7.66470993405748,3.39582997025663,6.02058178826122,5.53410557602912,6.74602317691489,1,2
12,12,45,7.66470993405748,3.39582997025663,5.19543406611356,6.46199918378394,6.91386622087134,1,2
12,12,50,7.66470993405748,3.39582997025663,4.83040924069759,4.90599941582263,6.0361876061956,1,2
12,12,51,7.66470993405748,3.39582997025663,6.06570796239787,5.08005463122963,6.24564672168899,1,2
12,12,53,7.66470993405748,3.39582997025663,4.85706015722076,5.67992651895903,6.14882734225245,1,2
12,12,55,7.66470993405748,3.39582997025663,4.77509411911748,6.183934263368,6.66849004211524,1,2
12,12,56,7.66470993405748,3.39582997025663,4.87691161776389,6.06255313082191,6.53901465980063,1,2
12,12,58,7.66470993405748,3.39582997025663,4.31523815899312,5.53194496725936,6.26321025082629,1,2
12,12,61,7.66470993405748,3.39582997025663,4.02040276532226,5.95114515093167,6.52690571951213,1,2
12,12,62,7.66470993405748,3.39582997025663,3.73221055886665,5.46095928565601,6.71079300300907,1,2
12,12,65,7.66470993405748,3.39582997025663,4.80779663896488,6.82741497806712,6.82578814245442,1,2
12,12,66,7.66470993405748,3.39582997025663,4.66441490476576,5.45503717522246,6.47199715009497,1,2
12,12,72,7.66470993405748,3.39582997025663,4.40666267021516,6.55461163827925,6.89798929110181,1,2
12,12,73,7.66470993405748,3.39582997025663,4.48620698745589,5.57590567394715,6.35164291119135,1,2
12,12,74,7.66470993405748,3.39582997025663,4.19006630571043,6.42007413862844,6.70424262185343,1,2
12,12,75,7.66470993405748,3.39582997025663,5.44804017486351,5.71475986896263,6.62555165970983,1,2
12,12,77,7.66470993405748,3.39582997025663,3.27267335874273,6.34101310412223,6.81405398301499,1,2
12,12,79,7.66470993405748,3.39582997025663,5.01233856555078,5.87857855044841,6.53858385839124,1,2
12,12,80,7.66470993405748,3.39582997025663,5.42612180253676,6.5899001765676,6.87702966381734,1,2
12,12,83,7.66470993405748,3.39582997025663,6.27517649147772,5.53065456775835,6.68858328954867,1,2
12,12,84,7.66470993405748,3.39582997025663,6.09083871967393,5.93047830991792,6.45199519438565,1,2
12,12,87,7.66470993405748,3.39582997025663,4.8875174644379,5.76662391630346,6.5267656666361,1,2
12,13,2,7.66470993405748,3.39582997025663,5.6741216695309,6.42004197190424,6.66074803654771,1,2
12,13,4,7.66470993405748,3.39582997025663,6.0982775924871,5.44476839253705,6.37141110485816,1,2
12,13,7,7.66470993405748,3.39582997025663,5.54969188544408,6.03802408008923,6.76153158987981,1,2
12,13,9,7.66470993405748,3.39582997025663,4.80546713874056,5.99951071871289,6.66255606088548,1,2
12,13,11,7.66470993405748,3.39582997025663,5.13840823966887,6.25985675546765,6.87145968642533,1,2
12,13,13,7.66470993405748,3.39582997025663,4.28793639309515,6.05815563468195,6.45388663301125,1,2
12,13,17,7.66470993405748,3.39582997025663,4.83220395276634,5.9544208564202,6.94562518220855,1,2
12,13,18,7.66470993405748,3.39582997025663,5.29781017104697,5.81190785861595,6.47267260390008,1,2
12,13,20,7.66470993405748,3.39582997025663,5.62139625027869,6.26076004487083,6.72508945576852,1,2
12,13,22,7.66470993405748,3.39582997025663,4.54976000158821,5.83751949118557,6.52348253791509,1,2
12,13,29,7.66470993405748,3.39582997025663,5.01543137928969,6.91292993638792,6.69121121092558,1,2
12,13,30,7.66470993405748,3.39582997025663,5.73261472445008,5.96409843017308,6.55816033865571,1,2
12,13,32,7.66470993405748,3.39582997025663,4.74639423749517,6.55488236640641,6.74667271189133,1,2
12,13,33,7.66470993405748,3.39582997025663,3.4982144099424,5.4915145691563,6.18898197992096,1,2
12,13,36,7.66470993405748,3.39582997025663,4.2594154995644,5.75723961504379,6.70875187670361,1,2
12,13,38,7.66470993405748,3.39582997025663,3.34633238306426,6.0117477972964,6.39202250369709,1,2
12,13,39,7.66470993405748,3.39582997025663,4.68617290866752,6.17070047639566,6.69695175510755,1,2
12,13,40,7.66470993405748,3.39582997025663,4.06381942008301,5.92546351086897,6.56523335814206,1,2
12,13,42,7.66470993405748,3.39582997025663,4.59649391553309,5.89014856118867,6.61317083610056,1,2
12,13,44,7.66470993405748,3.39582997025663,5.31347198799783,5.86351245040942,6.34189216989343,1,2
12,13,45,7.66470993405748,3.39582997025663,5.56986699122189,6.09146810866411,6.73519092934998,1,2
12,13,53,7.66470993405748,3.39582997025663,3.80457231955987,6.10884519618092,6.85288007257853,1,2
12,13,55,7.66470993405748,3.39582997025663,4.29268768436668,5.81698525140226,6.57965728129031,1,2
12,13,56,7.66470993405748,3.39582997025663,4.85726413066775,6.2782203764358,6.8160807919472,1,2
12,13,58,7.66470993405748,3.39582997025663,7.37495653789321,5.78533496257502,6.70643113944368,1,2
12,13,60,7.66470993405748,3.39582997025663,6.53680229432315,6.04045309124258,6.59428578454098,1,2
12,13,61,7.66470993405748,3.39582997025663,5.58404317848456,5.56291728007206,6.49426689514429,1,2
12,13,63,7.66470993405748,3.39582997025663,4.99130327648729,5.6308673211824,6.85226956480866,1,2
12,13,65,7.66470993405748,3.39582997025663,4.2274756520569,5.63236081660312,6.47314102277688,1,2
12,13,66,7.66470993405748,3.39582997025663,5.70346006354481,5.41879498775729,6.48885698394025,1,2
12,13,68,7.66470993405748,3.39582997025663,4.94422557188787,6.20111569707365,6.70394525441748,1,2
12,13,72,7.66470993405748,3.39582997025663,6.22192482168318,6.02794650445662,6.51776819951255,1,2
12,13,77,7.66470993405748,3.39582997025663,4.86121659429142,6.09945115042545,6.65713566259275,1,2
12,13,78,7.66470993405748,3.39582997025663,5.55387051763839,6.20514566946659,6.75511417722853,1,2
12,13,80,7.66470993405748,3.39582997025663,4.73887064379969,5.93821611626333,6.51462701922152,1,2
12,13,82,7.66470993405748,3.39582997025663,3.67936249399585,6.33906340092008,6.6019271090601,1,2
12,13,83,7.66470993405748,3.39582997025663,5.27391387518569,6.18836176323461,6.48942759990161,1,2
12,13,85,7.66470993405748,3.39582997025663,4.0078195919305,6.51274302472247,6.60720703899469,1,2
12,13,86,7.66470993405748,3.39582997025663,6.69667237312644,6.37096775430686,6.7289616128762,1,2
12,13,87,7.66470993405748,3.39582997025663,7.31525828432993,6.38244902481146,6.85857066888205,1,2
12,13,88,7.66470993405748,3.39582997025663,3.86346650375173,6.44126706893542,6.80478487775752,1,2
12,14,2,7.66470993405748,3.39582997025663,5.53248129824369,5.55715621480184,6.45927249102073,1,2
12,14,3,7.66470993405748,3.39582997025663,4.13610688298068,6.71559409515119,6.87266334979838,1,2
12,14,6,7.66470993405748,3.39582997025663,3.05160235421571,6.42461319595426,6.89757748530767,1,2
12,14,7,7.66470993405748,3.39582997025663,4.92014102309814,5.77923308791158,6.56247641086663,1,2
12,14,9,7.66470993405748,3.39582997025663,4.20201731078021,6.31665378628752,6.61197775486926,1,2
12,14,11,7.66470993405748,3.39582997025663,3.79471362365887,6.2511042748015,6.71020152503057,1,2
12,14,12,7.66470993405748,3.39582997025663,5.59561638049239,6.57187502168504,6.92926824306823,1,2
12,14,17,7.66470993405748,3.39582997025663,5.27856279872204,5.52395598224408,6.34823138041933,1,2
12,14,19,7.66470993405748,3.39582997025663,7.08586456348618,5.07091816586763,6.58051037025053,1,2
12,14,20,7.66470993405748,3.39582997025663,4.97168843564137,6.12935918921772,6.65505856584583,1,2
12,14,25,7.66470993405748,3.39582997025663,5.14244016816389,5.6986861724279,6.507729852293,1,2
12,14,26,7.66470993405748,3.39582997025663,4.3592488280747,5.76844269623856,6.60278773597173,1,2
12,14,27,7.66470993405748,3.39582997025663,5.45857195165956,6.14535408515334,6.6509180658276,1,2
12,14,28,7.66470993405748,3.39582997025663,5.35084670057781,5.24135176525727,6.38226912965114,1,2
12,14,31,7.66470993405748,3.39582997025663,3.45745574699634,5.25158310449042,6.40227608590018,1,2
12,14,34,7.66470993405748,3.39582997025663,5.89552603248724,6.97128289959282,7.04774525122627,1,2
12,14,35,7.66470993405748,3.39582997025663,7.10542194796628,6.39877965891801,6.82421347145609,1,2
12,14,37,7.66470993405748,3.39582997025663,5.29671182720709,6.4566809596228,7.16432530346114,1,2
12,14,39,7.66470993405748,3.39582997025663,6.08535634296816,6.86468319622248,7.01171488872171,1,2
12,14,42,7.66470993405748,3.39582997025663,5.033553272346,6.28949201967044,6.5890456112646,1,2
12,14,47,7.66470993405748,3.39582997025663,6.21180084055715,7.10902938540903,6.97327266405498,1,2
12,14,49,7.66470993405748,3.39582997025663,4.81605508972537,6.19785726797976,6.81482220620593,1,2
12,14,51,7.66470993405748,3.39582997025663,4.32096004085631,6.42989585879926,6.69975110658526,1,2
12,14,52,7.66470993405748,3.39582997025663,4.12022659570604,5.75883946700033,6.61223854594458,1,2
12,14,54,7.66470993405748,3.39582997025663,6.70022480554768,6.05561625535414,6.8277834586155,1,2
12,14,55,7.66470993405748,3.39582997025663,5.13025951248441,6.15987082134404,6.54820467396458,1,2
12,14,57,7.66470993405748,3.39582997025663,6.16680827399238,5.70118363905099,6.73211246220655,1,2
12,14,59,7.66470993405748,3.39582997025663,4.71123426285097,4.96004401564173,6.21585944384093,1,2
12,14,61,7.66470993405748,3.39582997025663,3.2066328934752,6.34093121343557,6.59074384720395,1,2
12,15,1,7.66470993405748,3.39582997025663,7.08618390077583,5.52497602615642,7.07682091301615,1,2
12,15,7,7.66470993405748,3.39582997025663,5.55391728546169,6.44191684970706,7.39097783186809,1,2
12,15,9,7.66470993405748,3.39582997025663,6.2643934969678,6.00876996211871,7.11570442808099,1,2
12,15,10,7.66470993405748,3.39582997025663,5.45177327356536,4.87834987596551,6.80250395024729,1,2
12,15,13,7.66470993405748,3.39582997025663,4.83134078759384,5.3419671349912,7.12699082188619,1,2
12,15,20,7.66470993405748,3.39582997025663,5.9321399375209,5.71646054571975,7.3209417435913,1,2
12,15,21,7.66470993405748,3.39582997025663,4.32090461459837,5.42913203646307,7.05719312018557,1,2
12,15,23,7.66470993405748,3.39582997025663,4.63710131576714,6.81665180902946,7.41748020567576,1,2
12,15,24,7.66470993405748,3.39582997025663,4.57149325369413,5.573157726141,7.16489002133184,1,2
12,15,25,7.66470993405748,3.39582997025663,4.02969688043185,6.18368424509324,6.91591939830701,1,2
12,15,26,7.66470993405748,3.39582997025663,4.82517770881481,5.85456127198586,6.87417340206161,1,2
12,15,27,7.66470993405748,3.39582997025663,4.69844050649924,5.85081218957371,7.07371277074529,1,2
12,15,28,7.66470993405748,3.39582997025663,4.57494151138033,6.29025933172497,7.04951424410008,1,2
12,15,31,7.66470993405748,3.39582997025663,3.82646892256112,5.61737452310489,7.20386229262141,1,2
12,15,32,7.66470993405748,3.39582997025663,5.25977395021142,6.45070129814532,7.46982207738105,1,2
12,15,33,7.66470993405748,3.39582997025663,4.29802368874532,5.6694464569729,7.08512800371945,1,2
12,15,34,7.66470993405748,3.39582997025663,6.46868640026423,6.03222996343802,7.01952102234828,1,2
12,15,38,7.66470993405748,3.39582997025663,5.2817871634051,6.04341032050643,7.25769281461842,1,2
12,15,39,7.66470993405748,3.39582997025663,3.95950831365872,6.99987970575066,7.45998833846861,1,2
12,15,40,7.66470993405748,3.39582997025663,6.41802173666602,6.18787603494174,7.40047108616371,1,2
12,15,43,7.66470993405748,3.39582997025663,3.23804402817388,5.49833749217356,6.80537248753835,1,2
12,15,44,7.66470993405748,3.39582997025663,4.93923513248681,6.69486727261119,7.4421511600933,1,2
12,15,45,7.66470993405748,3.39582997025663,6.17670561826784,6.44191742804751,7.23484678551398,1,2
12,15,46,7.66470993405748,3.39582997025663,5.16691993782985,5.89827404691319,7.00619047529023,1,2
12,15,48,7.66470993405748,3.39582997025663,2.14279352017705,6.25782734099175,6.90000754813043,1,2
12,15,49,7.66470993405748,3.39582997025663,6.3358856188682,4.85259233837662,6.75173744694951,1,2
12,15,50,7.66470993405748,3.39582997025663,4.96013002166517,5.86470665063182,7.31508914874147,1,2
12,15,53,7.66470993405748,3.39582997025663,5.47450451327957,5.8189209372621,7.02680900216343,1,2
12,15,55,7.66470993405748,3.39582997025663,5.1758005025945,6.05042926559576,7.32713474088574,1,2
12,15,56,7.66470993405748,3.39582997025663,3.74155731779011,5.59817741902741,7.02028138348824,1,2
12,15,58,7.66470993405748,3.39582997025663,5.59952915184216,5.73671631053524,7.0627076588301,1,2
12,15,61,7.66470993405748,3.39582997025663,3.61322743261976,5.96944910910868,7.11887466629309,1,2
12,15,62,7.66470993405748,3.39582997025663,3.17684566399352,5.95420796653986,7.10229821660183,1,2
12,15,65,7.66470993405748,3.39582997025663,6.18498956333787,6.27142933802305,7.21008726923165,1,2
12,15,66,7.66470993405748,3.39582997025663,5.9901613767777,6.13795745847059,7.14908495722832,1,2
12,15,68,7.66470993405748,3.39582997025663,5.55168427742388,4.8497269162605,6.73181325256818,1,2
12,15,69,7.66470993405748,3.39582997025663,6.8991490168934,5.31053376295889,6.83201916015249,1,2
12,15,71,7.66470993405748,3.39582997025663,4.80644002785614,6.92205002941383,7.31638268645976,1,2
12,15,72,7.66470993405748,3.39582997025663,4.03034442540064,6.31578806421332,7.25096399643334,1,2
12,15,73,7.66470993405748,3.39582997025663,5.86591762181294,6.14389591814738,7.25142487621637,1,2
12,15,74,7.66470993405748,3.39582997025663,5.60112595247467,6.32278306048714,7.37715204507921,1,2
12,15,76,7.66470993405748,3.39582997025663,6.62377413332623,6.22002480665639,7.44229814171461,1,2
12,15,78,7.66470993405748,3.39582997025663,4.92685233736526,5.35665287418945,7.03749841504328,1,2
12,15,79,7.66470993405748,3.39582997025663,5.20783726700462,5.43179349687504,7.12317069879894,1,2
12,15,80,7.66470993405748,3.39582997025663,5.66110588333753,5.49720669487586,7.29572652746405,1,2
12,16,1,7.66470993405748,3.39582997025663,4.3390985496472,5.74757220182216,6.80029880567908,1,2
12,16,3,7.66470993405748,3.39582997025663,4.09722787533133,6.34081405389088,6.98886514072733,1,2
12,16,7,7.66470993405748,3.39582997025663,4.06205632732175,5.97741129532855,6.90313299211963,1,2
12,16,9,7.66470993405748,3.39582997025663,3.64843296961281,6.04921602721646,7.0690510223404,1,2
12,16,11,7.66470993405748,3.39582997025663,5.20768610636977,6.33081717166784,6.99736169726963,1,2
12,16,12,7.66470993405748,3.39582997025663,3.8439203474497,6.1523898883372,7.11354938054575,1,2
12,16,13,7.66470993405748,3.39582997025663,4.05725222345443,6.60841894622038,7.22960507611032,1,2
12,16,15,7.66470993405748,3.39582997025663,4.63984868574994,5.48150687995565,6.81618965754937,1,2
12,16,16,7.66470993405748,3.39582997025663,6.67531199074818,6.13878417753854,7.03759648096208,1,2
12,16,22,7.66470993405748,3.39582997025663,6.14464802785463,6.19450967364723,7.12238861804936,1,2
12,16,23,7.66470993405748,3.39582997025663,2.76988685066415,5.49963902314127,6.75536872103874,1,2
12,16,27,7.66470993405748,3.39582997025663,4.91125881345364,5.7182084210746,7.10643219115014,1,2
12,16,28,7.66470993405748,3.39582997025663,4.18595328858218,5.55928390785599,6.99042084280836,1,2
12,16,29,7.66470993405748,3.39582997025663,3.69718044928662,5.68094887973742,6.92343668480171,1,2
12,16,30,7.66470993405748,3.39582997025663,4.38531610558319,7.00367182524755,7.46896819073254,1,2
12,16,32,7.66470993405748,3.39582997025663,5.22659482560376,6.13439349798895,7.29330934341434,1,2
12,16,33,7.66470993405748,3.39582997025663,4.96154334713574,6.0085832380534,7.13542848994433,1,2
12,16,34,7.66470993405748,3.39582997025663,4.78613885764684,5.11299581642518,6.82440541881404,1,2
12,16,39,7.66470993405748,3.39582997025663,6.58042501310989,6.93996947487648,7.43221190454076,1,2
12,16,42,7.66470993405748,3.39582997025663,4.64170976006255,6.49168192739108,7.14512616450157,1,2
12,16,50,7.66470993405748,3.39582997025663,4.86458973369734,6.50301212118337,7.33047504760268,1,2
12,16,51,7.66470993405748,3.39582997025663,3.64632558347653,5.74999181171907,6.92195151615297,1,2
12,16,53,7.66470993405748,3.39582997025663,5.29293512271634,5.88006364554691,7.17075071253707,1,2
12,16,55,7.66470993405748,3.39582997025663,4.69619484401266,5.77602993565643,6.83897355068391,1,2
12,16,56,7.66470993405748,3.39582997025663,5.14910219645734,5.39586655322166,7.12073127746216,1,2
12,16,60,7.66470993405748,3.39582997025663,5.57179033429999,5.80335900861561,7.09241536467277,1,2
12,16,63,7.66470993405748,3.39582997025663,3.98904686476612,6.53527633480991,7.03698893909255,1,2
12,16,66,7.66470993405748,3.39582997025663,5.11804722771347,6.52758922013289,7.40204009456794,1,2
12,16,67,7.66470993405748,3.39582997025663,4.1064229844178,6.13199836325186,7.05958536341312,1,2
12,16,69,7.66470993405748,3.39582997025663,5.27073973126501,5.70090114031177,7.1348188669246,1,2
12,16,72,7.66470993405748,3.39582997025663,5.50313327449011,6.30118442091805,7.16705881163247,1,2
12,16,76,7.66470993405748,3.39582997025663,5.0478246368185,6.58868875654061,7.06703272262964,1,2
12,17,3,7.66470993405748,3.39582997025663,4.85260691171932,5.2455212228135,7.00930273091973,1,2
12,17,4,7.66470993405748,3.39582997025663,5.11141187397142,6.05205581298539,7.01452149915253,1,2
12,17,5,7.66470993405748,3.39582997025663,6.52854604357029,5.51258293665749,7.32634593892941,1,2
12,17,6,7.66470993405748,3.39582997025663,3.45190813229828,6.25230618125582,7.04565363792782,1,2
12,17,7,7.66470993405748,3.39582997025663,4.8557001786506,5.73133916000998,7.0290310560694,1,2
12,17,9,7.66470993405748,3.39582997025663,5.16979311350341,6.41777160997799,7.51080800791296,1,2
12,17,16,7.66470993405748,3.39582997025663,4.59560660634981,5.20495811259713,7.18082783149769,1,2
12,17,17,7.66470993405748,3.39582997025663,7.18117656231572,5.92378716484212,7.22521654187247,1,2
12,17,18,7.66470993405748,3.39582997025663,3.26936193026679,5.53661500975028,6.92440090819878,1,2
12,17,19,7.66470993405748,3.39582997025663,2.88533466370861,6.36469844054572,6.96801645263289,1,2
12,17,21,7.66470993405748,3.39582997025663,5.13524916945502,5.70818738054901,6.82479870309964,1,2
12,17,22,7.66470993405748,3.39582997025663,4.50960544834018,6.24226624522105,6.97337042097118,1,2
12,17,23,7.66470993405748,3.39582997025663,4.78502908622371,6.55404270930171,7.40941575657946,1,2
12,17,24,7.66470993405748,3.39582997025663,5.17093733707681,6.53250872585316,7.24125211277243,1,2
12,17,25,7.66470993405748,3.39582997025663,4.18463132548938,6.08269416568135,6.85327751506785,1,2
12,17,26,7.66470993405748,3.39582997025663,4.76497600218215,6.48251389260024,7.30854078203808,1,2
12,17,28,7.66470993405748,3.39582997025663,4.62117254863484,5.71910354645894,7.19180375489833,1,2
12,17,29,7.66470993405748,3.39582997025663,4.49635062471526,5.76482798350347,7.23695203787029,1,2
12,17,30,7.66470993405748,3.39582997025663,6.82894198494151,5.74869996831782,7.49484192647103,1,2
12,17,31,7.66470993405748,3.39582997025663,3.43254002218288,6.90277646627936,7.41560563129178,1,2
12,17,33,7.66470993405748,3.39582997025663,4.91477693621925,6.4453676016061,7.5787201796948,1,2
12,17,34,7.66470993405748,3.39582997025663,3.25175190386001,5.86951758115671,6.90864125830702,1,2
12,17,38,7.66470993405748,3.39582997025663,5.88456906541254,5.82809122512897,7.28394648574602,1,2
12,17,41,7.66470993405748,3.39582997025663,5.53676693749607,5.75262624842287,7.31896541029718,1,2
12,17,46,7.66470993405748,3.39582997025663,4.03390929024585,6.0012808498739,7.28653186730864,1,2
12,17,49,7.66470993405748,3.39582997025663,3.90693275038705,5.34967099285518,6.91284106619488,1,2
12,17,51,7.66470993405748,3.39582997025663,4.09531821800727,6.67055850971277,7.39824664644626,1,2
12,17,55,7.66470993405748,3.39582997025663,5.35067549698065,6.14280499862605,7.2327113710813,1,2
12,17,60,7.66470993405748,3.39582997025663,5.22633889099132,5.63357794280517,7.09590316777842,1,2
12,17,61,7.66470993405748,3.39582997025663,3.47475939387489,5.30405208735154,6.65637237451158,1,2
12,17,62,7.66470993405748,3.39582997025663,6.37617097489281,5.68411934051316,7.35614949959346,1,2
12,17,63,7.66470993405748,3.39582997025663,2.55863935074757,5.69179142868721,6.90060833350431,1,2
12,17,64,7.66470993405748,3.39582997025663,4.51685893743638,5.38791988268202,7.04570081757828,1,2
12,17,65,7.66470993405748,3.39582997025663,6.11749843247666,5.62222398753911,7.08232808503661,1,2
12,17,66,7.66470993405748,3.39582997025663,5.53574014268368,6.54055028024657,7.41374001665411,1,2
12,17,68,7.66470993405748,3.39582997025663,3.64946673599889,6.4174383446909,7.28010969564707,1,2
12,17,70,7.66470993405748,3.39582997025663,6.3239318265862,5.94011781479402,7.03429687498681,1,2
12,17,71,7.66470993405748,3.39582997025663,5.17326699055951,7.04475231999851,7.3463330530314,1,2
12,17,72,7.66470993405748,3.39582997025663,6.85289715447491,6.45651336016459,7.36594420406167,1,2
12,17,73,7.66470993405748,3.39582997025663,5.49749756007357,5.69902171138774,7.06736206095285,1,2
12,17,75,7.66470993405748,3.39582997025663,4.37582261723674,6.25200850883746,7.17112249030905,1,2
12,17,78,7.66470993405748,3.39582997025663,4.49474753326794,5.81425683233504,7.33724585602249,1,2
12,17,80,7.66470993405748,3.39582997025663,3.47222258161065,6.0303744654101,7.04730263116242,1,2
12,17,81,7.66470993405748,3.39582997025663,4.11804481028709,6.88746113874638,7.38263066666628,1,2
12,17,82,7.66470993405748,3.39582997025663,6.2104770922076,5.34846118858625,7.04653966506192,1,2
12,17,83,7.66470993405748,3.39582997025663,5.62994769857521,5.57985259975266,6.81021539129188,1,2
12,18,5,7.66470993405748,3.39582997025663,3.68355102173659,6.3851734446611,7.6945048418532,1,2
12,18,6,7.66470993405748,3.39582997025663,7.18566502841586,6.68797481949985,7.90133739007357,1,2
12,18,8,7.66470993405748,3.39582997025663,5.02056442070944,5.66038748368792,7.33347082017578,1,2
12,18,12,7.66470993405748,3.39582997025663,5.18465742712392,6.48372371084385,7.63579665643868,1,2
12,18,13,7.66470993405748,3.39582997025663,5.87543300328662,5.49984505683409,7.29746773254968,1,2
12,18,14,7.66470993405748,3.39582997025663,5.31163122584057,5.92528311745272,7.5066627780072,1,2
12,18,15,7.66470993405748,3.39582997025663,4.70458231844681,5.5687252905959,7.6261010960245,1,2
12,18,16,7.66470993405748,3.39582997025663,5.26361103080424,6.07181987825989,7.53567564584712,1,2
12,18,17,7.66470993405748,3.39582997025663,4.06415689866423,6.1634464149284,7.38518846933894,1,2
12,18,22,7.66470993405748,3.39582997025663,5.3647564304721,5.94048810953479,7.57671074586274,1,2
12,18,24,7.66470993405748,3.39582997025663,4.96219137584663,6.03527151956099,7.36088160615384,1,2
12,18,25,7.66470993405748,3.39582997025663,6.05004662869899,6.52707427288036,7.70647479712145,1,2
12,18,27,7.66470993405748,3.39582997025663,5.78558113924456,5.85381315002466,7.81680142807093,1,2
12,18,29,7.66470993405748,3.39582997025663,5.31545196983018,5.09607545164451,7.36198295190958,1,2
12,18,34,7.66470993405748,3.39582997025663,5.12890021366746,5.62867557863514,7.63452149716239,1,2
12,18,39,7.66470993405748,3.39582997025663,6.49643500680017,5.86169459546993,7.41560623286227,1,2
12,18,42,7.66470993405748,3.39582997025663,4.96912088136187,5.84370383350443,7.5568692620641,1,2
12,18,43,7.66470993405748,3.39582997025663,5.34060235920725,6.14225286407563,7.68194440815826,1,2
12,18,44,7.66470993405748,3.39582997025663,4.48431882782262,5.82941826331568,7.41425804964042,1,2
12,18,45,7.66470993405748,3.39582997025663,5.42328019391001,5.18378133346391,6.85775744695509,1,2
12,18,46,7.66470993405748,3.39582997025663,5.30898439848782,5.56539763267681,7.29160882884519,1,2
12,18,47,7.66470993405748,3.39582997025663,6.52290436681088,6.04411156988465,7.67600776235385,1,2
12,18,52,7.66470993405748,3.39582997025663,4.64830301085107,6.15119336888935,7.43307772100073,1,2
12,18,53,7.66470993405748,3.39582997025663,6.49948144375594,6.4385974574451,7.54037647829702,1,2
12,18,57,7.66470993405748,3.39582997025663,5.24340631609104,6.51979515298318,7.57596254705462,1,2
12,18,60,7.66470993405748,3.39582997025663,5.85979469731954,5.85677111792302,7.41193929075027,1,2
12,18,64,7.66470993405748,3.39582997025663,4.65267279694298,5.44933157902311,7.32457773416296,1,2
12,18,65,7.66470993405748,3.39582997025663,4.91827121526792,6.66789792467607,7.90697735985971,1,2
12,18,66,7.66470993405748,3.39582997025663,5.53568640122954,5.80748518589881,7.54104507513329,1,2
12,18,67,7.66470993405748,3.39582997025663,5.44781700685322,6.71257192836244,7.85961049511687,1,2
12,18,68,7.66470993405748,3.39582997025663,4.51705820652728,6.69816305254129,7.53219945556478,1,2
12,18,70,7.66470993405748,3.39582997025663,5.30631960419501,6.50405006622338,8.07298864782621,1,2
12,18,73,7.66470993405748,3.39582997025663,4.76189421505895,5.35386296653779,7.1087439893408,1,2
12,18,77,7.66470993405748,3.39582997025663,4.06764514795387,5.54996562384741,7.09533262738057,1,2
12,18,78,7.66470993405748,3.39582997025663,5.06267790625469,5.352019546063,7.4336528792332,1,2
12,19,2,7.66470993405748,3.39582997025663,4.95930668845457,6.62846710682307,7.38194007430151,1,2
12,19,3,7.66470993405748,3.39582997025663,4.73072265331429,6.49894864075737,7.28111001045907,1,2
12,19,4,7.66470993405748,3.39582997025663,6.31015909346591,5.94407455318378,7.67730632779587,1,2
12,19,5,7.66470993405748,3.39582997025663,6.33499510013575,4.85485782262173,7.04159634542117,1,2
12,19,7,7.66470993405748,3.39582997025663,2.68605707962499,5.1553329947131,7.41064194280168,1,2
12,19,9,7.66470993405748,3.39582997025663,5.54044058326971,6.69181510603121,7.52506941531568,1,2
12,19,12,7.66470993405748,3.39582997025663,5.264152140277,6.51387589811811,7.40181755479524,1,2
12,19,13,7.66470993405748,3.39582997025663,4.99564670627498,4.50153650349363,6.85327701087275,1,2
12,19,17,7.66470993405748,3.39582997025663,3.60435594758566,5.27120139224835,7.20914625660546,1,2
12,19,23,7.66470993405748,3.39582997025663,6.56791859318349,5.88234842294383,7.1678041633628,1,2
12,19,24,7.66470993405748,3.39582997025663,4.58159421737521,6.36812251460216,7.48999584982851,1,2
12,19,26,7.66470993405748,3.39582997025663,5.14415777853639,5.36178387054017,7.44204752064552,1,2
12,19,27,7.66470993405748,3.39582997025663,5.55215207636755,4.98286901002638,7.36419107602596,1,2
12,19,28,7.66470993405748,3.39582997025663,6.69490717809852,5.45996539321473,7.13380205628435,1,2
12,19,30,7.66470993405748,3.39582997025663,4.44382700113638,4.73905696793832,7.14345887846063,1,2
12,19,32,7.66470993405748,3.39582997025663,4.71653448948685,6.32429939022774,6.91674827104198,1,2
12,19,33,7.66470993405748,3.39582997025663,7.49462297250087,5.43233196923942,7.47178111855019,1,2
12,19,34,7.66470993405748,3.39582997025663,5.01870514274587,5.38577119559583,7.2252226050942,1,2
12,19,35,7.66470993405748,3.39582997025663,4.40603464438519,6.33984309583118,7.47939707754456,1,2
12,19,38,7.66470993405748,3.39582997025663,4.61707341792135,5.60760799115997,7.13795366422292,1,2
12,19,39,7.66470993405748,3.39582997025663,2.78961542462956,5.27385316806767,7.02402070516673,1,2
12,19,40,7.66470993405748,3.39582997025663,5.29167005594592,5.75271393703014,7.55917004962854,1,2
12,19,42,7.66470993405748,3.39582997025663,5.89207684045579,5.82493025016623,7.3936268739743,1,2
12,19,43,7.66470993405748,3.39582997025663,6.44327455742086,7.06896457864518,7.59037219477958,1,2
12,19,44,7.66470993405748,3.39582997025663,4.66492500264756,6.28493391848976,7.68399665051724,1,2
12,19,47,7.66470993405748,3.39582997025663,5.88452319038191,5.81168498126738,7.2142824007009,1,2
12,19,52,7.66470993405748,3.39582997025663,4.2316913790705,6.48482115359556,7.48321215019964,1,2
12,19,53,7.66470993405748,3.39582997025663,3.96649350957373,5.64521900312776,7.32304980817784,1,2
12,19,54,7.66470993405748,3.39582997025663,4.78160240456822,5.72743339394825,6.83863090436117,1,2
12,19,55,7.66470993405748,3.39582997025663,4.92351509331865,5.61144043837045,7.4165477136449,1,2
12,19,60,7.66470993405748,3.39582997025663,5.36499556768692,5.70021725000987,7.37242744508663,1,2
12,19,62,7.66470993405748,3.39582997025663,4.30285441728902,5.50379467895904,7.42892648404678,1,2
12,19,64,7.66470993405748,3.39582997025663,4.28317968893665,4.86354903087722,6.99510115082111,1,2
12,19,66,7.66470993405748,3.39582997025663,5.14734103479999,5.41780750280049,7.3042233012444,1,2
12,19,72,7.66470993405748,3.39582997025663,6.23075364190617,6.04678717266321,7.43499048199252,1,2
12,19,74,7.66470993405748,3.39582997025663,4.60070437952082,5.57096148496303,7.05973383597333,1,2
12,20,3,7.66470993405748,3.39582997025663,5.50553453033568,6.88446717363378,7.48437805593008,1,2
12,20,6,7.66470993405748,3.39582997025663,4.14305258509179,6.17760581201475,7.28499629561746,1,2
12,20,7,7.66470993405748,3.39582997025663,4.1344188381745,6.32231380274364,7.59520452714874,1,2
12,20,8,7.66470993405748,3.39582997025663,3.95671396339964,5.11783679607609,7.19448823920386,1,2
12,20,10,7.66470993405748,3.39582997025663,6.06483152792174,6.46317591584809,7.7540431160466,1,2
12,20,12,7.66470993405748,3.39582997025663,4.04613434068715,5.55159073535264,7.40778018121902,1,2
12,20,13,7.66470993405748,3.39582997025663,6.08928951772179,5.51227100195062,7.82258633889421,1,2
12,20,16,7.66470993405748,3.39582997025663,4.55642665532582,5.92909969350563,7.3697581154168,1,2
12,20,17,7.66470993405748,3.39582997025663,4.94429616262832,4.82760572799913,7.25095387640769,1,2
12,20,21,7.66470993405748,3.39582997025663,7.40002568224294,6.65883193579875,7.91763074975314,1,2
12,20,22,7.66470993405748,3.39582997025663,6.28919141509861,6.04769262727147,7.52616990880383,1,2
12,20,23,7.66470993405748,3.39582997025663,4.80127382623703,6.16529919616164,7.643816581432,1,2
12,20,24,7.66470993405748,3.39582997025663,5.99269176923992,6.31842742696901,7.83772736714667,1,2
12,20,25,7.66470993405748,3.39582997025663,5.73858119657978,6.98171505594226,7.56093581218011,1,2
12,20,27,7.66470993405748,3.39582997025663,4.86806103325384,5.71747332810845,7.39714634310238,1,2
12,20,28,7.66470993405748,3.39582997025663,4.55679765102832,5.75104022208285,7.73248732744167,1,2
12,20,30,7.66470993405748,3.39582997025663,4.93590968855637,5.8922435263281,7.71014479307016,1,2
12,20,31,7.66470993405748,3.39582997025663,3.73830195224809,5.78862251594011,7.64534568239637,1,2
12,20,33,7.66470993405748,3.39582997025663,5.93660894555924,6.02939350654906,7.51086064195717,1,2
12,20,34,7.66470993405748,3.39582997025663,5.20545187070996,7.26071322841682,7.54554180187909,1,2
12,20,35,7.66470993405748,3.39582997025663,5.15293849758004,5.08090186749372,7.24350748638969,1,2
12,20,37,7.66470993405748,3.39582997025663,4.65424598050862,5.85120486109472,7.06006671708617,1,2
12,20,39,7.66470993405748,3.39582997025663,5.05019652981777,5.64159915582095,7.41029161768022,1,2
12,20,41,7.66470993405748,3.39582997025663,4.87245708596955,6.35263463400835,7.42293844227897,1,2
12,20,44,7.66470993405748,3.39582997025663,4.27625761727754,5.77199349511591,7.37919161172234,1,2
12,20,46,7.66470993405748,3.39582997025663,4.79164267549572,5.31896256162405,7.26118020929793,1,2
12,20,47,7.66470993405748,3.39582997025663,4.64757128063622,5.56644192153291,7.39794723602217,1,2
12,20,48,7.66470993405748,3.39582997025663,4.22960050683652,6.71323744759253,7.41653567243763,1,2
12,20,50,7.66470993405748,3.39582997025663,4.71707978400451,5.65437781326949,7.37197484106076,1,2
12,20,52,7.66470993405748,3.39582997025663,6.12878733443541,6.17453318987859,7.7725871589451,1,2
12,20,53,7.66470993405748,3.39582997025663,7.28391088575409,6.44163309918109,7.53552611602411,1,2
12,20,54,7.66470993405748,3.39582997025663,6.23374082847243,5.36275908767244,7.3363969127017,1,2
12,20,55,7.66470993405748,3.39582997025663,3.99395409829369,6.03359400996643,7.33150236872447,1,2
12,20,56,7.66470993405748,3.39582997025663,6.02550939318912,5.4733571088149,7.60158631407035,1,2
12,20,58,7.66470993405748,3.39582997025663,5.85395359963924,6.42983851773418,7.58411222109375,1,2
12,20,59,7.66470993405748,3.39582997025663,4.58121294575182,5.97302174670469,7.14531623039361,1,2
12,20,60,7.66470993405748,3.39582997025663,3.30389638546688,6.39264572282682,7.32296365220245,1,2
12,20,61,7.66470993405748,3.39582997025663,5.90637586155743,6.24898348794606,7.73364753216576,1,2
12,20,62,7.66470993405748,3.39582997025663,5.79785393073847,5.6036578823862,7.44014379604839,1,2
12,20,64,7.66470993405748,3.39582997025663,6.30701162231842,5.95150485804607,7.74102335344522,1,2
12,20,65,7.66470993405748,3.39582997025663,3.79937923561033,6.30101028909251,7.65432300839013,1,2
12,20,66,7.66470993405748,3.39582997025663,5.89634859298972,5.79617850125941,7.52651207941339,1,2
12,20,67,7.66470993405748,3.39582997025663,6.60916899700294,5.85784992520933,7.52947206847297,1,2
12,20,68,7.66470993405748,3.39582997025663,4.49633543194669,6.36583582139479,7.64000289762935,1,2
12,20,70,7.66470993405748,3.39582997025663,4.62065893713883,6.57653291032337,7.60755794421242,1,2
12,20,72,7.66470993405748,3.39582997025663,3.31199628784868,6.59697783109729,7.49009983505878,1,2
12,20,73,7.66470993405748,3.39582997025663,5.60086820948631,6.88865820095084,7.66807898498184,1,2
12,20,74,7.66470993405748,3.39582997025663,5.69122415535646,5.01951379810402,7.31361587819512,1,2
12,20,76,7.66470993405748,3.39582997025663,4.05473976011715,6.69146397381593,7.75246048698485,1,2
12,20,78,7.66470993405748,3.39582997025663,5.32341979962751,5.63397922155674,7.52754633434348,1,2
12,20,80,7.66470993405748,3.39582997025663,5.47869868407462,5.78502095405093,7.52925031044581,1,2
12,20,83,7.66470993405748,3.39582997025663,7.72087093662925,6.19881881948405,7.41296656665961,1,2
12,20,84,7.66470993405748,3.39582997025663,4.22169700947336,6.34629640458107,7.64574176684124,1,2
12,20,86,7.66470993405748,3.39582997025663,3.30610473195909,5.55779848351817,7.47430922214572,1,2
12,20,88,7.66470993405748,3.39582997025663,5.87224309134937,5.90298801100401,7.40745046945787,1,2
12,20,90,7.66470993405748,3.39582997025663,6.44208253025327,5.56368095437004,7.64900700132154,1,2
12,20,91,7.66470993405748,3.39582997025663,5.84744451746685,5.9357322569174,7.69026517931373,1,2
12,20,92,7.66470993405748,3.39582997025663,6.42287257419116,6.1771066539704,7.5606628137452,1,2
12,21,3,7.66470993405748,3.39582997025663,5.38786475438284,5.78184980371966,7.5595062870139,1,2
12,21,4,7.66470993405748,3.39582997025663,6.05918519884378,6.01480180170601,7.81556001341108,1,2
12,21,5,7.66470993405748,3.39582997025663,5.75867571390596,5.93367279846886,7.92887497506471,1,2
12,21,6,7.66470993405748,3.39582997025663,3.5725292708397,6.03705687285601,7.73510007031305,1,2
12,21,8,7.66470993405748,3.39582997025663,4.9619858393764,6.75358462170147,7.83545953886442,1,2
12,21,11,7.66470993405748,3.39582997025663,4.5766690469095,5.94273103087691,7.7296491854412,1,2
12,21,13,7.66470993405748,3.39582997025663,4.19343139946835,5.58151395780152,7.5219560269936,1,2
12,21,14,7.66470993405748,3.39582997025663,6.2316650912677,5.93998686263722,7.47089327264694,1,2
12,21,15,7.66470993405748,3.39582997025663,4.84607024139257,6.07801310326995,7.85033637990985,1,2
12,21,16,7.66470993405748,3.39582997025663,4.93018145098954,6.42217421957338,7.9453361301062,1,2
12,21,19,7.66470993405748,3.39582997025663,3.93251012766669,6.1945978874526,8.10310426333942,1,2
12,21,20,7.66470993405748,3.39582997025663,6.00883535919327,6.29789403882729,7.87462745567043,1,2
12,21,21,7.66470993405748,3.39582997025663,6.01463510371308,5.84937390359445,7.74789220044678,1,2
12,21,22,7.66470993405748,3.39582997025663,6.61191400022064,6.12359562739754,7.72508519408657,1,2
12,21,23,7.66470993405748,3.39582997025663,6.23730080724597,6.28017453055344,7.86225027243786,1,2
12,21,26,7.66470993405748,3.39582997025663,2.97885230845268,6.22097971760588,7.29367672176091,1,2
12,21,28,7.66470993405748,3.39582997025663,5.74778703940869,7.034204721073,7.74242891104715,1,2
12,21,29,7.66470993405748,3.39582997025663,4.90982890418554,5.57836163817838,7.35106447532296,1,2
12,21,36,7.66470993405748,3.39582997025663,5.62580231453333,6.630750906071,7.99932717686289,1,2
12,21,37,7.66470993405748,3.39582997025663,4.08449512828664,5.89202351301382,7.11111002346703,1,2
12,21,38,7.66470993405748,3.39582997025663,5.29505389622776,6.27751230325556,7.7437229809434,1,2
12,21,39,7.66470993405748,3.39582997025663,4.65161042804782,5.97621702718068,7.71839889721957,1,2
12,21,40,7.66470993405748,3.39582997025663,5.43490921606424,6.14345858209414,7.93585124147699,1,2
12,21,42,7.66470993405748,3.39582997025663,4.47768067216674,6.98585670425096,7.90111802745218,1,2
12,21,44,7.66470993405748,3.39582997025663,4.56435102294407,5.37826754283769,7.55723101765562,1,2
12,21,46,7.66470993405748,3.39582997025663,5.61853687021418,5.92148751227056,7.70630847202911,1,2
12,21,49,7.66470993405748,3.39582997025663,4.05054495739502,6.16368041236966,7.49095614264837,1,2
12,21,50,7.66470993405748,3.39582997025663,3.1098296896154,6.06230558624628,7.6237503941434,1,2
12,21,55,7.66470993405748,3.39582997025663,5.30913636848359,5.96496980073197,7.30754770036516,1,2
12,21,57,7.66470993405748,3.39582997025663,5.03529792015186,5.63487570066821,7.6619260945287,1,2
12,21,58,7.66470993405748,3.39582997025663,5.84495402478739,5.86423764949034,7.89029132928419,1,2
12,21,60,7.66470993405748,3.39582997025663,7.16563785499476,5.42038271585997,7.78548597079214,1,2
12,21,61,7.66470993405748,3.39582997025663,4.88529643656952,4.88031931422387,7.37865214615258,1,2
12,21,63,7.66470993405748,3.39582997025663,3.90272522574483,5.71561418515306,7.89132764539206,1,2
12,21,66,7.66470993405748,3.39582997025663,5.54374551276805,5.87154101956846,7.90851054977625,1,2
12,21,67,7.66470993405748,3.39582997025663,7.12370341766566,6.63897362355133,8.0911951978486,1,2
12,21,70,7.66470993405748,3.39582997025663,4.03087471702306,5.90005580884251,7.81129448857265,1,2
12,21,71,7.66470993405748,3.39582997025663,5.94329423570405,5.92964238641264,7.88832652613989,1,2
12,21,75,7.66470993405748,3.39582997025663,5.05706223921922,6.05379817841909,7.41712135991774,1,2
12,22,3,7.66470993405748,3.39582997025663,4.95626383047347,5.67325763712116,7.95885753570935,1,2
12,22,4,7.66470993405748,3.39582997025663,3.76436325503953,5.60220109063053,7.96151451574403,1,2
12,22,5,7.66470993405748,3.39582997025663,6.27444034337001,7.03815193198308,8.26112101147587,1,2
12,22,6,7.66470993405748,3.39582997025663,6.31752115768205,6.2210726806897,7.99473484489201,1,2
12,22,7,7.66470993405748,3.39582997025663,4.35518537939713,6.50117284806613,8.0603269072262,1,2
12,22,9,7.66470993405748,3.39582997025663,4.97524911215838,6.00288851955079,8.11330552722509,1,2
12,22,10,7.66470993405748,3.39582997025663,5.68630008465234,6.33474557846421,8.01809511707988,1,2
12,22,13,7.66470993405748,3.39582997025663,4.48841845568661,6.45690667584915,7.84437722303878,1,2
12,22,14,7.66470993405748,3.39582997025663,4.78071192259209,5.76880437373742,7.9274347570883,1,2
12,22,15,7.66470993405748,3.39582997025663,5.30879517268684,6.39791701836294,7.94681560005787,1,2
12,22,16,7.66470993405748,3.39582997025663,6.14438860911542,6.44050047828061,8.10733978879588,1,2
12,22,17,7.66470993405748,3.39582997025663,5.30274075194146,6.24576804627888,7.81159320053911,1,2
12,22,18,7.66470993405748,3.39582997025663,5.69666825639766,7.07323115246118,8.08120935757632,1,2
12,22,19,7.66470993405748,3.39582997025663,4.54152991234727,5.86581670549415,7.64434940026788,1,2
12,22,20,7.66470993405748,3.39582997025663,3.20695408197326,6.26605252920114,7.72520883978581,1,2
12,22,22,7.66470993405748,3.39582997025663,4.38689527935899,5.21525843666643,7.66323346351209,1,2
12,22,25,7.66470993405748,3.39582997025663,4.72499658842301,6.70982260233019,8.40549786156236,1,2
12,22,26,7.66470993405748,3.39582997025663,6.89947949821475,6.37887955697645,8.19189235962673,1,2
12,22,27,7.66470993405748,3.39582997025663,4.68910311473083,5.65790807834545,8.18172891403146,1,2
12,22,28,7.66470993405748,3.39582997025663,4.52678771888607,5.91172969081841,8.0253645102793,1,2
12,22,29,7.66470993405748,3.39582997025663,2.06601298902986,6.59758325827648,7.97913937498772,1,2
12,22,30,7.66470993405748,3.39582997025663,5.39391331923013,5.92520661405687,7.78251981148147,1,2
12,22,32,7.66470993405748,3.39582997025663,6.05025814486211,5.78208053525749,8.05231888485874,1,2
12,22,35,7.66470993405748,3.39582997025663,4.72157077382761,6.28598655739373,7.62210300028941,1,2
12,22,38,7.66470993405748,3.39582997025663,3.80732202817629,6.18263460769628,8.30803779832995,1,2
12,22,46,7.66470993405748,3.39582997025663,5.71994537614827,6.3255856402012,7.76373270151609,1,2
12,22,47,7.66470993405748,3.39582997025663,5.98357606683819,6.16012378064086,8.21833058320977,1,2
12,22,49,7.66470993405748,3.39582997025663,5.48489063059652,6.25448901961301,8.1768291503739,1,2
12,22,51,7.66470993405748,3.39582997025663,4.03617630898732,5.43143110004773,7.76603785416549,1,2
12,22,52,7.66470993405748,3.39582997025663,5.24036079873107,5.49195692767908,7.90057772555996,1,2
12,22,53,7.66470993405748,3.39582997025663,4.38498017885303,5.90588732835668,7.79324230559037,1,2
12,22,55,7.66470993405748,3.39582997025663,3.89931812706918,4.83297851675026,7.40499643932246,1,2
12,22,56,7.66470993405748,3.39582997025663,5.34253198206957,6.08983001034398,8.21018277576638,1,2
12,22,59,7.66470993405748,3.39582997025663,6.04605985468447,5.39479600971274,8.14138363801582,1,2
12,22,61,7.66470993405748,3.39582997025663,6.03971228954478,6.50629991403065,8.30760747695764,1,2
12,22,64,7.66470993405748,3.39582997025663,3.93502338126088,6.36018411168837,7.820873703442,1,2
12,22,65,7.66470993405748,3.39582997025663,5.75958584785523,6.36508879426406,8.2027224392188,1,2
12,22,66,7.66470993405748,3.39582997025663,5.92062600237661,5.75826461759504,8.1249553067649,1,2
12,22,67,7.66470993405748,3.39582997025663,6.02981290247598,5.82513122617396,7.92758043724269,1,2
12,22,70,7.66470993405748,3.39582997025663,6.20332887626599,6.02320879318262,7.94995945225109,1,2
12,22,76,7.66470993405748,3.39582997025663,4.65555081552857,5.66763719253251,7.80614192659603,1,2
12,22,77,7.66470993405748,3.39582997025663,6.0513450006591,6.2433028061246,8.10167058638082,1,2
12,22,78,7.66470993405748,3.39582997025663,4.02352143942976,5.34590364808785,7.47693215097187,1,2
12,22,79,7.66470993405748,3.39582997025663,3.875261401053,6.15497883598593,8.1053698456531,1,2
12,22,81,7.66470993405748,3.39582997025663,6.07475894286067,6.26871498021344,8.2549724602326,1,2
12,22,90,7.66470993405748,3.39582997025663,4.12993609710219,5.59246409301478,7.76718847786352,1,2
12,22,92,7.66470993405748,3.39582997025663,4.27970316679789,5.71470431349781,8.0152095089266,1,2
12,22,93,7.66470993405748,3.39582997025663,4.9512348636064,5.3713909217455,7.87664130773035,1,2
12,22,94,7.66470993405748,3.39582997025663,3.3970113725273,6.97744334776787,8.00599979623664,1,2
12,22,95,7.66470993405748,3.39582997025663,4.35019598777507,5.75160280152521,8.0963934066985,1,2
12,22,96,7.66470993405748,3.39582997025663,5.5496115885813,6.37841785113447,8.13408307016424,1,2
12,22,97,7.66470993405748,3.39582997025663,5.84982280449357,4.94302237696543,7.71826556143081,1,2
12,23,1,7.66470993405748,3.39582997025663,7.0903192086139,5.80047008521473,8.10163382244214,1,2
12,23,2,7.66470993405748,3.39582997025663,4.2548300548312,5.79372191335001,7.69119208405927,1,2
12,23,4,7.66470993405748,3.39582997025663,4.59329071250153,5.83883136262709,7.60751107312881,1,2
12,23,5,7.66470993405748,3.39582997025663,6.65287395399223,5.07889897250634,7.84495806573436,1,2
12,23,7,7.66470993405748,3.39582997025663,3.19029344116869,6.14927767107848,8.00416462154876,1,2
12,23,10,7.66470993405748,3.39582997025663,5.57080373057023,6.12855990973271,7.82588323020183,1,2
12,23,11,7.66470993405748,3.39582997025663,5.6490144066048,6.24853255476058,7.71996230416254,1,2
12,23,12,7.66470993405748,3.39582997025663,3.96523991746674,6.52500750799062,8.04291880598849,1,2
12,23,14,7.66470993405748,3.39582997025663,3.34747808709252,6.84179736857007,7.88663578477425,1,2
12,23,15,7.66470993405748,3.39582997025663,5.8593489672503,5.220454451635,7.64048231178916,1,2
12,23,16,7.66470993405748,3.39582997025663,5.92420670100429,5.74004992647082,8.14296889431755,1,2
12,23,17,7.66470993405748,3.39582997025663,6.16458830355894,6.71700922324826,8.1818451069228,1,2
12,23,18,7.66470993405748,3.39582997025663,5.12398979086822,6.25068344202407,7.6284763516373,1,2
12,23,19,7.66470993405748,3.39582997025663,4.50157234901154,6.5131473585762,7.72328394253018,1,2
12,23,20,7.66470993405748,3.39582997025663,4.85389717723614,6.22098708777642,7.74967403438541,1,2
12,23,21,7.66470993405748,3.39582997025663,5.47948098363505,6.73980837102898,7.94386833676913,1,2
12,23,22,7.66470993405748,3.39582997025663,3.835909994895,5.29634169865677,7.32816130331305,1,2
12,23,23,7.66470993405748,3.39582997025663,4.67793247962254,4.99481532571046,8.03719105014691,1,2
12,23,25,7.66470993405748,3.39582997025663,6.79527370533695,5.24607407257996,7.96494076584778,1,2
12,23,28,7.66470993405748,3.39582997025663,4.81117649978156,5.50175357140516,7.43650909755129,1,2
12,23,30,7.66470993405748,3.39582997025663,5.90027013520893,5.77230821359434,7.99340493811953,1,2
12,23,31,7.66470993405748,3.39582997025663,4.70786131924564,5.9806113125095,7.67146952012499,1,2
12,23,32,7.66470993405748,3.39582997025663,2.87400304625705,5.87224656503467,7.24977287918475,1,2
12,23,35,7.66470993405748,3.39582997025663,5.0120973345102,5.72201776348367,7.68808769642194,1,2
12,23,36,7.66470993405748,3.39582997025663,5.26913734831506,5.4600047209384,7.57789099678996,1,2
12,23,38,7.66470993405748,3.39582997025663,4.66843125327002,5.29128301257608,7.82291122867646,1,2
12,23,39,7.66470993405748,3.39582997025663,6.40719269065559,6.38109036850923,8.30040838709901,1,2
12,23,40,7.66470993405748,3.39582997025663,2.73787792872081,5.91229666775829,7.70589406001959,1,2
12,23,42,7.66470993405748,3.39582997025663,5.35854177104214,6.50468415051038,7.79661386819882,1,2
12,23,44,7.66470993405748,3.39582997025663,4.59081147368306,5.76764013699997,7.44516820621172,1,2
12,23,46,7.66470993405748,3.39582997025663,3.95783606999954,5.80718251642389,7.9817246612024,1,2
12,23,47,7.66470993405748,3.39582997025663,4.80460229954562,6.14916470593697,7.72587984274976,1,2
12,23,48,7.66470993405748,3.39582997025663,5.27709140905627,6.13243392404876,7.85071888236949,1,2
12,23,51,7.66470993405748,3.39582997025663,6.07723590161946,6.24567850493892,8.19589489304009,1,2
12,23,52,7.66470993405748,3.39582997025663,5.61092751662612,5.4002297700294,7.37036178422114,1,2
12,23,53,7.66470993405748,3.39582997025663,5.63695738868374,5.8978068530826,7.78606569974956,1,2
12,23,54,7.66470993405748,3.39582997025663,5.23204249948584,5.86934750648281,8.19579456941324,1,2
12,23,55,7.66470993405748,3.39582997025663,4.40963254119164,6.29513274617078,7.91946785867944,1,2
12,23,56,7.66470993405748,3.39582997025663,3.20326657519624,5.24612477022768,7.34253697611754,1,2
12,23,58,7.66470993405748,3.39582997025663,4.77417779431352,5.92500906454578,7.92053030284821,1,2
12,23,60,7.66470993405748,3.39582997025663,5.5352348962671,6.3144052069314,8.23345660576977,1,2
12,23,70,7.66470993405748,3.39582997025663,4.96000661225707,6.08114768001583,7.6677821132497,1,2
12,23,71,7.66470993405748,3.39582997025663,4.41486137662394,5.82896933865714,7.81774506332498,1,2
12,23,72,7.66470993405748,3.39582997025663,5.14066418977456,5.91520629329468,7.68480200410543,1,2
12,23,73,7.66470993405748,3.39582997025663,5.2427239157478,6.45742894558465,7.88278638959307,1,2
12,23,76,7.66470993405748,3.39582997025663,5.65187927271139,6.90146592229907,8.12557698487835,1,2
12,23,78,7.66470993405748,3.39582997025663,4.47355375740085,5.91515581271136,7.73254045456953,1,2
12,23,81,7.66470993405748,3.39582997025663,5.68871534851428,5.76985161810072,7.90287760214166,1,2
12,23,83,7.66470993405748,3.39582997025663,5.08784245855642,6.83087667158368,8.09989588443194,1,2
12,23,84,7.66470993405748,3.39582997025663,5.54612746583566,5.79227374378779,7.78993881326,1,2
12,23,85,7.66470993405748,3.39582997025663,6.78337465945461,6.53132734651138,8.20902476877458,1,2
12,23,87,7.66470993405748,3.39582997025663,5.15073967171345,5.52642135236287,7.6624633468982,1,2
12,23,89,7.66470993405748,3.39582997025663,5.34545914729597,6.11761104779708,7.93662825616268,1,2
12,23,90,7.66470993405748,3.39582997025663,5.40048752422576,5.62240698872095,7.84656970428136,1,2
12,24,1,7.66470993405748,3.39582997025663,2.8756200859087,6.48029291049359,7.76636533539631,1,2
12,24,2,7.66470993405748,3.39582997025663,5.47485656088766,6.41622863140088,8.33189901158008,1,2
12,24,4,7.66470993405748,3.39582997025663,6.31536764769879,6.1966215015729,8.23167608393585,1,2
12,24,6,7.66470993405748,3.39582997025663,6.72770320049739,5.6601207519618,8.05524776447786,1,2
12,24,7,7.66470993405748,3.39582997025663,3.14939685834221,5.88799968166937,7.59638309072312,1,2
12,24,9,7.66470993405748,3.39582997025663,6.28798115277195,7.03711351565881,8.15710656437384,1,2
12,24,15,7.66470993405748,3.39582997025663,4.58865690567198,5.71789321430651,8.0066169037536,1,2
12,24,16,7.66470993405748,3.39582997025663,4.63932372663855,5.00472529051472,7.35908800887122,1,2
12,24,20,7.66470993405748,3.39582997025663,5.86380249312118,5.77785039612629,8.10256077125679,1,2
12,24,21,7.66470993405748,3.39582997025663,3.73775861894402,6.25945788698613,7.93753813342283,1,2
12,24,22,7.66470993405748,3.39582997025663,3.86457027766208,6.26986455107411,7.97391379807942,1,2
12,24,24,7.66470993405748,3.39582997025663,5.37311329532919,6.25132367089171,7.81420973887805,1,2
12,24,26,7.66470993405748,3.39582997025663,4.13320218703909,7.01003615115063,7.59925924857727,1,2
12,24,28,7.66470993405748,3.39582997025663,4.97620271978631,5.99601875762204,7.69567854874262,1,2
12,24,30,7.66470993405748,3.39582997025663,3.77294239302447,6.34732363419878,8.01721976178271,1,2
12,24,32,7.66470993405748,3.39582997025663,2.81625570507888,6.4633920001278,7.56569472730074,1,2
12,24,33,7.66470993405748,3.39582997025663,4.28895495342663,5.80148352312121,7.72232101195893,1,2
12,24,34,7.66470993405748,3.39582997025663,3.97172591763765,5.94600329160424,7.60474345455531,1,2
12,24,38,7.66470993405748,3.39582997025663,5.92736299658563,6.12096637251499,7.83812012827044,1,2
12,24,39,7.66470993405748,3.39582997025663,3.14418355707407,5.97203018152387,7.84128599290613,1,2
12,24,40,7.66470993405748,3.39582997025663,3.97989782359116,7.42871440368016,8.25734047230711,1,2
12,24,41,7.66470993405748,3.39582997025663,5.11009721077721,5.74371706378357,7.78900912832342,1,2
12,24,42,7.66470993405748,3.39582997025663,5.87727685791795,5.65277778158721,8.01200598967937,1,2
12,24,43,7.66470993405748,3.39582997025663,4.6239315006113,6.1466522733302,7.76234657091278,1,2
12,24,44,7.66470993405748,3.39582997025663,4.31115329183039,5.24503963582535,7.96462456658565,1,2
12,24,48,7.66470993405748,3.39582997025663,6.44594616016616,5.00022296277448,7.50738500317509,1,2
12,24,55,7.66470993405748,3.39582997025663,5.55325004563836,6.39459779354792,8.10679924513735,1,2
12,24,56,7.66470993405748,3.39582997025663,4.95304726193763,5.73517076432137,7.92539627401712,1,2
12,24,58,7.66470993405748,3.39582997025663,6.00024320509671,6.44157306210392,8.06733868568613,1,2
12,24,61,7.66470993405748,3.39582997025663,4.81550571839758,6.74999524461274,7.93873377256034,1,2
12,24,62,7.66470993405748,3.39582997025663,5.32373225413483,6.1045405008356,7.9337461279485,1,2
12,24,63,7.66470993405748,3.39582997025663,5.23685204822953,6.06220954430719,7.65767804349239,1,2
12,24,64,7.66470993405748,3.39582997025663,4.8456359922075,6.6189558981544,7.93533765259496,1,2
12,24,66,7.66470993405748,3.39582997025663,3.27103645435712,6.80816026341002,7.83549088105408,1,2
12,24,67,7.66470993405748,3.39582997025663,4.09580903925456,5.98920909045872,7.96419300457724,1,2
12,24,69,7.66470993405748,3.39582997025663,4.83660429674451,4.83148930928271,7.67834041204037,1,2
12,24,74,7.66470993405748,3.39582997025663,5.7729935682563,6.33087226720258,7.72054365075472,1,2
12,24,75,7.66470993405748,3.39582997025663,5.00027815977646,6.80763211953826,8.12759655957584,1,2
12,24,79,7.66470993405748,3.39582997025663,4.66021639371167,6.52328786593227,7.9150031856563,1,2
12,24,82,7.66470993405748,3.39582997025663,5.40635766450366,5.49144183293174,7.33982072638173,1,2
12,24,83,7.66470993405748,3.39582997025663,5.73265441665685,6.00512873042793,7.61016148045896,1,2
12,24,84,7.66470993405748,3.39582997025663,4.00442962743003,6.04150425214605,8.22974561072376,1,2
12,25,1,7.66470993405748,3.39582997025663,5.63330952828142,6.80581043102502,8.81358699917507,1,2
12,25,2,7.66470993405748,3.39582997025663,4.33988449411912,4.88246683932564,7.73382038006495,1,2
12,25,3,7.66470993405748,3.39582997025663,3.10927822348855,5.68647305298073,8.08973630639917,1,2
12,25,5,7.66470993405748,3.39582997025663,4.48233699125763,6.30337236726346,8.04850749310259,1,2
12,25,7,7.66470993405748,3.39582997025663,5.93492922109638,5.63516118997269,8.28303493973946,1,2
12,25,10,7.66470993405748,3.39582997025663,6.15114191527747,6.44466125400373,8.44335216976691,1,2
12,25,11,7.66470993405748,3.39582997025663,6.9558288687641,6.81513434617847,8.75510283202161,1,2
12,25,12,7.66470993405748,3.39582997025663,5.39752491728564,6.36652335894117,8.44877621890413,1,2
12,25,13,7.66470993405748,3.39582997025663,4.10130849874595,5.23476092392334,7.8447524579442,1,2
12,25,16,7.66470993405748,3.39582997025663,4.85377431660846,6.01256696869011,7.99813506949711,1,2
12,25,21,7.66470993405748,3.39582997025663,5.16724037708986,5.61379130430264,8.01910386055924,1,2
12,25,22,7.66470993405748,3.39582997025663,4.70893606772011,5.17594096023115,8.36426419156395,1,2
12,25,23,7.66470993405748,3.39582997025663,5.95821387296818,5.56686821076844,8.29429002845413,1,2
12,25,28,7.66470993405748,3.39582997025663,5.20732376960075,5.91894454685026,8.04678580650665,1,2
12,25,30,7.66470993405748,3.39582997025663,4.08506780178615,5.88092037111194,7.99354034845894,1,2
12,25,31,7.66470993405748,3.39582997025663,4.53881024425261,5.86432216985284,7.99487185260866,1,2
12,25,32,7.66470993405748,3.39582997025663,4.16382644388214,6.46958265195759,8.08481473056365,1,2
12,25,33,7.66470993405748,3.39582997025663,5.43686303974178,5.05850149312916,8.12585261311863,1,2
12,25,35,7.66470993405748,3.39582997025663,5.24462562887328,5.5154055939474,8.37963691717111,1,2
12,25,38,7.66470993405748,3.39582997025663,5.88528134353089,5.90320319612311,8.55107647757569,1,2
12,25,39,7.66470993405748,3.39582997025663,4.61558315127918,5.3308080145557,8.25194934247405,1,2
12,25,41,7.66470993405748,3.39582997025663,4.38790981019282,5.63576547058942,8.55914033589462,1,2
12,25,42,7.66470993405748,3.39582997025663,3.95386771455208,5.69877675679629,8.12332152304616,1,2
12,25,44,7.66470993405748,3.39582997025663,4.4252544965163,6.537864280469,8.27506166276467,1,2
12,25,47,7.66470993405748,3.39582997025663,3.14070872925395,5.47556445047245,8.09806373518074,1,2
12,25,48,7.66470993405748,3.39582997025663,6.0593693707036,5.89113151895064,8.36463348822089,1,2
12,25,49,7.66470993405748,3.39582997025663,2.9314792154447,5.50749527325449,8.21774751785944,1,2
12,25,51,7.66470993405748,3.39582997025663,4.38924899008977,5.68125389112811,8.28399798533071,1,2
12,25,52,7.66470993405748,3.39582997025663,5.61358139850788,5.57557091248757,8.23838384210285,1,2
12,25,53,7.66470993405748,3.39582997025663,5.80815074485975,5.76628102101455,8.37842131802266,1,2
12,25,57,7.66470993405748,3.39582997025663,5.3954385403586,6.47721175834963,8.16784024600315,1,2
12,25,58,7.66470993405748,3.39582997025663,4.73449037773054,6.95206597149645,8.34817643002469,1,2
12,25,61,7.66470993405748,3.39582997025663,4.97753739633525,6.29249834552549,8.3030842043502,1,2
12,25,62,7.66470993405748,3.39582997025663,5.23540410928408,5.7975932672841,8.5609426985929,1,2
12,25,64,7.66470993405748,3.39582997025663,5.51486272116286,6.17468669547195,7.97588216722175,1,2
12,25,65,7.66470993405748,3.39582997025663,3.20627820707872,6.18202646724762,8.18672012149538,1,2
12,25,71,7.66470993405748,3.39582997025663,5.600196070925,5.62486412876189,8.10712627515607,1,2
12,25,74,7.66470993405748,3.39582997025663,4.20016927473498,6.07493367954785,8.19494969762828,1,2
12,25,75,7.66470993405748,3.39582997025663,5.29481438695321,5.79074230189274,8.33334504258142,1,2
12,25,77,7.66470993405748,3.39582997025663,5.57896109559118,6.25530930494875,8.40650640231202,1,2
12,25,78,7.66470993405748,3.39582997025663,4.98074984602413,6.45195265264532,8.35281580677769,1,2
12,25,82,7.66470993405748,3.39582997025663,4.05195032037457,6.27315139904457,8.23166457182371,1,2
12,25,83,7.66470993405748,3.39582997025663,4.07660746538168,5.88440898381452,8.17171997836388,1,2
12,25,90,7.66470993405748,3.39582997025663,5.00871576072739,6.48883132263788,8.4882497648227,1,2
12,25,95,7.66470993405748,3.39582997025663,4.0561902391078,6.05197037226472,7.99348412520731,1,2
12,26,2,7.66470993405748,3.39582997025663,4.47661808515205,5.66516423080041,8.5258995271359,1,2
12,26,3,7.66470993405748,3.39582997025663,3.90796817795505,5.31744108082292,7.90686095325628,1,2
12,26,5,7.66470993405748,3.39582997025663,5.35278374939061,5.32191974046366,7.99257271934757,1,2
12,26,6,7.66470993405748,3.39582997025663,4.40491306259896,5.70007080716794,8.38064704994826,1,2
12,26,9,7.66470993405748,3.39582997025663,5.00928220176782,6.30089404473182,8.53320316732646,1,2
12,26,11,7.66470993405748,3.39582997025663,6.10944718442702,6.46274315391167,8.54895176736351,1,2
12,26,12,7.66470993405748,3.39582997025663,6.00706933881021,5.94719068084657,8.41813140732866,1,2
12,26,13,7.66470993405748,3.39582997025663,5.41836818817564,6.23751663381391,8.2178889162002,1,2
12,26,16,7.66470993405748,3.39582997025663,4.56680638624359,5.82603496244318,8.08843002443567,1,2
12,26,17,7.66470993405748,3.39582997025663,6.55328307748079,6.87423444526447,8.45031192320308,1,2
12,26,19,7.66470993405748,3.39582997025663,4.79365910858987,5.69410990020932,8.04936421089006,1,2
12,26,20,7.66470993405748,3.39582997025663,4.44580529460614,5.97539745473656,8.61040532131392,1,2
12,26,21,7.66470993405748,3.39582997025663,5.47110050208577,6.51496547746394,8.56659229139005,1,2
12,26,22,7.66470993405748,3.39582997025663,3.89194355040637,5.57307254147094,7.84333589769731,1,2
12,26,24,7.66470993405748,3.39582997025663,4.55145277899125,5.79379944082954,7.97595220686744,1,2
12,26,25,7.66470993405748,3.39582997025663,5.28731370870015,5.82855079066749,8.38426340206035,1,2
12,26,26,7.66470993405748,3.39582997025663,5.45050157540504,5.20444410555697,8.19094989880604,1,2
12,26,27,7.66470993405748,3.39582997025663,5.31129597479972,6.27806948630609,8.45635568788421,1,2
12,26,32,7.66470993405748,3.39582997025663,3.67344694075,5.67430980816426,8.22022715792049,1,2
12,26,33,7.66470993405748,3.39582997025663,4.78663732194836,6.0737959961123,8.45989105241993,1,2
12,26,34,7.66470993405748,3.39582997025663,2.82994567938956,5.20028879658714,7.73842560243086,1,2
12,26,35,7.66470993405748,3.39582997025663,4.50850557976857,5.65709630400928,8.05651761841105,1,2
12,26,37,7.66470993405748,3.39582997025663,4.50507613220933,5.91017970487436,8.33161100058456,1,2
12,26,41,7.66470993405748,3.39582997025663,6.8020286975525,5.99178226747613,8.60519138326189,1,2
12,26,42,7.66470993405748,3.39582997025663,4.94164939333494,6.03066843792003,8.0676994824131,1,2
12,26,45,7.66470993405748,3.39582997025663,4.62012917936278,6.11726717846102,8.58496684864361,1,2
12,26,47,7.66470993405748,3.39582997025663,6.43894402648716,6.18533153363391,8.66010819045626,1,2
12,26,50,7.66470993405748,3.39582997025663,4.66824430526737,5.2377584356012,8.33106693562005,1,2
12,26,51,7.66470993405748,3.39582997025663,5.16236142107417,6.65290488721314,8.22120985380086,1,2
12,26,52,7.66470993405748,3.39582997025663,4.93949292945009,5.63540407353316,8.11590185800504,1,2
12,26,53,7.66470993405748,3.39582997025663,5.19938825420155,6.69239693260994,8.11836552768047,1,2
12,26,54,7.66470993405748,3.39582997025663,5.34650508082891,6.1915999865314,8.57012949431292,1,2
12,26,55,7.66470993405748,3.39582997025663,4.3070927178086,6.21039684724009,7.87157212394062,1,2
12,26,56,7.66470993405748,3.39582997025663,5.49595162710945,6.40583490313036,8.48286453333842,1,2
12,26,57,7.66470993405748,3.39582997025663,5.02880197089713,6.27984288262325,7.75158234018033,1,2
12,26,61,7.66470993405748,3.39582997025663,5.87152041462798,6.38985761623711,8.88207152135562,1,2
12,26,62,7.66470993405748,3.39582997025663,4.7915686990663,6.41266639084821,8.38236496712409,1,2
12,26,65,7.66470993405748,3.39582997025663,6.28048990628136,6.82599758142741,8.73314476760269,1,2
12,26,66,7.66470993405748,3.39582997025663,3.90354263062666,5.54125676805087,8.0846527615379,1,2
12,26,67,7.66470993405748,3.39582997025663,4.82376512401719,7.29902150457886,8.61800884141027,1,2
12,26,70,7.66470993405748,3.39582997025663,6.33878096620768,6.48910708769882,8.34709983653124,1,2
12,26,73,7.66470993405748,3.39582997025663,3.44969399638013,6.11716329695814,7.95484929173598,1,2
12,27,1,7.66470993405748,3.39582997025663,4.2563826292956,5.8487137299289,7.87785614014646,1,2
12,27,3,7.66470993405748,3.39582997025663,5.44055049454371,6.4589023145376,8.4421720034172,1,2
12,27,5,7.66470993405748,3.39582997025663,5.07954611899377,5.66424799507006,8.43201507710631,1,2
12,27,8,7.66470993405748,3.39582997025663,2.60671769422338,6.46016923808128,8.23286130645953,1,2
12,27,9,7.66470993405748,3.39582997025663,4.26889526422476,6.38194980129636,8.25179629021239,1,2
12,27,14,7.66470993405748,3.39582997025663,4.28782180909512,5.41096210626243,8.44377724678857,1,2
12,27,15,7.66470993405748,3.39582997025663,5.92792235717491,5.49093745485965,8.17538051379085,1,2
12,27,16,7.66470993405748,3.39582997025663,6.38141795889609,5.37503235627918,8.15340157395737,1,2
12,27,17,7.66470993405748,3.39582997025663,4.60321303652526,5.32197449454049,8.16011189885869,1,2
12,27,19,7.66470993405748,3.39582997025663,4.51537946064375,6.51179157596161,8.51380240263685,1,2
12,27,24,7.66470993405748,3.39582997025663,4.15910038867172,5.83096116386333,8.2358419161962,1,2
12,27,26,7.66470993405748,3.39582997025663,5.02037972169521,5.94806204667008,8.46105305342817,1,2
12,27,29,7.66470993405748,3.39582997025663,5.13668317401052,6.3397085760568,8.58522148176896,1,2
12,27,31,7.66470993405748,3.39582997025663,4.17548850502736,5.53506005192553,8.33549435269236,1,2
12,27,32,7.66470993405748,3.39582997025663,5.01946533049656,5.72799568299656,8.09796079973744,1,2
12,27,34,7.66470993405748,3.39582997025663,4.20215070532212,5.67027532377965,8.11230056922291,1,2
12,27,36,7.66470993405748,3.39582997025663,3.98410856150354,5.58150735215373,8.141356153798,1,2
12,27,38,7.66470993405748,3.39582997025663,4.98754319305488,5.38240051487462,8.22995842635191,1,2
12,27,39,7.66470993405748,3.39582997025663,4.59235579463398,5.52266272399654,8.05778167607623,1,2
12,27,45,7.66470993405748,3.39582997025663,5.006949543658,6.02759207075045,8.46762934726755,1,2
12,27,47,7.66470993405748,3.39582997025663,4.34158619218864,5.2794434037077,7.99297415945887,1,2
12,27,52,7.66470993405748,3.39582997025663,6.39937883850164,5.0961343031175,8.6154484102734,1,2
12,27,53,7.66470993405748,3.39582997025663,5.63275467844633,6.44719556298547,8.3638403094391,1,2
12,27,54,7.66470993405748,3.39582997025663,5.09342162561842,6.43087451987542,8.32200920985122,1,2
12,27,55,7.66470993405748,3.39582997025663,5.36516815462158,6.21764831769835,8.69381752393149,1,2
12,27,56,7.66470993405748,3.39582997025663,4.22191064791979,5.00040525862106,7.94017665342065,1,2
12,27,57,7.66470993405748,3.39582997025663,5.76452731754736,5.34339679251874,7.99933745613592,1,2
12,27,59,7.66470993405748,3.39582997025663,5.0720913822802,5.75040223186457,8.4634417185396,1,2
12,27,61,7.66470993405748,3.39582997025663,7.46179440005344,6.103237576621,8.30770628958604,1,2
12,27,63,7.66470993405748,3.39582997025663,3.45327931687325,6.66892749212652,8.19760140662505,1,2
12,27,64,7.66470993405748,3.39582997025663,5.23190397734609,6.00685260550923,8.14398627202529,1,2
12,27,66,7.66470993405748,3.39582997025663,5.90847307564279,5.67778628528657,8.40366429932667,1,2
12,27,73,7.66470993405748,3.39582997025663,5.92134199231291,6.90731706329873,8.73732148167014,1,2
12,27,74,7.66470993405748,3.39582997025663,5.54616686768052,5.1881816731238,8.34920676603584,1,2
12,27,78,7.66470993405748,3.39582997025663,3.93400743256588,5.98585872931232,8.35019198699692,1,2
12,27,83,7.66470993405748,3.39582997025663,5.39831389715245,5.940379917839,8.5328922997906,1,2
12,27,84,7.66470993405748,3.39582997025663,2.87073101541514,6.3454541681183,8.12580470670748,1,2
12,27,85,7.66470993405748,3.39582997025663,4.53266506496745,6.00348394469609,8.2079054294035,1,2
12,27,86,7.66470993405748,3.39582997025663,3.00222759448363,5.94583438387205,8.09228104639375,1,2
12,27,87,7.66470993405748,3.39582997025663,4.22668156214318,6.79466183660955,8.56016450533518,1,2
12,28,5,7.66470993405748,3.39582997025663,4.07136836078776,5.96998075120357,8.46613638686664,1,2
12,28,7,7.66470993405748,3.39582997025663,5.59242835965803,6.51706797534378,9.20178614212181,1,2
12,28,8,7.66470993405748,3.39582997025663,5.21036343451627,6.3150233379602,8.29850226162317,1,2
12,28,9,7.66470993405748,3.39582997025663,5.13126646130665,6.68521319804675,8.58745290797872,1,2
12,28,12,7.66470993405748,3.39582997025663,4.70610685144171,5.8745705116067,8.79916506506234,1,2
12,28,13,7.66470993405748,3.39582997025663,3.51211482038891,5.27033418750447,8.46313500145132,1,2
12,28,14,7.66470993405748,3.39582997025663,5.8931755329397,6.51233824174329,8.18818199099129,1,2
12,28,16,7.66470993405748,3.39582997025663,3.94037001646195,6.74592727086734,8.83726672439959,1,2
12,28,17,7.66470993405748,3.39582997025663,5.25845735000577,5.41082939471884,8.28729564026618,1,2
12,28,19,7.66470993405748,3.39582997025663,5.47264994273877,5.48413206721339,8.23859365628323,1,2
12,28,21,7.66470993405748,3.39582997025663,4.78821809312271,6.0591060566205,8.81034478065358,1,2
12,28,23,7.66470993405748,3.39582997025663,3.44274801442506,7.15252709564629,8.90290415968461,1,2
12,28,31,7.66470993405748,3.39582997025663,5.56384193754559,6.61701366039339,8.66509589057012,1,2
12,28,32,7.66470993405748,3.39582997025663,5.34723390113356,5.74088370060241,8.5459450143155,1,2
12,28,34,7.66470993405748,3.39582997025663,5.01424385374925,4.7640541540288,8.64731824112895,1,2
12,28,38,7.66470993405748,3.39582997025663,4.93858318298225,6.48167051016536,8.50013992455803,1,2
12,28,43,7.66470993405748,3.39582997025663,4.30400288589714,6.5672013008062,8.63091987528746,1,2
12,28,45,7.66470993405748,3.39582997025663,5.43579417325452,5.49533282866524,8.10187249504924,1,2
12,28,46,7.66470993405748,3.39582997025663,5.61483539076981,6.59777608241233,8.68395712696035,1,2
12,28,47,7.66470993405748,3.39582997025663,4.43771512414177,5.67177850644653,8.85462613692584,1,2
12,28,48,7.66470993405748,3.39582997025663,4.12293095671202,5.8363798076865,9.05951777443475,1,2
12,28,50,7.66470993405748,3.39582997025663,4.12031174322945,6.4278529744727,8.60264841591157,1,2
12,28,51,7.66470993405748,3.39582997025663,5.05669280448043,6.40203035060108,8.58476627902183,1,2
12,28,52,7.66470993405748,3.39582997025663,6.55268538298519,5.95432769662115,8.49733347165193,1,2
12,28,53,7.66470993405748,3.39582997025663,5.14676866195048,5.67066642302138,8.70830926558122,1,2
12,28,55,7.66470993405748,3.39582997025663,4.69616423461978,6.65037775142965,8.82280023154924,1,2
12,28,63,7.66470993405748,3.39582997025663,6.04726640262896,6.43494707231475,8.77373209107514,1,2
12,28,64,7.66470993405748,3.39582997025663,4.1493556959955,6.12748362523428,8.30879976074648,1,2
12,28,70,7.66470993405748,3.39582997025663,5.70635042805103,5.73732787155794,8.82530746267024,1,2
12,28,71,7.66470993405748,3.39582997025663,4.57103018720538,6.39981577008339,8.4247357027655,1,2
12,28,74,7.66470993405748,3.39582997025663,7.4877016518773,5.65847178589012,8.59617384678541,1,2
12,28,75,7.66470993405748,3.39582997025663,7.40792969800441,6.31271387419329,8.77170354809635,1,2
12,28,76,7.66470993405748,3.39582997025663,4.83807886045457,6.29357036189945,8.73453504252557,1,2
12,28,77,7.66470993405748,3.39582997025663,4.87265590719541,6.09606685646617,8.97055259415956,1,2
12,29,2,7.66470993405748,3.39582997025663,7.51626778950606,5.8879167600534,8.88706520043167,1,2
12,29,3,7.66470993405748,3.39582997025663,4.01724401951559,5.39846971012441,8.59050283506085,1,2
12,29,4,7.66470993405748,3.39582997025663,5.63910697653439,6.31134385538594,9.01277706692361,1,2
12,29,6,7.66470993405748,3.39582997025663,6.32807786423351,6.11947849186423,8.318368558253,1,2
12,29,8,7.66470993405748,3.39582997025663,4.83181465872132,6.50458601514017,8.48756883061189,1,2
12,29,9,7.66470993405748,3.39582997025663,4.53061871972682,5.06681477718616,8.3933966610458,1,2
12,29,11,7.66470993405748,3.39582997025663,4.98398964928233,6.21591898924649,8.49082461548814,1,2
12,29,12,7.66470993405748,3.39582997025663,4.70010579163372,6.09189749836874,8.72729852582568,1,2
12,29,13,7.66470993405748,3.39582997025663,5.78716629466954,6.24836520711081,8.78353608403436,1,2
12,29,14,7.66470993405748,3.39582997025663,6.30624546170016,5.83871829127109,8.41950110994689,1,2
12,29,17,7.66470993405748,3.39582997025663,3.49141712586816,5.32023986930346,8.26874773078034,1,2
12,29,19,7.66470993405748,3.39582997025663,6.04035039520559,6.04553947018652,8.9875997604607,1,2
12,29,20,7.66470993405748,3.39582997025663,5.46182035613683,5.81234882365944,8.60856880834571,1,2
12,29,21,7.66470993405748,3.39582997025663,4.32053840806152,5.6894662706103,8.13410497759667,1,2
12,29,23,7.66470993405748,3.39582997025663,5.70092513972693,5.88904556904465,8.33864427003425,1,2
12,29,25,7.66470993405748,3.39582997025663,6.56366225137593,5.87556742084774,8.76764892086053,1,2
12,29,26,7.66470993405748,3.39582997025663,5.63352419017523,5.74283126425556,7.95482754415026,1,2
12,29,27,7.66470993405748,3.39582997025663,5.64902083376709,5.66981971060092,8.32605845324649,1,2
12,29,34,7.66470993405748,3.39582997025663,5.38112777504844,5.88759541606042,8.19591260055392,1,2
12,29,35,7.66470993405748,3.39582997025663,5.33379959942254,5.35358671084658,8.37847641112664,1,2
12,29,36,7.66470993405748,3.39582997025663,6.84764003675619,5.87632026710912,8.55087200346396,1,2
12,29,38,7.66470993405748,3.39582997025663,5.35038076358263,6.3902061754341,8.53306216549748,1,2
12,29,39,7.66470993405748,3.39582997025663,5.75006988415948,6.38757438682859,8.47557833952281,1,2
12,29,40,7.66470993405748,3.39582997025663,5.41992765723413,6.51659751076441,8.49294926100638,1,2
12,29,41,7.66470993405748,3.39582997025663,6.40954602285632,5.5976476585757,8.88530779513974,1,2
12,29,44,7.66470993405748,3.39582997025663,4.37838649701862,6.00206013182172,8.58940188271189,1,2
12,29,46,7.66470993405748,3.39582997025663,6.33752527862301,6.80240784334362,8.56285113144808,1,2
12,29,47,7.66470993405748,3.39582997025663,3.8295805127064,6.99150024810105,8.88268064870574,1,2
12,29,49,7.66470993405748,3.39582997025663,4.88692926168497,6.24851338626348,8.44399967203939,1,2
12,29,50,7.66470993405748,3.39582997025663,5.52832290071775,6.32389852818559,8.36963698171527,1,2
12,29,51,7.66470993405748,3.39582997025663,5.23699488611648,5.5933661652122,8.54924738120515,1,2
12,29,52,7.66470993405748,3.39582997025663,4.02862165342364,6.40944341617546,8.44903130901643,1,2
12,29,53,7.66470993405748,3.39582997025663,3.71542797433187,6.20779710701811,8.55966040538448,1,2
12,29,55,7.66470993405748,3.39582997025663,5.34648688128398,6.66787945047347,8.68645430610543,1,2
12,29,58,7.66470993405748,3.39582997025663,5.197814710085,6.69088671619833,8.84657581834416,1,2
12,29,59,7.66470993405748,3.39582997025663,6.19412600749674,6.89642654534191,8.42075437673882,1,2
12,29,61,7.66470993405748,3.39582997025663,5.86053568111798,5.91365362398388,8.7494182581165,1,2
12,29,63,7.66470993405748,3.39582997025663,3.85292690549888,6.88360573220447,8.53183041836059,1,2
12,29,64,7.66470993405748,3.39582997025663,5.68195144617577,5.94270854721325,8.63457142717183,1,2
12,29,68,7.66470993405748,3.39582997025663,4.85732598519555,7.07469873568709,8.80695961772563,1,2
12,29,69,7.66470993405748,3.39582997025663,5.76976715280273,6.62652370090288,8.57604547592957,1,2
12,29,70,7.66470993405748,3.39582997025663,4.2233812707438,6.02718353006227,8.12973678279934,1,2
12,29,72,7.66470993405748,3.39582997025663,3.00521318272433,6.41431687735961,8.09765302913894,1,2
12,29,75,7.66470993405748,3.39582997025663,6.7850327041296,5.39236054059838,8.20858933203383,1,2
12,29,76,7.66470993405748,3.39582997025663,4.0944187171025,5.42614051474378,8.3759576688251,1,2
12,29,78,7.66470993405748,3.39582997025663,4.94928840249533,6.1605551336771,8.54204284041429,1,2
12,29,79,7.66470993405748,3.39582997025663,5.30106204448943,6.72982322720896,8.94956778218719,1,2
12,29,80,7.66470993405748,3.39582997025663,5.18706733452775,5.64379191199632,8.62892739778698,1,2
12,29,83,7.66470993405748,3.39582997025663,5.78835806685966,6.19573667694783,8.65808847307765,1,2
12,29,84,7.66470993405748,3.39582997025663,5.88367102770996,5.62687873513112,8.42599732072526,1,2
12,29,87,7.66470993405748,3.39582997025663,6.1307521946785,5.82792136603903,8.39706278188446,1,2
12,29,90,7.66470993405748,3.39582997025663,6.17421517836697,5.88405478153849,8.68688994064974,1,2
12,30,2,7.66470993405748,3.39582997025663,5.35607906008403,5.6706003047319,8.7357535677151,1,2
12,30,3,7.66470993405748,3.39582997025663,4.98962759735842,6.37447478235652,8.4643275740189,1,2
12,30,6,7.66470993405748,3.39582997025663,6.53875549706612,4.8699650551562,8.32544591810262,1,2
12,30,7,7.66470993405748,3.39582997025663,8.538082639333,5.84316125581119,8.9481841638884,1,2
12,30,8,7.66470993405748,3.39582997025663,4.63205894368311,6.2395852599136,8.70658969480423,1,2
12,30,15,7.66470993405748,3.39582997025663,4.62728533951512,6.37880080126535,8.94317390322694,1,2
12,30,17,7.66470993405748,3.39582997025663,3.56984140864412,5.22132354727122,8.60705585067805,1,2
12,30,18,7.66470993405748,3.39582997025663,6.04295107502994,5.05282262595452,8.62599156657661,1,2
12,30,20,7.66470993405748,3.39582997025663,3.06503088396816,5.05329718037684,8.50892471017332,1,2
12,30,21,7.66470993405748,3.39582997025663,5.97031581466655,5.17829933059319,8.51785741331995,1,2
12,30,23,7.66470993405748,3.39582997025663,6.25157592300755,5.96406883799227,8.70739796992303,1,2
12,30,25,7.66470993405748,3.39582997025663,6.02528311620827,5.71365966006696,8.470696976451,1,2
12,30,27,7.66470993405748,3.39582997025663,4.73798724301885,5.75410478723436,8.52940030355543,1,2
12,30,31,7.66470993405748,3.39582997025663,4.80848322245411,6.29519401530909,8.22676454430051,1,2
12,30,33,7.66470993405748,3.39582997025663,5.21962707286586,6.34105280764648,8.77975276566198,1,2
12,30,35,7.66470993405748,3.39582997025663,5.29041320930056,5.84841615199214,8.80911837991479,1,2
12,30,36,7.66470993405748,3.39582997025663,5.79810273105528,5.25901236978638,8.45736341007355,1,2
12,30,41,7.66470993405748,3.39582997025663,7.02285212390252,5.14300377281927,8.74664790649955,1,2
12,30,42,7.66470993405748,3.39582997025663,3.914852092555,5.21932216844174,8.41384700592972,1,2
12,30,44,7.66470993405748,3.39582997025663,3.80108633800811,5.63068219970483,8.39914236532755,1,2
12,30,46,7.66470993405748,3.39582997025663,4.31932550977614,5.75687704417139,8.4025073101009,1,2
12,30,49,7.66470993405748,3.39582997025663,3.70715751163993,5.67120763262629,8.46713517304883,1,2
12,30,50,7.66470993405748,3.39582997025663,4.89762791084246,6.72630066562602,8.6158449374899,1,2
12,30,51,7.66470993405748,3.39582997025663,5.42392075474866,5.24911334265462,8.64789322414389,1,2
12,30,53,7.66470993405748,3.39582997025663,5.39718502021359,5.39202708287978,8.18321445133523,1,2
12,30,56,7.66470993405748,3.39582997025663,2.96719094356215,5.67095949592248,8.32971781804795,1,2
12,30,57,7.66470993405748,3.39582997025663,4.45697115908581,5.45204403154353,8.56253069663977,1,2
12,30,59,7.66470993405748,3.39582997025663,5.79146264426565,5.98140181413369,8.91635273870188,1,2
12,30,60,7.66470993405748,3.39582997025663,5.35651352541268,5.43034867404613,8.74545647923948,1,2
12,30,61,7.66470993405748,3.39582997025663,5.7191039568415,5.98064048763685,8.59148631213699,1,2
12,30,62,7.66470993405748,3.39582997025663,4.29464659137093,5.72187308000473,8.57924307203583,1,2
12,30,65,7.66470993405748,3.39582997025663,6.13937185004001,5.18364310584379,9.14913448570058,1,2
12,30,66,7.66470993405748,3.39582997025663,3.28736340613223,5.94036472790833,8.4748598184918,1,2
12,30,69,7.66470993405748,3.39582997025663,3.76659984700623,5.41800938839447,9.08370991161266,1,2
12,30,71,7.66470993405748,3.39582997025663,5.25065770137847,5.68650886677604,8.7352177128995,1,2
12,30,72,7.66470993405748,3.39582997025663,4.59570318543879,5.73520084166935,8.12422171834052,1,2
12,30,73,7.66470993405748,3.39582997025663,4.22224217619691,5.12503709005681,8.14466997549708,1,2
12,30,76,7.66470993405748,3.39582997025663,4.29388269522389,5.78870853837344,8.66305880089406,1,2
12,30,81,7.66470993405748,3.39582997025663,6.06851405496184,6.57514563369798,8.62401621981399,1,2
12,30,82,7.66470993405748,3.39582997025663,3.63462432075384,6.46349237091583,8.96922411511872,1,2
12,30,87,7.66470993405748,3.39582997025663,4.20703720934838,5.90057132755057,8.21955530264961,1,2
12,30,88,7.66470993405748,3.39582997025663,5.14687405031306,5.80850837302657,8.51167262116135,1,2
12,30,90,7.66470993405748,3.39582997025663,6.18730226045257,6.18384930553421,8.4343022768339,1,2
12,30,94,7.66470993405748,3.39582997025663,3.67416897557513,5.88152685305393,8.17666961393674,1,2
12,30,96,7.66470993405748,3.39582997025663,4.48206980641454,6.18402273652001,8.36387183792178,1,2
12,31,2,7.66470993405748,3.39582997025663,4.59185890569088,5.81736043810356,8.19015557289672,1,2
12,31,5,7.66470993405748,3.39582997025663,6.63242680801203,6.05541416739429,9.52633036969401,1,2
12,31,7,7.66470993405748,3.39582997025663,3.60681455370441,6.29859307406031,8.61331118668114,1,2
12,31,8,7.66470993405748,3.39582997025663,4.30774796011413,5.44733380862836,7.93004061931808,1,2
12,31,9,7.66470993405748,3.39582997025663,4.79928861111817,5.6089670976981,8.7919483717202,1,2
12,31,10,7.66470993405748,3.39582997025663,5.10897344212508,6.37889625578021,8.58190539922451,1,2
12,31,13,7.66470993405748,3.39582997025663,5.26429602772789,6.56287336397175,9.05973602641016,1,2
12,31,14,7.66470993405748,3.39582997025663,6.75328870750036,6.33146809764853,9.27457673407435,1,2
12,31,17,7.66470993405748,3.39582997025663,4.33123911385913,6.07632861361024,9.44265506320957,1,2
12,31,18,7.66470993405748,3.39582997025663,5.17126935646504,6.40567483758476,8.95721868540913,1,2
12,31,19,7.66470993405748,3.39582997025663,5.21205579994893,6.26305775816065,9.04267636742982,1,2
12,31,21,7.66470993405748,3.39582997025663,4.43851818476231,6.29293912198836,8.79463717433782,1,2
12,31,22,7.66470993405748,3.39582997025663,4.34116322174949,6.04311128830863,8.93339465893903,1,2
12,31,26,7.66470993405748,3.39582997025663,4.84210697957738,6.33100350914802,8.55770476252586,1,2
12,31,29,7.66470993405748,3.39582997025663,6.6602203672747,5.60980147509581,8.43586763122451,1,2
12,31,32,7.66470993405748,3.39582997025663,5.13112622100433,6.11467142643499,8.44768105532159,1,2
12,31,33,7.66470993405748,3.39582997025663,4.72209194465857,6.14413613505131,8.46745829624044,1,2
12,31,35,7.66470993405748,3.39582997025663,4.86490382243597,6.0424819638528,8.6100390185239,1,2
12,31,38,7.66470993405748,3.39582997025663,5.0178271608598,5.45496943463353,9.10623162768815,1,2
12,31,42,7.66470993405748,3.39582997025663,5.80839178519343,6.46818713494695,9.1361408938821,1,2
12,31,44,7.66470993405748,3.39582997025663,4.10604713862434,5.88832417052136,8.2837084485099,1,2
12,31,45,7.66470993405748,3.39582997025663,5.49844730126589,6.26878569465613,8.93864104822885,1,2
12,31,48,7.66470993405748,3.39582997025663,5.74597499679834,6.68019420162976,8.87264389609449,1,2
12,31,50,7.66470993405748,3.39582997025663,5.60516447418827,5.79156883442436,8.76441032070638,1,2
12,31,51,7.66470993405748,3.39582997025663,4.4078214953729,6.42945107053935,8.33321295678985,1,2
12,31,55,7.66470993405748,3.39582997025663,5.51703051753067,5.74082224864433,9.09383350812561,1,2
12,31,56,7.66470993405748,3.39582997025663,6.24240887595989,7.34047553864359,9.12668969296688,1,2
12,31,58,7.66470993405748,3.39582997025663,4.26866273168044,5.47971825979908,9.40501973095008,1,2
12,31,59,7.66470993405748,3.39582997025663,4.16724971563681,6.64451860378771,9.35901191999952,1,2
12,31,61,7.66470993405748,3.39582997025663,4.00443271996456,5.70403628738827,8.68326459916215,1,2
12,31,64,7.66470993405748,3.39582997025663,5.34922140099024,5.8026474455634,8.70101386163233,1,2
12,32,1,7.66470993405748,3.39582997025663,3.58300518356867,6.65567197337063,8.84430471672134,1,2
12,32,2,7.66470993405748,3.39582997025663,6.0298963481409,5.61367838206602,9.05197573902094,1,2
12,32,5,7.66470993405748,3.39582997025663,5.2570362413912,5.87179149864825,8.56065191652784,1,2
12,32,7,7.66470993405748,3.39582997025663,5.0566440377727,5.55657150830285,8.76114547191559,1,2
12,32,8,7.66470993405748,3.39582997025663,3.96630186495388,6.54027614430559,8.9785578866177,1,2
12,32,9,7.66470993405748,3.39582997025663,6.24985167471318,6.05909560913015,9.01018556988,1,2
12,32,10,7.66470993405748,3.39582997025663,4.59322172277311,6.02358749224267,8.28897702643949,1,2
12,32,15,7.66470993405748,3.39582997025663,6.73116518743574,5.68893419589435,9.37580218878663,1,2
12,32,16,7.66470993405748,3.39582997025663,3.13694095879959,6.33711767539106,8.91589123240518,1,2
12,32,17,7.66470993405748,3.39582997025663,5.14813822564419,6.40397261334375,9.06888693339162,1,2
12,32,18,7.66470993405748,3.39582997025663,7.06017642914465,6.39751748081691,9.03736099902294,1,2
12,32,21,7.66470993405748,3.39582997025663,6.23762321843717,5.4858734998636,8.64914790072254,1,2
12,32,22,7.66470993405748,3.39582997025663,3.57347370980429,5.46996740750501,8.18673215067706,1,2
12,32,23,7.66470993405748,3.39582997025663,5.89820178370622,5.64360506958007,9.28965819917939,1,2
12,32,29,7.66470993405748,3.39582997025663,5.48617497407667,7.27990189742627,9.06914338665461,1,2
12,32,33,7.66470993405748,3.39582997025663,6.57075498404868,5.90212081201354,9.01030283542326,1,2
12,32,35,7.66470993405748,3.39582997025663,5.95986412670013,5.15271919639638,9.01725614955817,1,2
12,32,36,7.66470993405748,3.39582997025663,5.06765653742039,5.58727379039705,8.70387487318545,1,2
12,32,37,7.66470993405748,3.39582997025663,4.87582533471561,5.87188550793187,8.45923410502741,1,2
12,32,38,7.66470993405748,3.39582997025663,2.98893088907095,5.35533817824176,8.48680711854892,1,2
12,32,39,7.66470993405748,3.39582997025663,3.77737463525935,5.42257688976635,8.46867827841424,1,2
12,32,42,7.66470993405748,3.39582997025663,5.63153196571785,6.05225678615762,9.09493593231473,1,2
12,32,43,7.66470993405748,3.39582997025663,5.66649537785657,5.84837541199784,8.91017343549888,1,2
12,32,46,7.66470993405748,3.39582997025663,5.74247712738516,4.92328468505341,8.45550394231515,1,2
12,32,47,7.66470993405748,3.39582997025663,4.91147882757502,7.15352846963188,8.46692737127761,1,2
12,32,48,7.66470993405748,3.39582997025663,5.54940197014969,6.23747438412454,9.28394780601996,1,2
12,32,50,7.66470993405748,3.39582997025663,3.58518744049986,5.75400842982156,8.60462803139157,1,2
12,32,51,7.66470993405748,3.39582997025663,4.24946124949921,4.88895447687483,8.77525035548878,1,2
12,32,52,7.66470993405748,3.39582997025663,5.10183078479199,5.15453638332812,8.92461285412575,1,2
12,32,61,7.66470993405748,3.39582997025663,4.19305063061345,6.10442689276036,8.67652487061762,1,2
12,32,65,7.66470993405748,3.39582997025663,5.0546406557813,6.08791596782157,8.94494011287447,1,2
12,32,66,7.66470993405748,3.39582997025663,5.90038158751143,5.86385989798882,8.99973253194077,1,2
12,32,67,7.66470993405748,3.39582997025663,5.37948614937359,5.56821215595887,9.22556545144228,1,2
12,32,68,7.66470993405748,3.39582997025663,5.70963779124952,5.62624248614911,8.54922500805309,1,2
12,32,69,7.66470993405748,3.39582997025663,5.80085779370538,6.40189136783931,8.92201147444467,1,2
12,32,70,7.66470993405748,3.39582997025663,5.29864731168922,5.88570097450386,9.45756667893738,1,2
12,32,72,7.66470993405748,3.39582997025663,3.97974774821654,5.77065267972537,8.77990657053983,1,2
12,32,73,7.66470993405748,3.39582997025663,3.91496048358075,5.39637906695564,9.06432276457293,1,2
12,32,76,7.66470993405748,3.39582997025663,3.91671089751187,5.87602550026304,8.65757954498744,1,2
12,32,78,7.66470993405748,3.39582997025663,4.60532740363312,6.14029749451583,8.93780558975006,1,2
12,32,79,7.66470993405748,3.39582997025663,3.51162363909337,5.38806998603442,8.68071383479237,1,2
12,32,81,7.66470993405748,3.39582997025663,5.91712158034304,5.49297048842603,8.57208348284672,1,2
12,32,83,7.66470993405748,3.39582997025663,5.19596018706163,5.46596047745307,8.79138460754925,1,2
12,32,84,7.66470993405748,3.39582997025663,5.65443528327806,5.91206183516124,9.22235323138088,1,2
12,33,1,7.66470993405748,3.39582997025663,6.46839333342817,5.78651217533348,9.19875808806133,1,2
12,33,2,7.66470993405748,3.39582997025663,4.81167354690844,6.35372185598286,8.75740097264548,1,2
12,33,5,7.66470993405748,3.39582997025663,6.22199514852363,5.36647757668263,8.98032874433752,1,2
12,33,6,7.66470993405748,3.39582997025663,4.36091981965068,6.57032820730819,8.91611535467567,1,2
12,33,7,7.66470993405748,3.39582997025663,5.80039106577746,5.93952371890707,8.50890662885109,1,2
12,33,8,7.66470993405748,3.39582997025663,4.36673818088985,6.18419756493169,8.95859932145705,1,2
12,33,9,7.66470993405748,3.39582997025663,3.82639713095479,6.57294304230062,8.55375488439269,1,2
12,33,10,7.66470993405748,3.39582997025663,4.92815451672235,6.07161818040344,9.11546767067197,1,2
12,33,11,7.66470993405748,3.39582997025663,4.13011916337076,6.22111994500077,8.73359832588474,1,2
12,33,12,7.66470993405748,3.39582997025663,4.73439677601757,6.24480458034291,8.85827746990301,1,2
12,33,13,7.66470993405748,3.39582997025663,4.46399343772251,7.19298938142185,9.00812052234524,1,2
12,33,14,7.66470993405748,3.39582997025663,4.73823715988655,5.51051574532839,9.12479503682347,1,2
12,33,16,7.66470993405748,3.39582997025663,3.65425574992714,6.59074755576065,9.12108895198675,1,2
12,33,17,7.66470993405748,3.39582997025663,4.63515055995952,5.24294642334678,9.0982576832397,1,2
12,33,18,7.66470993405748,3.39582997025663,3.96351616686314,5.91512833505333,8.81100508501567,1,2
12,33,24,7.66470993405748,3.39582997025663,4.00804647294324,5.71321362047669,8.60786725370995,1,2
12,33,27,7.66470993405748,3.39582997025663,5.34076770630604,6.24780439656467,8.63672253520681,1,2
12,33,30,7.66470993405748,3.39582997025663,4.78361866395099,5.73248904438794,9.1165176580489,1,2
12,33,31,7.66470993405748,3.39582997025663,4.66093739772574,6.44423857388157,9.19287132380196,1,2
12,33,37,7.66470993405748,3.39582997025663,5.31182972159863,6.49554665888854,8.7118401491696,1,2
12,33,38,7.66470993405748,3.39582997025663,4.62073163837725,5.99653667188573,9.01219498606193,1,2
12,33,40,7.66470993405748,3.39582997025663,2.95925678879068,6.37479223350133,8.57537759235658,1,2
12,33,44,7.66470993405748,3.39582997025663,4.65476281539047,5.87632105901486,9.07599048580096,1,2
12,33,50,7.66470993405748,3.39582997025663,4.30291877222635,5.95074196357475,8.91871700970856,1,2
12,33,51,7.66470993405748,3.39582997025663,4.10003493508222,5.90071999992667,9.09263811648096,1,2
12,33,53,7.66470993405748,3.39582997025663,5.46956531944644,5.80956799098269,8.91215641293725,1,2
12,33,55,7.66470993405748,3.39582997025663,4.38138814784473,6.26305249726582,8.94067306893729,1,2
12,33,56,7.66470993405748,3.39582997025663,4.76547739390859,7.06621049252724,9.14428621172519,1,2
12,33,57,7.66470993405748,3.39582997025663,6.5834060674983,5.20362890470484,9.432459819364,1,2
12,33,58,7.66470993405748,3.39582997025663,6.62766355249399,6.77503819273145,9.3051734909614,1,2
12,33,59,7.66470993405748,3.39582997025663,5.57722335114099,6.34108160518604,9.02816209159373,1,2
12,33,60,7.66470993405748,3.39582997025663,4.25548266016862,6.29602203597073,9.13941943504452,1,2
12,33,65,7.66470993405748,3.39582997025663,4.5539827757924,6.76924501641587,9.07944305035211,1,2
12,34,2,7.66470993405748,3.39582997025663,4.01911070185751,6.27099656217528,8.87538822480339,1,2
12,34,3,7.66470993405748,3.39582997025663,2.45649129430518,6.65165973292908,8.62718440642072,1,2
12,34,5,7.66470993405748,3.39582997025663,5.52612211116704,6.90688062076521,8.81490307687647,1,2
12,34,7,7.66470993405748,3.39582997025663,4.64203780533016,5.66098627364285,8.7574514514381,1,2
12,34,8,7.66470993405748,3.39582997025663,4.62938832398026,4.76162909034583,8.802318953427,1,2
12,34,9,7.66470993405748,3.39582997025663,5.10485029760197,5.90245914364025,8.7956894508871,1,2
12,34,10,7.66470993405748,3.39582997025663,4.4932778677477,6.58794845086176,9.02034976213428,1,2
12,34,11,7.66470993405748,3.39582997025663,5.5402963947263,5.47155854251007,8.75810424011884,1,2
12,34,13,7.66470993405748,3.39582997025663,5.49803182216321,6.53506145124734,9.07470954035065,1,2
12,34,14,7.66470993405748,3.39582997025663,6.86486670190216,6.07579311877478,9.19039732629526,1,2
12,34,15,7.66470993405748,3.39582997025663,4.00671712865503,5.75395011394805,8.67858579109424,1,2
12,34,16,7.66470993405748,3.39582997025663,4.63231297206165,6.33076425419893,8.72360325803816,1,2
12,34,17,7.66470993405748,3.39582997025663,5.58624568716628,6.85334853086803,8.89267290290077,1,2
12,34,18,7.66470993405748,3.39582997025663,3.92590067660823,6.00928738292834,8.59070146883065,1,2
12,34,19,7.66470993405748,3.39582997025663,4.22343579890123,6.54520471684818,8.99280591882241,1,2
12,34,25,7.66470993405748,3.39582997025663,6.07477213983366,6.86918621815067,9.19606822494732,1,2
12,34,26,7.66470993405748,3.39582997025663,4.40216558907765,6.6138944050694,8.75453113133176,1,2
12,34,27,7.66470993405748,3.39582997025663,4.10352420313694,6.66527945843437,9.08335369128308,1,2
12,34,29,7.66470993405748,3.39582997025663,4.51652484540339,5.35329710507167,8.73470445966868,1,2
12,34,33,7.66470993405748,3.39582997025663,3.27825845523786,6.57498230573668,8.7169274696501,1,2
12,34,36,7.66470993405748,3.39582997025663,3.40380097890727,5.93849572226025,8.50264303814146,1,2
12,34,37,7.66470993405748,3.39582997025663,5.27516701437465,6.30285640912772,9.02341649731454,1,2
12,34,38,7.66470993405748,3.39582997025663,5.71342892206241,5.49758836220649,8.88830538198713,1,2
12,34,39,7.66470993405748,3.39582997025663,4.15774428526282,6.63380049781377,9.37105246562,1,2
12,34,40,7.66470993405748,3.39582997025663,3.33906381452651,5.55815174623605,9.03982075250952,1,2
12,34,41,7.66470993405748,3.39582997025663,6.93361609134932,5.49165019767386,8.7155703414731,1,2
12,34,44,7.66470993405748,3.39582997025663,6.71733925458375,5.97467612104159,9.57485798547705,1,2
12,34,46,7.66470993405748,3.39582997025663,5.62287699806602,5.14673703437856,8.48135359419281,1,2
12,34,47,7.66470993405748,3.39582997025663,3.88969568031591,5.97764478371051,8.84678900666194,1,2
12,34,48,7.66470993405748,3.39582997025663,4.74440888360366,5.81838202478939,8.96054432223706,1,2
12,34,49,7.66470993405748,3.39582997025663,4.98384377501277,6.36931656721796,8.90531459791455,1,2
12,34,54,7.66470993405748,3.39582997025663,4.77664424864053,5.39083467905455,9.30540456579021,1,2
12,34,56,7.66470993405748,3.39582997025663,5.1626068043118,6.60757848144427,9.14123522412687,1,2
12,34,60,7.66470993405748,3.39582997025663,5.30199900309891,6.48203561304976,9.09678159026294,1,2
12,34,63,7.66470993405748,3.39582997025663,3.7579471491448,6.32863101158857,8.57749305801792,1,2
12,34,64,7.66470993405748,3.39582997025663,4.68785039929631,5.99413458006725,8.76219337042722,1,2
12,34,66,7.66470993405748,3.39582997025663,5.99699976370983,5.97556220950675,8.73636249923371,1,2
12,34,69,7.66470993405748,3.39582997025663,5.13380715298531,6.03178614516588,8.96011099296125,1,2
12,34,73,7.66470993405748,3.39582997025663,5.57318940439007,6.4497660261867,9.16487952926248,1,2
12,34,74,7.66470993405748,3.39582997025663,3.94360391068396,6.28375509479774,9.68886161191799,1,2
12,35,2,7.66470993405748,3.39582997025663,4.34124049668308,7.16622919616893,9.3001035558153,1,2
12,35,4,7.66470993405748,3.39582997025663,6.57495385188251,5.11233324731654,9.52806625985504,1,2
12,35,8,7.66470993405748,3.39582997025663,6.04676919027547,5.988116319897,9.41051745286206,1,2
12,35,9,7.66470993405748,3.39582997025663,5.83726742446219,5.62006412790021,9.20139139048178,1,2
12,35,11,7.66470993405748,3.39582997025663,5.34283459621538,5.84160760383295,9.38574249727321,1,2
12,35,16,7.66470993405748,3.39582997025663,4.42757594308963,5.94241359295765,9.25746134530925,1,2
12,35,17,7.66470993405748,3.39582997025663,7.38100969438509,5.97933367454634,9.65401531585602,1,2
12,35,19,7.66470993405748,3.39582997025663,4.49077243837208,6.16073820795402,8.81859192491892,1,2
12,35,21,7.66470993405748,3.39582997025663,4.48852630826922,6.20986029419503,9.38662682700039,1,2
12,35,22,7.66470993405748,3.39582997025663,4.32924612061372,5.81752893227879,9.31101703416458,1,2
12,35,23,7.66470993405748,3.39582997025663,4.672757475364,7.14540399732358,9.41315319748337,1,2
12,35,32,7.66470993405748,3.39582997025663,5.34803207260191,5.54596821137063,9.6762253928037,1,2
12,35,33,7.66470993405748,3.39582997025663,5.25585461663408,6.1588896574109,9.19890671068037,1,2
12,35,34,7.66470993405748,3.39582997025663,6.60429783556972,5.37638587863452,9.78559612794563,1,2
12,35,35,7.66470993405748,3.39582997025663,5.6197328153709,5.37104779304103,9.6409018690817,1,2
12,35,40,7.66470993405748,3.39582997025663,5.35862485523198,5.34944092905585,8.86895954473123,1,2
12,35,42,7.66470993405748,3.39582997025663,4.47922450448885,5.75719009047228,9.05504980820239,1,2
12,35,43,7.66470993405748,3.39582997025663,3.008507963231,4.96733354162977,9.03802586180036,1,2
12,35,44,7.66470993405748,3.39582997025663,6.25920111042689,6.80487400399634,9.64900209725244,1,2
12,35,46,7.66470993405748,3.39582997025663,5.08283855139033,6.36892211765515,9.30712338791869,1,2
12,35,47,7.66470993405748,3.39582997025663,3.77192481106477,5.86010222217522,9.05425840378983,1,2
12,35,48,7.66470993405748,3.39582997025663,4.25055969913868,6.20081257485876,9.51360088662701,1,2
12,35,50,7.66470993405748,3.39582997025663,3.90432261849676,5.40252713122832,9.16509240895806,1,2
12,35,51,7.66470993405748,3.39582997025663,6.47474750120024,5.97385401233334,9.47024537105743,1,2
12,35,53,7.66470993405748,3.39582997025663,5.05282058289907,5.60622690425869,9.07488688249953,1,2
12,35,54,7.66470993405748,3.39582997025663,4.29613204051664,5.21375698698671,9.06644521998304,1,2
12,35,55,7.66470993405748,3.39582997025663,4.60047455108383,5.85361061133838,9.34640547485652,1,2
12,35,56,7.66470993405748,3.39582997025663,5.54184473368131,6.19659193142693,9.21986348746627,1,2
12,35,59,7.66470993405748,3.39582997025663,5.03425270193274,6.76586698627214,9.58283665327099,1,2
12,35,62,7.66470993405748,3.39582997025663,5.62339887257813,6.18960947095737,9.39465028027058,1,2
12,35,65,7.66470993405748,3.39582997025663,7.277459029846,6.78095411662258,9.33968373471303,1,2
12,35,66,7.66470993405748,3.39582997025663,5.86934370636875,5.7541365223948,9.15472571231645,1,2
12,35,67,7.66470993405748,3.39582997025663,6.67773088666567,6.82013414565897,9.83885011971018,1,2
12,35,70,7.66470993405748,3.39582997025663,7.3177636367856,6.15145020474423,9.45102963342894,1,2
12,35,72,7.66470993405748,3.39582997025663,3.69742430533896,6.81399942137407,8.98937882742244,1,2
12,35,73,7.66470993405748,3.39582997025663,5.58961185406814,6.17617761033214,9.43212390416994,1,2
12,35,75,7.66470993405748,3.39582997025663,6.49727646049368,6.61445899260012,9.6778508493391,1,2
12,35,76,7.66470993405748,3.39582997025663,3.32897695610182,5.92295293334525,9.28911192152965,1,2
12,36,2,7.66470993405748,3.39582997025663,5.47875688926996,6.34301605982492,9.1882289353264,1,2
12,36,5,7.66470993405748,3.39582997025663,4.83784634172569,5.69820631447199,9.50348517876116,1,2
12,36,6,7.66470993405748,3.39582997025663,5.90096287762134,6.41509946929837,9.86938825564915,1,2
12,36,7,7.66470993405748,3.39582997025663,5.38762078487465,4.88947975623474,9.63495269239067,1,2
12,36,11,7.66470993405748,3.39582997025663,5.61342605884227,5.40348432630033,9.72319054311503,1,2
12,36,12,7.66470993405748,3.39582997025663,6.37395570073352,6.28884753608128,9.20090568403392,1,2
12,36,13,7.66470993405748,3.39582997025663,4.887377748996,5.45632528461288,9.13445755483442,1,2
12,36,14,7.66470993405748,3.39582997025663,4.13353601610516,5.65849903932658,8.95554801494387,1,2
12,36,15,7.66470993405748,3.39582997025663,5.81820211003182,5.498946978329,9.13206628086933,1,2
12,36,16,7.66470993405748,3.39582997025663,5.28006433442528,5.77673070810043,8.89407773124341,1,2
12,36,17,7.66470993405748,3.39582997025663,3.97286883355906,5.54960181356087,9.16998669511968,1,2
12,36,18,7.66470993405748,3.39582997025663,6.69712368461047,6.15525945402469,9.61048255140927,1,2
12,36,20,7.66470993405748,3.39582997025663,6.12994105430079,5.49527351530494,9.88815020481729,1,2
12,36,21,7.66470993405748,3.39582997025663,4.94568122045727,5.89006313906903,9.45020278912555,1,2
12,36,26,7.66470993405748,3.39582997025663,5.37295284484739,6.03093143392757,9.51666092180775,1,2
12,36,27,7.66470993405748,3.39582997025663,5.56443101319904,5.40410540510416,9.61752145908579,1,2
12,36,28,7.66470993405748,3.39582997025663,5.65587928435223,6.05206065492732,9.70302856963082,1,2
12,36,29,7.66470993405748,3.39582997025663,6.25554076739086,5.23410114831505,9.66177222496615,1,2
12,36,30,7.66470993405748,3.39582997025663,4.65437457103947,5.26617605412669,9.43026763268594,1,2
12,36,32,7.66470993405748,3.39582997025663,3.83549081936982,6.40331932214043,8.93166226582911,1,2
12,36,34,7.66470993405748,3.39582997025663,4.12989198536679,6.69425932077255,9.85742579160463,1,2
12,36,36,7.66470993405748,3.39582997025663,4.70717868410832,6.36493612862317,9.48273303605455,1,2
12,36,37,7.66470993405748,3.39582997025663,5.52901902166145,6.07231810967944,9.50172327373497,1,2
12,36,41,7.66470993405748,3.39582997025663,6.85284289957142,5.65148733889704,9.85335633466311,1,2
12,36,42,7.66470993405748,3.39582997025663,5.01599329045554,6.35538506182947,8.96131715712394,1,2
12,36,45,7.66470993405748,3.39582997025663,5.11364913025725,5.31081497914548,9.59508458623554,1,2
12,36,47,7.66470993405748,3.39582997025663,6.2781757778126,5.3910092823742,9.32455152195168,1,2
12,36,51,7.66470993405748,3.39582997025663,4.12033933520942,6.17165778729665,8.95919306147751,1,2
12,36,52,7.66470993405748,3.39582997025663,4.78091498976064,5.70665630120023,9.43638553884431,1,2
12,36,53,7.66470993405748,3.39582997025663,4.71900139664037,5.73935759648485,9.67972518953589,1,2
12,36,58,7.66470993405748,3.39582997025663,7.18790084554051,6.24880899331309,9.17998216307031,1,2
12,36,59,7.66470993405748,3.39582997025663,5.62172183239426,4.93027565530031,8.97064572355858,1,2
12,36,61,7.66470993405748,3.39582997025663,5.00972862099599,6.18235340373896,9.12425571223825,1,2
12,36,62,7.66470993405748,3.39582997025663,2.34143407660076,5.72033904125181,8.84300199499024,1,2
12,36,65,7.66470993405748,3.39582997025663,4.98154437082894,5.93491384611612,9.2982843922611,1,2
12,36,66,7.66470993405748,3.39582997025663,5.27211514685135,5.47165100718569,8.91474808148141,1,2
12,36,67,7.66470993405748,3.39582997025663,4.76877986618725,5.61310544212805,9.24410635567099,1,2
12,36,68,7.66470993405748,3.39582997025663,5.56374630110702,6.46086066655795,9.37881251145965,1,2
12,36,72,7.66470993405748,3.39582997025663,4.65122025028633,6.46752920591133,9.5429732204379,1,2
12,36,73,7.66470993405748,3.39582997025663,5.67007980343928,6.59749870052204,9.39049345732439,1,2
12,36,75,7.66470993405748,3.39582997025663,3.43130616350785,6.15933298415648,9.51085738467064,1,2
12,36,76,7.66470993405748,3.39582997025663,4.60958062797829,6.52121173410434,9.26462133874139,1,2
12,36,78,7.66470993405748,3.39582997025663,5.35723105670422,5.94071573115761,9.25966278179756,1,2
12,36,79,7.66470993405748,3.39582997025663,2.51031933111155,5.66899099923075,8.97846446280953,1,2
12,36,82,7.66470993405748,3.39582997025663,4.49332831997382,5.03614526298465,9.0378293725101,1,2
12,36,84,7.66470993405748,3.39582997025663,5.34244592138163,6.2082022216857,9.25399478464559,1,2
12,37,2,7.66470993405748,3.39582997025663,2.67326742429777,5.85358964060562,8.79443895088599,1,2
12,37,5,7.66470993405748,3.39582997025663,4.47016416168927,6.75249715596753,9.08195874013087,1,2
12,37,7,7.66470993405748,3.39582997025663,4.71483658099122,5.50925483630759,9.26529648578094,1,2
12,37,8,7.66470993405748,3.39582997025663,4.3849979620333,5.16785460535104,9.00985411647157,1,2
12,37,9,7.66470993405748,3.39582997025663,5.5448763949546,5.31799223368912,8.73346568565551,1,2
12,37,11,7.66470993405748,3.39582997025663,4.36424638864024,6.18254015937421,9.35043097745735,1,2
12,37,12,7.66470993405748,3.39582997025663,5.60425191870269,5.68715968057539,8.91181152437496,1,2
12,37,13,7.66470993405748,3.39582997025663,2.9814885304164,6.50661903224722,9.01102845384846,1,2
12,37,15,7.66470993405748,3.39582997025663,4.87501149933845,5.73973529406275,9.18425282862461,1,2
12,37,16,7.66470993405748,3.39582997025663,4.58352965169208,5.82134780715683,9.30090968539324,1,2
12,37,18,7.66470993405748,3.39582997025663,4.52842041382906,6.70231145064378,9.18722807254955,1,2
12,37,19,7.66470993405748,3.39582997025663,5.50884888276146,5.72868627335705,9.27051023041794,1,2
12,37,20,7.66470993405748,3.39582997025663,5.47389915039514,7.11661272161987,9.35904230153499,1,2
12,37,22,7.66470993405748,3.39582997025663,6.495838710247,5.82702754217928,9.32212944735693,1,2
12,37,23,7.66470993405748,3.39582997025663,5.64037758045021,6.25397680882551,9.33414697378641,1,2
12,37,24,7.66470993405748,3.39582997025663,7.50238825775494,5.73241771826494,9.54749374179407,1,2
12,37,30,7.66470993405748,3.39582997025663,4.7501228537467,5.77260168066199,9.18548307019798,1,2
12,37,31,7.66470993405748,3.39582997025663,4.99697648987876,5.01121066232106,9.23520453640237,1,2
12,37,32,7.66470993405748,3.39582997025663,3.85125899719017,5.79333868838307,8.88192541058199,1,2
12,37,34,7.66470993405748,3.39582997025663,4.52483020048976,5.39861593437628,9.41510693185806,1,2
12,37,38,7.66470993405748,3.39582997025663,4.89078286400914,6.16896172445694,9.48977577207526,1,2
12,37,39,7.66470993405748,3.39582997025663,3.38236128196356,5.23466834904491,9.22008084750851,1,2
12,37,42,7.66470993405748,3.39582997025663,5.42229489359012,5.04217512773517,9.37620635891456,1,2
12,37,43,7.66470993405748,3.39582997025663,3.92672436053799,5.32735517300384,8.60167150626574,1,2
12,37,47,7.66470993405748,3.39582997025663,5.43829769747545,6.24891972955737,8.9225837394805,1,2
12,37,50,7.66470993405748,3.39582997025663,4.3492531567364,5.38604171441585,9.42740026761995,1,2
12,37,51,7.66470993405748,3.39582997025663,6.01053280045749,5.77976300863044,9.40591865107132,1,2
12,37,52,7.66470993405748,3.39582997025663,5.34438905188571,6.04572925957946,9.10815194552081,1,2
12,37,53,7.66470993405748,3.39582997025663,4.76055937097486,6.36872210026665,9.11941991779745,1,2
12,37,54,7.66470993405748,3.39582997025663,5.00585533549914,7.02677603302125,9.12666092149956,1,2
12,37,55,7.66470993405748,3.39582997025663,4.59333807826346,5.56793206208515,9.43758921383223,1,2
12,37,60,7.66470993405748,3.39582997025663,3.96205774192441,5.22534542756566,9.03914707151555,1,2
12,37,61,7.66470993405748,3.39582997025663,5.32891084801376,5.98552597122882,9.31645331974842,1,2
12,37,64,7.66470993405748,3.39582997025663,5.25778783688354,6.6855393395941,9.53367704008709,1,2
12,37,65,7.66470993405748,3.39582997025663,4.98473245419318,7.02039853463553,9.21987141916928,1,2
12,37,67,7.66470993405748,3.39582997025663,4.83767292248381,5.61539597015494,9.40689628178218,1,2
12,37,68,7.66470993405748,3.39582997025663,5.02498355320447,5.98606751729021,9.56646133225937,1,2
12,37,71,7.66470993405748,3.39582997025663,4.28781267471341,6.14811411723952,8.95767803041476,1,2
12,37,72,7.66470993405748,3.39582997025663,3.24542711359171,5.73289358184137,9.13000971288893,1,2
12,37,73,7.66470993405748,3.39582997025663,4.86004887207482,5.5075111441031,8.9988448044737,1,2
12,37,75,7.66470993405748,3.39582997025663,4.73636589637907,6.6759865936177,9.56050086729108,1,2
12,37,76,7.66470993405748,3.39582997025663,4.02266782098575,6.40067352929223,8.97958390217255,1,2
12,37,77,7.66470993405748,3.39582997025663,5.96348236927948,6.56571375924526,9.40531794614074,1,2
12,37,78,7.66470993405748,3.39582997025663,5.17132422755544,5.72921758197404,8.98020247816985,1,2
12,37,81,7.66470993405748,3.39582997025663,4.61045922949405,6.06548940273472,8.98336944078118,1,2
12,37,82,7.66470993405748,3.39582997025663,6.00459443028697,6.26351235570179,8.7432889513694,1,2
12,37,83,7.66470993405748,3.39582997025663,4.97477125607848,5.85214898394513,9.2575848712033,1,2
12,37,84,7.66470993405748,3.39582997025663,3.42528740689901,5.77967266188477,9.13125331795989,1,2
12,37,88,7.66470993405748,3.39582997025663,3.72708111910999,6.52409924329714,8.38776138023897,1,2
12,37,90,7.66470993405748,3.39582997025663,5.85616959825842,6.62397078069252,9.15105529027184,1,2
12,37,91,7.66470993405748,3.39582997025663,4.85936163731916,5.60395384286461,9.57556138727075,1,2
12,37,92,7.66470993405748,3.39582997025663,4.39061829951098,5.4711636492143,9.21934444449573,1,2
12,38,1,7.66470993405748,3.39582997025663,4.59888271629663,5.77488903859194,9.23340058004584,1,2
12,38,2,7.66470993405748,3.39582997025663,6.16732024520891,5.28171100644431,9.6530176144632,1,2
12,38,4,7.66470993405748,3.39582997025663,5.49007162887476,5.62762862319753,9.77960330419799,1,2
12,38,5,7.66470993405748,3.39582997025663,5.48411942276107,5.74308101503688,10.0029091103048,1,2
12,38,6,7.66470993405748,3.39582997025663,3.64339817607713,6.28373501539235,9.26398490051612,1,2
12,38,9,7.66470993405748,3.39582997025663,4.44662501592573,7.27969469008581,9.52502340135857,1,2
12,38,10,7.66470993405748,3.39582997025663,5.41416954060296,6.26932846008932,9.55829744239982,1,2
12,38,12,7.66470993405748,3.39582997025663,4.43787278184184,5.62822263191069,9.42435963919012,1,2
12,38,15,7.66470993405748,3.39582997025663,4.82692196284343,6.21146623334078,10.2687060552432,1,2
12,38,17,7.66470993405748,3.39582997025663,5.31687899412176,6.78751960650655,9.6137651930883,1,2
12,38,18,7.66470993405748,3.39582997025663,4.72627678794017,4.82189770708266,9.17047074472487,1,2
12,38,24,7.66470993405748,3.39582997025663,4.28737310698745,5.48799307798135,9.09215840618548,1,2
12,38,25,7.66470993405748,3.39582997025663,5.93913383855585,5.4090528435849,9.36145924775012,1,2
12,38,26,7.66470993405748,3.39582997025663,3.97354982333163,6.47943988316681,9.67179647470375,1,2
12,38,27,7.66470993405748,3.39582997025663,3.90473822646123,6.06967265132227,9.32953640618813,1,2
12,38,28,7.66470993405748,3.39582997025663,4.66747273692164,7.0235297286825,9.71356516817888,1,2
12,38,30,7.66470993405748,3.39582997025663,5.08241500469735,6.00276356209761,9.21052436302142,1,2
12,38,31,7.66470993405748,3.39582997025663,3.90905299321803,5.18993054557283,9.76618910020638,1,2
12,38,33,7.66470993405748,3.39582997025663,4.489839516255,5.78199378460436,8.92228370358708,1,2
12,38,34,7.66470993405748,3.39582997025663,5.22067481645544,5.64560742369372,9.96343237679397,1,2
12,38,35,7.66470993405748,3.39582997025663,4.49166780098555,5.72662967419254,8.8290891112213,1,2
12,38,37,7.66470993405748,3.39582997025663,3.28195067223094,5.69739328830263,8.88872967925195,1,2
12,38,39,7.66470993405748,3.39582997025663,6.99912310492907,5.92724816949102,9.59962734103476,1,2
12,38,43,7.66470993405748,3.39582997025663,5.34702448454842,5.41210378775739,9.75542934425183,1,2
12,38,45,7.66470993405748,3.39582997025663,4.84085516211959,5.51818433424124,9.11099761864813,1,2
12,38,46,7.66470993405748,3.39582997025663,4.70513056652093,6.74905698546575,9.5249215784237,1,2
12,38,47,7.66470993405748,3.39582997025663,4.79998283212309,6.35139526354054,9.45367289278554,1,2
12,38,48,7.66470993405748,3.39582997025663,5.46947992076009,5.34230849923364,9.43924308860554,1,2
12,38,49,7.66470993405748,3.39582997025663,5.39320240063236,6.12857414923035,9.3376115374815,1,2
12,38,50,7.66470993405748,3.39582997025663,4.54511325098747,6.23572018596629,9.56661101094692,1,2
12,38,52,7.66470993405748,3.39582997025663,3.86200434658839,5.43632602938244,9.56718721420249,1,2
12,38,54,7.66470993405748,3.39582997025663,3.88374311648733,5.92818433139475,9.01814257029677,1,2
12,38,55,7.66470993405748,3.39582997025663,6.18103191099724,6.12097532926168,10.0395954984356,1,2
12,38,56,7.66470993405748,3.39582997025663,7.67626598530653,5.76281802835273,9.93015825093382,1,2
12,38,57,7.66470993405748,3.39582997025663,4.70864343587188,6.69649250458273,9.55559345431266,1,2
12,38,62,7.66470993405748,3.39582997025663,5.00585221429605,5.99364041416441,9.52221361102516,1,2
12,38,63,7.66470993405748,3.39582997025663,5.01742908169388,6.79394689965955,10.1574186486435,1,2
12,38,65,7.66470993405748,3.39582997025663,4.10960592269055,5.12587576427623,8.88919534789572,1,2
12,38,66,7.66470993405748,3.39582997025663,5.77444713668347,6.16793294855646,8.94770247192264,1,2
12,38,67,7.66470993405748,3.39582997025663,5.45286237014834,5.56237159530294,9.20100273322835,1,2
12,38,68,7.66470993405748,3.39582997025663,4.88183992309535,5.70270796976659,9.63489948046327,1,2
12,38,70,7.66470993405748,3.39582997025663,4.58518527564443,6.03614727793056,9.69109152828002,1,2
12,38,71,7.66470993405748,3.39582997025663,6.33343794995417,6.10378581092203,9.67557889300693,1,2
12,38,74,7.66470993405748,3.39582997025663,5.14414284308688,5.86410326055109,9.61266661243936,1,2
12,38,75,7.66470993405748,3.39582997025663,5.61973781923739,6.15675302152464,9.35739263285733,1,2
12,38,76,7.66470993405748,3.39582997025663,6.88889269899732,5.9364082984151,9.63100478251781,1,2
12,38,77,7.66470993405748,3.39582997025663,4.96597325199263,6.09533673566782,9.30223739817291,1,2
12,39,2,7.66470993405748,3.39582997025663,3.75848095568257,5.23901531455648,9.8208985027677,1,2
12,39,4,7.66470993405748,3.39582997025663,5.59389962175094,6.17221063206748,9.49442015808347,1,2
12,39,6,7.66470993405748,3.39582997025663,6.12941530387226,5.72829929845126,8.94432391303451,1,2
12,39,7,7.66470993405748,3.39582997025663,5.68985621713004,5.68229501453599,9.46957774401923,1,2
12,39,9,7.66470993405748,3.39582997025663,4.95845470330907,6.15766451832987,9.39180940721219,1,2
12,39,10,7.66470993405748,3.39582997025663,6.27112524026517,5.78936308300881,9.62692307796655,1,2
12,39,12,7.66470993405748,3.39582997025663,4.68266544953539,6.33058147398665,9.40071177424199,1,2
12,39,14,7.66470993405748,3.39582997025663,4.65022323857633,5.54519788840051,9.46696734758969,1,2
12,39,18,7.66470993405748,3.39582997025663,5.46926227398635,5.86497647047877,9.53503070725916,1,2
12,39,19,7.66470993405748,3.39582997025663,6.20558419238631,5.85414302169849,9.56125275941322,1,2
12,39,22,7.66470993405748,3.39582997025663,4.72862273923022,6.16638236006846,9.34730362087558,1,2
12,39,23,7.66470993405748,3.39582997025663,4.90715908689231,5.64103427635807,9.38462640193729,1,2
12,39,24,7.66470993405748,3.39582997025663,4.03117670394169,5.78534825139219,9.39979879593139,1,2
12,39,25,7.66470993405748,3.39582997025663,4.87160345892335,5.57883009651514,9.23716809972394,1,2
12,39,26,7.66470993405748,3.39582997025663,5.3736827600402,7.19982124711375,9.62381492784065,1,2
12,39,28,7.66470993405748,3.39582997025663,6.97476277377431,4.6999731728981,9.84975451135838,1,2
12,39,32,7.66470993405748,3.39582997025663,5.4522762058577,6.17923547084792,9.48581195808606,1,2
12,39,33,7.66470993405748,3.39582997025663,5.04183545507271,6.47855990313651,9.82641866223066,1,2
12,39,39,7.66470993405748,3.39582997025663,4.65363058465518,6.54226661102766,9.56337695046158,1,2
12,39,40,7.66470993405748,3.39582997025663,5.28859707993945,6.58040537510684,9.63191723573361,1,2
12,39,41,7.66470993405748,3.39582997025663,6.69826537426333,6.30077259799596,9.68478902274567,1,2
12,39,44,7.66470993405748,3.39582997025663,6.91411533410002,6.06027677816967,9.71117145716488,1,2
12,39,45,7.66470993405748,3.39582997025663,6.01434450940573,5.30724915691364,9.78137669892771,1,2
12,39,48,7.66470993405748,3.39582997025663,3.93431515964495,6.18771657569972,9.32772379305193,1,2
12,39,49,7.66470993405748,3.39582997025663,4.92567504746516,6.77587855128069,9.60881668373701,1,2
12,39,50,7.66470993405748,3.39582997025663,6.23877152011753,7.01641127666665,9.78660160941038,1,2
12,39,51,7.66470993405748,3.39582997025663,4.76599772287662,5.78713584713191,9.08808887376277,1,2
12,39,53,7.66470993405748,3.39582997025663,2.7660283059132,6.5000950452487,9.08025049670089,1,2
12,39,54,7.66470993405748,3.39582997025663,5.64397900619673,5.63874304879412,9.49296147914874,1,2
12,39,56,7.66470993405748,3.39582997025663,6.20430966616648,6.6347824966189,8.87466028727014,1,2
12,39,58,7.66470993405748,3.39582997025663,6.17107124943751,5.82572257259284,9.83782477872226,1,2
12,39,60,7.66470993405748,3.39582997025663,4.62196811293165,5.93363752444172,9.26960823469191,1,2
12,39,62,7.66470993405748,3.39582997025663,6.04931183676656,6.06502861185226,9.70708638798052,1,2
12,39,68,7.66470993405748,3.39582997025663,5.72285652296856,6.05412513108364,9.95371000166147,1,2
12,39,69,7.66470993405748,3.39582997025663,4.30196290852096,6.34617891171939,9.63769906390373,1,2
12,39,70,7.66470993405748,3.39582997025663,4.8443145654434,6.42896252008684,9.09653681146336,1,2
12,39,71,7.66470993405748,3.39582997025663,6.07885067024778,5.45658132154789,9.38510099826386,1,2
12,39,73,7.66470993405748,3.39582997025663,3.51965694628004,5.70777659584625,8.54555410515424,1,2
12,39,74,7.66470993405748,3.39582997025663,7.59461191582596,5.3763997761741,10.0751713144097,1,2
12,39,76,7.66470993405748,3.39582997025663,6.97513928712496,6.77499469834559,9.92070332823497,1,2
12,39,79,7.66470993405748,3.39582997025663,4.74492997735231,6.02672531244334,9.63122908872571,1,2
12,39,80,7.66470993405748,3.39582997025663,3.82950675137702,6.63590219416338,9.27513262724089,1,2
12,39,81,7.66470993405748,3.39582997025663,5.33462548378323,5.30102795890433,9.09822879725961,1,2
12,39,83,7.66470993405748,3.39582997025663,5.81699999585195,5.29315659363857,9.31821300004248,1,2
12,39,85,7.66470993405748,3.39582997025663,4.49015704110735,5.13232894490019,9.76828436449938,1,2
12,39,86,7.66470993405748,3.39582997025663,4.95941384412312,5.89382842346293,9.78835511966847,1,2
12,39,89,7.66470993405748,3.39582997025663,4.96008523439767,6.05285609689597,9.05976890553314,1,2
12,39,90,7.66470993405748,3.39582997025663,4.58036417249644,6.57388015260027,9.48750320067845,1,2
12,39,91,7.66470993405748,3.39582997025663,3.30950023255942,5.96455848164131,9.5441031766061,1,2
12,39,92,7.66470993405748,3.39582997025663,6.87831152485704,5.8180379858041,9.88685115627112,1,2
12,39,93,7.66470993405748,3.39582997025663,6.49712109360451,5.38459183420466,9.92366115733738,1,2
12,39,95,7.66470993405748,3.39582997025663,4.32284756860285,6.15638111189035,9.73762306647598,1,2
12,40,2,7.66470993405748,3.39582997025663,5.2845516895558,7.63642793935293,10.0441842247047,1,2
12,40,5,7.66470993405748,3.39582997025663,4.69434602105635,5.02482255641883,9.63021293070105,1,2
12,40,11,7.66470993405748,3.39582997025663,3.65799748380306,6.70316400291686,9.97021569339871,1,2
12,40,12,7.66470993405748,3.39582997025663,5.782893792352,5.53063445884691,9.67821599188967,1,2
12,40,13,7.66470993405748,3.39582997025663,5.59373996294535,5.01313395820992,9.94326543607358,1,2
12,40,14,7.66470993405748,3.39582997025663,5.57273341866988,6.24166609081469,9.58020823190338,1,2
12,40,15,7.66470993405748,3.39582997025663,5.35662722565196,5.13047748100261,10.2719910665033,1,2
12,40,16,7.66470993405748,3.39582997025663,4.05368218459241,5.6848366343292,9.29155891303631,1,2
12,40,17,7.66470993405748,3.39582997025663,5.01334531328007,5.49674248948758,10.1775957281149,1,2
12,40,20,7.66470993405748,3.39582997025663,5.61887781099318,5.12799036519714,9.42287477219658,1,2
12,40,21,7.66470993405748,3.39582997025663,4.23591422095321,6.11839288606973,9.67426559248524,1,2
12,40,22,7.66470993405748,3.39582997025663,4.10579626530041,5.28957812650934,9.71904893774338,1,2
12,40,23,7.66470993405748,3.39582997025663,3.23147201480083,6.64496348703153,9.83948148199846,1,2
12,40,24,7.66470993405748,3.39582997025663,4.17613973887866,6.22751972560205,9.54742395548375,1,2
12,40,25,7.66470993405748,3.39582997025663,3.77712246379267,5.59418727378031,9.30636764015665,1,2
12,40,26,7.66470993405748,3.39582997025663,4.75726318700065,5.9114702140735,9.15687142434071,1,2
12,40,29,7.66470993405748,3.39582997025663,6.38330292579785,7.45611932240753,9.72095058357259,1,2
12,40,32,7.66470993405748,3.39582997025663,3.96681591655396,5.87454017793254,9.4531379328591,1,2
12,40,35,7.66470993405748,3.39582997025663,3.45052232831874,5.66145437624318,9.29937075837191,1,2
12,40,39,7.66470993405748,3.39582997025663,5.77105029802122,6.43182301990283,9.66260874350116,1,2
12,40,41,7.66470993405748,3.39582997025663,5.18036221665314,5.75454733671315,9.62783946393015,1,2
12,40,43,7.66470993405748,3.39582997025663,5.98747259069107,6.83552761202456,10.0556118043365,1,2
12,40,50,7.66470993405748,3.39582997025663,3.34666448436277,5.40963540031856,9.57506844836924,1,2
12,40,56,7.66470993405748,3.39582997025663,5.85550672871448,6.32928674250912,9.44676006730541,1,2
12,40,57,7.66470993405748,3.39582997025663,6.11886164872755,5.76238333760663,9.84489818318511,1,2
12,40,61,7.66470993405748,3.39582997025663,5.21896617432709,4.95049431014918,9.63039104378663,1,2
12,40,62,7.66470993405748,3.39582997025663,2.85346510420774,5.80358674282535,9.46533344040754,1,2
12,40,63,7.66470993405748,3.39582997025663,3.1103516527309,5.88603635090442,9.57279159004996,1,2
12,40,65,7.66470993405748,3.39582997025663,4.5124105940325,6.2409846606063,9.67366273960853,1,2
12,40,66,7.66470993405748,3.39582997025663,6.34236507896481,6.35356467530651,9.6250282250568,1,2
12,40,68,7.66470993405748,3.39582997025663,4.71758387106436,6.1956758545083,9.14638926599205,1,2
12,41,3,7.66470993405748,3.39582997025663,4.68518800040032,6.43572391724216,9.5359230498089,1,2
12,41,4,7.66470993405748,3.39582997025663,5.49017947407135,6.0951654036112,9.57948570601585,1,2
12,41,8,7.66470993405748,3.39582997025663,4.97615934483586,6.30700688398459,9.98581072205759,1,2
12,41,9,7.66470993405748,3.39582997025663,3.95130471418656,5.40936210302249,9.59618928604443,1,2
12,41,14,7.66470993405748,3.39582997025663,4.41547190301451,5.92180193821398,9.42429034947995,1,2
12,41,17,7.66470993405748,3.39582997025663,6.16205986982692,6.07743354026838,10.2124159600257,1,2
12,41,18,7.66470993405748,3.39582997025663,5.96675610611645,6.2854183243589,9.81309692143898,1,2
12,41,19,7.66470993405748,3.39582997025663,5.63911315276107,4.86871768691214,9.57837381329602,1,2
12,41,20,7.66470993405748,3.39582997025663,4.02677595573863,4.56727996573089,9.39909644328177,1,2
12,41,21,7.66470993405748,3.39582997025663,5.09445340957741,6.00133173796433,9.27756948069569,1,2
12,41,23,7.66470993405748,3.39582997025663,6.35440164358196,6.39789931952862,10.5823065024495,1,2
12,41,25,7.66470993405748,3.39582997025663,5.65553882040814,6.56720827262956,10.0052749701897,1,2
12,41,26,7.66470993405748,3.39582997025663,5.97547886781476,5.3521185229849,9.43452374039207,1,2
12,41,28,7.66470993405748,3.39582997025663,4.13219844830607,6.14385426381211,8.68492105810748,1,2
12,41,29,7.66470993405748,3.39582997025663,5.60930107178392,5.44367182612227,9.30881185553028,1,2
12,41,31,7.66470993405748,3.39582997025663,6.31563461748377,5.72372850245714,10.1419155098567,1,2
12,41,32,7.66470993405748,3.39582997025663,3.79311065121728,5.34700570120279,9.63772950056897,1,2
12,41,33,7.66470993405748,3.39582997025663,4.51820321528027,6.08898134325117,9.1301231298495,1,2
12,41,34,7.66470993405748,3.39582997025663,5.11157975329481,6.20739522744678,9.47585437808761,1,2
12,41,37,7.66470993405748,3.39582997025663,3.23346977083748,6.12112196191227,9.26174107608337,1,2
12,41,39,7.66470993405748,3.39582997025663,4.96659521263114,5.0422291383176,9.89244174628669,1,2
12,41,42,7.66470993405748,3.39582997025663,5.78846611126477,6.04677747120827,9.28899748773321,1,2
12,41,44,7.66470993405748,3.39582997025663,6.58482686628575,5.16865189186415,9.98294578382004,1,2
12,41,47,7.66470993405748,3.39582997025663,4.38999507384417,6.38365024645604,9.27903568545201,1,2
12,41,49,7.66470993405748,3.39582997025663,0.893490962110151,6.24839464941518,8.54453629550511,1,2
12,41,50,7.66470993405748,3.39582997025663,5.75465856490459,5.22121984925516,9.09316048952724,1,2
12,41,54,7.66470993405748,3.39582997025663,5.97089280641997,6.10175202508528,9.79116806518367,1,2
12,41,56,7.66470993405748,3.39582997025663,5.49755517320657,5.58484351418342,9.66955774500318,1,2
12,41,58,7.66470993405748,3.39582997025663,4.05131908551945,5.78220339606886,9.89746402956053,1,2
12,41,60,7.66470993405748,3.39582997025663,3.20501123841584,6.12012885649568,9.39322744514595,1,2
12,41,64,7.66470993405748,3.39582997025663,5.19327716079575,5.34849081278435,9.47067769321455,1,2
12,41,67,7.66470993405748,3.39582997025663,5.1116025808006,5.88877514796934,9.24857250819447,1,2
12,41,68,7.66470993405748,3.39582997025663,4.54734373555575,6.98517022515329,9.63716195456471,1,2
12,41,72,7.66470993405748,3.39582997025663,5.04789503979816,6.48529593077598,9.28613303940739,1,2
12,41,75,7.66470993405748,3.39582997025663,4.03748198426317,6.5599157034235,9.87741874862075,1,2
13,1,2,7.74247651991328,3.28239807893573,4.538290635093,6.81883436459213,2.77213595727631,1,2
13,1,4,7.74247651991328,3.28239807893573,4.40997945881289,5.71608479315953,2.12770774075289,1,2
13,1,5,7.74247651991328,3.28239807893573,3.87160728887046,6.44687054707693,2.48642462710297,1,2
13,1,6,7.74247651991328,3.28239807893573,4.54174151193192,6.75436425178317,2.57126086062651,1,2
13,1,8,7.74247651991328,3.28239807893573,4.70608126715773,5.82720954267165,2.22515663412305,1,2
13,1,9,7.74247651991328,3.28239807893573,5.2498866796128,5.23766358462208,1.97820716609475,1,2
13,1,10,7.74247651991328,3.28239807893573,4.20664575193728,6.7062570617344,2.64533113727283,1,2
13,1,11,7.74247651991328,3.28239807893573,5.34855712043776,5.28871742265841,2.01100477801163,1,2
13,1,14,7.74247651991328,3.28239807893573,4.19047396099169,6.48063268544665,2.45392606793593,1,2
13,1,16,7.74247651991328,3.28239807893573,5.95556671807451,6.06680549145446,2.40939069531884,1,2
13,1,17,7.74247651991328,3.28239807893573,4.55281889910508,5.89027126751738,2.18564210171912,1,2
13,1,19,7.74247651991328,3.28239807893573,7.26579725758221,5.92247968887856,2.44952017646677,1,2
13,1,20,7.74247651991328,3.28239807893573,6.67850699668829,4.89400175166258,2.06159245441838,1,2
13,1,21,7.74247651991328,3.28239807893573,4.56647878995798,6.71610595809563,2.52438815163148,1,2
13,1,23,7.74247651991328,3.28239807893573,3.93935361755131,5.61005816668429,2.12191982651054,1,2
13,1,24,7.74247651991328,3.28239807893573,5.35924450265852,6.60934138671566,2.61136148412868,1,2
13,1,26,7.74247651991328,3.28239807893573,5.41187058034481,7.07660875301747,2.7962576932858,1,2
13,1,27,7.74247651991328,3.28239807893573,6.40436078527234,6.6645543570337,2.39122104546912,1,2
13,1,28,7.74247651991328,3.28239807893573,3.09957358188353,6.28877793303591,2.44061985831728,1,2
13,1,32,7.74247651991328,3.28239807893573,5.81684574398368,5.94993108833922,2.14928305968906,1,2
13,1,35,7.74247651991328,3.28239807893573,3.85900206829647,6.46865266014099,2.44995890856524,1,2
13,1,39,7.74247651991328,3.28239807893573,6.33981064392759,5.57311125159554,2.16293576246523,1,2
13,1,40,7.74247651991328,3.28239807893573,3.8597197165654,6.62083107832953,2.43440838768667,1,2
13,1,44,7.74247651991328,3.28239807893573,4.25482865537044,6.61480738124883,2.62113037955921,1,2
13,1,47,7.74247651991328,3.28239807893573,3.6568722146608,7.05582595076207,2.73722849656464,1,2
13,1,48,7.74247651991328,3.28239807893573,3.54837291084844,6.94704067739177,2.70712725137498,1,2
13,1,51,7.74247651991328,3.28239807893573,5.86773775062951,5.3255187773288,2.0091950299357,1,2
13,1,54,7.74247651991328,3.28239807893573,5.5990619347337,4.44912477105231,1.74742405238899,1,2
13,1,55,7.74247651991328,3.28239807893573,6.50704915251913,5.5454567668936,2.23947366094512,1,2
13,1,59,7.74247651991328,3.28239807893573,4.40645085322015,6.09688180899703,2.41010761670864,1,2
13,1,60,7.74247651991328,3.28239807893573,4.6873239810706,5.71698854197855,2.17490652984086,1,2
13,1,61,7.74247651991328,3.28239807893573,5.59080821266099,5.77254954680083,2.25472554141753,1,2
13,1,65,7.74247651991328,3.28239807893573,5.18019720471712,6.41787519861537,2.41784450759274,1,2
13,1,68,7.74247651991328,3.28239807893573,4.85508134866759,5.49976519793403,2.18529828107024,1,2
13,2,1,7.74247651991328,3.28239807893573,5.75224085430714,6.05065670556718,3.51024307422258,1,2
13,2,2,7.74247651991328,3.28239807893573,5.36062443896597,6.17581844047663,3.64270218683364,1,2
13,2,3,7.74247651991328,3.28239807893573,5.38441209785186,5.10597285460206,3.21555314316662,1,2
13,2,4,7.74247651991328,3.28239807893573,3.95709327069134,6.62053374728515,3.87269526055556,1,2
13,2,6,7.74247651991328,3.28239807893573,4.56703079480807,5.89342497065259,3.53158403681007,1,2
13,2,8,7.74247651991328,3.28239807893573,3.99544393392985,5.29443918448183,3.30039118197495,1,2
13,2,9,7.74247651991328,3.28239807893573,5.37026658985889,6.28429515063584,3.90052135901493,1,2
13,2,12,7.74247651991328,3.28239807893573,5.17388140175799,6.55714755046203,3.82901077744515,1,2
13,2,14,7.74247651991328,3.28239807893573,6.76684214119253,5.25560254638994,3.32828919471284,1,2
13,2,15,7.74247651991328,3.28239807893573,5.05114401269031,5.0813732244422,3.13431881549272,1,2
13,2,19,7.74247651991328,3.28239807893573,5.40210366443813,5.77392585398922,3.61108261287196,1,2
13,2,20,7.74247651991328,3.28239807893573,5.28238296651953,6.13326306916319,3.58351726145357,1,2
13,2,21,7.74247651991328,3.28239807893573,6.53353079796068,5.92765142013821,3.54381596831966,1,2
13,2,22,7.74247651991328,3.28239807893573,5.05703866085245,6.17139363480487,3.48082319053478,1,2
13,2,25,7.74247651991328,3.28239807893573,3.97455750424698,5.34633597695856,3.47334836332618,1,2
13,2,27,7.74247651991328,3.28239807893573,7.00427398744717,6.83704064471132,4.07769689054215,1,2
13,2,28,7.74247651991328,3.28239807893573,3.37253429678204,7.38360646851601,4.02218670439585,1,2
13,2,29,7.74247651991328,3.28239807893573,5.52285679618472,6.6428921510065,3.95150445642475,1,2
13,2,30,7.74247651991328,3.28239807893573,5.87840116703338,5.44563689791884,3.28812964734978,1,2
13,2,32,7.74247651991328,3.28239807893573,5.79047710057422,5.85286245654981,3.61822503426715,1,2
13,2,33,7.74247651991328,3.28239807893573,4.85311234737394,6.1189007631409,3.68462834671113,1,2
13,2,34,7.74247651991328,3.28239807893573,5.51923470278637,5.45226746443073,3.26099582574915,1,2
13,2,37,7.74247651991328,3.28239807893573,4.30041027547935,5.21897085257624,3.30217188161704,1,2
13,2,38,7.74247651991328,3.28239807893573,3.52971091831375,6.38204328317182,3.68225267203016,1,2
13,2,41,7.74247651991328,3.28239807893573,5.47141656201012,6.58746546925707,3.81785468618578,1,2
13,2,46,7.74247651991328,3.28239807893573,6.6815375810829,6.31300734567956,3.83031833484444,1,2
13,2,49,7.74247651991328,3.28239807893573,5.6701121081249,6.01824182600674,3.37355335970599,1,2
13,2,50,7.74247651991328,3.28239807893573,3.67641529186216,5.95569385106637,3.45630090864837,1,2
13,2,52,7.74247651991328,3.28239807893573,4.34037154026762,6.20814499330454,3.6160451458806,1,2
13,2,56,7.74247651991328,3.28239807893573,4.92069944121038,5.56619362479141,3.42689324574869,1,2
13,2,57,7.74247651991328,3.28239807893573,5.53956347165787,7.00582629216191,4.08145287548941,1,2
13,2,58,7.74247651991328,3.28239807893573,6.0324790869628,5.93894152240651,3.49972867405915,1,2
13,2,62,7.74247651991328,3.28239807893573,5.58127189667469,6.21174476110609,3.73982073139609,1,2
13,2,63,7.74247651991328,3.28239807893573,5.40877485453918,5.7371361014276,3.592511515175,1,2
13,2,65,7.74247651991328,3.28239807893573,4.05555319044142,6.50111714020596,3.88145211720042,1,2
13,2,66,7.74247651991328,3.28239807893573,5.49094600988404,6.41840116597739,3.76237618476702,1,2
13,2,68,7.74247651991328,3.28239807893573,4.31669479390581,5.99305147334922,3.67677411897922,1,2
13,2,71,7.74247651991328,3.28239807893573,4.92659112725573,6.08592509189027,3.5527001987739,1,2
13,2,73,7.74247651991328,3.28239807893573,5.12718476569115,6.73776473000588,3.64461593502398,1,2
13,3,2,7.74247651991328,3.28239807893573,5.34850482433945,5.8120477253217,4.12911090712701,1,2
13,3,5,7.74247651991328,3.28239807893573,4.87307347100487,6.00396099403292,4.11883640544155,1,2
13,3,8,7.74247651991328,3.28239807893573,3.91551771712235,5.76771257827189,4.16185817924185,1,2
13,3,11,7.74247651991328,3.28239807893573,4.07037792578406,5.90881690760756,4.15358150067541,1,2
13,3,12,7.74247651991328,3.28239807893573,6.40890922665774,5.65667525191965,4.24921860391999,1,2
13,3,13,7.74247651991328,3.28239807893573,4.4458413690059,6.50165566104784,4.57829523909871,1,2
13,3,14,7.74247651991328,3.28239807893573,4.45698044176205,5.53193744445959,3.99879156409137,1,2
13,3,18,7.74247651991328,3.28239807893573,6.44368228292096,6.05558602770175,4.36134764704245,1,2
13,3,19,7.74247651991328,3.28239807893573,6.26397509257548,5.41173299694435,3.95945010277313,1,2
13,3,21,7.74247651991328,3.28239807893573,3.46840617356685,6.46722042043228,4.34151218479723,1,2
13,3,22,7.74247651991328,3.28239807893573,4.88658384514989,6.05783881821358,4.10855740089883,1,2
13,3,23,7.74247651991328,3.28239807893573,6.34978994954119,6.14864023507153,4.21891726831928,1,2
13,3,26,7.74247651991328,3.28239807893573,4.95101353642378,6.32224077163598,4.43871134243732,1,2
13,3,29,7.74247651991328,3.28239807893573,5.86346099195573,7.04645872299512,4.54228887829011,1,2
13,3,30,7.74247651991328,3.28239807893573,5.69899849487421,5.27023303172663,3.96507468276931,1,2
13,3,32,7.74247651991328,3.28239807893573,3.0571456512423,5.80430300863114,4.15622222944811,1,2
13,3,33,7.74247651991328,3.28239807893573,5.92986983204818,6.32069824351686,4.43418346672598,1,2
13,3,38,7.74247651991328,3.28239807893573,4.78746780255391,6.1332008826786,4.35416650545259,1,2
13,3,42,7.74247651991328,3.28239807893573,5.92025265785054,5.45500509026201,4.17472495364262,1,2
13,3,44,7.74247651991328,3.28239807893573,3.39304000934133,4.65141266463098,3.82989475521105,1,2
13,3,48,7.74247651991328,3.28239807893573,4.68080850944764,6.42939483976116,4.36746814107783,1,2
13,3,49,7.74247651991328,3.28239807893573,5.0158392993664,6.39812281802436,4.26071060344174,1,2
13,3,53,7.74247651991328,3.28239807893573,3.1206624649251,5.79964121872116,4.17433772237624,1,2
13,3,56,7.74247651991328,3.28239807893573,6.23366442086426,5.5624378215812,4.09220969211396,1,2
13,3,57,7.74247651991328,3.28239807893573,4.79644119953985,5.59397236674091,4.03688387983002,1,2
13,3,58,7.74247651991328,3.28239807893573,6.70638660294403,7.07927209858509,4.61165828353696,1,2
13,3,59,7.74247651991328,3.28239807893573,6.57963510897205,5.27082814040275,4.05722060206038,1,2
13,3,63,7.74247651991328,3.28239807893573,5.7370142868686,5.99648581571118,4.36570129054994,1,2
13,3,66,7.74247651991328,3.28239807893573,6.98760046819928,6.23477872861759,4.32350392152483,1,2
13,3,68,7.74247651991328,3.28239807893573,3.82601286093749,5.19523545509397,4.0840453592475,1,2
13,3,71,7.74247651991328,3.28239807893573,3.27087160501292,5.92693948272602,4.22550853811091,1,2
13,3,73,7.74247651991328,3.28239807893573,5.40771900516317,5.57394807327049,4.14750337194801,1,2
13,3,74,7.74247651991328,3.28239807893573,5.55179437761986,6.64567337439257,4.37884287395472,1,2
13,3,75,7.74247651991328,3.28239807893573,5.0982207092671,6.91894446900436,4.36754826003982,1,2
13,3,79,7.74247651991328,3.28239807893573,6.56258043349301,5.84950593987252,3.98386249150185,1,2
13,3,82,7.74247651991328,3.28239807893573,6.08081342455185,5.22568281344328,3.95017058833995,1,2
13,3,85,7.74247651991328,3.28239807893573,4.65341147752878,6.26066819324702,4.42510804034509,1,2
13,3,86,7.74247651991328,3.28239807893573,6.08839858296309,5.12912545809402,3.94285561373236,1,2
13,3,89,7.74247651991328,3.28239807893573,4.41342354171779,5.93849560004093,4.18641772460179,1,2
13,3,91,7.74247651991328,3.28239807893573,5.11212492495332,6.35506020244306,4.45293406712397,1,2
13,3,92,7.74247651991328,3.28239807893573,6.16573492092241,6.71955714005981,4.42619080031668,1,2
13,3,93,7.74247651991328,3.28239807893573,6.11925904694249,6.69681319908951,4.69381268178376,1,2
13,4,3,7.74247651991328,3.28239807893573,5.15558334570315,5.32221435897178,4.47508018515104,1,2
13,4,4,7.74247651991328,3.28239807893573,4.40023448526075,6.07068442140462,4.69765798482381,1,2
13,4,7,7.74247651991328,3.28239807893573,3.86925015958194,5.2064692977151,4.3350904247276,1,2
13,4,10,7.74247651991328,3.28239807893573,5.81970397569597,5.98169122091595,4.55846842756945,1,2
13,4,11,7.74247651991328,3.28239807893573,4.56079343097266,6.09815217969387,4.46870230076893,1,2
13,4,13,7.74247651991328,3.28239807893573,4.31542365700728,6.03297131495539,4.47814586127669,1,2
13,4,16,7.74247651991328,3.28239807893573,4.84483711014925,5.40675794633181,4.4146674024362,1,2
13,4,17,7.74247651991328,3.28239807893573,5.67995914383016,5.95477387371768,4.57465805765406,1,2
13,4,19,7.74247651991328,3.28239807893573,6.85861950867402,6.04480073612037,4.46137536452015,1,2
13,4,24,7.74247651991328,3.28239807893573,4.5524003525605,7.0764439905428,4.89369025046496,1,2
13,4,27,7.74247651991328,3.28239807893573,4.77147782549523,4.29838403077607,3.9203089867319,1,2
13,4,28,7.74247651991328,3.28239807893573,4.49745983058027,5.21022068925241,4.36448209266458,1,2
13,4,29,7.74247651991328,3.28239807893573,6.01470166487747,6.64690693739356,4.86092720048072,1,2
13,4,30,7.74247651991328,3.28239807893573,4.31618329167349,5.77217936416738,4.382180607257,1,2
13,4,31,7.74247651991328,3.28239807893573,4.17869201134547,6.41076290037384,4.83545192263421,1,2
13,4,32,7.74247651991328,3.28239807893573,5.49589310977002,5.69198035844157,4.50041980819782,1,2
13,4,33,7.74247651991328,3.28239807893573,5.48368801405079,6.64022528158968,4.82719867264326,1,2
13,4,37,7.74247651991328,3.28239807893573,7.03589448410749,5.81447514332696,4.48325618218242,1,2
13,4,39,7.74247651991328,3.28239807893573,5.40693204958188,6.39808530416725,4.71126607686428,1,2
13,4,40,7.74247651991328,3.28239807893573,5.74600338122327,5.3865266149449,4.37538561999696,1,2
13,4,45,7.74247651991328,3.28239807893573,4.98231378773512,6.3488116234398,4.74815830726625,1,2
13,4,48,7.74247651991328,3.28239807893573,6.20396121832702,6.29046711266869,4.75110773326149,1,2
13,4,50,7.74247651991328,3.28239807893573,5.19440572044754,6.37768740675476,4.54005661242798,1,2
13,4,51,7.74247651991328,3.28239807893573,4.46211813089235,6.56689074757015,4.74107120092867,1,2
13,4,52,7.74247651991328,3.28239807893573,6.16918995083052,5.81499637004311,4.42130201910959,1,2
13,4,54,7.74247651991328,3.28239807893573,4.27548071699475,5.73002712920322,4.49686047059616,1,2
13,4,55,7.74247651991328,3.28239807893573,4.96888280724775,6.76891605389161,5.05439429568343,1,2
13,4,56,7.74247651991328,3.28239807893573,5.23318992422826,5.78736122937388,4.43077413250911,1,2
13,4,57,7.74247651991328,3.28239807893573,4.43343180199488,5.60447054169829,4.32021662162674,1,2
13,4,61,7.74247651991328,3.28239807893573,5.04014016136876,5.99031236485107,4.55666470476122,1,2
13,4,62,7.74247651991328,3.28239807893573,4.81068418530489,6.38199414682769,4.79505948844037,1,2
13,4,63,7.74247651991328,3.28239807893573,5.84720222664453,5.69777457088859,4.4851260286061,1,2
13,4,65,7.74247651991328,3.28239807893573,6.9180335635183,5.80876343908015,4.50259020185185,1,2
13,4,68,7.74247651991328,3.28239807893573,3.96827793249046,6.23731060818566,4.52545819452213,1,2
13,4,69,7.74247651991328,3.28239807893573,3.9076937820689,6.23116407407558,4.74398807563503,1,2
13,4,70,7.74247651991328,3.28239807893573,4.94507702178416,7.19919151577429,4.95503321116873,1,2
13,4,71,7.74247651991328,3.28239807893573,5.40489017940712,5.50262796258702,4.54539507701947,1,2
13,4,74,7.74247651991328,3.28239807893573,5.4427262042408,5.54092817689476,4.32464401284039,1,2
13,4,75,7.74247651991328,3.28239807893573,4.41584730147201,5.52553299396821,4.20479999442687,1,2
13,4,76,7.74247651991328,3.28239807893573,5.98759794512362,6.32658323093256,4.63218644143196,1,2
13,4,77,7.74247651991328,3.28239807893573,4.32809819098178,5.35985130065217,4.29169460635729,1,2
13,4,79,7.74247651991328,3.28239807893573,7.30694206513681,6.15024253188341,4.69081014037286,1,2
13,5,2,7.74247651991328,3.28239807893573,6.96838512089884,6.29705486665362,4.98023311297245,1,2
13,5,3,7.74247651991328,3.28239807893573,6.99398650072143,5.76335658702931,4.68806271883823,1,2
13,5,5,7.74247651991328,3.28239807893573,4.75726434828097,6.44058498269945,5.13370397395379,1,2
13,5,6,7.74247651991328,3.28239807893573,6.61356437947534,5.36051216738317,4.57100107597892,1,2
13,5,7,7.74247651991328,3.28239807893573,4.71853498909434,6.51909430352244,5.15608389494245,1,2
13,5,14,7.74247651991328,3.28239807893573,3.6370090858478,6.09954678474435,5.03050788548913,1,2
13,5,15,7.74247651991328,3.28239807893573,3.08414276595494,4.95700883122575,4.44138463305046,1,2
13,5,17,7.74247651991328,3.28239807893573,4.77583408972162,6.73379870902126,5.07968936737424,1,2
13,5,26,7.74247651991328,3.28239807893573,5.46034131335329,5.79278112898781,4.61902885263509,1,2
13,5,28,7.74247651991328,3.28239807893573,5.76176899766578,7.07880562271122,5.44061782495791,1,2
13,5,29,7.74247651991328,3.28239807893573,5.78652141377899,5.68099413506096,4.84988488886107,1,2
13,5,30,7.74247651991328,3.28239807893573,4.86953820626478,5.8151691796587,4.74849763684268,1,2
13,5,32,7.74247651991328,3.28239807893573,4.64263399487586,5.76536381126431,4.71686422988373,1,2
13,5,33,7.74247651991328,3.28239807893573,7.23588366910476,6.84341310311723,4.9811211545229,1,2
13,5,35,7.74247651991328,3.28239807893573,5.44273394104304,5.83628856603776,4.79322079366055,1,2
13,5,36,7.74247651991328,3.28239807893573,4.31904970842154,5.95246538297779,4.85517558683039,1,2
13,5,40,7.74247651991328,3.28239807893573,5.25786220264829,6.46940351720133,4.9845025680066,1,2
13,5,41,7.74247651991328,3.28239807893573,3.51632122108696,6.29553084798934,4.92451737093844,1,2
13,5,42,7.74247651991328,3.28239807893573,4.9246995718078,6.69454703819567,5.08374683915669,1,2
13,5,44,7.74247651991328,3.28239807893573,4.98217730793395,5.42639206992059,4.63309559125212,1,2
13,5,46,7.74247651991328,3.28239807893573,5.37186348722958,4.7236040621485,4.40045302966258,1,2
13,5,47,7.74247651991328,3.28239807893573,4.4648508444449,5.39612001855537,4.56607537679641,1,2
13,5,51,7.74247651991328,3.28239807893573,5.90765418685576,6.57504931258194,5.21975028525589,1,2
13,5,53,7.74247651991328,3.28239807893573,5.64486277624768,6.78554398778476,5.33948839002405,1,2
13,5,54,7.74247651991328,3.28239807893573,6.32081226691673,6.17906073622628,5.07834749924005,1,2
13,5,55,7.74247651991328,3.28239807893573,6.92423158419796,6.46000475266769,4.89608351881771,1,2
13,5,56,7.74247651991328,3.28239807893573,7.62489405029054,6.22603344971586,5.03064889768605,1,2
13,5,60,7.74247651991328,3.28239807893573,4.38368192680287,5.81036493529819,4.70122480780811,1,2
13,5,64,7.74247651991328,3.28239807893573,4.50010522975323,5.72676965123802,4.67718395059978,1,2
13,5,66,7.74247651991328,3.28239807893573,4.52063733586724,5.97850555371991,4.85359309856102,1,2
13,5,67,7.74247651991328,3.28239807893573,5.5159209552558,7.00583646449045,5.3497186142705,1,2
13,5,72,7.74247651991328,3.28239807893573,4.67372423591342,5.71719105693567,4.79765043901269,1,2
13,5,73,7.74247651991328,3.28239807893573,5.20184208999303,5.94356159072686,4.81962569213255,1,2
13,5,74,7.74247651991328,3.28239807893573,5.52353050297478,6.43059173615526,4.93616651761751,1,2
13,5,76,7.74247651991328,3.28239807893573,3.18692148700646,6.67277786044361,5.13155710136484,1,2
13,5,78,7.74247651991328,3.28239807893573,5.06166106476239,5.74034311369045,4.62405103235246,1,2
13,6,1,7.74247651991328,3.28239807893573,6.41568704642975,6.37567750676642,5.34362144324488,1,2
13,6,3,7.74247651991328,3.28239807893573,6.23427210636673,6.35857089893847,5.38949820445446,1,2
13,6,4,7.74247651991328,3.28239807893573,4.44409564761161,6.11358184523895,5.24727876035249,1,2
13,6,7,7.74247651991328,3.28239807893573,4.22163980670817,6.13711810215181,5.34456777206787,1,2
13,6,11,7.74247651991328,3.28239807893573,6.5284781740049,6.1882598997994,5.52865774206061,1,2
13,6,12,7.74247651991328,3.28239807893573,6.03514648184992,5.81545596855893,5.46227509742733,1,2
13,6,13,7.74247651991328,3.28239807893573,5.05615355337275,6.46061167726352,5.30061088210146,1,2
13,6,15,7.74247651991328,3.28239807893573,4.53290756240893,6.06655525637868,5.3728306427852,1,2
13,6,16,7.74247651991328,3.28239807893573,4.29030373824803,6.48253182319828,5.5048332516773,1,2
13,6,18,7.74247651991328,3.28239807893573,4.30418925909316,5.18026645318619,4.89470934049457,1,2
13,6,26,7.74247651991328,3.28239807893573,5.46848753924852,6.0065629559938,5.10923626805656,1,2
13,6,28,7.74247651991328,3.28239807893573,5.79165659386065,6.02091124170068,5.31480960005648,1,2
13,6,30,7.74247651991328,3.28239807893573,4.54056184695666,6.52350029885764,5.40373208797674,1,2
13,6,31,7.74247651991328,3.28239807893573,5.63590111059815,7.4654622572091,5.70853449416788,1,2
13,6,32,7.74247651991328,3.28239807893573,5.06439822185848,6.53697935937164,5.5872472590139,1,2
13,6,34,7.74247651991328,3.28239807893573,4.13960445959477,5.33991103692052,5.06711968338701,1,2
13,6,35,7.74247651991328,3.28239807893573,5.00808337112284,6.05846384465524,5.54923104293586,1,2
13,6,37,7.74247651991328,3.28239807893573,4.24100272204156,5.79965395135741,5.33414860320898,1,2
13,6,40,7.74247651991328,3.28239807893573,3.19993884210743,5.59503042429271,5.28599101168943,1,2
13,6,41,7.74247651991328,3.28239807893573,3.77024754091906,6.32014558321574,5.48700315227962,1,2
13,6,42,7.74247651991328,3.28239807893573,4.51152488305221,5.68201247317558,5.36673596589583,1,2
13,6,43,7.74247651991328,3.28239807893573,6.48304203659881,5.8783434391901,5.33937073647324,1,2
13,6,45,7.74247651991328,3.28239807893573,5.80217624566359,5.73313258575285,5.22453361921537,1,2
13,6,47,7.74247651991328,3.28239807893573,4.10053594088808,5.74275198548546,5.23508119008101,1,2
13,6,48,7.74247651991328,3.28239807893573,6.7739080432652,5.52913849497401,4.98233865723451,1,2
13,6,49,7.74247651991328,3.28239807893573,5.72923526032812,5.77404392718216,5.23997437749802,1,2
13,6,51,7.74247651991328,3.28239807893573,5.57643090673162,5.36028653399978,5.02858057161125,1,2
13,6,54,7.74247651991328,3.28239807893573,7.10861681015936,5.3025908946352,5.01077110930953,1,2
13,6,56,7.74247651991328,3.28239807893573,6.00425241194341,5.96020261269145,5.236932439171,1,2
13,6,60,7.74247651991328,3.28239807893573,5.16885213139029,6.15568371571076,5.35294803995812,1,2
13,6,61,7.74247651991328,3.28239807893573,4.29746113077769,6.18755907900891,5.28330892495174,1,2
13,6,66,7.74247651991328,3.28239807893573,5.42137707953071,6.35591271643645,5.53506008114209,1,2
13,6,67,7.74247651991328,3.28239807893573,5.90645239492543,5.82210784247762,5.21480777804329,1,2
13,6,68,7.74247651991328,3.28239807893573,5.77518246197201,6.57048577480917,5.55100227089078,1,2
13,6,69,7.74247651991328,3.28239807893573,3.81171146178224,4.71928978247565,4.51752247921846,1,2
13,6,72,7.74247651991328,3.28239807893573,5.31436921952212,5.70057970312065,5.15597323844192,1,2
13,6,73,7.74247651991328,3.28239807893573,3.82287028515855,6.60290398122386,5.48646543723602,1,2
13,6,75,7.74247651991328,3.28239807893573,3.71959493626762,4.798571984372,4.92441721051984,1,2
13,6,76,7.74247651991328,3.28239807893573,5.70930238784724,5.72295517581729,5.10151233116438,1,2
13,6,79,7.74247651991328,3.28239807893573,4.83388813733549,6.24580248847188,5.52558302819478,1,2
13,6,80,7.74247651991328,3.28239807893573,5.61359528865751,6.46749771707948,5.78716569503257,1,2
13,6,83,7.74247651991328,3.28239807893573,4.21086613075616,5.58590050195306,4.91683433911527,1,2
13,6,84,7.74247651991328,3.28239807893573,4.49670376971674,5.76305138987572,5.26926323051058,1,2
13,6,85,7.74247651991328,3.28239807893573,5.32942891099176,6.55233446721017,5.69870748824031,1,2
13,6,86,7.74247651991328,3.28239807893573,6.16324338842643,5.92427030425872,5.15424569155538,1,2
13,7,5,7.74247651991328,3.28239807893573,5.36851404989054,7.05449461949032,5.80703258106131,1,2
13,7,6,7.74247651991328,3.28239807893573,5.75768803484464,6.50547616650662,5.68620771925581,1,2
13,7,11,7.74247651991328,3.28239807893573,3.59997611111804,6.15479145807331,5.41478343249194,1,2
13,7,14,7.74247651991328,3.28239807893573,4.88942918312218,5.67160917099501,5.1769751442011,1,2
13,7,16,7.74247651991328,3.28239807893573,6.06254651094097,6.19197990591178,5.82672218151349,1,2
13,7,18,7.74247651991328,3.28239807893573,5.03993877543142,5.69540761130278,5.32797536905863,1,2
13,7,20,7.74247651991328,3.28239807893573,6.15861397088078,5.55384118483822,5.30424311598657,1,2
13,7,23,7.74247651991328,3.28239807893573,5.47534919254366,5.80211468550356,5.42780584250298,1,2
13,7,25,7.74247651991328,3.28239807893573,5.4921267902449,5.84560252497534,5.64662672059653,1,2
13,7,27,7.74247651991328,3.28239807893573,6.45411388621426,6.05611565963276,5.57490068825038,1,2
13,7,28,7.74247651991328,3.28239807893573,6.99431656307146,6.28028114612616,5.59834140365564,1,2
13,7,32,7.74247651991328,3.28239807893573,4.4488662884929,5.76628867734653,5.46018319202649,1,2
13,7,33,7.74247651991328,3.28239807893573,5.48344467485918,5.72426004589909,5.5587234000315,1,2
13,7,34,7.74247651991328,3.28239807893573,5.50022446235655,6.01857360023766,5.48857452488376,1,2
13,7,36,7.74247651991328,3.28239807893573,4.34223711550058,6.89061854491855,5.83606541882738,1,2
13,7,37,7.74247651991328,3.28239807893573,6.0205854825781,6.25857196812274,5.63116405624995,1,2
13,7,39,7.74247651991328,3.28239807893573,7.02934720695451,6.54793771002807,5.80899058104429,1,2
13,7,43,7.74247651991328,3.28239807893573,5.43426832157062,5.74405481816183,5.54339524942788,1,2
13,7,47,7.74247651991328,3.28239807893573,4.75166726295372,5.33747986847558,5.16317311586592,1,2
13,7,48,7.74247651991328,3.28239807893573,5.35306266773104,5.77850475951167,5.59837985662074,1,2
13,7,51,7.74247651991328,3.28239807893573,6.24811394283698,5.92983169137052,5.76141249464266,1,2
13,7,52,7.74247651991328,3.28239807893573,4.84567566381895,5.77244683454779,5.45890966235952,1,2
13,7,53,7.74247651991328,3.28239807893573,4.38795774108844,6.20619232944229,5.43665154915653,1,2
13,7,54,7.74247651991328,3.28239807893573,3.75795061079719,5.51242575502052,5.46213849938761,1,2
13,7,57,7.74247651991328,3.28239807893573,3.47393972902543,5.86367104386632,5.39598950210243,1,2
13,7,58,7.74247651991328,3.28239807893573,4.03658071594437,5.81904149480476,5.31772969417538,1,2
13,7,59,7.74247651991328,3.28239807893573,6.36623047468391,5.46253421888068,5.25500146309152,1,2
13,7,62,7.74247651991328,3.28239807893573,3.9023878037876,6.18062356918322,5.50889439376985,1,2
13,7,63,7.74247651991328,3.28239807893573,5.84922364415224,6.04892493107401,5.62615601014535,1,2
13,7,64,7.74247651991328,3.28239807893573,5.26960346161022,6.04929928278492,5.69928104006232,1,2
13,7,65,7.74247651991328,3.28239807893573,4.53902818908488,5.78185166139431,5.29149549296535,1,2
13,7,66,7.74247651991328,3.28239807893573,4.50587415316469,5.81145774581597,5.40326846682936,1,2
13,7,70,7.74247651991328,3.28239807893573,3.85197073319055,5.87091198537739,5.265776935644,1,2
13,7,71,7.74247651991328,3.28239807893573,5.72069975725582,6.00408677821749,5.66132026187136,1,2
13,7,72,7.74247651991328,3.28239807893573,5.08230733761345,5.63206157343331,5.24407507702499,1,2
13,7,73,7.74247651991328,3.28239807893573,6.0901978733789,6.74755329228245,5.66989093715767,1,2
13,7,74,7.74247651991328,3.28239807893573,8.3448002499496,5.94850533834796,5.54624607283333,1,2
13,8,1,7.74247651991328,3.28239807893573,4.9641710703259,6.368896941811,5.84726255424402,1,2
13,8,2,7.74247651991328,3.28239807893573,5.03417309337343,6.30283182296243,5.92808836317194,1,2
13,8,3,7.74247651991328,3.28239807893573,4.9917346963362,5.625536841241,5.62037923097539,1,2
13,8,4,7.74247651991328,3.28239807893573,4.9704162538234,5.9682174620182,5.60750528483567,1,2
13,8,6,7.74247651991328,3.28239807893573,4.2324784924772,5.54532023223637,5.31948318598009,1,2
13,8,8,7.74247651991328,3.28239807893573,7.23070480627994,5.97040306797638,5.527292841965,1,2
13,8,9,7.74247651991328,3.28239807893573,3.87391817969459,5.50334653308212,5.49214850677552,1,2
13,8,10,7.74247651991328,3.28239807893573,3.88217560829626,5.78324608267995,5.51530043050815,1,2
13,8,12,7.74247651991328,3.28239807893573,3.72419868551861,5.73696165080503,5.78172155362395,1,2
13,8,13,7.74247651991328,3.28239807893573,6.77336785878339,5.56602044681396,5.64392576952426,1,2
13,8,14,7.74247651991328,3.28239807893573,6.6331781851305,6.50333907820784,5.96210491190401,1,2
13,8,19,7.74247651991328,3.28239807893573,5.55651583144299,5.47832115638319,5.4744430694206,1,2
13,8,21,7.74247651991328,3.28239807893573,3.8489253580036,5.53797970972443,5.56554273686203,1,2
13,8,23,7.74247651991328,3.28239807893573,3.56375878883914,5.95672391271386,5.67307414761124,1,2
13,8,24,7.74247651991328,3.28239807893573,5.358314513362,6.81705152622181,5.85047716690537,1,2
13,8,25,7.74247651991328,3.28239807893573,4.33401620594906,6.72739307755629,5.91325052927986,1,2
13,8,26,7.74247651991328,3.28239807893573,4.30787129623237,5.12868005475823,5.46630878318132,1,2
13,8,28,7.74247651991328,3.28239807893573,5.71229033735307,6.66445432967689,5.95005784271086,1,2
13,8,29,7.74247651991328,3.28239807893573,5.54318920033686,6.75191147453438,5.83346760224035,1,2
13,8,30,7.74247651991328,3.28239807893573,3.1313956083534,5.14047847237285,5.45196056021928,1,2
13,8,33,7.74247651991328,3.28239807893573,4.48729344222816,6.22021375850741,5.62526893847939,1,2
13,8,35,7.74247651991328,3.28239807893573,4.43984671638017,5.60338857324702,5.59871529604574,1,2
13,8,36,7.74247651991328,3.28239807893573,5.55903213909996,4.40340236248385,5.2693274602428,1,2
13,8,37,7.74247651991328,3.28239807893573,5.56030908059584,5.51665439093286,5.46006852122128,1,2
13,8,38,7.74247651991328,3.28239807893573,6.18487219674876,5.8849377183185,5.60182499096072,1,2
13,8,40,7.74247651991328,3.28239807893573,5.06837769904844,5.7079919616533,5.58230123667271,1,2
13,8,41,7.74247651991328,3.28239807893573,4.82460660652286,6.71447680908508,5.84118250799142,1,2
13,8,42,7.74247651991328,3.28239807893573,7.10623434597992,6.19469229944801,5.74807214115318,1,2
13,8,44,7.74247651991328,3.28239807893573,5.15708283246133,5.5606293102479,5.5961511661085,1,2
13,8,49,7.74247651991328,3.28239807893573,4.71485064125941,5.14312114247035,5.44259517049025,1,2
13,8,51,7.74247651991328,3.28239807893573,5.99560303164639,5.68535868705113,5.51375484660897,1,2
13,8,53,7.74247651991328,3.28239807893573,4.65197135237671,5.75189514665982,5.56590172946788,1,2
13,8,55,7.74247651991328,3.28239807893573,5.09442583384138,6.6220099731754,5.83611093461008,1,2
13,8,56,7.74247651991328,3.28239807893573,4.19035232811808,5.68054075614092,5.54672205892576,1,2
13,8,58,7.74247651991328,3.28239807893573,4.58584977896913,5.45953027148868,5.60495676096383,1,2
13,8,63,7.74247651991328,3.28239807893573,4.89874061321821,5.28970565260891,5.34064031066025,1,2
13,8,68,7.74247651991328,3.28239807893573,5.82210263094817,5.40938147060981,5.70060319834788,1,2
13,8,69,7.74247651991328,3.28239807893573,5.60648243411024,5.80144122103899,5.83436086040231,1,2
13,8,71,7.74247651991328,3.28239807893573,6.19858799398075,6.55549498367663,5.94189672531901,1,2
13,8,72,7.74247651991328,3.28239807893573,6.05980653715243,6.33072170513136,5.86029208903978,1,2
13,8,74,7.74247651991328,3.28239807893573,6.6352702131863,6.49229397036764,6.10513772738465,1,2
13,8,75,7.74247651991328,3.28239807893573,4.36430058252024,5.83254435832343,5.63590888308109,1,2
13,8,77,7.74247651991328,3.28239807893573,5.69747354604411,6.19719473879188,5.89678426241243,1,2
13,8,79,7.74247651991328,3.28239807893573,5.04740267019665,6.30146349010547,5.73764561779798,1,2
13,8,80,7.74247651991328,3.28239807893573,5.89345481623266,6.65867207132508,5.97610198486697,1,2
13,8,81,7.74247651991328,3.28239807893573,4.64275231367979,5.90580842971399,5.73919568866019,1,2
13,8,86,7.74247651991328,3.28239807893573,5.57953593317083,6.37591016360939,5.85133288589402,1,2
13,8,89,7.74247651991328,3.28239807893573,5.09558074077388,5.79258413855536,5.80651545465492,1,2
13,8,90,7.74247651991328,3.28239807893573,3.78183183763237,6.98677324983305,6.12648725630677,1,2
13,8,91,7.74247651991328,3.28239807893573,4.71015935445399,4.96173057455113,5.33074465404281,1,2
13,8,93,7.74247651991328,3.28239807893573,4.6331841137862,6.9022996443038,5.86950726915901,1,2
13,9,1,7.74247651991328,3.28239807893573,3.43588173124359,5.6187352577167,5.89987171452494,1,2
13,9,2,7.74247651991328,3.28239807893573,4.64608861150952,5.97578442223327,5.89164675644656,1,2
13,9,5,7.74247651991328,3.28239807893573,3.6081034852593,6.66394630191439,6.02973570138273,1,2
13,9,11,7.74247651991328,3.28239807893573,4.22934582519085,5.89092071448382,5.67188111672375,1,2
13,9,14,7.74247651991328,3.28239807893573,4.21344056740865,6.47057215232668,6.05526199238222,1,2
13,9,17,7.74247651991328,3.28239807893573,5.32131166408844,6.46756705058155,6.00047894359707,1,2
13,9,19,7.74247651991328,3.28239807893573,5.62737238331059,6.85865425473332,6.11047139317989,1,2
13,9,20,7.74247651991328,3.28239807893573,5.88802230157432,5.20255324301201,5.71484005684161,1,2
13,9,21,7.74247651991328,3.28239807893573,6.23599777562563,6.24171457020084,6.05900959835497,1,2
13,9,22,7.74247651991328,3.28239807893573,4.73432266600845,5.15877778646319,5.33527536925713,1,2
13,9,23,7.74247651991328,3.28239807893573,4.10238977368088,6.4184519216689,6.15334603644773,1,2
13,9,26,7.74247651991328,3.28239807893573,4.85480469843669,6.06362435596186,5.82765769756154,1,2
13,9,27,7.74247651991328,3.28239807893573,3.49957128541639,5.64821437626767,5.75535554940492,1,2
13,9,31,7.74247651991328,3.28239807893573,5.31818074728725,5.87325406796525,5.82060032099887,1,2
13,9,32,7.74247651991328,3.28239807893573,4.0596007406677,5.89779644752884,5.92158105319769,1,2
13,9,33,7.74247651991328,3.28239807893573,6.72834794110871,5.22348981629286,5.67536949255887,1,2
13,9,34,7.74247651991328,3.28239807893573,4.28411490156732,5.75562849723384,5.79858367951708,1,2
13,9,36,7.74247651991328,3.28239807893573,5.51104790200647,5.78271633528966,5.80754018951252,1,2
13,9,37,7.74247651991328,3.28239807893573,5.39789102100864,5.56475569545635,5.66850759900714,1,2
13,9,38,7.74247651991328,3.28239807893573,4.64992854079118,5.80211276293555,5.76738716384643,1,2
13,9,41,7.74247651991328,3.28239807893573,5.92955587355101,6.41164954714906,6.13588987300143,1,2
13,9,42,7.74247651991328,3.28239807893573,4.39919826919197,6.60673744658087,6.12105867657081,1,2
13,9,45,7.74247651991328,3.28239807893573,4.576551736178,5.8428790264915,5.84328051527157,1,2
13,9,47,7.74247651991328,3.28239807893573,4.98230861444332,5.62278100207053,5.50567221632443,1,2
13,9,49,7.74247651991328,3.28239807893573,4.26560730398032,5.59328400919249,5.54216436449363,1,2
13,9,52,7.74247651991328,3.28239807893573,6.36779234622113,5.84819557677866,5.66382956494019,1,2
13,9,53,7.74247651991328,3.28239807893573,4.619362297172,5.64137496269414,5.65225460017443,1,2
13,9,57,7.74247651991328,3.28239807893573,3.31862069487832,5.679295695326,5.74997454616135,1,2
13,9,61,7.74247651991328,3.28239807893573,3.71529199073852,6.46502282414665,5.96535221014945,1,2
13,9,63,7.74247651991328,3.28239807893573,5.38017841116354,6.38529994652133,5.95783463753928,1,2
13,9,64,7.74247651991328,3.28239807893573,4.46720254887697,6.94813533724883,6.12161514576046,1,2
13,9,65,7.74247651991328,3.28239807893573,3.65113066071606,5.31392614725316,5.48944315674253,1,2
13,9,68,7.74247651991328,3.28239807893573,4.39444545461731,6.0314376028066,5.97677428620231,1,2
13,9,69,7.74247651991328,3.28239807893573,5.8364822638757,6.61948268498787,5.95768348744059,1,2
13,9,71,7.74247651991328,3.28239807893573,6.66203928604857,5.91484531521551,5.97168355550346,1,2
13,9,73,7.74247651991328,3.28239807893573,3.21705993146461,6.37220212186779,5.87087092653061,1,2
13,9,80,7.74247651991328,3.28239807893573,5.28427461783201,6.42184319894353,5.93389705005069,1,2
13,9,82,7.74247651991328,3.28239807893573,4.37668278553407,4.87548290104478,5.50065157814583,1,2
13,9,83,7.74247651991328,3.28239807893573,4.02652311964434,6.52596599080131,6.08368518221801,1,2
13,9,84,7.74247651991328,3.28239807893573,4.97678173336664,5.72980781260655,5.81535881996537,1,2
13,9,86,7.74247651991328,3.28239807893573,5.04010744560463,6.40121786797512,5.98377694851337,1,2
13,10,3,7.74247651991328,3.28239807893573,4.67477012123925,5.7319982037651,6.12558746966333,1,2
13,10,4,7.74247651991328,3.28239807893573,5.40230476117106,6.4916006748632,6.20140256689024,1,2
13,10,6,7.74247651991328,3.28239807893573,4.9539992577424,5.63008945610589,6.03596583491743,1,2
13,10,9,7.74247651991328,3.28239807893573,5.4192797699074,5.14467612825415,6.11799237270822,1,2
13,10,12,7.74247651991328,3.28239807893573,3.47203638708756,5.75050098038686,5.97841326220618,1,2
13,10,14,7.74247651991328,3.28239807893573,4.62027731488489,6.04843405645294,6.11301776402361,1,2
13,10,15,7.74247651991328,3.28239807893573,3.44449589882585,6.76935963913849,6.44404293611742,1,2
13,10,16,7.74247651991328,3.28239807893573,7.45577466242956,6.06497626094918,6.23237781881931,1,2
13,10,17,7.74247651991328,3.28239807893573,6.57467356157448,6.03838169187211,6.16846319791951,1,2
13,10,19,7.74247651991328,3.28239807893573,5.60447248270764,5.91584671771872,6.30929703413029,1,2
13,10,20,7.74247651991328,3.28239807893573,7.09481053885037,6.25649248666431,6.32007222718295,1,2
13,10,21,7.74247651991328,3.28239807893573,5.37267605645048,5.98015119407241,6.12250846695703,1,2
13,10,27,7.74247651991328,3.28239807893573,5.34608690850395,5.51727865820161,5.89908156239705,1,2
13,10,32,7.74247651991328,3.28239807893573,4.0626928467865,6.24098376101706,6.23037031209724,1,2
13,10,33,7.74247651991328,3.28239807893573,3.71471152063945,5.3612100219952,5.95612298223103,1,2
13,10,34,7.74247651991328,3.28239807893573,6.89842106558746,7.13650624424795,6.62203123459995,1,2
13,10,35,7.74247651991328,3.28239807893573,4.81180632964511,5.55191728548963,6.02075082071096,1,2
13,10,37,7.74247651991328,3.28239807893573,5.45445740254443,5.84855022637982,6.10847927901527,1,2
13,10,39,7.74247651991328,3.28239807893573,6.17272845323996,5.82574699365962,6.40312333056095,1,2
13,10,42,7.74247651991328,3.28239807893573,3.93888152138673,5.4089519860634,5.81352321869099,1,2
13,10,43,7.74247651991328,3.28239807893573,5.17037911757696,5.94499576264945,6.17677457701162,1,2
13,10,46,7.74247651991328,3.28239807893573,6.42839555786285,6.01548955068536,6.12995483277998,1,2
13,10,50,7.74247651991328,3.28239807893573,6.39746206432381,6.19313594311341,6.08387618788285,1,2
13,10,51,7.74247651991328,3.28239807893573,5.38403884309844,4.86311299817708,5.89568871101552,1,2
13,10,52,7.74247651991328,3.28239807893573,3.93352332403865,6.46727312837784,6.23255743510139,1,2
13,10,54,7.74247651991328,3.28239807893573,5.79710812719026,6.14421574589677,6.29606662984249,1,2
13,10,55,7.74247651991328,3.28239807893573,4.16068358992191,5.46722665409118,5.75127521415385,1,2
13,10,59,7.74247651991328,3.28239807893573,3.49105029881616,5.88078890584439,6.1148700234277,1,2
13,10,60,7.74247651991328,3.28239807893573,5.26041744802699,6.80095316017783,6.55916116580794,1,2
13,10,61,7.74247651991328,3.28239807893573,3.83650859885227,5.9090709799138,6.14044914079995,1,2
13,10,62,7.74247651991328,3.28239807893573,4.04857626320071,6.34867757392546,6.10797432067094,1,2
13,10,63,7.74247651991328,3.28239807893573,5.87750816213024,5.10232746701171,5.98672811586886,1,2
13,10,64,7.74247651991328,3.28239807893573,4.65537656902352,6.72273364610045,6.21327108393513,1,2
13,10,65,7.74247651991328,3.28239807893573,3.38894377708406,6.05045752133294,6.18024754161074,1,2
13,10,66,7.74247651991328,3.28239807893573,3.64285969916086,6.24719188767406,6.13205501166223,1,2
13,10,68,7.74247651991328,3.28239807893573,2.8671069057182,5.24208060532377,5.92312472879462,1,2
13,10,69,7.74247651991328,3.28239807893573,6.73313301704843,5.98332107297473,6.36612783354511,1,2
13,10,73,7.74247651991328,3.28239807893573,3.57525849241436,5.6313984420571,5.75196576003882,1,2
13,10,76,7.74247651991328,3.28239807893573,4.0787195309176,6.1102515199544,6.31731681221713,1,2
13,10,79,7.74247651991328,3.28239807893573,4.55697191765344,6.12666724167861,6.37815121283714,1,2
13,10,81,7.74247651991328,3.28239807893573,3.63399463563456,6.01556914663904,6.09501616023796,1,2
13,10,82,7.74247651991328,3.28239807893573,5.540121071017,6.09236066074354,6.07346108821781,1,2
13,11,1,7.74247651991328,3.28239807893573,4.07564003993743,5.09682343117858,5.8652425007517,1,2
13,11,2,7.74247651991328,3.28239807893573,3.45655902105951,6.19903112382443,6.27746812348824,1,2
13,11,4,7.74247651991328,3.28239807893573,5.90817421834305,6.07012853026042,6.23583296020253,1,2
13,11,5,7.74247651991328,3.28239807893573,7.13212292939338,5.3586340109041,6.28653264627834,1,2
13,11,6,7.74247651991328,3.28239807893573,4.57825083055379,6.64169509379643,6.27911380974878,1,2
13,11,8,7.74247651991328,3.28239807893573,5.46408160174887,5.66541262476073,6.19431259860506,1,2
13,11,9,7.74247651991328,3.28239807893573,4.29275766061269,5.96806824400315,6.15567194639992,1,2
13,11,12,7.74247651991328,3.28239807893573,4.73818467342842,5.51638689073931,6.00418097383896,1,2
13,11,14,7.74247651991328,3.28239807893573,5.23451937588842,7.03706824526728,6.60356096274441,1,2
13,11,15,7.74247651991328,3.28239807893573,5.01148493712776,5.93114326495722,6.22880433467737,1,2
13,11,16,7.74247651991328,3.28239807893573,5.98059586783183,6.90379896367986,6.74489303497988,1,2
13,11,17,7.74247651991328,3.28239807893573,6.17930913926565,5.20671559590805,5.85720860099247,1,2
13,11,18,7.74247651991328,3.28239807893573,5.02779626420292,5.84207638693012,6.06407052835993,1,2
13,11,21,7.74247651991328,3.28239807893573,4.59380628472364,4.8729885914484,6.06214108493732,1,2
13,11,22,7.74247651991328,3.28239807893573,5.94080326611443,6.13721359602599,6.63830020967992,1,2
13,11,23,7.74247651991328,3.28239807893573,2.16696615130962,6.77043249850314,6.35143114248875,1,2
13,11,24,7.74247651991328,3.28239807893573,5.11996422306256,6.70560480694021,6.54213349556159,1,2
13,11,27,7.74247651991328,3.28239807893573,5.0757460687267,6.53230857831525,6.29683360765659,1,2
13,11,28,7.74247651991328,3.28239807893573,5.20338799266901,5.10525094856891,5.85233714184598,1,2
13,11,32,7.74247651991328,3.28239807893573,4.14712644640706,5.38653043069793,6.00379517227472,1,2
13,11,33,7.74247651991328,3.28239807893573,5.7304824734035,6.17312196904671,6.2166378878417,1,2
13,11,35,7.74247651991328,3.28239807893573,4.04149922648306,5.87069262387493,6.30116662571418,1,2
13,11,36,7.74247651991328,3.28239807893573,4.70296967628154,5.58188927347142,5.95788816086627,1,2
13,11,37,7.74247651991328,3.28239807893573,4.70958549665676,5.93743449227475,6.24633305809712,1,2
13,11,38,7.74247651991328,3.28239807893573,7.0344730841776,5.78201710039227,6.19572885128968,1,2
13,11,39,7.74247651991328,3.28239807893573,4.4695722014174,5.7551404869326,6.05187464871932,1,2
13,11,40,7.74247651991328,3.28239807893573,2.91441042258391,5.739538922136,6.18884741081587,1,2
13,11,42,7.74247651991328,3.28239807893573,6.57721416646168,5.72508917774816,6.3233966907862,1,2
13,11,43,7.74247651991328,3.28239807893573,6.50150162542312,5.24317226517162,6.12133270206519,1,2
13,11,44,7.74247651991328,3.28239807893573,5.13963382796211,6.45388956516892,6.32781453562047,1,2
13,11,45,7.74247651991328,3.28239807893573,5.42091078702074,5.37066958602414,5.97730186756679,1,2
13,11,46,7.74247651991328,3.28239807893573,5.55317316629144,6.70867524266822,6.50314945016832,1,2
13,11,47,7.74247651991328,3.28239807893573,3.8825370321485,6.49293511765371,6.61671215601783,1,2
13,11,48,7.74247651991328,3.28239807893573,4.1372863523399,6.86054806798204,6.70831080836155,1,2
13,11,49,7.74247651991328,3.28239807893573,3.96058454279456,5.82550883092425,5.95351790387056,1,2
13,11,51,7.74247651991328,3.28239807893573,5.22376203547655,5.75427401425409,6.15405975721631,1,2
13,11,52,7.74247651991328,3.28239807893573,6.15541051308792,6.43264577212028,6.27358344005044,1,2
13,11,54,7.74247651991328,3.28239807893573,4.52566646797807,5.97572252559762,6.75944053481893,1,2
13,11,55,7.74247651991328,3.28239807893573,4.88191859103073,5.72317233196362,6.25407458104113,1,2
13,11,56,7.74247651991328,3.28239807893573,5.68754543665754,5.8469562042333,6.32662322521178,1,2
13,11,57,7.74247651991328,3.28239807893573,4.64289562196901,6.49282055630774,6.37445989430039,1,2
13,11,59,7.74247651991328,3.28239807893573,3.51734438103334,5.56297420737018,5.94677271991058,1,2
13,11,60,7.74247651991328,3.28239807893573,3.77793477575759,6.42231799458036,6.42878365407414,1,2
13,11,61,7.74247651991328,3.28239807893573,4.87192344553418,6.41917889174398,6.38154936223224,1,2
13,11,62,7.74247651991328,3.28239807893573,5.33807651345895,5.20019503702879,6.00241527700457,1,2
13,11,65,7.74247651991328,3.28239807893573,5.40891391974838,5.44970340099867,6.21662913988958,1,2
13,11,66,7.74247651991328,3.28239807893573,6.15276546479433,5.31161526530615,5.97622066283968,1,2
13,11,67,7.74247651991328,3.28239807893573,5.48678213832959,5.11789198439034,6.05271718058531,1,2
13,11,73,7.74247651991328,3.28239807893573,5.89501098738337,6.43473401500445,6.37085169873167,1,2
13,11,74,7.74247651991328,3.28239807893573,4.89831116110768,5.96280873438037,6.24817906725222,1,2
13,12,1,7.74247651991328,3.28239807893573,4.36493102946255,6.5306618967704,6.77482937202098,1,2
13,12,3,7.74247651991328,3.28239807893573,5.95581710056704,5.37934756256341,6.54556773897262,1,2
13,12,4,7.74247651991328,3.28239807893573,6.85494987077787,4.8861342415631,6.12503625634465,1,2
13,12,5,7.74247651991328,3.28239807893573,6.07005670131473,6.00441370164646,6.44742395234678,1,2
13,12,6,7.74247651991328,3.28239807893573,6.42287485610096,6.65374815593023,6.94958945937529,1,2
13,12,8,7.74247651991328,3.28239807893573,8.60766017416926,6.56033390137652,6.61045328325977,1,2
13,12,9,7.74247651991328,3.28239807893573,5.19863011605004,5.64589085367875,6.34589246390914,1,2
13,12,10,7.74247651991328,3.28239807893573,3.98562457542019,6.17902291866022,6.5436084662151,1,2
13,12,11,7.74247651991328,3.28239807893573,4.95250110532467,5.85212263551426,6.6055780482907,1,2
13,12,12,7.74247651991328,3.28239807893573,6.46026922594721,6.27566096775518,6.37651031287868,1,2
13,12,13,7.74247651991328,3.28239807893573,4.98995793775596,5.81684608355785,6.49228977276501,1,2
13,12,17,7.74247651991328,3.28239807893573,3.53790453489645,6.46563849585982,6.55631308846652,1,2
13,12,19,7.74247651991328,3.28239807893573,4.93998395201867,5.79660166559004,6.511950575567,1,2
13,12,20,7.74247651991328,3.28239807893573,4.91036004439869,5.54900178091693,6.51551020748655,1,2
13,12,26,7.74247651991328,3.28239807893573,5.8159168047589,5.43253854858569,6.34943779497111,1,2
13,12,27,7.74247651991328,3.28239807893573,6.6040533418284,5.58154072710447,6.4223914157691,1,2
13,12,28,7.74247651991328,3.28239807893573,4.52874762458999,5.350793971013,6.33494297354413,1,2
13,12,29,7.74247651991328,3.28239807893573,4.80176763776993,5.69089154486625,6.18078762945279,1,2
13,12,30,7.74247651991328,3.28239807893573,4.60456269022229,6.38800186785056,6.62331636767057,1,2
13,12,31,7.74247651991328,3.28239807893573,6.04455688281786,6.05173886175088,6.57542380361573,1,2
13,12,34,7.74247651991328,3.28239807893573,4.87349389822504,6.05875097980144,6.50911835454741,1,2
13,12,35,7.74247651991328,3.28239807893573,4.3266705862897,5.66283415406414,6.49181806680758,1,2
13,12,37,7.74247651991328,3.28239807893573,2.71928836340156,6.64218518451042,6.77371908281265,1,2
13,12,41,7.74247651991328,3.28239807893573,3.83654572228275,6.31890035664,6.56816452922963,1,2
13,12,42,7.74247651991328,3.28239807893573,3.94675577958008,6.59486620598196,6.79786540025969,1,2
13,12,44,7.74247651991328,3.28239807893573,5.72975320665527,5.81497928135371,6.42534198935279,1,2
13,12,46,7.74247651991328,3.28239807893573,4.72729377428184,6.44016278469882,6.69883782301397,1,2
13,12,48,7.74247651991328,3.28239807893573,5.72550433821588,6.44706590247888,6.67598298599098,1,2
13,12,50,7.74247651991328,3.28239807893573,5.69075491649059,5.93275421083706,6.60948075309442,1,2
13,12,51,7.74247651991328,3.28239807893573,4.64256725932521,6.09611017253719,6.68906038215152,1,2
13,12,55,7.74247651991328,3.28239807893573,3.7439849315557,6.05045054009536,6.48020107321136,1,2
13,12,56,7.74247651991328,3.28239807893573,5.31463196218529,7.18346004980336,6.77284695790517,1,2
13,12,61,7.74247651991328,3.28239807893573,5.25106360152064,5.51854326620027,6.64625632693414,1,2
13,12,62,7.74247651991328,3.28239807893573,3.35381882162535,5.95732646240547,6.32333946726826,1,2
13,12,63,7.74247651991328,3.28239807893573,4.67971760147554,6.43689626278686,6.71612666741539,1,2
13,12,66,7.74247651991328,3.28239807893573,4.55199938226355,5.80088952643544,6.53029081434563,1,2
13,12,68,7.74247651991328,3.28239807893573,4.85055152716219,6.18655789888927,6.64925257900909,1,2
13,12,69,7.74247651991328,3.28239807893573,5.27223141536849,5.79797450736424,6.47092401888875,1,2
13,12,70,7.74247651991328,3.28239807893573,4.61065303871879,5.77466776591741,6.25078034594375,1,2
13,12,71,7.74247651991328,3.28239807893573,4.32589820643855,6.21030005528998,6.32859092469288,1,2
13,12,74,7.74247651991328,3.28239807893573,4.51722417962469,6.03929661169096,6.60124320709938,1,2
13,12,81,7.74247651991328,3.28239807893573,4.04580532007373,6.0233729640976,6.61734295434914,1,2
13,12,82,7.74247651991328,3.28239807893573,4.56664949404616,6.87808541559121,6.66257967842195,1,2
13,12,83,7.74247651991328,3.28239807893573,4.13954749465484,5.56679146998755,6.25963863146535,1,2
13,12,89,7.74247651991328,3.28239807893573,4.86625512458797,5.80488404142022,6.53643253046154,1,2
13,13,2,7.74247651991328,3.28239807893573,3.31770663701592,6.42893849949838,6.53603008221332,1,2
13,13,4,7.74247651991328,3.28239807893573,4.54602039214814,5.52496770770692,6.48701431700175,1,2
13,13,6,7.74247651991328,3.28239807893573,5.34427399370615,5.72913785064609,6.45443758736397,1,2
13,13,9,7.74247651991328,3.28239807893573,5.76023911764349,5.83203492959223,6.29918198659954,1,2
13,13,10,7.74247651991328,3.28239807893573,5.21751749659496,5.73354533493729,6.40358759485228,1,2
13,13,11,7.74247651991328,3.28239807893573,6.02021954591143,5.31712950947835,6.26552593434776,1,2
13,13,13,7.74247651991328,3.28239807893573,4.41035041141148,5.53877011321714,6.17385616163432,1,2
13,13,17,7.74247651991328,3.28239807893573,5.19422963071762,5.8503749097433,6.52345386900797,1,2
13,13,21,7.74247651991328,3.28239807893573,5.10478167729635,5.75723767834416,6.72876557578849,1,2
13,13,22,7.74247651991328,3.28239807893573,6.54919432505697,6.01254600265916,6.37599096483546,1,2
13,13,23,7.74247651991328,3.28239807893573,5.96922847652997,6.03935245780877,6.8373420733791,1,2
13,13,24,7.74247651991328,3.28239807893573,5.5714584301532,6.29053624247831,6.68620351562325,1,2
13,13,25,7.74247651991328,3.28239807893573,2.05741809888798,5.85014573522795,6.41656004968346,1,2
13,13,27,7.74247651991328,3.28239807893573,5.08497434121084,6.12441206325893,6.6110749982903,1,2
13,13,31,7.74247651991328,3.28239807893573,5.58429442267523,5.56315315837837,6.27108722116815,1,2
13,13,33,7.74247651991328,3.28239807893573,4.71912835446464,5.86515737499764,6.23552858787337,1,2
13,13,34,7.74247651991328,3.28239807893573,3.82444751214082,6.67401092741483,6.5829673419807,1,2
13,13,35,7.74247651991328,3.28239807893573,5.32151679538698,6.73792719871677,6.83325226191718,1,2
13,13,36,7.74247651991328,3.28239807893573,4.14006352209159,6.05566631365163,6.35040630200533,1,2
13,13,39,7.74247651991328,3.28239807893573,5.08806925790197,5.88168283035986,6.33923674431329,1,2
13,13,40,7.74247651991328,3.28239807893573,3.45278032161115,5.7666758509216,6.35956430298314,1,2
13,13,41,7.74247651991328,3.28239807893573,4.63664987032544,5.12518199229512,6.28766279600719,1,2
13,13,44,7.74247651991328,3.28239807893573,4.40416964962418,6.46035307283123,6.80430670415262,1,2
13,13,45,7.74247651991328,3.28239807893573,3.99701427209046,6.27070120940472,6.23049242289345,1,2
13,13,46,7.74247651991328,3.28239807893573,4.38623625454743,5.94543548002164,6.29095390787948,1,2
13,13,48,7.74247651991328,3.28239807893573,5.4182231523137,5.94920969337889,6.71350893770464,1,2
13,13,53,7.74247651991328,3.28239807893573,3.90449297881401,6.03356363342954,6.67617825131181,1,2
13,13,54,7.74247651991328,3.28239807893573,5.33596793262693,6.91085733928974,6.73598048467745,1,2
13,13,55,7.74247651991328,3.28239807893573,6.34650213765007,5.62914381773629,6.57780658837714,1,2
13,13,56,7.74247651991328,3.28239807893573,5.1670152376018,5.08872050476067,6.29721374203331,1,2
13,13,57,7.74247651991328,3.28239807893573,4.58038571748919,5.71576611091509,6.56979168272677,1,2
13,13,60,7.74247651991328,3.28239807893573,5.82268171735588,6.35470457596779,6.56172565726641,1,2
13,13,61,7.74247651991328,3.28239807893573,5.34182387137632,6.02712356606732,6.52089430229795,1,2
13,13,63,7.74247651991328,3.28239807893573,4.41987607384816,6.45693760313664,6.38304339920002,1,2
13,13,67,7.74247651991328,3.28239807893573,5.03083035620679,5.66774071501226,6.27503778093406,1,2
13,13,68,7.74247651991328,3.28239807893573,4.58361099661415,5.28182113029246,6.23150351545091,1,2
13,13,69,7.74247651991328,3.28239807893573,5.29994843761166,5.92077792506171,6.47978539317873,1,2
13,13,70,7.74247651991328,3.28239807893573,5.45850986534657,5.34041748262373,6.22938255345015,1,2
13,13,71,7.74247651991328,3.28239807893573,4.2960162797543,5.26979753117612,6.20452441733606,1,2
13,13,76,7.74247651991328,3.28239807893573,5.1064976117644,6.36719074656408,6.57862070074983,1,2
13,13,77,7.74247651991328,3.28239807893573,4.7259196422621,5.31499604048736,6.25778268725828,1,2
13,13,79,7.74247651991328,3.28239807893573,6.48144788567161,6.34680444254144,6.55761609299685,1,2
13,13,80,7.74247651991328,3.28239807893573,3.02211500686197,6.9093097851822,6.53527924182001,1,2
13,13,81,7.74247651991328,3.28239807893573,5.57778618962276,6.30224235268323,6.55019257299846,1,2
13,13,82,7.74247651991328,3.28239807893573,4.05691225046077,5.55883625810881,6.47204236920771,1,2
13,13,83,7.74247651991328,3.28239807893573,3.55967123101178,6.41383342255673,6.71527176088703,1,2
13,13,84,7.74247651991328,3.28239807893573,3.39984760868543,5.77925751464522,6.40100988912674,1,2
13,14,1,7.74247651991328,3.28239807893573,7.02224986831846,6.02568964073047,6.72812894334629,1,2
13,14,2,7.74247651991328,3.28239807893573,2.76986459007426,6.35989810442985,6.86916089830134,1,2
13,14,3,7.74247651991328,3.28239807893573,6.36947073835927,7.46326690477198,7.29243644292999,1,2
13,14,7,7.74247651991328,3.28239807893573,5.0362813448637,5.12837824529576,6.58958786825086,1,2
13,14,8,7.74247651991328,3.28239807893573,6.14111244826167,5.42619592866638,6.84313230612627,1,2
13,14,9,7.74247651991328,3.28239807893573,5.62808841955636,6.9829736340335,6.99918494219746,1,2
13,14,11,7.74247651991328,3.28239807893573,3.60166465780079,6.31737297194849,6.82746045767225,1,2
13,14,15,7.74247651991328,3.28239807893573,3.61673380766602,5.24204098344205,6.44652601238071,1,2
13,14,19,7.74247651991328,3.28239807893573,5.6629356116383,6.09394982074799,6.86595308916366,1,2
13,14,22,7.74247651991328,3.28239807893573,5.59844321799796,5.42237005021636,6.69274242145587,1,2
13,14,24,7.74247651991328,3.28239807893573,7.21875939384151,5.50603291513086,6.58076057782456,1,2
13,14,28,7.74247651991328,3.28239807893573,4.58236111870326,6.39374082290357,7.1440371963621,1,2
13,14,32,7.74247651991328,3.28239807893573,4.99581811677755,5.59548674562258,6.82415353195569,1,2
13,14,33,7.74247651991328,3.28239807893573,3.64866078465831,6.02318189006106,6.86678416181287,1,2
13,14,34,7.74247651991328,3.28239807893573,4.88256366551373,5.51179678913883,6.81123890816578,1,2
13,14,35,7.74247651991328,3.28239807893573,6.09290811335308,6.02700808110159,6.72804954822442,1,2
13,14,36,7.74247651991328,3.28239807893573,6.28209275856078,5.48892574644486,6.71497734442381,1,2
13,14,38,7.74247651991328,3.28239807893573,6.2655084224161,6.33867333281268,6.77403849178925,1,2
13,14,41,7.74247651991328,3.28239807893573,5.03751450451237,6.41300987574981,6.85640392819066,1,2
13,14,43,7.74247651991328,3.28239807893573,4.11889613952198,5.88253306523,6.50202792419794,1,2
13,14,44,7.74247651991328,3.28239807893573,3.97605324731852,5.82960653883874,6.58795809443389,1,2
13,14,45,7.74247651991328,3.28239807893573,5.37810905187248,5.65299128432207,6.48919846956353,1,2
13,14,46,7.74247651991328,3.28239807893573,5.23760024484272,6.28457716749941,6.77475035121787,1,2
13,14,47,7.74247651991328,3.28239807893573,4.16231762858908,5.64304093801219,6.70572554178931,1,2
13,14,50,7.74247651991328,3.28239807893573,5.63834921787106,6.47746343911537,6.74828235667766,1,2
13,14,51,7.74247651991328,3.28239807893573,3.88377983495029,6.06923084123503,6.61397024421391,1,2
13,14,52,7.74247651991328,3.28239807893573,5.2876751926133,6.43763317095127,6.72541016778264,1,2
13,14,53,7.74247651991328,3.28239807893573,4.0255870493523,5.54519779691211,6.56047482258471,1,2
13,14,55,7.74247651991328,3.28239807893573,5.47745667397807,5.99336304763442,6.78998768209018,1,2
13,14,56,7.74247651991328,3.28239807893573,4.69503218019832,6.18974501891271,6.965645617491,1,2
13,14,57,7.74247651991328,3.28239807893573,5.38459726801255,6.77121142713046,6.98230965518046,1,2
13,14,58,7.74247651991328,3.28239807893573,3.28137003790575,6.09637058056174,6.7479808081634,1,2
13,14,61,7.74247651991328,3.28239807893573,5.73182760254981,5.98698124167809,6.69190792467773,1,2
13,14,62,7.74247651991328,3.28239807893573,3.56086545079638,6.60969100230198,6.88526872866356,1,2
13,14,64,7.74247651991328,3.28239807893573,5.14571773934181,5.31365402932108,6.75413783821347,1,2
13,14,65,7.74247651991328,3.28239807893573,4.03083923426707,6.66323610265731,6.86948008704304,1,2
13,14,66,7.74247651991328,3.28239807893573,6.24430963932571,6.91601753055329,7.14797114801158,1,2
13,14,67,7.74247651991328,3.28239807893573,5.58905112868332,6.33192612930765,6.99046235022114,1,2
13,14,73,7.74247651991328,3.28239807893573,5.39408161238995,5.47225967969227,6.39872209496311,1,2
13,14,74,7.74247651991328,3.28239807893573,5.71112360857809,5.89795381044061,6.67983986061704,1,2
13,14,75,7.74247651991328,3.28239807893573,5.15604323332264,5.59192373266022,6.60364556561891,1,2
13,15,1,7.74247651991328,3.28239807893573,5.39107727333701,6.78643554070854,7.07081250071902,1,2
13,15,2,7.74247651991328,3.28239807893573,5.81902944426763,6.40272830342882,6.78218559060458,1,2
13,15,5,7.74247651991328,3.28239807893573,3.85664164989833,5.29752613257462,6.39567982035503,1,2
13,15,8,7.74247651991328,3.28239807893573,4.22394377359386,5.62186214588107,6.69468817200039,1,2
13,15,10,7.74247651991328,3.28239807893573,4.08879743868127,5.80156731940774,6.78580273356748,1,2
13,15,17,7.74247651991328,3.28239807893573,6.13564826588518,5.52861260753189,6.59912831485594,1,2
13,15,18,7.74247651991328,3.28239807893573,7.76531925354263,6.64213169415186,7.20633974609483,1,2
13,15,19,7.74247651991328,3.28239807893573,5.6266238279653,6.57524274500478,6.78139087042418,1,2
13,15,22,7.74247651991328,3.28239807893573,2.68204756883862,6.31901150894965,7.05853343636937,1,2
13,15,26,7.74247651991328,3.28239807893573,4.75026615756307,6.1122401950972,6.68353152436597,1,2
13,15,28,7.74247651991328,3.28239807893573,3.96210020195118,6.1541852958629,6.95168823541017,1,2
13,15,31,7.74247651991328,3.28239807893573,4.83984507608783,5.73307722811136,6.74124128288446,1,2
13,15,32,7.74247651991328,3.28239807893573,5.61892875329765,6.50862895270616,6.87580718296291,1,2
13,15,35,7.74247651991328,3.28239807893573,4.98793854584774,6.0916731491397,6.83506992264987,1,2
13,15,37,7.74247651991328,3.28239807893573,5.35793532004552,5.69215184475202,6.84040441532951,1,2
13,15,38,7.74247651991328,3.28239807893573,5.52854065251601,5.83406101018884,7.0959408069553,1,2
13,15,39,7.74247651991328,3.28239807893573,4.05546442219521,5.38110773515025,6.5876474373287,1,2
13,15,40,7.74247651991328,3.28239807893573,4.90054493013682,5.74217431634508,6.66805062995458,1,2
13,15,42,7.74247651991328,3.28239807893573,5.98827582166752,5.84405725904334,6.89955430305327,1,2
13,15,43,7.74247651991328,3.28239807893573,5.55941886693396,5.99052472424689,7.09925867581791,1,2
13,15,44,7.74247651991328,3.28239807893573,3.99369704851317,6.53737508517566,6.74729575761661,1,2
13,15,45,7.74247651991328,3.28239807893573,4.42497901263214,6.49032422927188,6.69039445183284,1,2
13,15,46,7.74247651991328,3.28239807893573,4.55179594175341,6.76715364658538,6.87582148855515,1,2
13,15,48,7.74247651991328,3.28239807893573,4.66723729792029,5.56931452379237,6.46408255252835,1,2
13,15,50,7.74247651991328,3.28239807893573,5.59143864235571,5.3668504946077,6.69241666521302,1,2
13,15,51,7.74247651991328,3.28239807893573,6.13282511930529,6.49312213877207,7.14922843696332,1,2
13,15,54,7.74247651991328,3.28239807893573,4.57835467495451,5.98430884863836,6.77410591881903,1,2
13,15,55,7.74247651991328,3.28239807893573,5.73238160036391,5.74510799917996,6.66365309589897,1,2
13,15,59,7.74247651991328,3.28239807893573,5.76462801694959,5.82304387954684,6.94168768172278,1,2
13,15,62,7.74247651991328,3.28239807893573,4.22740574524147,6.21502903119718,6.87815574517397,1,2
13,15,66,7.74247651991328,3.28239807893573,5.17286068677019,6.98891227150911,7.11148584093391,1,2
13,15,68,7.74247651991328,3.28239807893573,6.17378626478045,5.89094266851838,6.71144526064026,1,2
13,15,70,7.74247651991328,3.28239807893573,5.18593980754534,5.2726386463611,6.50851443578242,1,2
13,15,71,7.74247651991328,3.28239807893573,5.02718805372022,5.56586539102799,6.60278053624243,1,2
13,15,76,7.74247651991328,3.28239807893573,5.70212052004112,6.04588690812333,6.66291438442317,1,2
13,15,77,7.74247651991328,3.28239807893573,5.83240835413606,5.6136940107585,6.76301170703427,1,2
13,15,78,7.74247651991328,3.28239807893573,4.64497240708654,5.37660993142367,6.51930984549396,1,2
13,15,79,7.74247651991328,3.28239807893573,3.87038100220817,6.32688504695321,6.90909538731613,1,2
13,16,2,7.74247651991328,3.28239807893573,3.56393960461275,6.69165256263706,7.03649841284285,1,2
13,16,4,7.74247651991328,3.28239807893573,5.11931783180231,5.54531785894054,6.9707644851246,1,2
13,16,8,7.74247651991328,3.28239807893573,4.03588734618939,4.59927004685507,6.37742292825521,1,2
13,16,9,7.74247651991328,3.28239807893573,4.75658549684234,6.31989838953891,7.16102682351759,1,2
13,16,13,7.74247651991328,3.28239807893573,6.49114429471074,6.26251571237074,7.1066239153027,1,2
13,16,15,7.74247651991328,3.28239807893573,3.81859862929528,6.22699244695061,6.67529457613016,1,2
13,16,18,7.74247651991328,3.28239807893573,5.83810931527057,5.93837130726886,7.03647988880035,1,2
13,16,20,7.74247651991328,3.28239807893573,5.28994727445462,5.75304820933112,6.90621344244441,1,2
13,16,21,7.74247651991328,3.28239807893573,5.55272719746188,6.38215740354016,6.69678661994474,1,2
13,16,23,7.74247651991328,3.28239807893573,5.3940612312325,6.0361025040054,6.85061300746434,1,2
13,16,24,7.74247651991328,3.28239807893573,6.3122151873333,6.57299153298616,7.37433005392869,1,2
13,16,29,7.74247651991328,3.28239807893573,4.86900368249025,5.69760256887934,6.80881076804213,1,2
13,16,30,7.74247651991328,3.28239807893573,5.58520680855289,5.64822083652011,6.76518762698331,1,2
13,16,31,7.74247651991328,3.28239807893573,4.81385288882428,6.74528628565615,6.99782967315482,1,2
13,16,33,7.74247651991328,3.28239807893573,7.41430953088045,6.18374587071218,6.98654799959852,1,2
13,16,34,7.74247651991328,3.28239807893573,3.7280609632651,6.1176114410693,7.07517359278511,1,2
13,16,35,7.74247651991328,3.28239807893573,5.1805295644688,6.02241473803398,7.0493002482342,1,2
13,16,38,7.74247651991328,3.28239807893573,2.58065655078173,6.15795851225013,7.07226140857937,1,2
13,16,40,7.74247651991328,3.28239807893573,3.27175201304944,5.67787733311721,6.78255073786202,1,2
13,16,41,7.74247651991328,3.28239807893573,2.37776310294365,5.83818612265648,6.66935176665449,1,2
13,16,44,7.74247651991328,3.28239807893573,5.12540468859592,5.2952329245877,6.63274442980236,1,2
13,16,45,7.74247651991328,3.28239807893573,6.12376505010431,5.42261232099183,6.67346347744175,1,2
13,16,47,7.74247651991328,3.28239807893573,5.33829116492661,5.53839923780317,6.75487581507479,1,2
13,16,48,7.74247651991328,3.28239807893573,5.43027361545273,6.65814845850604,7.12767610289434,1,2
13,16,49,7.74247651991328,3.28239807893573,6.21210469534525,5.89729257632713,6.85355091039194,1,2
13,16,50,7.74247651991328,3.28239807893573,6.31350960423359,6.34698829061493,6.92850290290748,1,2
13,16,52,7.74247651991328,3.28239807893573,5.42493791654711,6.52516983275915,7.14975745371668,1,2
13,16,53,7.74247651991328,3.28239807893573,6.03281541719336,5.80436504348987,6.78569811105635,1,2
13,16,55,7.74247651991328,3.28239807893573,5.57123966781705,5.58719666126452,7.05491406599235,1,2
13,16,57,7.74247651991328,3.28239807893573,3.28208628593009,5.85006780951303,6.61556673939749,1,2
13,16,59,7.74247651991328,3.28239807893573,5.59260057156972,6.17261534029905,7.00182258212277,1,2
13,16,63,7.74247651991328,3.28239807893573,4.55736645911562,6.18883758314543,7.06697232149143,1,2
13,16,64,7.74247651991328,3.28239807893573,4.72499073843602,6.10557676054312,6.80969345574733,1,2
13,16,66,7.74247651991328,3.28239807893573,4.66756775790377,6.22473485381845,6.93524127068115,1,2
13,16,67,7.74247651991328,3.28239807893573,5.01579059087881,5.62554503970217,6.80816535310459,1,2
13,16,70,7.74247651991328,3.28239807893573,4.57048842740573,6.33421076813071,6.88024541144373,1,2
13,16,72,7.74247651991328,3.28239807893573,4.27936540130676,6.70630356862908,7.36507268432584,1,2
13,16,77,7.74247651991328,3.28239807893573,4.67084667727311,5.33900032709079,6.91002545460374,1,2
13,17,1,7.74247651991328,3.28239807893573,4.51454642713699,5.88123455440506,7.23062211397452,1,2
13,17,4,7.74247651991328,3.28239807893573,4.30001388974586,6.5152803430087,7.28808930194156,1,2
13,17,5,7.74247651991328,3.28239807893573,6.22390519787381,5.66474335626567,7.18806672061016,1,2
13,17,9,7.74247651991328,3.28239807893573,4.67884948962565,5.89874587923767,6.8871472841402,1,2
13,17,10,7.74247651991328,3.28239807893573,5.57231185800405,5.37095707008004,7.06983804229581,1,2
13,17,11,7.74247651991328,3.28239807893573,4.88174305841014,5.22433643980667,6.78511300167383,1,2
13,17,16,7.74247651991328,3.28239807893573,4.7941531616621,5.79633469832273,7.24153032944814,1,2
13,17,20,7.74247651991328,3.28239807893573,5.95828928787167,5.93266330280895,7.12401430040297,1,2
13,17,23,7.74247651991328,3.28239807893573,5.92226847930932,6.49725436299667,7.31913852626863,1,2
13,17,25,7.74247651991328,3.28239807893573,4.51195782535875,5.14728172587227,6.9770651060127,1,2
13,17,29,7.74247651991328,3.28239807893573,3.12198649985278,6.54600710027654,7.10413801153301,1,2
13,17,30,7.74247651991328,3.28239807893573,5.91743691851912,5.84879032016514,7.25420260029458,1,2
13,17,31,7.74247651991328,3.28239807893573,5.2531885369445,5.63685349280355,6.89771612625723,1,2
13,17,33,7.74247651991328,3.28239807893573,5.5825988325841,5.67391937387952,7.0139151327601,1,2
13,17,34,7.74247651991328,3.28239807893573,5.04018819284753,5.39922881434253,7.43574821830222,1,2
13,17,36,7.74247651991328,3.28239807893573,3.87392991365358,6.59689074044524,7.42430292665683,1,2
13,17,37,7.74247651991328,3.28239807893573,4.58720509288882,5.84237463747117,7.0439524712056,1,2
13,17,38,7.74247651991328,3.28239807893573,5.67121755905379,6.3603967313918,7.34575866588109,1,2
13,17,39,7.74247651991328,3.28239807893573,6.7428953325472,5.78259340752465,7.13209331481602,1,2
13,17,42,7.74247651991328,3.28239807893573,5.59761563557067,5.65757478158089,7.01337155558005,1,2
13,17,43,7.74247651991328,3.28239807893573,4.32979540513107,5.33436538483145,6.75856391858623,1,2
13,17,44,7.74247651991328,3.28239807893573,4.72217739432502,5.99595398921837,7.16227022043938,1,2
13,17,46,7.74247651991328,3.28239807893573,5.30789554987257,4.86162451546458,6.9008045534683,1,2
13,17,47,7.74247651991328,3.28239807893573,4.91307164132755,5.8639840592571,7.14797711809511,1,2
13,17,50,7.74247651991328,3.28239807893573,4.25983315257352,5.49631792122054,6.94609625298364,1,2
13,17,52,7.74247651991328,3.28239807893573,5.25726698179498,5.43745561662645,7.19577526552608,1,2
13,17,54,7.74247651991328,3.28239807893573,5.98707294550589,6.15551288137397,7.28390128180592,1,2
13,17,55,7.74247651991328,3.28239807893573,6.03555871032307,5.76842630456958,7.35099325971432,1,2
13,17,56,7.74247651991328,3.28239807893573,4.97082625832374,5.59715615563606,7.19256694324419,1,2
13,17,57,7.74247651991328,3.28239807893573,5.17363465420586,5.68900196089617,7.41184069304361,1,2
13,17,58,7.74247651991328,3.28239807893573,4.85727389699301,6.32394068324129,7.35874412478793,1,2
13,17,59,7.74247651991328,3.28239807893573,4.5654513922187,5.84431910499827,6.90090807079994,1,2
13,17,60,7.74247651991328,3.28239807893573,4.45663300464217,6.24988380707562,6.98444331676222,1,2
13,17,62,7.74247651991328,3.28239807893573,1.96050509177603,7.46398856644623,7.54565777245208,1,2
13,17,64,7.74247651991328,3.28239807893573,4.19462376006511,6.08995873313363,7.07628072030466,1,2
13,17,65,7.74247651991328,3.28239807893573,5.06918094607913,5.22093943772678,7.16161928959848,1,2
13,17,66,7.74247651991328,3.28239807893573,3.56753258719065,6.11064999910393,7.08043492007142,1,2
13,17,67,7.74247651991328,3.28239807893573,5.83575282913254,5.29948566121124,7.48624540102617,1,2
13,17,68,7.74247651991328,3.28239807893573,5.30091755128517,5.58614766935125,7.04242277912782,1,2
13,17,71,7.74247651991328,3.28239807893573,3.83742134566427,6.78693915297193,7.44113549343724,1,2
13,17,76,7.74247651991328,3.28239807893573,5.64556846110516,5.99326390526023,7.23464734469225,1,2
13,17,77,7.74247651991328,3.28239807893573,4.62980291131687,6.78330226992319,7.37244212775995,1,2
13,17,78,7.74247651991328,3.28239807893573,5.72576455041729,5.82726246425843,7.22560456720786,1,2
13,17,79,7.74247651991328,3.28239807893573,4.23407150161953,5.22482383035972,7.19672055548833,1,2
13,17,80,7.74247651991328,3.28239807893573,4.95185144676787,5.78526030725129,7.11292818446867,1,2
13,17,82,7.74247651991328,3.28239807893573,5.93509941099275,5.81488556177299,6.94657312944799,1,2
13,17,84,7.74247651991328,3.28239807893573,5.79142586475486,6.34195499736223,7.43408544363815,1,2
13,17,85,7.74247651991328,3.28239807893573,5.11084554233088,6.10504086080409,7.18271481591091,1,2
13,17,88,7.74247651991328,3.28239807893573,5.37154926346512,5.78048628542724,7.15789544120041,1,2
13,17,89,7.74247651991328,3.28239807893573,3.22718306587176,6.23501105510811,7.24067756286342,1,2
13,17,90,7.74247651991328,3.28239807893573,3.91578532109558,6.529768596199,7.18103091410234,1,2
13,17,95,7.74247651991328,3.28239807893573,5.67046095742235,6.07187155819219,7.11791667968788,1,2
13,17,96,7.74247651991328,3.28239807893573,3.45470405747619,5.79982137161421,7.07215735631747,1,2
13,17,97,7.74247651991328,3.28239807893573,3.80106757573227,6.38478382743225,6.89642227920492,1,2
13,18,2,7.74247651991328,3.28239807893573,6.12648225622462,6.69961425697007,6.86280282978259,1,2
13,18,3,7.74247651991328,3.28239807893573,3.91428639219564,6.30886555392272,6.93253796597583,1,2
13,18,4,7.74247651991328,3.28239807893573,6.42179683639399,6.44675076192384,6.96960989381538,1,2
13,18,6,7.74247651991328,3.28239807893573,5.53243581500706,6.38973800908982,7.01795773225373,1,2
13,18,7,7.74247651991328,3.28239807893573,3.77334303494415,6.0479484090795,7.00590710475262,1,2
13,18,11,7.74247651991328,3.28239807893573,5.30759236421828,5.51787828563012,6.77698521397775,1,2
13,18,15,7.74247651991328,3.28239807893573,4.52102077243152,4.55637330595905,6.73376304220061,1,2
13,18,16,7.74247651991328,3.28239807893573,5.6435340474709,6.16225649122278,7.32233871971111,1,2
13,18,18,7.74247651991328,3.28239807893573,4.73837701696033,6.00009691865289,6.85547046969799,1,2
13,18,21,7.74247651991328,3.28239807893573,4.74218329030316,6.27822753013149,7.10283510014115,1,2
13,18,23,7.74247651991328,3.28239807893573,4.80801380859037,6.13335114199385,6.9496274282248,1,2
13,18,25,7.74247651991328,3.28239807893573,4.97268444295121,5.88991328860214,6.84934235069785,1,2
13,18,26,7.74247651991328,3.28239807893573,4.33144707516618,5.21264711444604,6.56047015252744,1,2
13,18,27,7.74247651991328,3.28239807893573,5.72173403999538,5.36197712147735,6.76473466564098,1,2
13,18,28,7.74247651991328,3.28239807893573,6.1056632221086,5.8145105962187,7.13205549132607,1,2
13,18,30,7.74247651991328,3.28239807893573,5.92390673975582,5.621336578663,6.81678962248398,1,2
13,18,33,7.74247651991328,3.28239807893573,3.49006395842785,7.21607420545055,7.26156615877805,1,2
13,18,35,7.74247651991328,3.28239807893573,5.82128006050644,6.13295989772551,7.05006582619747,1,2
13,18,36,7.74247651991328,3.28239807893573,4.99958097925273,6.08444508585166,6.98071428722651,1,2
13,18,37,7.74247651991328,3.28239807893573,6.08302985530395,6.03663391697914,6.899955642884,1,2
13,18,41,7.74247651991328,3.28239807893573,4.90540163991003,6.88016298644669,7.33205338167758,1,2
13,18,43,7.74247651991328,3.28239807893573,4.55896491665889,5.6027021181217,6.88549160985792,1,2
13,18,44,7.74247651991328,3.28239807893573,4.73768274697416,6.26162766245662,6.87104364529598,1,2
13,18,45,7.74247651991328,3.28239807893573,5.63433467862895,5.2006160791288,6.86443806331058,1,2
13,18,46,7.74247651991328,3.28239807893573,4.05858166073262,5.55404262660963,7.05747476534492,1,2
13,18,48,7.74247651991328,3.28239807893573,3.71727119030793,6.76479865963922,7.21181289595455,1,2
13,18,50,7.74247651991328,3.28239807893573,6.34145618450563,5.95802396366007,7.25848421154628,1,2
13,18,51,7.74247651991328,3.28239807893573,3.98172718372707,5.9769333052519,7.05718856636603,1,2
13,18,52,7.74247651991328,3.28239807893573,4.97165166314689,5.3265125658167,6.76515127213854,1,2
13,18,54,7.74247651991328,3.28239807893573,5.07464309106803,5.69990385537525,7.06293824928545,1,2
13,18,56,7.74247651991328,3.28239807893573,5.93042706952274,5.78717747733247,6.75916677687171,1,2
13,18,58,7.74247651991328,3.28239807893573,4.55105731380182,6.95459235974125,7.08026746913086,1,2
13,18,60,7.74247651991328,3.28239807893573,4.79945617116833,5.99886036493825,6.7520475376827,1,2
13,18,64,7.74247651991328,3.28239807893573,4.75984131258963,6.07556348223977,6.96783223998431,1,2
13,18,66,7.74247651991328,3.28239807893573,5.11520348104944,6.68335214323655,7.26226119570893,1,2
13,18,67,7.74247651991328,3.28239807893573,4.19179124230393,5.14098697694669,6.75897393142883,1,2
13,18,70,7.74247651991328,3.28239807893573,3.51729137595334,5.89789697967624,6.98940134345207,1,2
13,18,72,7.74247651991328,3.28239807893573,5.57002017126939,6.13980170154837,6.89634391533717,1,2
13,18,73,7.74247651991328,3.28239807893573,5.47206935469576,6.43295224244096,7.34954548728373,1,2
13,18,76,7.74247651991328,3.28239807893573,6.68070257427444,6.45767463714605,7.00752488663707,1,2
13,18,81,7.74247651991328,3.28239807893573,3.25294292823759,5.91056241932737,6.79421743743222,1,2
13,18,82,7.74247651991328,3.28239807893573,5.91705507324702,5.84809283290027,6.87218926472051,1,2
13,18,83,7.74247651991328,3.28239807893573,5.82504696381752,6.44209716582382,6.97720310440947,1,2
13,18,84,7.74247651991328,3.28239807893573,6.35066642815422,6.85576837493691,7.28612141236134,1,2
13,18,87,7.74247651991328,3.28239807893573,4.68756933855828,7.02778889002104,7.16102793706399,1,2
13,18,90,7.74247651991328,3.28239807893573,5.24280343755617,5.57234689577567,6.80825891585851,1,2
13,18,91,7.74247651991328,3.28239807893573,5.27737840824503,5.60963685142736,6.72296311599596,1,2
13,18,92,7.74247651991328,3.28239807893573,6.46641319641812,5.59300850043841,6.6083379960614,1,2
13,18,93,7.74247651991328,3.28239807893573,4.65752463560746,6.95155644398671,7.00520761302179,1,2
13,19,2,7.74247651991328,3.28239807893573,5.43673921933046,5.52615100546898,7.387810962861,1,2
13,19,3,7.74247651991328,3.28239807893573,4.24706395253859,5.93380214402799,7.52243499045672,1,2
13,19,6,7.74247651991328,3.28239807893573,1.98570021025672,6.37357981013712,7.46152900140735,1,2
13,19,13,7.74247651991328,3.28239807893573,5.29725332700984,5.84633487775328,7.34301624802124,1,2
13,19,14,7.74247651991328,3.28239807893573,6.8239562488357,6.08898116091066,7.65778263171924,1,2
13,19,16,7.74247651991328,3.28239807893573,6.14715741084588,6.03353795250963,7.62481035762004,1,2
13,19,18,7.74247651991328,3.28239807893573,4.78861489621457,5.58098881705634,7.24476931507013,1,2
13,19,19,7.74247651991328,3.28239807893573,6.46937337442679,5.76905332667268,7.46494708113966,1,2
13,19,21,7.74247651991328,3.28239807893573,4.03299998188673,5.82367497436054,7.41059619963927,1,2
13,19,23,7.74247651991328,3.28239807893573,5.48212851796865,5.19308088875507,7.35034414558327,1,2
13,19,24,7.74247651991328,3.28239807893573,5.85696194939657,6.16407473469068,7.43968529164818,1,2
13,19,25,7.74247651991328,3.28239807893573,6.50778306622389,5.32119928861521,7.36345438893266,1,2
13,19,26,7.74247651991328,3.28239807893573,5.04592213565445,6.87872751482142,7.75835959315082,1,2
13,19,27,7.74247651991328,3.28239807893573,6.70375293643099,5.8171652503534,7.64304112634869,1,2
13,19,28,7.74247651991328,3.28239807893573,6.89310096568375,5.87991900311215,7.4592624943631,1,2
13,19,30,7.74247651991328,3.28239807893573,5.78108624342664,5.51840666472504,7.39944884583032,1,2
13,19,40,7.74247651991328,3.28239807893573,1.75976844195856,6.25779172776605,7.41527923681215,1,2
13,19,41,7.74247651991328,3.28239807893573,5.52744235718826,6.51612012200269,7.51166528644985,1,2
13,19,44,7.74247651991328,3.28239807893573,3.9325665372469,5.22689223491469,7.42360454874337,1,2
13,19,45,7.74247651991328,3.28239807893573,4.12231180980283,6.65207636631506,7.65000559343247,1,2
13,19,46,7.74247651991328,3.28239807893573,5.15145103341286,6.05750096661608,7.67819453087183,1,2
13,19,48,7.74247651991328,3.28239807893573,3.35697148560666,5.9110405860224,7.35096350475377,1,2
13,19,52,7.74247651991328,3.28239807893573,6.00588145668916,6.38303685981073,7.50282327040871,1,2
13,19,53,7.74247651991328,3.28239807893573,4.6218826763718,6.75143869793138,7.72654891789636,1,2
13,19,54,7.74247651991328,3.28239807893573,6.27438497159672,5.02317908349443,6.94674412398589,1,2
13,19,55,7.74247651991328,3.28239807893573,5.45830066138727,5.63289096432093,7.46521738032733,1,2
13,19,56,7.74247651991328,3.28239807893573,4.44070128135841,4.98020938914016,7.10913601830796,1,2
13,19,60,7.74247651991328,3.28239807893573,4.42671313418087,6.06928546988225,7.33716716988626,1,2
13,19,61,7.74247651991328,3.28239807893573,4.76316194765822,6.08382043799244,7.59195551402664,1,2
13,19,62,7.74247651991328,3.28239807893573,4.78146664770582,5.29781672387366,7.2940363510616,1,2
13,19,64,7.74247651991328,3.28239807893573,4.88790283979882,6.16111820144623,7.00762032103546,1,2
13,19,67,7.74247651991328,3.28239807893573,4.32596153954968,5.93823422335426,7.39297960955886,1,2
13,19,68,7.74247651991328,3.28239807893573,3.27465299244989,5.63377280672375,7.02127849675198,1,2
13,19,70,7.74247651991328,3.28239807893573,4.92004019292596,5.73703197083021,7.63626301183441,1,2
13,19,73,7.74247651991328,3.28239807893573,3.2674812307171,6.25332413787473,7.38041576337453,1,2
13,19,76,7.74247651991328,3.28239807893573,5.30861149711535,5.32157055140779,7.18502500830615,1,2
13,19,77,7.74247651991328,3.28239807893573,6.92901625896566,5.53319438646455,7.11749894771226,1,2
13,19,78,7.74247651991328,3.28239807893573,3.33609015833267,6.30948246807157,7.44039078703303,1,2
13,19,79,7.74247651991328,3.28239807893573,4.19348455830678,6.90995982986226,7.60005549378779,1,2
13,19,80,7.74247651991328,3.28239807893573,4.37728188943174,5.63304594097327,7.31132463896568,1,2
13,19,82,7.74247651991328,3.28239807893573,6.04269759641775,5.18903074771263,7.26242707223265,1,2
13,19,83,7.74247651991328,3.28239807893573,5.46119402736215,5.71016166220311,7.60379997236217,1,2
13,20,4,7.74247651991328,3.28239807893573,4.25644915052544,6.38427825181637,7.63318964729564,1,2
13,20,5,7.74247651991328,3.28239807893573,4.74231653198722,6.00277345068949,7.51976299035212,1,2
13,20,8,7.74247651991328,3.28239807893573,4.15973150143664,5.80609608102146,7.34515192123661,1,2
13,20,10,7.74247651991328,3.28239807893573,4.55264551855465,6.73397513732886,7.82102046883692,1,2
13,20,12,7.74247651991328,3.28239807893573,4.76580240391619,6.09372480894211,7.44287529407757,1,2
13,20,14,7.74247651991328,3.28239807893573,4.11752412145803,5.84960586256933,7.43315772362749,1,2
13,20,15,7.74247651991328,3.28239807893573,3.28372948710221,6.27642147633022,7.70698101465006,1,2
13,20,16,7.74247651991328,3.28239807893573,5.22804050174651,6.01535711387619,7.52058070853911,1,2
13,20,19,7.74247651991328,3.28239807893573,5.30919348173328,6.27021841883656,7.50847754835551,1,2
13,20,20,7.74247651991328,3.28239807893573,6.10595974605203,5.37036019396661,7.44203423163,1,2
13,20,21,7.74247651991328,3.28239807893573,5.84648247978825,6.38798566016294,7.5957035428085,1,2
13,20,22,7.74247651991328,3.28239807893573,4.22396547541376,5.90010652401233,7.72579120413092,1,2
13,20,23,7.74247651991328,3.28239807893573,6.15096737184947,6.19217986009428,7.71271576888356,1,2
13,20,30,7.74247651991328,3.28239807893573,3.91970345886392,6.70363802644614,7.2014675693432,1,2
13,20,31,7.74247651991328,3.28239807893573,6.04341462433666,6.11564552065331,7.9670642082533,1,2
13,20,36,7.74247651991328,3.28239807893573,4.8340945868958,6.2337179168592,7.27573421239303,1,2
13,20,37,7.74247651991328,3.28239807893573,5.32190844789316,6.1022514446423,7.6657443047723,1,2
13,20,38,7.74247651991328,3.28239807893573,3.41992560811202,6.74011948204972,7.7303807487887,1,2
13,20,40,7.74247651991328,3.28239807893573,6.39295103611634,5.91640085573821,7.57997884169853,1,2
13,20,41,7.74247651991328,3.28239807893573,3.69095771936675,5.855148372147,7.62402292824686,1,2
13,20,42,7.74247651991328,3.28239807893573,6.46527333075055,4.82427681200814,7.34718544281814,1,2
13,20,43,7.74247651991328,3.28239807893573,5.26095346481761,6.38754039616185,7.55920252019568,1,2
13,20,44,7.74247651991328,3.28239807893573,5.56273741835738,6.76387251497179,7.99143448826758,1,2
13,20,46,7.74247651991328,3.28239807893573,5.0134428559874,5.95073506504348,7.4369728897115,1,2
13,20,47,7.74247651991328,3.28239807893573,3.2107125196624,6.68625991569099,7.63067304556315,1,2
13,20,48,7.74247651991328,3.28239807893573,6.03742291524713,6.14859445906828,7.75601191613737,1,2
13,20,49,7.74247651991328,3.28239807893573,3.68989460625371,6.42216659974194,7.57440194048552,1,2
13,20,50,7.74247651991328,3.28239807893573,4.65285040423573,6.02049133196407,7.49315472687726,1,2
13,20,51,7.74247651991328,3.28239807893573,3.56544075550683,5.48399377594618,7.00690830268125,1,2
13,20,52,7.74247651991328,3.28239807893573,5.53991414661971,6.00976096686308,7.5123953890569,1,2
13,20,54,7.74247651991328,3.28239807893573,6.21403864477178,6.50542701058003,7.86508182054573,1,2
13,20,57,7.74247651991328,3.28239807893573,3.90950434801804,5.88578379283757,7.68157443860469,1,2
13,20,59,7.74247651991328,3.28239807893573,6.94847770395948,6.39334156341223,7.74339958563092,1,2
13,20,60,7.74247651991328,3.28239807893573,6.42642277545103,5.5945145722373,7.35774101595626,1,2
13,20,61,7.74247651991328,3.28239807893573,4.28810593095871,5.20975571042095,7.74593711681053,1,2
13,20,64,7.74247651991328,3.28239807893573,6.30784990890753,6.63985520041876,7.88229137196473,1,2
13,20,66,7.74247651991328,3.28239807893573,6.34795259453241,5.83787560850024,7.3914744296425,1,2
13,20,67,7.74247651991328,3.28239807893573,5.20698812332947,5.43745495066297,7.42635416605064,1,2
13,20,70,7.74247651991328,3.28239807893573,3.51911581482606,6.65228383399023,7.45975861226575,1,2
13,20,71,7.74247651991328,3.28239807893573,3.88568997330059,5.63649252742137,7.43188972717908,1,2
13,20,73,7.74247651991328,3.28239807893573,5.74318354245813,6.3183102734972,7.5577338407424,1,2
13,21,1,7.74247651991328,3.28239807893573,5.11651029438593,5.55527297214198,7.4247705250111,1,2
13,21,2,7.74247651991328,3.28239807893573,4.84280822872621,7.07305362846371,8.02198740840629,1,2
13,21,4,7.74247651991328,3.28239807893573,5.56532308264383,5.72480427224904,7.42253241493918,1,2
13,21,7,7.74247651991328,3.28239807893573,6.54051143035874,5.40996566449865,7.6039567313481,1,2
13,21,8,7.74247651991328,3.28239807893573,2.81893930775143,6.42426600155236,7.55474171183518,1,2
13,21,10,7.74247651991328,3.28239807893573,6.35709157446444,5.23546569025477,7.51910881116757,1,2
13,21,11,7.74247651991328,3.28239807893573,5.22036029158075,6.68893893530412,7.46422505641672,1,2
13,21,12,7.74247651991328,3.28239807893573,5.21166184199071,5.97838793674372,7.53637386992753,1,2
13,21,14,7.74247651991328,3.28239807893573,5.22489134609577,5.96256772951134,7.50197321232144,1,2
13,21,20,7.74247651991328,3.28239807893573,5.50242991972339,6.57721504485378,7.81896069410832,1,2
13,21,23,7.74247651991328,3.28239807893573,4.91607483366567,6.03674304731075,7.66214256256854,1,2
13,21,24,7.74247651991328,3.28239807893573,4.59512827351132,6.47977542085128,7.42204657714028,1,2
13,21,25,7.74247651991328,3.28239807893573,4.92751265942026,6.38682829631029,7.5455737382096,1,2
13,21,26,7.74247651991328,3.28239807893573,4.00941807123715,5.26299510868364,7.54079012222636,1,2
13,21,28,7.74247651991328,3.28239807893573,4.17267478987447,7.09224095367836,7.75286785164346,1,2
13,21,29,7.74247651991328,3.28239807893573,5.00102987431212,5.34020182996194,7.55890028276288,1,2
13,21,30,7.74247651991328,3.28239807893573,5.86448875042945,5.72499744936865,7.60653872939483,1,2
13,21,31,7.74247651991328,3.28239807893573,4.20762509656829,6.21074968023823,7.37732796944253,1,2
13,21,34,7.74247651991328,3.28239807893573,5.2630826189984,5.49502813513021,7.52500926954863,1,2
13,21,35,7.74247651991328,3.28239807893573,4.13502987202531,5.39865728666913,7.17814928413206,1,2
13,21,36,7.74247651991328,3.28239807893573,4.05044409240711,6.89253738642853,7.67824439924999,1,2
13,21,37,7.74247651991328,3.28239807893573,6.69343201894495,5.93103321417458,7.98744327398624,1,2
13,21,38,7.74247651991328,3.28239807893573,4.66643938051693,6.34749314412495,7.66072558544776,1,2
13,21,39,7.74247651991328,3.28239807893573,5.58988972064028,5.67766359597655,7.70798836103826,1,2
13,21,41,7.74247651991328,3.28239807893573,6.48278999784183,5.17771122119305,7.38705264218214,1,2
13,21,42,7.74247651991328,3.28239807893573,3.23594748283187,6.02108129448423,7.05447773883619,1,2
13,21,43,7.74247651991328,3.28239807893573,5.54256117878322,6.66138157503083,7.77917147205917,1,2
13,21,45,7.74247651991328,3.28239807893573,4.69403116402478,5.85185898913772,7.29569890658531,1,2
13,21,46,7.74247651991328,3.28239807893573,5.74274062851852,6.35476742956032,7.67103715417016,1,2
13,21,48,7.74247651991328,3.28239807893573,4.74926883595603,6.20020018219543,7.33416592079307,1,2
13,21,50,7.74247651991328,3.28239807893573,4.20295765828347,6.40958832323194,7.67275437153384,1,2
13,21,53,7.74247651991328,3.28239807893573,6.01822571256761,6.89842985524416,7.6618395015754,1,2
13,21,55,7.74247651991328,3.28239807893573,6.31580435290735,6.01203918884888,7.56683300830315,1,2
13,21,56,7.74247651991328,3.28239807893573,4.94854442856643,6.807656524909,7.4371474876256,1,2
13,21,57,7.74247651991328,3.28239807893573,5.04268169027251,6.31483680321729,7.6001328225482,1,2
13,21,58,7.74247651991328,3.28239807893573,5.22682666910485,5.34480251037693,7.46875748489332,1,2
13,21,60,7.74247651991328,3.28239807893573,3.39278939333677,6.02838850773564,7.47857698074308,1,2
13,21,61,7.74247651991328,3.28239807893573,4.89875757068064,6.02637885911657,7.53173641260158,1,2
13,21,62,7.74247651991328,3.28239807893573,5.5686623954823,6.52614643390706,7.82606168237309,1,2
13,21,63,7.74247651991328,3.28239807893573,5.54662590919423,5.62864914447891,7.37717469645654,1,2
13,22,6,7.74247651991328,3.28239807893573,5.87208168024792,6.03587589640787,7.98609245433742,1,2
13,22,7,7.74247651991328,3.28239807893573,5.09576780127717,6.37260806157644,7.82787959837127,1,2
13,22,9,7.74247651991328,3.28239807893573,6.28930946028793,5.54936518516301,7.96287094286237,1,2
13,22,10,7.74247651991328,3.28239807893573,7.1629346981688,6.36706615947538,7.99601768785251,1,2
13,22,11,7.74247651991328,3.28239807893573,4.22063689274511,6.30394687956784,7.84316226854491,1,2
13,22,13,7.74247651991328,3.28239807893573,3.89404443268235,6.10356552750448,7.61799496692367,1,2
13,22,14,7.74247651991328,3.28239807893573,7.8575147598348,5.81215984187489,7.6535285618604,1,2
13,22,15,7.74247651991328,3.28239807893573,5.76689242626684,5.85836416880451,7.83999322202652,1,2
13,22,17,7.74247651991328,3.28239807893573,4.36656731423083,5.8580309439203,7.89180923751377,1,2
13,22,18,7.74247651991328,3.28239807893573,6.22117740757893,5.67907791100078,8.01053283625415,1,2
13,22,19,7.74247651991328,3.28239807893573,4.77893930398183,5.96162512497797,7.99799826940144,1,2
13,22,22,7.74247651991328,3.28239807893573,5.77662731574831,6.86954922178965,8.2939204435512,1,2
13,22,25,7.74247651991328,3.28239807893573,5.68408673507743,6.07343503769351,7.85347145199266,1,2
13,22,28,7.74247651991328,3.28239807893573,5.60841181829778,5.99560155931451,7.86303864672447,1,2
13,22,29,7.74247651991328,3.28239807893573,4.50709376996826,6.47694447192736,7.81523275992552,1,2
13,22,32,7.74247651991328,3.28239807893573,3.99357025269308,5.26731818697872,7.77109639611184,1,2
13,22,33,7.74247651991328,3.28239807893573,5.4057142327326,6.13122058765242,7.6559130756572,1,2
13,22,36,7.74247651991328,3.28239807893573,4.22567937982776,5.14286250589498,7.39792100280393,1,2
13,22,37,7.74247651991328,3.28239807893573,3.52806032096318,5.91467855235562,7.51155093998156,1,2
13,22,40,7.74247651991328,3.28239807893573,4.64642547023171,6.28032175473569,8.06710827088372,1,2
13,22,41,7.74247651991328,3.28239807893573,3.53532903565711,6.022438512326,7.73395972859199,1,2
13,22,42,7.74247651991328,3.28239807893573,4.98714134980754,5.32543412666198,7.73007672092198,1,2
13,22,43,7.74247651991328,3.28239807893573,3.00606486104156,5.61528654949697,7.80907758776158,1,2
13,22,46,7.74247651991328,3.28239807893573,3.79029554865038,5.32555777814377,7.7949757137141,1,2
13,22,47,7.74247651991328,3.28239807893573,4.49084459055577,6.59213113047701,7.79007205467838,1,2
13,22,49,7.74247651991328,3.28239807893573,1.49998277555803,6.31161527263818,7.43037139185649,1,2
13,22,50,7.74247651991328,3.28239807893573,5.82396757936829,5.97003483030906,7.97424221942194,1,2
13,22,51,7.74247651991328,3.28239807893573,6.24297840327628,7.5868036502026,8.21422853986045,1,2
13,22,52,7.74247651991328,3.28239807893573,5.10769383222488,5.87340016026101,7.67123107393943,1,2
13,22,54,7.74247651991328,3.28239807893573,7.0648398445538,5.63821107048802,8.05014611799125,1,2
13,22,56,7.74247651991328,3.28239807893573,4.54655163664899,5.34963292082231,7.64802358078664,1,2
13,22,57,7.74247651991328,3.28239807893573,5.94858918978763,5.67015472432276,7.93710626249228,1,2
13,22,58,7.74247651991328,3.28239807893573,6.5100094304593,6.37764178682106,7.74865003858142,1,2
13,22,61,7.74247651991328,3.28239807893573,5.91406060908196,6.34230743251681,7.8815237903592,1,2
13,23,1,7.74247651991328,3.28239807893573,5.00008857125079,6.43416744791786,7.70496091482398,1,2
13,23,2,7.74247651991328,3.28239807893573,5.0855883395868,6.78758862321829,7.91362183170333,1,2
13,23,3,7.74247651991328,3.28239807893573,4.70607211968833,5.84476676118337,7.89490462769233,1,2
13,23,5,7.74247651991328,3.28239807893573,5.2718466445042,5.85347355951047,7.93541794626779,1,2
13,23,8,7.74247651991328,3.28239807893573,6.84111047581125,6.11216128550778,8.16831259100623,1,2
13,23,10,7.74247651991328,3.28239807893573,4.98160569195505,5.33173947981658,7.8754813732669,1,2
13,23,11,7.74247651991328,3.28239807893573,5.92358119918044,6.87276348417177,8.26015097575482,1,2
13,23,12,7.74247651991328,3.28239807893573,6.45744433776422,6.3033417929967,8.40519322735635,1,2
13,23,17,7.74247651991328,3.28239807893573,3.05599066331408,5.96041145647737,7.50614602055607,1,2
13,23,18,7.74247651991328,3.28239807893573,3.1497394627964,6.37024497865001,7.62221392943718,1,2
13,23,19,7.74247651991328,3.28239807893573,5.70902268154946,6.32703307665274,7.56785736327447,1,2
13,23,21,7.74247651991328,3.28239807893573,5.2409333661915,5.084480867696,7.90756702382684,1,2
13,23,26,7.74247651991328,3.28239807893573,3.50230786086607,6.3639412789301,7.93902560858753,1,2
13,23,28,7.74247651991328,3.28239807893573,7.59368351992966,6.78203311831208,8.2034991321287,1,2
13,23,29,7.74247651991328,3.28239807893573,6.51786945109796,6.47053708956394,7.99315429614346,1,2
13,23,31,7.74247651991328,3.28239807893573,4.22806504936225,6.23752771153498,8.11324853544402,1,2
13,23,33,7.74247651991328,3.28239807893573,2.90483011198377,5.93607927494708,7.87590564536625,1,2
13,23,39,7.74247651991328,3.28239807893573,4.88623902482101,6.34125082749017,8.41303099912454,1,2
13,23,44,7.74247651991328,3.28239807893573,4.90439466838118,6.60135277694596,7.8165462024679,1,2
13,23,51,7.74247651991328,3.28239807893573,5.63049214616317,5.62836598283286,8.14429273049565,1,2
13,23,52,7.74247651991328,3.28239807893573,4.75591467722084,6.37241855267293,7.71984689112248,1,2
13,23,53,7.74247651991328,3.28239807893573,5.4634942909528,6.20278026006295,8.0047713068177,1,2
13,23,57,7.74247651991328,3.28239807893573,5.02245407033874,6.00320182062148,7.64352345804834,1,2
13,23,58,7.74247651991328,3.28239807893573,4.73479236786579,6.03598676907805,8.16316573238966,1,2
13,23,59,7.74247651991328,3.28239807893573,5.58615470104227,5.64502860894618,7.76057382959799,1,2
13,23,61,7.74247651991328,3.28239807893573,6.63582088696535,6.19618723952899,8.07119887080865,1,2
13,23,62,7.74247651991328,3.28239807893573,4.13497861175609,4.04802160116165,7.6389541828556,1,2
13,24,1,7.74247651991328,3.28239807893573,6.45824384733133,4.82781347625428,8.05523974758057,1,2
13,24,2,7.74247651991328,3.28239807893573,5.2689235262886,6.51365114137163,8.01813860646908,1,2
13,24,4,7.74247651991328,3.28239807893573,4.53913801438472,5.66806075476658,7.76857151799299,1,2
13,24,10,7.74247651991328,3.28239807893573,3.5308638813991,6.05333958841174,7.88839463146034,1,2
13,24,11,7.74247651991328,3.28239807893573,4.75822073439757,6.10058254139065,8.15088608634533,1,2
13,24,12,7.74247651991328,3.28239807893573,3.80682691554949,6.47589898109771,8.2027964273766,1,2
13,24,13,7.74247651991328,3.28239807893573,5.70292467263641,6.25520316582554,7.99994769051871,1,2
13,24,16,7.74247651991328,3.28239807893573,3.93244652531652,6.16758644822613,7.76407997875829,1,2
13,24,18,7.74247651991328,3.28239807893573,6.10978862070755,5.25888755107716,7.99766909594156,1,2
13,24,19,7.74247651991328,3.28239807893573,2.14589115316858,6.49904348590685,7.65778219355496,1,2
13,24,20,7.74247651991328,3.28239807893573,1.92706361836512,5.75824551662193,7.84578586551079,1,2
13,24,21,7.74247651991328,3.28239807893573,4.74373919473095,5.11885160451833,7.90722858666803,1,2
13,24,22,7.74247651991328,3.28239807893573,4.15902845466983,6.5955287403107,8.04319200996634,1,2
13,24,27,7.74247651991328,3.28239807893573,6.16313361366067,6.37156243008721,8.03335599398398,1,2
13,24,29,7.74247651991328,3.28239807893573,5.0593422423912,6.31675618887089,7.88677390910793,1,2
13,24,31,7.74247651991328,3.28239807893573,4.72236167062843,4.80030526907483,7.52071986015191,1,2
13,24,32,7.74247651991328,3.28239807893573,5.50750853041009,6.43865470959299,8.36196468626327,1,2
13,24,33,7.74247651991328,3.28239807893573,4.68715918060127,5.85069535103698,7.51798164693087,1,2
13,24,34,7.74247651991328,3.28239807893573,3.49186057679026,6.02124639487199,8.07590298660963,1,2
13,24,36,7.74247651991328,3.28239807893573,4.53772177619647,5.56079122286053,7.91213176347363,1,2
13,24,39,7.74247651991328,3.28239807893573,5.21250621958459,5.45670670531727,7.63962941842772,1,2
13,24,41,7.74247651991328,3.28239807893573,4.30505312977869,6.85796106616233,8.37109078017606,1,2
13,24,43,7.74247651991328,3.28239807893573,4.52851713137197,4.73731814762543,7.69705740308319,1,2
13,24,46,7.74247651991328,3.28239807893573,4.80273742738908,6.41185443799554,7.91602470108226,1,2
13,24,47,7.74247651991328,3.28239807893573,4.4012244541255,5.87334003869438,7.96753980392558,1,2
13,24,48,7.74247651991328,3.28239807893573,5.20391887594044,7.35672341891733,8.2134729759169,1,2
13,24,52,7.74247651991328,3.28239807893573,5.99617176187682,5.84723476387665,8.10182631576848,1,2
13,24,53,7.74247651991328,3.28239807893573,4.42996537341064,5.71114487398564,7.82219765003327,1,2
13,24,54,7.74247651991328,3.28239807893573,6.25670742682625,5.71770665636742,8.26560409195687,1,2
13,24,56,7.74247651991328,3.28239807893573,6.12368418673085,5.09518935102035,7.88709092130204,1,2
13,24,60,7.74247651991328,3.28239807893573,3.89696368315586,6.71999245583165,8.30251205291004,1,2
13,24,63,7.74247651991328,3.28239807893573,6.21578702671991,5.56001589338561,7.91341755794225,1,2
13,24,66,7.74247651991328,3.28239807893573,4.74106871403909,6.10426686086128,8.13735486655154,1,2
13,24,70,7.74247651991328,3.28239807893573,4.4130106021189,5.34699845570722,8.10300393486732,1,2
13,24,71,7.74247651991328,3.28239807893573,5.44973271923652,5.8689362034814,8.3262170424777,1,2
13,24,72,7.74247651991328,3.28239807893573,6.17167883721444,7.02606305606682,8.40727559934405,1,2
13,25,1,7.74247651991328,3.28239807893573,3.18431528663342,6.23406215142268,8.14598345660378,1,2
13,25,3,7.74247651991328,3.28239807893573,4.3186871027711,5.60844268096586,7.72655578029896,1,2
13,25,4,7.74247651991328,3.28239807893573,3.91426067873694,5.95327265420838,8.1488241698383,1,2
13,25,5,7.74247651991328,3.28239807893573,4.34407759861258,6.94054112066159,8.46459024456262,1,2
13,25,6,7.74247651991328,3.28239807893573,6.29988990607318,5.64657940618997,8.29506977157814,1,2
13,25,9,7.74247651991328,3.28239807893573,5.88846742474591,6.0690232464104,8.15947660117735,1,2
13,25,11,7.74247651991328,3.28239807893573,6.48406085683621,5.85536918000442,8.12199546938907,1,2
13,25,12,7.74247651991328,3.28239807893573,4.8277795243537,6.54464842139472,8.08593436446076,1,2
13,25,15,7.74247651991328,3.28239807893573,3.14903889849517,6.22115857597739,8.07012216439467,1,2
13,25,19,7.74247651991328,3.28239807893573,3.89496182979875,6.56642787620447,8.07703559976707,1,2
13,25,22,7.74247651991328,3.28239807893573,4.88799470109797,6.22079582892991,8.5081596451969,1,2
13,25,23,7.74247651991328,3.28239807893573,5.75257207835932,5.52314449290039,8.14161318163661,1,2
13,25,24,7.74247651991328,3.28239807893573,4.42861509935065,5.51087163878913,8.02261501750924,1,2
13,25,25,7.74247651991328,3.28239807893573,5.02256477809478,5.76750965546751,7.97600274584753,1,2
13,25,26,7.74247651991328,3.28239807893573,3.41530821330614,5.61471515819446,8.07609657720582,1,2
13,25,30,7.74247651991328,3.28239807893573,5.53018914939675,6.24455720202241,8.50484973834866,1,2
13,25,33,7.74247651991328,3.28239807893573,5.32541569219026,5.82965201563647,8.32045712521282,1,2
13,25,35,7.74247651991328,3.28239807893573,5.45887447674462,6.8384714021425,8.24647947915213,1,2
13,25,40,7.74247651991328,3.28239807893573,4.35160588956661,6.130458441282,7.9805040090077,1,2
13,25,42,7.74247651991328,3.28239807893573,4.51909173966864,5.85527073696735,8.11042900895196,1,2
13,25,45,7.74247651991328,3.28239807893573,5.4973458929174,5.95051821732164,8.14117429754238,1,2
13,25,46,7.74247651991328,3.28239807893573,5.91183377254418,6.15129092858668,8.25645739552384,1,2
13,25,47,7.74247651991328,3.28239807893573,3.18076823255442,5.53868855486814,7.65212786897123,1,2
13,25,49,7.74247651991328,3.28239807893573,6.01933805957995,5.72764460137868,7.93084144049365,1,2
13,25,52,7.74247651991328,3.28239807893573,4.93156023380788,5.96642944109939,7.80258753766298,1,2
13,25,53,7.74247651991328,3.28239807893573,4.79169190915789,5.58201370830712,8.05586292199876,1,2
13,25,54,7.74247651991328,3.28239807893573,4.49715538429488,5.97726276935582,7.8697049676575,1,2
13,25,56,7.74247651991328,3.28239807893573,4.94444855584666,6.15701927390747,8.37205630533817,1,2
13,25,57,7.74247651991328,3.28239807893573,5.16498848095771,5.55728425305889,7.73047684878716,1,2
13,25,58,7.74247651991328,3.28239807893573,3.95010925790042,6.50910805927399,8.19620352337602,1,2
13,25,59,7.74247651991328,3.28239807893573,3.58369806106614,7.34512309907333,8.24560052303528,1,2
13,25,63,7.74247651991328,3.28239807893573,4.53653254216181,6.23715577639967,8.19718034889345,1,2
13,25,64,7.74247651991328,3.28239807893573,4.82611499886529,5.97560837182985,8.08709887455166,1,2
13,25,66,7.74247651991328,3.28239807893573,4.60934008966547,6.44163641286476,7.89135896779089,1,2
13,25,67,7.74247651991328,3.28239807893573,5.36528690924142,5.78314638671684,7.89515392099081,1,2
13,25,70,7.74247651991328,3.28239807893573,3.37958189360485,6.29160236649988,8.17538925611228,1,2
13,25,71,7.74247651991328,3.28239807893573,5.01515696001913,5.87836756773746,8.25093390906054,1,2
13,25,73,7.74247651991328,3.28239807893573,4.65937677642233,6.32977459536458,7.73732557698595,1,2
13,25,75,7.74247651991328,3.28239807893573,6.33263843947698,6.33453682646659,8.15252405944522,1,2
13,25,76,7.74247651991328,3.28239807893573,5.43234357754223,5.82893194616101,8.32524479550887,1,2
13,25,79,7.74247651991328,3.28239807893573,2.88238467816633,6.77791410900447,8.23277243368393,1,2
13,25,80,7.74247651991328,3.28239807893573,4.3890256786053,6.69863341884343,8.07567843899459,1,2
13,25,82,7.74247651991328,3.28239807893573,4.55366635704146,5.82873843426338,8.15450535396744,1,2
13,25,83,7.74247651991328,3.28239807893573,4.6890499815783,5.37158710431111,8.22314108237567,1,2
13,25,85,7.74247651991328,3.28239807893573,5.76930851457311,5.11501240855801,8.19373698954258,1,2
13,25,86,7.74247651991328,3.28239807893573,6.38674168027523,5.59757320417702,8.01269033048522,1,2
13,25,88,7.74247651991328,3.28239807893573,4.5375574943033,7.1727963810107,8.34640571657595,1,2
13,26,1,7.74247651991328,3.28239807893573,4.60554134538896,6.85734024715383,8.43116480211071,1,2
13,26,2,7.74247651991328,3.28239807893573,5.43674800522855,5.93585923944384,8.31165630542984,1,2
13,26,3,7.74247651991328,3.28239807893573,4.45103208801027,6.64364398375026,8.12050394771142,1,2
13,26,5,7.74247651991328,3.28239807893573,5.81212147525748,6.62156900350828,8.11184748786183,1,2
13,26,10,7.74247651991328,3.28239807893573,4.34573114707713,6.1286124290802,7.73454070538482,1,2
13,26,13,7.74247651991328,3.28239807893573,7.34125635213374,5.73347277361387,8.1355513081663,1,2
13,26,14,7.74247651991328,3.28239807893573,4.37752903001384,5.78722689081676,7.77695392787198,1,2
13,26,17,7.74247651991328,3.28239807893573,6.4396967123202,6.24473380456849,8.08128274247719,1,2
13,26,18,7.74247651991328,3.28239807893573,4.64438195778929,6.31140479339231,7.97784973623509,1,2
13,26,20,7.74247651991328,3.28239807893573,4.10581159444042,5.98168573725045,8.09295471788744,1,2
13,26,23,7.74247651991328,3.28239807893573,3.08509753518546,5.87126095265197,7.82781051554467,1,2
13,26,25,7.74247651991328,3.28239807893573,6.58494367041283,6.26146430233826,8.14437237968732,1,2
13,26,27,7.74247651991328,3.28239807893573,5.93531055291638,5.662728379923,7.99668367126547,1,2
13,26,28,7.74247651991328,3.28239807893573,4.46705344473413,5.52013491078908,7.81623949322718,1,2
13,26,30,7.74247651991328,3.28239807893573,5.06369805675536,5.94509655631742,8.44589646233835,1,2
13,26,31,7.74247651991328,3.28239807893573,5.57004357251012,6.7173950301597,8.22518640352529,1,2
13,26,33,7.74247651991328,3.28239807893573,4.81353103956118,5.62076967790582,7.77535044414159,1,2
13,26,35,7.74247651991328,3.28239807893573,5.23612186927836,6.0481817420457,8.21859409602139,1,2
13,26,40,7.74247651991328,3.28239807893573,4.65534310957872,5.42389130444271,7.63379102308333,1,2
13,26,41,7.74247651991328,3.28239807893573,5.15173065395743,6.06725631638596,8.2997431077994,1,2
13,26,42,7.74247651991328,3.28239807893573,6.67863093287741,5.84430651303948,8.23905136113373,1,2
13,26,43,7.74247651991328,3.28239807893573,4.05503341306021,5.81240810759002,8.13187725240673,1,2
13,26,44,7.74247651991328,3.28239807893573,5.20787700566011,5.75671070622687,7.72200216153097,1,2
13,26,45,7.74247651991328,3.28239807893573,4.98523644907836,5.72214615563209,7.95439025187785,1,2
13,26,50,7.74247651991328,3.28239807893573,5.97127675875034,6.27402482441639,8.04174514743093,1,2
13,26,52,7.74247651991328,3.28239807893573,3.21232201366407,6.76526372200784,8.23915152224357,1,2
13,26,59,7.74247651991328,3.28239807893573,5.26630907631264,6.57385089108949,7.95929016441677,1,2
13,26,61,7.74247651991328,3.28239807893573,4.03478613279895,5.59033397368924,8.17346198259842,1,2
13,26,64,7.74247651991328,3.28239807893573,5.00246464912411,6.04272337688293,8.03224986840475,1,2
13,27,1,7.74247651991328,3.28239807893573,2.84042457763195,5.57769909211304,7.85783478914441,1,2
13,27,2,7.74247651991328,3.28239807893573,6.23392337511298,6.36251691691772,8.0050997867197,1,2
13,27,5,7.74247651991328,3.28239807893573,2.6337369287336,5.66914407580562,7.90224571458753,1,2
13,27,6,7.74247651991328,3.28239807893573,5.75722206820728,6.29615025491804,8.19898318994539,1,2
13,27,8,7.74247651991328,3.28239807893573,4.58852965736587,6.68343943174867,8.21458814150561,1,2
13,27,12,7.74247651991328,3.28239807893573,5.44325667821253,6.42229963233765,8.12025864893646,1,2
13,27,14,7.74247651991328,3.28239807893573,4.86251975252224,5.83651124434366,8.10725715040794,1,2
13,27,15,7.74247651991328,3.28239807893573,5.01208370139751,6.32611622965241,8.26707396887119,1,2
13,27,17,7.74247651991328,3.28239807893573,6.71365663213722,6.14451230597704,8.45309377264228,1,2
13,27,19,7.74247651991328,3.28239807893573,4.36873279138476,5.50082174066497,7.89483138122606,1,2
13,27,20,7.74247651991328,3.28239807893573,5.97642628154053,5.57506334744308,8.31258254574321,1,2
13,27,21,7.74247651991328,3.28239807893573,6.04388096446909,6.53023793421286,7.95692148191669,1,2
13,27,23,7.74247651991328,3.28239807893573,5.53938645141702,5.76799412331678,8.10447473840941,1,2
13,27,24,7.74247651991328,3.28239807893573,5.98335327210137,5.70831907435779,7.88357976214167,1,2
13,27,25,7.74247651991328,3.28239807893573,3.67271503156125,6.36214021532305,8.06590393960502,1,2
13,27,26,7.74247651991328,3.28239807893573,4.7999424419888,5.82800050283482,8.20186851076129,1,2
13,27,27,7.74247651991328,3.28239807893573,6.14546231255226,5.84607594822399,8.38096842425312,1,2
13,27,30,7.74247651991328,3.28239807893573,6.70522147296888,6.76425180188498,8.6675933202521,1,2
13,27,34,7.74247651991328,3.28239807893573,4.30441715005339,6.32183711453928,7.86408903617962,1,2
13,27,35,7.74247651991328,3.28239807893573,5.5805523766064,5.12548160192048,8.36762849701596,1,2
13,27,36,7.74247651991328,3.28239807893573,5.46796865110169,6.26031766040733,8.07434371302551,1,2
13,27,37,7.74247651991328,3.28239807893573,6.30210010504206,6.1485902922967,8.33888718639877,1,2
13,27,38,7.74247651991328,3.28239807893573,5.17201237222949,6.46071204906203,8.20154933841203,1,2
13,27,45,7.74247651991328,3.28239807893573,4.80552930183871,6.52047298901211,8.07894271052206,1,2
13,27,46,7.74247651991328,3.28239807893573,5.28857795391389,7.0173946761028,8.192793643604,1,2
13,27,48,7.74247651991328,3.28239807893573,5.45138963600637,5.90877973012561,8.24876494989811,1,2
13,27,49,7.74247651991328,3.28239807893573,3.93399042137916,7.2968966416734,8.24176543463464,1,2
13,27,52,7.74247651991328,3.28239807893573,4.83627115359692,6.7299483406211,8.20658245647098,1,2
13,27,55,7.74247651991328,3.28239807893573,5.46682951653123,5.92571718295254,8.48601859038798,1,2
13,27,58,7.74247651991328,3.28239807893573,3.58771266664336,5.57868765757766,8.00218145531787,1,2
13,27,59,7.74247651991328,3.28239807893573,5.30266512764718,6.43910643900297,8.54439548295457,1,2
13,27,60,7.74247651991328,3.28239807893573,5.61318002208981,6.00778534460536,8.0680158483979,1,2
13,27,62,7.74247651991328,3.28239807893573,5.0213354876764,5.78947731469453,8.05336947899596,1,2
13,27,64,7.74247651991328,3.28239807893573,4.75440611031372,5.98415128099399,8.20348631735302,1,2
13,27,67,7.74247651991328,3.28239807893573,3.27874165123869,5.38920054208539,8.11246312035816,1,2
13,27,68,7.74247651991328,3.28239807893573,6.46463351718126,5.241456124124,8.44953800952543,1,2
13,27,70,7.74247651991328,3.28239807893573,5.31818281626261,5.4795987658966,8.23590448781858,1,2
13,27,71,7.74247651991328,3.28239807893573,3.81392343738641,5.66333471845403,8.03179777254207,1,2
13,27,74,7.74247651991328,3.28239807893573,3.77749121030666,5.2721125380465,8.13965447230937,1,2
13,27,75,7.74247651991328,3.28239807893573,3.50484098551906,6.06873921354771,8.04552674499989,1,2
13,27,76,7.74247651991328,3.28239807893573,6.04095381806213,5.64785285250546,8.09424086416271,1,2
13,27,78,7.74247651991328,3.28239807893573,3.93756338447244,5.6541302990356,8.11029852955629,1,2
13,27,81,7.74247651991328,3.28239807893573,4.63515841693365,6.04728198037116,8.29073575668399,1,2
13,27,86,7.74247651991328,3.28239807893573,4.78547705887411,5.48153627607421,7.99811696047163,1,2
13,28,1,7.74247651991328,3.28239807893573,5.19612297845033,6.06727881463734,8.15987321192426,1,2
13,28,6,7.74247651991328,3.28239807893573,5.84207847965736,6.45314862352829,8.6338587776741,1,2
13,28,8,7.74247651991328,3.28239807893573,2.79026246476681,5.7609607628709,8.16204123637557,1,2
13,28,9,7.74247651991328,3.28239807893573,5.03625449687492,5.5776480431571,8.14198573448226,1,2
13,28,16,7.74247651991328,3.28239807893573,4.46803868433876,5.93077086100128,8.31659313521078,1,2
13,28,17,7.74247651991328,3.28239807893573,5.76865005338354,5.84211744939339,8.12148526193849,1,2
13,28,22,7.74247651991328,3.28239807893573,4.09311690683879,6.07103564331512,8.49456114664717,1,2
13,28,23,7.74247651991328,3.28239807893573,4.71337037380807,5.07494718261568,7.98830999890474,1,2
13,28,27,7.74247651991328,3.28239807893573,3.41675241161708,7.16856219493035,8.10734385720409,1,2
13,28,28,7.74247651991328,3.28239807893573,5.90430660575366,6.54074529452055,7.68995628801182,1,2
13,28,29,7.74247651991328,3.28239807893573,4.33769431495853,6.4803183857705,8.41887541488547,1,2
13,28,31,7.74247651991328,3.28239807893573,5.90097369721063,6.03369596167703,8.36126442882119,1,2
13,28,33,7.74247651991328,3.28239807893573,4.10027815775441,5.87802497823031,8.39795762435815,1,2
13,28,36,7.74247651991328,3.28239807893573,3.80820134407392,6.67278774855358,8.13447467528706,1,2
13,28,37,7.74247651991328,3.28239807893573,5.23789891547285,6.01070959247713,8.04972332053604,1,2
13,28,39,7.74247651991328,3.28239807893573,6.51141676376815,6.77343039686119,8.45288864875297,1,2
13,28,41,7.74247651991328,3.28239807893573,5.69731935375834,5.19163956330381,8.02772702836602,1,2
13,28,42,7.74247651991328,3.28239807893573,4.95807690689271,5.95275982058251,8.30166427516761,1,2
13,28,44,7.74247651991328,3.28239807893573,3.57574120973379,5.03446965620224,7.50115371296067,1,2
13,28,47,7.74247651991328,3.28239807893573,4.57987253876913,6.00116756091699,8.28455256911674,1,2
13,28,48,7.74247651991328,3.28239807893573,7.83696524145202,6.26371183836583,8.58341328283051,1,2
13,28,50,7.74247651991328,3.28239807893573,5.10648260542997,6.50825192491534,8.07712531476643,1,2
13,28,51,7.74247651991328,3.28239807893573,4.60689319899037,6.45478073639048,8.62337345256896,1,2
13,28,52,7.74247651991328,3.28239807893573,4.99779441582093,6.55935318013239,7.9966120358892,1,2
13,28,53,7.74247651991328,3.28239807893573,5.47767293468763,6.88176372989068,8.31972178236016,1,2
13,28,54,7.74247651991328,3.28239807893573,2.4124561583484,5.61086364900466,7.69873905143583,1,2
13,28,55,7.74247651991328,3.28239807893573,4.1866671852068,6.20883904112896,8.10747751245464,1,2
13,28,56,7.74247651991328,3.28239807893573,4.34806142487417,6.21522963837724,8.0187604278894,1,2
13,28,57,7.74247651991328,3.28239807893573,4.54009578468285,6.10449412331911,8.09922991013135,1,2
13,28,59,7.74247651991328,3.28239807893573,4.39337677522729,5.51170604249099,8.28420873995304,1,2
13,28,63,7.74247651991328,3.28239807893573,5.05202809629191,6.20709118493268,7.99149191701525,1,2
13,28,70,7.74247651991328,3.28239807893573,5.02376863844066,6.14399207133565,8.1465556625622,1,2
13,28,72,7.74247651991328,3.28239807893573,3.87448679933529,5.37295838598087,7.87827227446708,1,2
13,28,73,7.74247651991328,3.28239807893573,6.03113270228665,6.27277140398467,8.45287430400141,1,2
13,28,75,7.74247651991328,3.28239807893573,5.00601659225106,5.85249017668961,8.2184899341907,1,2
13,28,76,7.74247651991328,3.28239807893573,4.55878039921709,5.9403652276796,7.90895806473918,1,2
13,28,77,7.74247651991328,3.28239807893573,5.72036875817843,5.71230552713973,8.36238679981056,1,2
13,28,81,7.74247651991328,3.28239807893573,5.75358989861165,6.42550728898779,8.39864978159243,1,2
13,28,83,7.74247651991328,3.28239807893573,5.97486876510121,5.92703046101248,8.16536654758184,1,2
13,28,84,7.74247651991328,3.28239807893573,2.87624963230588,5.9092112144883,7.53043799921852,1,2
13,28,85,7.74247651991328,3.28239807893573,2.32920641731437,6.48499272744001,8.05403970770613,1,2
13,29,5,7.74247651991328,3.28239807893573,5.97707349737147,6.21558091892078,8.28187586901102,1,2
13,29,9,7.74247651991328,3.28239807893573,5.1918771205344,6.32704995902159,8.81751118887035,1,2
13,29,11,7.74247651991328,3.28239807893573,4.10128632730476,5.74532599083393,8.66652303934801,1,2
13,29,12,7.74247651991328,3.28239807893573,5.13383858421665,5.75815317076646,8.06146888240277,1,2
13,29,14,7.74247651991328,3.28239807893573,4.3392014766599,6.76651421654488,8.05023508392934,1,2
13,29,15,7.74247651991328,3.28239807893573,5.41614801142261,5.5373655743876,8.72438954410475,1,2
13,29,16,7.74247651991328,3.28239807893573,4.33841031928303,6.64218629691034,8.25545300155762,1,2
13,29,20,7.74247651991328,3.28239807893573,4.3975128565703,6.22484557636969,8.05484097919747,1,2
13,29,22,7.74247651991328,3.28239807893573,7.57332245792811,5.17690102250838,8.21011183869874,1,2
13,29,24,7.74247651991328,3.28239807893573,5.05750246261291,5.74034891138027,8.48517767099553,1,2
13,29,29,7.74247651991328,3.28239807893573,4.28117073498962,6.31685021914317,8.39082133154543,1,2
13,29,31,7.74247651991328,3.28239807893573,4.24999081093619,6.80805956826227,8.002062809965,1,2
13,29,34,7.74247651991328,3.28239807893573,4.8272755098609,6.85054637155277,8.39244176200683,1,2
13,29,37,7.74247651991328,3.28239807893573,3.73705863371244,5.69793578766934,8.2221734192154,1,2
13,29,38,7.74247651991328,3.28239807893573,4.28352420080522,5.74167406038105,8.05134057484932,1,2
13,29,41,7.74247651991328,3.28239807893573,4.15067192356254,6.06666581783604,7.91640196980349,1,2
13,29,47,7.74247651991328,3.28239807893573,5.97168887829585,6.72444705034463,8.37015416047339,1,2
13,29,52,7.74247651991328,3.28239807893573,5.51935779846641,5.59254871892675,8.25451681960364,1,2
13,29,54,7.74247651991328,3.28239807893573,5.67465743993556,5.79365402206423,8.44042602481372,1,2
13,29,56,7.74247651991328,3.28239807893573,5.92173739786122,6.16250526426646,8.84413172828645,1,2
13,29,57,7.74247651991328,3.28239807893573,6.26949183894028,5.80231614392754,8.16710053447679,1,2
13,29,61,7.74247651991328,3.28239807893573,5.35666984222466,6.46009207171073,8.01895338955956,1,2
13,29,62,7.74247651991328,3.28239807893573,3.88603345741097,6.1022628383258,8.02009114703631,1,2
13,29,65,7.74247651991328,3.28239807893573,4.42358491359959,6.24904847676072,7.90707932517585,1,2
13,29,66,7.74247651991328,3.28239807893573,4.27141931609489,6.39298494653165,7.95838208112834,1,2
13,29,67,7.74247651991328,3.28239807893573,4.26214291956994,6.46903194614896,8.10145197798556,1,2
13,29,69,7.74247651991328,3.28239807893573,4.30745198425928,6.4480698698084,8.19501070942622,1,2
13,29,70,7.74247651991328,3.28239807893573,4.12378555770388,5.45372236909118,8.28685602600113,1,2
13,29,71,7.74247651991328,3.28239807893573,5.08812247686527,5.32768947684985,8.13613546123028,1,2
13,29,73,7.74247651991328,3.28239807893573,4.54089587127074,6.20297765300262,8.48327612153262,1,2
13,29,75,7.74247651991328,3.28239807893573,4.8250387362524,6.30255340809837,8.03713746575404,1,2
13,29,77,7.74247651991328,3.28239807893573,4.81653067380101,5.58988255204792,8.32326149852696,1,2
13,29,82,7.74247651991328,3.28239807893573,6.65985138170018,5.5183991930991,8.28473829666785,1,2
13,29,88,7.74247651991328,3.28239807893573,5.74315955249113,6.59045275953343,8.39375734811747,1,2
13,30,1,7.74247651991328,3.28239807893573,6.8252306415661,5.35538703218668,8.61476397638523,1,2
13,30,2,7.74247651991328,3.28239807893573,6.1322814269197,6.12686877493586,8.45803284467648,1,2
13,30,5,7.74247651991328,3.28239807893573,5.14358435669914,6.49306103914168,8.54597682203023,1,2
13,30,7,7.74247651991328,3.28239807893573,4.00684940986358,5.94065818378511,8.55964890860169,1,2
13,30,9,7.74247651991328,3.28239807893573,5.83878627670212,6.08251454353777,8.49126361249844,1,2
13,30,11,7.74247651991328,3.28239807893573,5.28360113343882,6.75403031319592,8.74250566419815,1,2
13,30,12,7.74247651991328,3.28239807893573,4.70940088356471,5.26927942314207,8.66598229278829,1,2
13,30,13,7.74247651991328,3.28239807893573,4.23050841100429,6.04823123722949,8.22471077975591,1,2
13,30,15,7.74247651991328,3.28239807893573,4.02333204826049,6.09251959674758,8.37738111007672,1,2
13,30,16,7.74247651991328,3.28239807893573,3.89648909647828,6.30888332817604,8.72807770554822,1,2
13,30,17,7.74247651991328,3.28239807893573,6.19244222352188,5.19756183308093,8.33525119153818,1,2
13,30,20,7.74247651991328,3.28239807893573,6.92895848680727,6.1813630691411,8.37161579347709,1,2
13,30,21,7.74247651991328,3.28239807893573,3.95870357382658,6.64636247841844,8.43935339057764,1,2
13,30,22,7.74247651991328,3.28239807893573,5.07696511680862,6.69560541938059,8.41941979217205,1,2
13,30,25,7.74247651991328,3.28239807893573,4.95168891280713,6.4316409980792,8.87329707837171,1,2
13,30,26,7.74247651991328,3.28239807893573,3.23129599829301,5.44867555351629,8.23120940747387,1,2
13,30,27,7.74247651991328,3.28239807893573,5.5137046471112,6.22792761662167,8.7237545707832,1,2
13,30,29,7.74247651991328,3.28239807893573,5.19614741423122,5.47396915373689,8.68073641491408,1,2
13,30,30,7.74247651991328,3.28239807893573,5.04894881752352,6.90330851792479,8.1820732243906,1,2
13,30,32,7.74247651991328,3.28239807893573,5.53495447225202,6.42162348067121,8.91716203993564,1,2
13,30,33,7.74247651991328,3.28239807893573,5.0574089069468,6.28495023665467,8.70288358507788,1,2
13,30,36,7.74247651991328,3.28239807893573,4.64814448660633,6.23736683558084,8.23664704064927,1,2
13,30,37,7.74247651991328,3.28239807893573,6.96682566711287,5.86466991823586,8.92453273418024,1,2
13,30,38,7.74247651991328,3.28239807893573,5.22025710353296,6.54678630433719,8.57677801246758,1,2
13,30,39,7.74247651991328,3.28239807893573,4.96340484790153,5.90248350800306,8.5606958470268,1,2
13,30,40,7.74247651991328,3.28239807893573,4.51376913511807,5.48649741805156,8.34787138447067,1,2
13,30,45,7.74247651991328,3.28239807893573,3.91056215964813,5.82287709018352,8.16386621419756,1,2
13,30,50,7.74247651991328,3.28239807893573,2.45585707570411,6.5935224936487,8.5378764448796,1,2
13,30,51,7.74247651991328,3.28239807893573,5.44753465664361,5.29378130445177,8.83878147429124,1,2
13,30,52,7.74247651991328,3.28239807893573,5.36628772417166,5.90434583390537,8.78528814664888,1,2
13,30,54,7.74247651991328,3.28239807893573,4.41383965402286,6.19796537792093,8.0238020240346,1,2
13,30,55,7.74247651991328,3.28239807893573,5.99916077077704,5.86870384158116,8.65501189274861,1,2
13,30,59,7.74247651991328,3.28239807893573,6.09957527608873,6.74603996286128,8.4513178515871,1,2
13,30,60,7.74247651991328,3.28239807893573,3.91073006691915,6.327495863378,8.73554139268361,1,2
13,30,61,7.74247651991328,3.28239807893573,6.64162333845999,5.05332589341257,8.1369598311952,1,2
13,30,63,7.74247651991328,3.28239807893573,4.67159707172069,5.47169022519227,8.3289611989554,1,2
13,31,2,7.74247651991328,3.28239807893573,5.91624472853569,6.25584976943859,8.37295803731813,1,2
13,31,3,7.74247651991328,3.28239807893573,4.39507666515853,5.06447909763141,8.09370280479721,1,2
13,31,4,7.74247651991328,3.28239807893573,4.63257943961888,6.0339162557663,8.43710170236903,1,2
13,31,10,7.74247651991328,3.28239807893573,5.35684921365971,6.11033860239249,8.68641917293466,1,2
13,31,11,7.74247651991328,3.28239807893573,4.96804623274451,5.90965836897626,8.76436028868477,1,2
13,31,12,7.74247651991328,3.28239807893573,4.81382837552285,5.83426561112231,8.86942089575406,1,2
13,31,14,7.74247651991328,3.28239807893573,4.15417262058865,6.55355120651713,8.85511980188464,1,2
13,31,16,7.74247651991328,3.28239807893573,6.057511768277,6.98512714961259,8.64753796317318,1,2
13,31,17,7.74247651991328,3.28239807893573,5.31599660934514,6.29835277121005,9.06221638552498,1,2
13,31,20,7.74247651991328,3.28239807893573,6.76500541338125,5.87005483452714,8.60048009756656,1,2
13,31,21,7.74247651991328,3.28239807893573,4.78416902081619,5.58478285471751,8.85824788200758,1,2
13,31,26,7.74247651991328,3.28239807893573,4.09157286266021,6.33528084911294,8.95960950854455,1,2
13,31,27,7.74247651991328,3.28239807893573,4.22149033343649,6.11217054186248,8.86137680603821,1,2
13,31,28,7.74247651991328,3.28239807893573,5.13183328780476,6.20441800542895,8.63567173763262,1,2
13,31,32,7.74247651991328,3.28239807893573,6.03427363444679,5.9077482382114,8.33622418548021,1,2
13,31,33,7.74247651991328,3.28239807893573,4.39336436250824,6.14125950448637,8.69577045300844,1,2
13,31,34,7.74247651991328,3.28239807893573,3.7995255088014,5.7547255491455,8.54042773478485,1,2
13,31,35,7.74247651991328,3.28239807893573,4.47875393188238,5.77147561073066,8.60739770468147,1,2
13,31,36,7.74247651991328,3.28239807893573,3.82304858957974,5.87026754686847,8.60093092399354,1,2
13,31,38,7.74247651991328,3.28239807893573,4.70480079843862,6.3339849649509,8.35280652655615,1,2
13,31,40,7.74247651991328,3.28239807893573,3.33466655141519,5.66536445697048,8.30667496098366,1,2
13,31,41,7.74247651991328,3.28239807893573,2.09772633620286,6.48421285540701,8.40763902379553,1,2
13,31,43,7.74247651991328,3.28239807893573,4.08501073435426,6.1570039892034,8.60245132591192,1,2
13,31,44,7.74247651991328,3.28239807893573,3.9480338831637,6.9996714223701,9.34762163908697,1,2
13,31,50,7.74247651991328,3.28239807893573,6.09598938078114,5.64673534158318,8.37197089026494,1,2
13,31,53,7.74247651991328,3.28239807893573,4.05962617346928,5.89625185262856,8.77163769242688,1,2
13,31,54,7.74247651991328,3.28239807893573,4.01087034621662,6.51488109338246,8.27497137039671,1,2
13,31,55,7.74247651991328,3.28239807893573,4.35792809167778,5.69628270184112,8.68422976688047,1,2
13,31,59,7.74247651991328,3.28239807893573,5.3343125467502,5.69889955186431,8.69858926006201,1,2
13,32,1,7.74247651991328,3.28239807893573,4.81914299284386,6.09227213873716,8.70001654167543,1,2
13,32,3,7.74247651991328,3.28239807893573,4.13296409391352,6.16260247056086,8.64411865592805,1,2
13,32,4,7.74247651991328,3.28239807893573,2.87164856769589,6.11557052768782,8.7181649066804,1,2
13,32,10,7.74247651991328,3.28239807893573,4.82101483816426,7.60559312352464,9.22466296375386,1,2
13,32,11,7.74247651991328,3.28239807893573,4.69272243091586,6.63864488172245,8.79567747506544,1,2
13,32,12,7.74247651991328,3.28239807893573,5.6663885597728,6.09772721939685,8.53135344616698,1,2
13,32,13,7.74247651991328,3.28239807893573,5.80674197708096,5.19334087385808,8.19481924966558,1,2
13,32,14,7.74247651991328,3.28239807893573,4.42501435519951,6.07637714228724,8.48592837383061,1,2
13,32,17,7.74247651991328,3.28239807893573,5.38589465386211,6.70622139085181,8.984575008199,1,2
13,32,20,7.74247651991328,3.28239807893573,6.31482687789096,5.97984197135756,8.72579338622276,1,2
13,32,22,7.74247651991328,3.28239807893573,5.58277762738419,5.82593444148801,8.93059813304982,1,2
13,32,24,7.74247651991328,3.28239807893573,5.63634714984324,5.92470209242058,9.14929231540548,1,2
13,32,28,7.74247651991328,3.28239807893573,4.36464756484489,5.90366371464098,8.93186804116654,1,2
13,32,32,7.74247651991328,3.28239807893573,5.2779079792201,5.89569536535625,8.90855602629098,1,2
13,32,33,7.74247651991328,3.28239807893573,3.87050762828848,6.93790069823593,8.42409442633264,1,2
13,32,34,7.74247651991328,3.28239807893573,5.51495799477936,7.03240875472009,8.82412534788738,1,2
13,32,36,7.74247651991328,3.28239807893573,5.93098085328949,6.06575201691201,9.21204889612871,1,2
13,32,37,7.74247651991328,3.28239807893573,4.38196025290318,5.95361560191071,8.3794119893686,1,2
13,32,39,7.74247651991328,3.28239807893573,5.89471626061757,5.79023884171818,8.09062096962142,1,2
13,32,42,7.74247651991328,3.28239807893573,5.50513551906019,6.30986128014407,8.94574554563113,1,2
13,32,45,7.74247651991328,3.28239807893573,4.88086114044675,5.74902268819927,8.72324933037327,1,2
13,32,49,7.74247651991328,3.28239807893573,5.22024906984521,5.97685763264442,8.91969396362917,1,2
13,32,51,7.74247651991328,3.28239807893573,5.78345941452789,5.82737176519112,8.77038895074223,1,2
13,32,52,7.74247651991328,3.28239807893573,4.40532546809444,6.21306299833255,8.63709726463031,1,2
13,32,53,7.74247651991328,3.28239807893573,5.42000007832628,5.60583999536252,8.57765813013814,1,2
13,32,54,7.74247651991328,3.28239807893573,3.57131058301452,7.62682816464471,8.63567495094582,1,2
13,32,56,7.74247651991328,3.28239807893573,4.54720187605444,6.53792626867103,8.47692162877405,1,2
13,32,59,7.74247651991328,3.28239807893573,6.47610098831234,6.66993163208927,9.09340826038137,1,2
13,32,61,7.74247651991328,3.28239807893573,4.0130462033127,5.13734723593119,8.33251665441144,1,2
13,32,62,7.74247651991328,3.28239807893573,5.66504980063884,6.2949273045424,8.77200190304437,1,2
13,32,64,7.74247651991328,3.28239807893573,4.07035837012261,6.38674789651102,8.31060106986644,1,2
13,32,65,7.74247651991328,3.28239807893573,6.00121309174934,5.66748824020068,8.29227919217382,1,2
13,32,67,7.74247651991328,3.28239807893573,5.43033079224839,6.14403903212893,8.62231064538691,1,2
13,32,69,7.74247651991328,3.28239807893573,5.99296176065417,5.65189925126511,8.5325168622683,1,2
13,32,72,7.74247651991328,3.28239807893573,5.61384688221554,5.94548757875637,8.58187803668393,1,2
13,32,73,7.74247651991328,3.28239807893573,4.97198369342873,6.19547917199646,8.92648283091495,1,2
13,32,74,7.74247651991328,3.28239807893573,5.45270992002219,6.69496499226773,9.41643025513079,1,2
13,32,76,7.74247651991328,3.28239807893573,5.56783466374625,6.17469802854982,8.66460022332804,1,2
13,32,77,7.74247651991328,3.28239807893573,4.887112434359,5.86413117508443,8.94042157429495,1,2
13,32,78,7.74247651991328,3.28239807893573,5.02507146925736,6.0856427563477,8.84067581796171,1,2
13,32,80,7.74247651991328,3.28239807893573,6.00064825058046,5.82873378114383,8.96305213227519,1,2
13,32,81,7.74247651991328,3.28239807893573,5.96315077248766,5.5616196647082,8.72032017833805,1,2
13,32,82,7.74247651991328,3.28239807893573,3.81750269828418,5.86448110910529,8.30681700676474,1,2
13,32,83,7.74247651991328,3.28239807893573,5.34342012062392,6.09343846501643,8.23088902175798,1,2
13,33,2,7.74247651991328,3.28239807893573,4.07309803035078,5.47643710698598,9.22163862230156,1,2
13,33,4,7.74247651991328,3.28239807893573,4.32090432867297,5.42398104305624,8.73904606845607,1,2
13,33,5,7.74247651991328,3.28239807893573,5.16221909006724,7.14835021845303,9.34253016731202,1,2
13,33,7,7.74247651991328,3.28239807893573,4.99839339604691,6.95900215450621,8.74850331901236,1,2
13,33,8,7.74247651991328,3.28239807893573,4.76897922843282,5.65999579732788,8.9844301524237,1,2
13,33,9,7.74247651991328,3.28239807893573,5.88702745543159,6.84489581760678,8.87837829472773,1,2
13,33,13,7.74247651991328,3.28239807893573,4.25922085955795,6.21152922297637,8.66053498822033,1,2
13,33,16,7.74247651991328,3.28239807893573,5.90492827727342,5.90929117210234,8.93592238552423,1,2
13,33,21,7.74247651991328,3.28239807893573,6.27587088328985,6.13676010001308,9.34815568436355,1,2
13,33,22,7.74247651991328,3.28239807893573,5.64099976104857,6.35884697988417,8.76050098928887,1,2
13,33,23,7.74247651991328,3.28239807893573,5.89401161473278,5.94786406858837,9.07491075212642,1,2
13,33,24,7.74247651991328,3.28239807893573,4.41244338407012,5.69041254673766,8.91995647785068,1,2
13,33,25,7.74247651991328,3.28239807893573,4.46840413532862,6.12757338389632,9.14009063451287,1,2
13,33,28,7.74247651991328,3.28239807893573,4.84778374279969,6.00121088990137,8.60337786720917,1,2
13,33,30,7.74247651991328,3.28239807893573,3.84158316830527,4.92525659075137,8.71620173008274,1,2
13,33,31,7.74247651991328,3.28239807893573,5.03535396565369,5.59760827072408,8.50642107331338,1,2
13,33,38,7.74247651991328,3.28239807893573,4.43961025766668,5.9590727353424,8.76974757964323,1,2
13,33,40,7.74247651991328,3.28239807893573,5.26567579900997,6.95378059986385,8.74978072118844,1,2
13,33,41,7.74247651991328,3.28239807893573,4.85851681260909,6.30579945190886,8.7309634204822,1,2
13,33,42,7.74247651991328,3.28239807893573,4.66158645022945,5.97489840706442,8.84471591104637,1,2
13,33,43,7.74247651991328,3.28239807893573,6.26843585659907,6.3635582990364,9.14301537000368,1,2
13,33,45,7.74247651991328,3.28239807893573,4.63687805234428,5.92313247122692,9.25919130756598,1,2
13,33,47,7.74247651991328,3.28239807893573,4.01811084158715,6.52889019882532,8.76336960439518,1,2
13,33,48,7.74247651991328,3.28239807893573,6.67956314745331,6.30414956403782,8.56427681492058,1,2
13,33,49,7.74247651991328,3.28239807893573,8.04480157932095,6.37101719974629,9.18191751754151,1,2
13,33,50,7.74247651991328,3.28239807893573,6.29602919167883,6.06706644240429,8.86183651574563,1,2
13,33,53,7.74247651991328,3.28239807893573,5.22319583196669,5.84658288913296,9.05240975321462,1,2
13,33,54,7.74247651991328,3.28239807893573,5.10601690233416,6.24670624981859,8.82395102230438,1,2
13,33,61,7.74247651991328,3.28239807893573,6.10636048393429,5.74549859248714,8.98546019758642,1,2
13,33,62,7.74247651991328,3.28239807893573,5.44701139342651,6.21523659495113,9.02903393675883,1,2
13,33,63,7.74247651991328,3.28239807893573,5.59878678499923,6.31797980376502,8.55657121672882,1,2
13,33,64,7.74247651991328,3.28239807893573,5.18551435155356,6.22658727181915,8.98814111725307,1,2
13,33,66,7.74247651991328,3.28239807893573,5.82264185681265,6.14096597196,9.44774318188844,1,2
13,33,67,7.74247651991328,3.28239807893573,4.45490415731567,6.6463984881191,9.11203074131969,1,2
13,34,3,7.74247651991328,3.28239807893573,7.39404169614278,6.39350198248138,9.36910057214788,1,2
13,34,4,7.74247651991328,3.28239807893573,5.02312508965084,5.24023153015477,8.8536104787182,1,2
13,34,5,7.74247651991328,3.28239807893573,5.88001762451993,6.60724496859583,8.94533133076085,1,2
13,34,6,7.74247651991328,3.28239807893573,5.25171373634417,6.14223544803603,8.78555043023403,1,2
13,34,8,7.74247651991328,3.28239807893573,6.0187130160581,5.64998628027049,9.06719245518286,1,2
13,34,11,7.74247651991328,3.28239807893573,4.32574768983957,5.45326584937889,8.61171206639026,1,2
13,34,12,7.74247651991328,3.28239807893573,4.7827395787318,6.02145515121082,8.07027497842804,1,2
13,34,13,7.74247651991328,3.28239807893573,6.92025560685698,5.81064870056125,9.23019053253677,1,2
13,34,15,7.74247651991328,3.28239807893573,5.01011478945878,6.77116784687201,9.18591576900926,1,2
13,34,17,7.74247651991328,3.28239807893573,4.69747536722393,6.90621399550377,8.81027648662432,1,2
13,34,19,7.74247651991328,3.28239807893573,3.71569255217658,5.87517033336238,9.07932495073601,1,2
13,34,20,7.74247651991328,3.28239807893573,4.53955798675752,5.86653775470447,8.86815993182999,1,2
13,34,22,7.74247651991328,3.28239807893573,6.96969029606314,6.35587152909073,9.07497597644384,1,2
13,34,23,7.74247651991328,3.28239807893573,4.56477306683686,6.15709727802491,9.40816832813191,1,2
13,34,24,7.74247651991328,3.28239807893573,3.6360468956893,6.11439927236446,8.59188693900572,1,2
13,34,25,7.74247651991328,3.28239807893573,4.32599524732639,5.66422883260756,8.85243509321752,1,2
13,34,26,7.74247651991328,3.28239807893573,5.48188145151873,5.80175633627522,8.92016355090653,1,2
13,34,31,7.74247651991328,3.28239807893573,6.21154753430662,6.36438047016296,9.0160757609313,1,2
13,34,33,7.74247651991328,3.28239807893573,5.61052793343725,5.63274409172285,8.80885200929484,1,2
13,34,36,7.74247651991328,3.28239807893573,4.24322434340834,6.22967356338937,8.84832129182536,1,2
13,34,37,7.74247651991328,3.28239807893573,5.20620544134649,6.49865052283958,8.60974871751773,1,2
13,34,38,7.74247651991328,3.28239807893573,6.33700436092166,5.03094628913302,8.76482376409345,1,2
13,34,39,7.74247651991328,3.28239807893573,5.27992315197197,5.72167378314102,8.81812699132144,1,2
13,34,40,7.74247651991328,3.28239807893573,5.5006038750706,6.97891469909534,8.89520028516424,1,2
13,34,41,7.74247651991328,3.28239807893573,5.35768183231977,6.32962641374077,8.62089347753927,1,2
13,34,43,7.74247651991328,3.28239807893573,5.57130700726503,5.64270166635974,8.81124940530678,1,2
13,34,45,7.74247651991328,3.28239807893573,5.28674531988404,5.41536012094125,8.74344798806934,1,2
13,34,48,7.74247651991328,3.28239807893573,5.46524140836128,6.52268715193047,8.96257441704692,1,2
13,34,51,7.74247651991328,3.28239807893573,5.44960816768582,5.59650330077605,9.23483768702565,1,2
13,34,58,7.74247651991328,3.28239807893573,6.36414433031419,5.75858124517729,8.6525163702962,1,2
13,34,59,7.74247651991328,3.28239807893573,5.51062518389238,6.38768916153459,8.78814219849383,1,2
13,34,61,7.74247651991328,3.28239807893573,4.6427936197966,5.89733049450406,8.80830545980711,1,2
13,34,64,7.74247651991328,3.28239807893573,3.62361651342122,5.81630635462671,8.58128071598236,1,2
13,34,65,7.74247651991328,3.28239807893573,6.97206932521657,6.52440264529167,9.01497355555952,1,2
13,34,67,7.74247651991328,3.28239807893573,4.76769543871761,5.69562349323277,8.61067585832237,1,2
13,34,69,7.74247651991328,3.28239807893573,5.76512626817957,6.19051618119687,8.69857969168274,1,2
13,34,70,7.74247651991328,3.28239807893573,4.19323106827061,6.18072014298893,8.81218972187388,1,2
13,34,80,7.74247651991328,3.28239807893573,5.99044634093346,5.97972367687497,9.36905023652673,1,2
13,34,82,7.74247651991328,3.28239807893573,6.74813869496035,5.55318133616687,9.263482977296,1,2
13,34,83,7.74247651991328,3.28239807893573,5.22512602793985,6.45345382951262,9.5220032862637,1,2
13,34,85,7.74247651991328,3.28239807893573,3.47003217964984,5.31811770362128,8.56999232558048,1,2
13,34,86,7.74247651991328,3.28239807893573,5.08116507841162,6.17973790323815,8.57326839935887,1,2
13,34,87,7.74247651991328,3.28239807893573,6.22319218286688,5.07010298750052,8.40724358645149,1,2
13,34,88,7.74247651991328,3.28239807893573,6.11238643895127,5.42866395389325,8.40045314743199,1,2
13,34,91,7.74247651991328,3.28239807893573,5.78219440996157,6.01493718794064,9.24412845214858,1,2
13,34,92,7.74247651991328,3.28239807893573,4.98433400036792,4.50011814748894,9.03766363726196,1,2
13,34,94,7.74247651991328,3.28239807893573,4.52955471218716,6.113331699471,8.34982945192697,1,2
13,34,96,7.74247651991328,3.28239807893573,5.66768787498308,6.32289832090272,8.62239217534465,1,2
13,35,1,7.74247651991328,3.28239807893573,6.91433400910816,5.74157832431398,9.63420628026514,1,2
13,35,3,7.74247651991328,3.28239807893573,4.02913027199674,5.92828708651761,9.41074802608916,1,2
13,35,6,7.74247651991328,3.28239807893573,4.49857451746446,5.32886891697619,8.83793147047009,1,2
13,35,8,7.74247651991328,3.28239807893573,6.37454959536086,5.78807134600101,9.46201179696896,1,2
13,35,11,7.74247651991328,3.28239807893573,3.05981512267795,6.35496076923514,9.31009434945467,1,2
13,35,12,7.74247651991328,3.28239807893573,5.18814574390435,6.28150793340899,9.5909956246408,1,2
13,35,13,7.74247651991328,3.28239807893573,3.2520414544105,6.54099718501684,8.77677164949389,1,2
13,35,14,7.74247651991328,3.28239807893573,4.96918993591538,5.32206315531432,8.91624563260476,1,2
13,35,20,7.74247651991328,3.28239807893573,5.50460837191329,5.60734330913907,9.21648121921055,1,2
13,35,21,7.74247651991328,3.28239807893573,5.756777441229,6.46429885276816,9.0226013369449,1,2
13,35,22,7.74247651991328,3.28239807893573,5.15614082857682,5.54564714846398,9.37289481467073,1,2
13,35,23,7.74247651991328,3.28239807893573,5.71337861375785,6.39369571886004,9.41406894713077,1,2
13,35,24,7.74247651991328,3.28239807893573,6.68803469601641,5.57357207630844,9.35649953187446,1,2
13,35,26,7.74247651991328,3.28239807893573,5.17595547823982,5.95834669753235,8.95527705500499,1,2
13,35,27,7.74247651991328,3.28239807893573,4.7008713911836,5.45958464688112,9.32650235693799,1,2
13,35,30,7.74247651991328,3.28239807893573,6.55527985829007,5.97042303038534,9.33924571445614,1,2
13,35,33,7.74247651991328,3.28239807893573,6.65514195033855,6.61130760131157,9.81755380594277,1,2
13,35,36,7.74247651991328,3.28239807893573,5.73229626239539,5.89265574630759,9.4784424525162,1,2
13,35,37,7.74247651991328,3.28239807893573,5.10372789031575,6.79328020809178,9.03407023928745,1,2
13,35,38,7.74247651991328,3.28239807893573,4.98932279880707,5.30331954895255,8.98935211482365,1,2
13,35,39,7.74247651991328,3.28239807893573,6.4355537056877,6.66754672477782,8.99221808360485,1,2
13,35,40,7.74247651991328,3.28239807893573,3.94290433616701,6.06613276192834,9.00811315272291,1,2
13,35,41,7.74247651991328,3.28239807893573,5.1919028108757,5.65409943790437,9.11759122306288,1,2
13,35,44,7.74247651991328,3.28239807893573,3.81260005712744,5.43956264462414,9.13529385463249,1,2
13,35,50,7.74247651991328,3.28239807893573,6.45582234227755,5.71519589209995,9.65652513021743,1,2
13,35,51,7.74247651991328,3.28239807893573,4.97037441982568,6.05457464421926,9.36545414479178,1,2
13,35,54,7.74247651991328,3.28239807893573,3.97906516082169,5.2818445233269,8.33928510001879,1,2
13,35,55,7.74247651991328,3.28239807893573,4.6167996876442,5.44243917433725,9.39245311603566,1,2
13,35,56,7.74247651991328,3.28239807893573,5.66101932621405,5.11991753505498,9.02988144171513,1,2
13,35,57,7.74247651991328,3.28239807893573,4.59363029869029,5.67845527146101,9.34235885939369,1,2
13,35,58,7.74247651991328,3.28239807893573,6.3820173084086,5.61378250603829,9.83116262724377,1,2
13,35,62,7.74247651991328,3.28239807893573,5.51116608418132,6.56440444495078,9.10675904582154,1,2
13,35,63,7.74247651991328,3.28239807893573,4.81230217228518,6.36472148731797,9.43382418161107,1,2
13,35,66,7.74247651991328,3.28239807893573,4.71433113333367,4.92450830435791,9.10644249280231,1,2
13,35,68,7.74247651991328,3.28239807893573,4.94495600280451,6.11916012723336,9.18613497782955,1,2
13,35,69,7.74247651991328,3.28239807893573,4.47451526176054,6.43642751849857,9.48586285878024,1,2
13,35,70,7.74247651991328,3.28239807893573,5.96629413525141,5.61035705166462,8.52678882756507,1,2
13,35,73,7.74247651991328,3.28239807893573,7.72474191618252,6.54499637901041,9.16453981287239,1,2
13,35,74,7.74247651991328,3.28239807893573,4.8599375691337,5.15266237208869,9.0691445658461,1,2
13,36,2,7.74247651991328,3.28239807893573,5.99024599116516,5.02141022826471,9.06098034697645,1,2
13,36,3,7.74247651991328,3.28239807893573,5.32912490732677,5.38139031537723,8.96349519835689,1,2
13,36,4,7.74247651991328,3.28239807893573,5.32628320396407,5.59804983553694,8.50508380588336,1,2
13,36,5,7.74247651991328,3.28239807893573,5.85678781060032,6.16511613992316,8.81028070220154,1,2
13,36,9,7.74247651991328,3.28239807893573,5.24897999614314,6.92627074084661,8.75565886277578,1,2
13,36,10,7.74247651991328,3.28239807893573,5.61104459783139,6.04605955082035,9.21036617359928,1,2
13,36,13,7.74247651991328,3.28239807893573,4.03416673183979,5.59002436687396,8.02855079508726,1,2
13,36,16,7.74247651991328,3.28239807893573,3.94089298738048,5.05874739874682,8.86912262969922,1,2
13,36,17,7.74247651991328,3.28239807893573,5.00130047843452,6.10090734241729,8.8583924934848,1,2
13,36,18,7.74247651991328,3.28239807893573,5.20942328219372,5.69235028003774,8.63694769221719,1,2
13,36,19,7.74247651991328,3.28239807893573,5.42718494279388,6.00287242202771,9.06888219566751,1,2
13,36,20,7.74247651991328,3.28239807893573,5.3811568035664,5.0656821920715,8.38938235928865,1,2
13,36,23,7.74247651991328,3.28239807893573,3.76476910059059,5.90206012706005,8.45612520028725,1,2
13,36,24,7.74247651991328,3.28239807893573,4.44593682627448,6.558229650945,8.90019793990571,1,2
13,36,26,7.74247651991328,3.28239807893573,5.74983115739795,6.60949975292911,9.10467286971765,1,2
13,36,27,7.74247651991328,3.28239807893573,4.45491160285199,6.70066348407508,8.85444907722302,1,2
13,36,29,7.74247651991328,3.28239807893573,5.59037484399126,5.4077625897086,8.65376285605243,1,2
13,36,30,7.74247651991328,3.28239807893573,5.19711287375821,6.8873744738604,8.59120520044456,1,2
13,36,32,7.74247651991328,3.28239807893573,5.06171133969612,6.56337909509623,8.80991445983324,1,2
13,36,39,7.74247651991328,3.28239807893573,5.65148497569923,5.95380147697553,8.50674892341692,1,2
13,36,41,7.74247651991328,3.28239807893573,6.78784923017521,6.65196752376347,9.27914207664701,1,2
13,36,42,7.74247651991328,3.28239807893573,4.81186733990193,6.14406428089589,8.64422217739346,1,2
13,36,43,7.74247651991328,3.28239807893573,3.6095623073186,5.95476567227109,8.35290815796244,1,2
13,36,44,7.74247651991328,3.28239807893573,6.25372497783679,6.52487874358761,9.07089351454155,1,2
13,36,45,7.74247651991328,3.28239807893573,5.83202683012894,5.43884264934042,8.46316043765409,1,2
13,36,47,7.74247651991328,3.28239807893573,5.49952435595813,6.02247258233338,8.88786420205451,1,2
13,36,52,7.74247651991328,3.28239807893573,5.95101327261308,6.08793767564246,9.12155825213021,1,2
13,36,53,7.74247651991328,3.28239807893573,3.25656698557653,6.64611527753938,8.09315874915492,1,2
13,36,56,7.74247651991328,3.28239807893573,4.99460150564536,5.00421872906778,8.39349218742953,1,2
13,36,58,7.74247651991328,3.28239807893573,2.7014980145563,5.2145208313842,8.98617852036192,1,2
13,36,60,7.74247651991328,3.28239807893573,4.87699025682881,5.96984750545693,8.42431936854268,1,2
13,36,61,7.74247651991328,3.28239807893573,4.00605753919897,5.66422174864144,8.58369033537769,1,2
13,36,63,7.74247651991328,3.28239807893573,4.65223940336394,5.94295868416234,8.78404817450264,1,2
13,36,64,7.74247651991328,3.28239807893573,5.17300936469567,6.48419777606075,8.63874708327224,1,2
13,36,66,7.74247651991328,3.28239807893573,3.97364815511023,6.79839406426479,8.69002556732816,1,2
13,36,70,7.74247651991328,3.28239807893573,3.34449637512593,5.77643071322123,8.39985380367328,1,2
13,36,71,7.74247651991328,3.28239807893573,4.57522117922168,5.99988710485322,8.87231053745544,1,2
13,36,73,7.74247651991328,3.28239807893573,5.28351194102644,5.8875896000852,8.78372325360625,1,2
13,36,74,7.74247651991328,3.28239807893573,4.69517248361171,6.89572592049253,8.55699521103498,1,2
13,36,75,7.74247651991328,3.28239807893573,5.03924422771804,6.30373598771193,8.31635182246261,1,2
13,36,77,7.74247651991328,3.28239807893573,5.2976010723267,5.90504719511413,8.95446250326314,1,2
13,36,78,7.74247651991328,3.28239807893573,4.84285045096006,6.45184579805765,8.68332080357439,1,2
13,36,79,7.74247651991328,3.28239807893573,5.2327136565501,5.89147398374726,9.02617314230256,1,2
13,36,85,7.74247651991328,3.28239807893573,5.13602466041744,6.19575425150888,9.20355452533391,1,2
13,36,88,7.74247651991328,3.28239807893573,4.21783753194532,5.70639808652593,8.68649305241088,1,2
13,36,89,7.74247651991328,3.28239807893573,4.43264736370518,6.18828151771367,8.79567415531332,1,2
13,36,90,7.74247651991328,3.28239807893573,4.28237927978578,5.40565204671786,9.11053645585968,1,2
13,37,3,7.74247651991328,3.28239807893573,4.33764388183437,5.57574861553214,8.82310268192662,1,2
13,37,5,7.74247651991328,3.28239807893573,6.1852318600436,6.32120890302711,9.10491647984175,1,2
13,37,6,7.74247651991328,3.28239807893573,5.37502925244626,5.56152326836456,9.05615101348619,1,2
13,37,7,7.74247651991328,3.28239807893573,5.34894069662389,5.49957713722487,9.21054038992182,1,2
13,37,8,7.74247651991328,3.28239807893573,6.22149538973249,6.38223382825577,9.62057978950037,1,2
13,37,10,7.74247651991328,3.28239807893573,3.25458951853318,6.48381700596457,9.01843726257334,1,2
13,37,12,7.74247651991328,3.28239807893573,5.23593725351624,6.20565488540031,9.40301531460979,1,2
13,37,15,7.74247651991328,3.28239807893573,2.90275380725026,6.88677525140896,8.74193463958836,1,2
13,37,17,7.74247651991328,3.28239807893573,5.9448037408283,6.19273868192419,9.51956534994101,1,2
13,37,18,7.74247651991328,3.28239807893573,4.98296084940722,6.22499969757678,9.24938777769577,1,2
13,37,23,7.74247651991328,3.28239807893573,5.84138867933919,5.61204687795796,9.13952946679005,1,2
13,37,25,7.74247651991328,3.28239807893573,6.73815191851458,6.64982164231065,9.46054373092959,1,2
13,37,31,7.74247651991328,3.28239807893573,4.57017113616246,5.8742526867027,8.95409077271095,1,2
13,37,35,7.74247651991328,3.28239807893573,6.88579660969567,6.3761340528172,9.61213980151109,1,2
13,37,43,7.74247651991328,3.28239807893573,5.06751573225002,5.50731739609072,9.2801069080817,1,2
13,37,44,7.74247651991328,3.28239807893573,4.88136579049738,5.98037868290775,8.88298984512884,1,2
13,37,47,7.74247651991328,3.28239807893573,4.3965000335492,6.07728722753346,9.36641283256354,1,2
13,37,49,7.74247651991328,3.28239807893573,5.66351748289057,6.41271537614662,8.98985128277377,1,2
13,37,51,7.74247651991328,3.28239807893573,7.75129458410371,6.42839764046916,9.95443471569648,1,2
13,37,53,7.74247651991328,3.28239807893573,6.11973890044221,6.51729293743958,9.26803091786578,1,2
13,37,54,7.74247651991328,3.28239807893573,4.30594434329632,6.04525731547935,8.79906592774487,1,2
13,37,57,7.74247651991328,3.28239807893573,5.17619255517889,5.74762387501014,9.06269693887045,1,2
13,37,59,7.74247651991328,3.28239807893573,4.41143948164782,4.69180973640981,9.23878922985537,1,2
13,37,62,7.74247651991328,3.28239807893573,5.27556266311805,6.1320460110038,9.21008356189053,1,2
13,37,64,7.74247651991328,3.28239807893573,2.29315983060953,6.62570362145623,9.13768822371746,1,2
13,37,65,7.74247651991328,3.28239807893573,5.2627681730105,5.72959936851047,9.03973051964171,1,2
13,37,68,7.74247651991328,3.28239807893573,5.24129480057312,6.2556897800937,9.12338817141318,1,2
13,37,69,7.74247651991328,3.28239807893573,4.53867518794394,6.64810577683222,9.57710201023503,1,2
13,37,70,7.74247651991328,3.28239807893573,5.95127628782445,5.33702320450143,9.40576770869424,1,2
13,37,71,7.74247651991328,3.28239807893573,5.25570709278324,5.01603875650608,9.13817470117823,1,2
13,37,74,7.74247651991328,3.28239807893573,4.88419434508925,6.04224674733065,9.11386158900921,1,2
13,37,76,7.74247651991328,3.28239807893573,3.56816531059269,6.11768349687926,8.29064308044183,1,2
13,37,77,7.74247651991328,3.28239807893573,6.12162481868109,6.16952624233435,9.29255275859488,1,2
13,38,1,7.74247651991328,3.28239807893573,4.16498940903517,6.16897606930139,9.12002273671161,1,2
13,38,2,7.74247651991328,3.28239807893573,5.25440147410948,5.0883049617169,9.37750457683077,1,2
13,38,3,7.74247651991328,3.28239807893573,4.60466470435516,6.5752064068149,9.58248964616443,1,2
13,38,5,7.74247651991328,3.28239807893573,4.42848388952256,6.52585136039267,8.95933680267124,1,2
13,38,7,7.74247651991328,3.28239807893573,3.10244187832405,6.24710237868017,9.49605324942396,1,2
13,38,8,7.74247651991328,3.28239807893573,4.54214188529259,6.32068931180873,9.26822069602552,1,2
13,38,9,7.74247651991328,3.28239807893573,4.16926888351338,5.95324857746166,9.43374330176672,1,2
13,38,12,7.74247651991328,3.28239807893573,5.18279494918679,5.96985129336028,9.23944475369263,1,2
13,38,13,7.74247651991328,3.28239807893573,3.22602290482338,6.20421685921622,9.22415837714989,1,2
13,38,15,7.74247651991328,3.28239807893573,4.65440883312695,6.80050856713206,9.22006443306323,1,2
13,38,17,7.74247651991328,3.28239807893573,3.82104329215996,5.9845305590289,10.0157503705088,1,2
13,38,18,7.74247651991328,3.28239807893573,3.47739540632431,6.61311843788043,9.58207839716832,1,2
13,38,19,7.74247651991328,3.28239807893573,4.09736917386164,5.73707308438996,9.45963210133055,1,2
13,38,20,7.74247651991328,3.28239807893573,4.66136867607527,5.33975698930961,9.31363643324948,1,2
13,38,23,7.74247651991328,3.28239807893573,5.26072986056093,5.73122459607371,9.33841927022417,1,2
13,38,26,7.74247651991328,3.28239807893573,5.08826584970858,6.22098931760951,10.0076897455238,1,2
13,38,29,7.74247651991328,3.28239807893573,4.37305609596647,5.99984663340058,8.9576870563706,1,2
13,38,34,7.74247651991328,3.28239807893573,4.25567261208773,5.88514528883829,9.21197635183591,1,2
13,38,38,7.74247651991328,3.28239807893573,5.30019790674731,6.2774060494328,9.36826956296955,1,2
13,38,44,7.74247651991328,3.28239807893573,6.40337564403028,6.17903369190803,9.48056094340117,1,2
13,38,49,7.74247651991328,3.28239807893573,6.0908478779589,5.99875248194721,10.2864784602343,1,2
13,38,50,7.74247651991328,3.28239807893573,4.27011013089033,5.4131287425663,9.8339116513764,1,2
13,38,51,7.74247651991328,3.28239807893573,4.63751348746159,7.58388901557813,9.43140070049196,1,2
13,38,54,7.74247651991328,3.28239807893573,4.95811256217493,6.55590040074635,9.24682921414242,1,2
13,38,55,7.74247651991328,3.28239807893573,5.31641171395143,5.83076019163083,9.90662489165804,1,2
13,38,56,7.74247651991328,3.28239807893573,6.23336566497109,6.31942968964499,9.15601923186465,1,2
13,38,57,7.74247651991328,3.28239807893573,4.80939613164581,6.77522887631295,9.35341942802197,1,2
13,38,60,7.74247651991328,3.28239807893573,5.99264722719823,5.90767987276229,9.60666304927489,1,2
13,38,64,7.74247651991328,3.28239807893573,4.66874082050746,5.51096826386188,9.35556757494795,1,2
13,38,65,7.74247651991328,3.28239807893573,4.79732076364822,6.26827421714997,9.48740589540768,1,2
13,38,66,7.74247651991328,3.28239807893573,4.31120752015291,6.03336708813102,9.44964671058587,1,2
13,38,70,7.74247651991328,3.28239807893573,5.91941703912962,6.86587616246525,9.27293863219496,1,2
13,38,72,7.74247651991328,3.28239807893573,4.39150455472436,6.69600871533804,9.19122565811077,1,2
13,38,76,7.74247651991328,3.28239807893573,5.47211372032751,5.7597931352958,9.58447428955215,1,2
13,38,77,7.74247651991328,3.28239807893573,5.1783124747345,6.73901615736117,9.74981345436836,1,2
13,38,78,7.74247651991328,3.28239807893573,5.54918950932503,5.89351054424349,9.60049851039826,1,2
13,38,80,7.74247651991328,3.28239807893573,4.3739597942784,6.44230239100532,9.57704427962648,1,2
13,38,84,7.74247651991328,3.28239807893573,2.57951532380956,5.41990779983921,9.28153797983471,1,2
13,38,85,7.74247651991328,3.28239807893573,3.22061517123689,6.12474730455732,8.71746825661973,1,2
13,38,86,7.74247651991328,3.28239807893573,4.77250310134027,5.58538653256442,9.62667575179009,1,2
13,38,87,7.74247651991328,3.28239807893573,5.17457077573528,6.00843863922787,9.66061910202905,1,2
13,38,88,7.74247651991328,3.28239807893573,4.96203383089617,6.86597821216062,9.38353222425281,1,2
13,38,90,7.74247651991328,3.28239807893573,2.47141868075504,5.82406311560335,9.54791633234789,1,2
13,38,92,7.74247651991328,3.28239807893573,5.93939838550781,6.61908381502752,9.50587209605386,1,2
13,38,93,7.74247651991328,3.28239807893573,4.58111412525516,6.50471049411253,9.55045149185115,1,2
13,38,95,7.74247651991328,3.28239807893573,3.9078910375188,6.78462595071813,9.27887678831742,1,2
13,39,5,7.74247651991328,3.28239807893573,6.62156462542481,5.97750749612891,9.31476314575314,1,2
13,39,7,7.74247651991328,3.28239807893573,3.67753422951885,6.39966217845549,8.99745454918956,1,2
13,39,8,7.74247651991328,3.28239807893573,6.48779951044503,6.09450909028235,9.76217515776699,1,2
13,39,11,7.74247651991328,3.28239807893573,6.5064980452346,5.26823572493209,9.56491047251338,1,2
13,39,12,7.74247651991328,3.28239807893573,6.98502439611351,6.35144059887119,10.2601876689912,1,2
13,39,15,7.74247651991328,3.28239807893573,6.2704702886445,5.97082420772281,9.80410966966911,1,2
13,39,17,7.74247651991328,3.28239807893573,6.50305372640555,5.12559043667195,10.1076082571631,1,2
13,39,18,7.74247651991328,3.28239807893573,6.92651030439408,6.4607077000634,9.79593399609757,1,2
13,39,20,7.74247651991328,3.28239807893573,5.01514422955637,6.19193627123248,9.38614234858067,1,2
13,39,21,7.74247651991328,3.28239807893573,6.42626368929134,5.94681692290871,9.26134313471809,1,2
13,39,22,7.74247651991328,3.28239807893573,4.63984392535791,6.44822924897225,9.42884215221123,1,2
13,39,24,7.74247651991328,3.28239807893573,5.12955219429888,5.66471132651018,9.36394975048032,1,2
13,39,25,7.74247651991328,3.28239807893573,4.20582357152825,6.11020952606808,9.50588451163323,1,2
13,39,27,7.74247651991328,3.28239807893573,4.94323619088386,6.62866798760191,9.66104842900598,1,2
13,39,28,7.74247651991328,3.28239807893573,3.26733685580385,5.89727227500857,9.66324132014635,1,2
13,39,29,7.74247651991328,3.28239807893573,4.36069059361442,6.0618984883479,9.04794930594122,1,2
13,39,32,7.74247651991328,3.28239807893573,3.47240745260855,6.36248368823171,9.36067143502947,1,2
13,39,38,7.74247651991328,3.28239807893573,3.34361152607994,5.69405065914953,9.20792143910799,1,2
13,39,39,7.74247651991328,3.28239807893573,4.30224758041898,6.00734395835735,9.24184745146368,1,2
13,39,41,7.74247651991328,3.28239807893573,4.45142967108298,5.3635874190724,8.93293903459067,1,2
13,39,42,7.74247651991328,3.28239807893573,6.3484288089605,5.51946273123893,8.73493496131918,1,2
13,39,44,7.74247651991328,3.28239807893573,5.32071583751496,6.34139547483409,9.5787627818294,1,2
13,39,46,7.74247651991328,3.28239807893573,5.47022156954831,5.63174982107141,9.27837559527128,1,2
13,39,47,7.74247651991328,3.28239807893573,5.08704181892738,6.37987212124281,9.26865398935987,1,2
13,39,49,7.74247651991328,3.28239807893573,5.3898270154241,6.84614527459016,9.24997786909279,1,2
13,39,50,7.74247651991328,3.28239807893573,5.47746095164176,6.43755121727833,9.60738354175042,1,2
13,39,59,7.74247651991328,3.28239807893573,5.09140928765037,6.87007441844203,8.98549398013964,1,2
13,39,60,7.74247651991328,3.28239807893573,4.50594847940811,6.23402236128647,9.10149435865924,1,2
13,39,67,7.74247651991328,3.28239807893573,5.73581123581544,5.79857319898526,9.32350469165351,1,2
13,39,71,7.74247651991328,3.28239807893573,5.10887151026369,6.00309804251839,9.51498476038298,1,2
13,39,74,7.74247651991328,3.28239807893573,3.89127354125949,5.56194933984445,9.51259461686224,1,2
13,39,75,7.74247651991328,3.28239807893573,4.352308983582,5.94670747648476,9.53258903675017,1,2
13,39,76,7.74247651991328,3.28239807893573,4.39188981356472,5.87405125184663,9.7005608159451,1,2
13,39,77,7.74247651991328,3.28239807893573,5.84190436268128,6.48495793450133,9.10070310951833,1,2
13,39,81,7.74247651991328,3.28239807893573,5.24622686318945,6.64539625193466,9.37081358760858,1,2
13,39,82,7.74247651991328,3.28239807893573,5.47731636467467,6.33329698917715,10.1175158289261,1,2
13,39,83,7.74247651991328,3.28239807893573,3.26681994002966,5.13905119419882,8.80284793305411,1,2
13,39,84,7.74247651991328,3.28239807893573,4.15292355483016,5.77592386753246,9.00764335121544,1,2
13,39,88,7.74247651991328,3.28239807893573,4.61103016958918,6.73315451961589,8.99828477845984,1,2
13,39,95,7.74247651991328,3.28239807893573,3.80297887461281,5.25861583235219,8.88355029329368,1,2
13,39,98,7.74247651991328,3.28239807893573,4.22159224149832,6.24129636899811,9.32713562107385,1,2
13,39,99,7.74247651991328,3.28239807893573,6.68362325390638,6.04076861252103,9.94436881860543,1,2
13,40,4,7.74247651991328,3.28239807893573,5.87217302258234,4.83090365572179,9.92781782085112,1,2
13,40,6,7.74247651991328,3.28239807893573,5.83762490759594,5.01594836994074,9.13043275859864,1,2
13,40,8,7.74247651991328,3.28239807893573,4.600907992995,5.29358135896283,9.0254635480799,1,2
13,40,9,7.74247651991328,3.28239807893573,2.26943530563285,5.53888482418446,9.0873225187598,1,2
13,40,11,7.74247651991328,3.28239807893573,5.14647349313418,5.57899311410369,9.22041189361565,1,2
13,40,13,7.74247651991328,3.28239807893573,6.22751015115776,5.18598847680145,9.43829099775112,1,2
13,40,16,7.74247651991328,3.28239807893573,5.98269970985715,6.30325921894532,9.53973554507108,1,2
13,40,18,7.74247651991328,3.28239807893573,4.34683316737978,6.26960852514013,9.24034061280802,1,2
13,40,19,7.74247651991328,3.28239807893573,5.84850894399575,6.21069861965527,9.97867852381532,1,2
13,40,20,7.74247651991328,3.28239807893573,4.163481779073,6.87004736441515,9.37112881133509,1,2
13,40,25,7.74247651991328,3.28239807893573,5.17614909902337,6.27056818524334,8.81462343653607,1,2
13,40,27,7.74247651991328,3.28239807893573,5.68952762745501,6.35824973458352,9.80840714709221,1,2
13,40,29,7.74247651991328,3.28239807893573,4.78551710938864,5.63073890446229,9.41318075425216,1,2
13,40,30,7.74247651991328,3.28239807893573,5.16445309006859,6.53856716266226,9.70957771855584,1,2
13,40,32,7.74247651991328,3.28239807893573,5.90660863928985,6.52623942941033,9.51366324559599,1,2
13,40,33,7.74247651991328,3.28239807893573,3.96965674805073,5.48062673566871,8.80183629766169,1,2
13,40,34,7.74247651991328,3.28239807893573,5.77069957236343,5.82408945987155,10.0650498969092,1,2
13,40,37,7.74247651991328,3.28239807893573,4.86831397604022,4.76449695595244,9.37132878081162,1,2
13,40,38,7.74247651991328,3.28239807893573,5.31023419402345,6.79627988835329,9.63513635998039,1,2
13,40,40,7.74247651991328,3.28239807893573,2.82998249598431,5.53650867397612,9.14670879212971,1,2
13,40,41,7.74247651991328,3.28239807893573,3.41944589843611,5.66789882952313,9.55137055101717,1,2
13,40,45,7.74247651991328,3.28239807893573,5.5250203924616,5.5466594931009,8.65347970019702,1,2
13,40,46,7.74247651991328,3.28239807893573,7.0083808832066,5.59611188901574,9.7003405189006,1,2
13,40,48,7.74247651991328,3.28239807893573,1.56606274903399,6.10039101933091,9.1718776605455,1,2
13,40,50,7.74247651991328,3.28239807893573,6.04399705277759,6.36847912257089,9.07494205061121,1,2
13,40,51,7.74247651991328,3.28239807893573,4.58541280066198,5.90619721979344,9.75556938601038,1,2
13,40,52,7.74247651991328,3.28239807893573,5.70744303612834,6.15277421926045,9.42905583499834,1,2
13,40,54,7.74247651991328,3.28239807893573,5.13241785573686,6.7885169722041,9.83496799592937,1,2
13,40,55,7.74247651991328,3.28239807893573,5.74609021253486,6.38011826308705,9.50482857922976,1,2
13,40,58,7.74247651991328,3.28239807893573,5.24464292012686,5.4168599128332,9.57669217978337,1,2
13,40,60,7.74247651991328,3.28239807893573,3.37412108642024,6.08161122120256,8.94285683331697,1,2
13,40,62,7.74247651991328,3.28239807893573,5.60214207215491,5.12382976186315,9.39290147441185,1,2
13,40,63,7.74247651991328,3.28239807893573,5.60940670755426,6.47863727595918,9.68068547258426,1,2
13,40,65,7.74247651991328,3.28239807893573,6.23698697240174,4.89583026269514,9.5091625885431,1,2
13,40,67,7.74247651991328,3.28239807893573,3.3830806988635,6.02637526806969,9.24284618758031,1,2
13,40,69,7.74247651991328,3.28239807893573,4.99348803339993,5.47791147576498,9.46128351990597,1,2
13,40,70,7.74247651991328,3.28239807893573,4.03938946770358,6.24829391923178,9.25318933343527,1,2
13,40,71,7.74247651991328,3.28239807893573,5.962514620546,6.05656074794581,9.44430462663937,1,2
13,40,73,7.74247651991328,3.28239807893573,5.2306582982159,5.63122051409735,9.5324331439038,1,2
13,40,74,7.74247651991328,3.28239807893573,3.57917543788526,5.89911192398411,9.10193888050241,1,2
13,40,82,7.74247651991328,3.28239807893573,5.12787775738348,5.44103966340512,8.7482729624535,1,2
13,40,83,7.74247651991328,3.28239807893573,5.22210250272027,5.89477323074164,9.69562219936812,1,2
13,40,86,7.74247651991328,3.28239807893573,5.85668594280467,5.0257985969436,9.68795820369085,1,2
13,41,1,7.74247651991328,3.28239807893573,3.39847071955909,6.3058564501974,9.69769042019831,1,2
13,41,3,7.74247651991328,3.28239807893573,4.59327721174096,6.59861095596262,9.49974748662435,1,2
13,41,4,7.74247651991328,3.28239807893573,5.43851110553574,6.01614737929585,9.57056700161602,1,2
13,41,7,7.74247651991328,3.28239807893573,5.22574879128111,5.97461190359073,9.8503452749032,1,2
13,41,8,7.74247651991328,3.28239807893573,6.29768621498191,5.7678314226721,9.53074963534921,1,2
13,41,9,7.74247651991328,3.28239807893573,4.43556391038112,5.88994700127842,9.85566879635271,1,2
13,41,11,7.74247651991328,3.28239807893573,5.6032465874357,6.97742938055716,9.99988621781707,1,2
13,41,15,7.74247651991328,3.28239807893573,4.99868634228984,5.53229878465831,9.52207697311993,1,2
13,41,17,7.74247651991328,3.28239807893573,5.12204753179485,6.09851472033922,10.3683223844062,1,2
13,41,21,7.74247651991328,3.28239807893573,4.05536013535934,5.89307215774912,9.45907481827189,1,2
13,41,24,7.74247651991328,3.28239807893573,4.84843603756245,5.97425890520665,9.5138016302295,1,2
13,41,25,7.74247651991328,3.28239807893573,5.32318876330901,5.401065597941,9.81429476524122,1,2
13,41,27,7.74247651991328,3.28239807893573,4.52395409866202,4.72543158354389,9.61093824276284,1,2
13,41,28,7.74247651991328,3.28239807893573,4.30686800569376,6.77926715164929,9.40912927559351,1,2
13,41,32,7.74247651991328,3.28239807893573,5.23475943577493,5.76965513692961,9.36198047821753,1,2
13,41,33,7.74247651991328,3.28239807893573,5.88203175095617,5.89577979824409,9.28134222562321,1,2
13,41,34,7.74247651991328,3.28239807893573,5.81823438960864,5.08070546257101,9.85851894027401,1,2
13,41,36,7.74247651991328,3.28239807893573,4.60565792499995,6.0915347247597,9.86669486854947,1,2
13,41,38,7.74247651991328,3.28239807893573,6.66288637606011,6.28209716869301,9.83911353779793,1,2
13,41,40,7.74247651991328,3.28239807893573,5.35680087765478,5.99066162940729,8.92807241584374,1,2
13,41,46,7.74247651991328,3.28239807893573,5.09786302329649,6.46238503655787,9.74160278458848,1,2
13,41,48,7.74247651991328,3.28239807893573,4.87673257077234,6.78415177247759,10.0384654202304,1,2
13,41,49,7.74247651991328,3.28239807893573,5.38840698289058,6.51057026540875,9.31894238009092,1,2
13,41,51,7.74247651991328,3.28239807893573,3.32615166693897,6.33981343795451,9.60689714493517,1,2
13,41,52,7.74247651991328,3.28239807893573,7.7929317360377,5.73769710064643,10.1449861032753,1,2
13,41,54,7.74247651991328,3.28239807893573,3.50422393631196,6.68393528936819,9.29448124168937,1,2
13,41,55,7.74247651991328,3.28239807893573,4.05248284505517,6.31287378543134,9.46995660570614,1,2
13,41,57,7.74247651991328,3.28239807893573,5.74480868174061,6.62595426680259,9.55108103170649,1,2
13,41,58,7.74247651991328,3.28239807893573,5.9939340342712,5.94543560173522,10.0525197239463,1,2
13,41,61,7.74247651991328,3.28239807893573,5.33888072530072,5.58439331191466,9.44795097822472,1,2
13,41,62,7.74247651991328,3.28239807893573,5.50119780351184,6.4479666813364,9.64180664879123,1,2
13,41,63,7.74247651991328,3.28239807893573,3.35534946639559,6.08070305637051,9.22354677257516,1,2
13,41,67,7.74247651991328,3.28239807893573,5.56914204516509,5.89086720277376,9.75006523702355,1,2
13,41,68,7.74247651991328,3.28239807893573,2.52093822096395,6.30011164674624,9.12276052144805,1,2
13,41,69,7.74247651991328,3.28239807893573,6.89398153692361,6.63396446207916,10.1646624916412,1,2
13,41,70,7.74247651991328,3.28239807893573,6.078433755901,6.50419911890958,9.90336045749998,1,2
13,41,71,7.74247651991328,3.28239807893573,4.1758955385873,5.82993950547991,10.1143655018948,1,2
13,41,72,7.74247651991328,3.28239807893573,5.66763194398946,4.74158458834616,9.24606105937438,1,2
13,41,75,7.74247651991328,3.28239807893573,4.10576894306454,6.05877147466283,9.63221015198014,1,2
13,41,76,7.74247651991328,3.28239807893573,4.7883945698894,5.98177650899092,10.2541334836477,1,2
13,41,78,7.74247651991328,3.28239807893573,4.37752416443426,6.46770391027593,9.21993797664338,1,2
14,1,2,6.06523729701465,2.94708997847265,3.96678080907016,5.50271022179675,2.42577017506456,1,2
14,1,4,6.06523729701465,2.94708997847265,3.96312744775087,5.90043785287164,2.62080333492918,1,2
14,1,7,6.06523729701465,2.94708997847265,4.0301423107948,6.22237387967116,2.63201822460186,1,2
14,1,9,6.06523729701465,2.94708997847265,4.9734590726973,5.72161895674407,2.56804263327018,1,2
14,1,12,6.06523729701465,2.94708997847265,4.36779011575828,5.8302941615242,2.68076867366885,1,2
14,1,15,6.06523729701465,2.94708997847265,5.12790160395579,6.22868769816748,2.81255940645327,1,2
14,1,16,6.06523729701465,2.94708997847265,4.90321302003019,6.29142952156198,2.64493749665024,1,2
14,1,17,6.06523729701465,2.94708997847265,6.98805742068363,7.20030333098876,3.14510358647057,1,2
14,1,18,6.06523729701465,2.94708997847265,4.51646631594061,6.29879656996685,2.75407030559643,1,2
14,1,19,6.06523729701465,2.94708997847265,4.44262678309334,6.18229426264525,2.74031592034722,1,2
14,1,21,6.06523729701465,2.94708997847265,4.13052561850715,5.61101605986969,2.45360746928676,1,2
14,1,22,6.06523729701465,2.94708997847265,4.83366591657283,5.23444191861474,2.37697863064719,1,2
14,1,23,6.06523729701465,2.94708997847265,5.81556294592409,6.85306678720878,3.10847281379234,1,2
14,1,24,6.06523729701465,2.94708997847265,5.0840358695008,6.07463762580114,2.52605580232678,1,2
14,1,26,6.06523729701465,2.94708997847265,4.21106786626215,5.92228643536418,2.62978843474008,1,2
14,1,27,6.06523729701465,2.94708997847265,5.31229411042761,5.39222806947738,2.37883947640441,1,2
14,1,29,6.06523729701465,2.94708997847265,4.21162718918268,5.69751212435959,2.45751059336427,1,2
14,1,32,6.06523729701465,2.94708997847265,4.95792754484137,5.15578272386374,2.29230338865008,1,2
14,1,33,6.06523729701465,2.94708997847265,3.6003752704528,5.60168122610978,2.53626836781678,1,2
14,1,34,6.06523729701465,2.94708997847265,5.18630451478814,5.65364075122285,2.61672500406954,1,2
14,1,39,6.06523729701465,2.94708997847265,3.7223667202276,5.94907823664843,2.80888588237785,1,2
14,1,40,6.06523729701465,2.94708997847265,4.31494244593203,5.89237114803828,2.60994432372124,1,2
14,1,41,6.06523729701465,2.94708997847265,3.5939623582182,5.10404455566544,2.40042431003636,1,2
14,1,42,6.06523729701465,2.94708997847265,7.09206816125292,6.25102600919108,2.69017955903453,1,2
14,1,43,6.06523729701465,2.94708997847265,4.56750491464897,5.82451109823352,2.47400601518777,1,2
14,1,44,6.06523729701465,2.94708997847265,5.25779591947563,5.97456728041178,2.55342645956171,1,2
14,1,45,6.06523729701465,2.94708997847265,4.37924324142093,6.25290682140792,2.79652503387045,1,2
14,1,46,6.06523729701465,2.94708997847265,5.28496477041481,5.11735579861971,2.27409582443751,1,2
14,1,47,6.06523729701465,2.94708997847265,4.83902659072934,6.08557570198626,2.70411721520634,1,2
14,1,48,6.06523729701465,2.94708997847265,5.79908844602533,5.70244154245586,2.55588619545452,1,2
14,1,49,6.06523729701465,2.94708997847265,3.33842029369568,5.93095533010768,2.61587496306035,1,2
14,1,51,6.06523729701465,2.94708997847265,6.73268579734957,6.78174322011005,2.95980521181357,1,2
14,1,55,6.06523729701465,2.94708997847265,5.39028138320089,5.95140310630004,2.61914682019252,1,2
14,1,61,6.06523729701465,2.94708997847265,5.81735285510449,6.42273390217499,2.77951194484508,1,2
14,2,1,6.06523729701465,2.94708997847265,6.43001678409219,6.45838838766534,3.75606367080805,1,2
14,2,2,6.06523729701465,2.94708997847265,6.73115336828184,5.52618420362498,3.43855141545326,1,2
14,2,7,6.06523729701465,2.94708997847265,5.06443361204248,5.89842375752811,3.30263544582078,1,2
14,2,10,6.06523729701465,2.94708997847265,5.38403643171863,4.61579477606734,3.01847816903019,1,2
14,2,11,6.06523729701465,2.94708997847265,3.85764369804812,6.58032434718446,3.69380585548859,1,2
14,2,13,6.06523729701465,2.94708997847265,7.67829945976892,5.88378677099006,3.61889389656867,1,2
14,2,14,6.06523729701465,2.94708997847265,4.79928262566475,5.66587962367468,3.30936081845232,1,2
14,2,15,6.06523729701465,2.94708997847265,5.53156659859961,6.56616850852877,3.90506774893882,1,2
14,2,16,6.06523729701465,2.94708997847265,3.77681881853102,6.58216360744768,3.82334093147475,1,2
14,2,18,6.06523729701465,2.94708997847265,4.58002834703954,5.65452685084565,3.20790205022921,1,2
14,2,21,6.06523729701465,2.94708997847265,4.45130730116175,5.98831334902632,3.55309485246211,1,2
14,2,23,6.06523729701465,2.94708997847265,5.48883661333007,5.50728073639047,3.37429811611191,1,2
14,2,24,6.06523729701465,2.94708997847265,4.66500853811613,6.73209700543443,3.73959128865776,1,2
14,2,25,6.06523729701465,2.94708997847265,4.62994403020003,5.75479398586765,3.51547213431191,1,2
14,2,26,6.06523729701465,2.94708997847265,5.33771239880802,6.10508936112879,3.61720101644029,1,2
14,2,29,6.06523729701465,2.94708997847265,4.77486547425059,6.15647293035525,3.79262456942577,1,2
14,2,30,6.06523729701465,2.94708997847265,4.61080499228135,5.20289898341923,3.4090758280558,1,2
14,2,31,6.06523729701465,2.94708997847265,5.10409567547117,5.84934536515818,3.46166252306133,1,2
14,2,36,6.06523729701465,2.94708997847265,6.28707486914144,6.272496796997,3.52711284596976,1,2
14,2,37,6.06523729701465,2.94708997847265,5.53957201690072,5.790122711624,3.33756182820993,1,2
14,2,39,6.06523729701465,2.94708997847265,6.61621462508726,5.5205139576406,3.37656168044767,1,2
14,2,41,6.06523729701465,2.94708997847265,6.38211044731875,5.8119426706167,3.61708878077131,1,2
14,2,42,6.06523729701465,2.94708997847265,5.11922196723214,5.4148194820719,3.22154532514814,1,2
14,2,43,6.06523729701465,2.94708997847265,7.15904902618643,6.57396279295776,3.73383337346979,1,2
14,2,45,6.06523729701465,2.94708997847265,5.88348350497742,6.64523219320822,3.82423705739284,1,2
14,2,46,6.06523729701465,2.94708997847265,5.42608903013977,5.88350834021632,3.56016492332414,1,2
14,2,49,6.06523729701465,2.94708997847265,4.57893716149124,6.09576651155825,3.6077897599612,1,2
14,2,53,6.06523729701465,2.94708997847265,8.05617004533661,5.6892972944997,3.35216289679506,1,2
14,2,55,6.06523729701465,2.94708997847265,5.28411964773501,5.81127087117295,3.48911483520011,1,2
14,2,57,6.06523729701465,2.94708997847265,5.38219023934434,5.02750884560222,3.14743955171852,1,2
14,2,58,6.06523729701465,2.94708997847265,5.89060699796677,6.7311685271639,3.823021513328,1,2
14,2,62,6.06523729701465,2.94708997847265,5.98367879746865,6.06753758959259,3.84511758500331,1,2
14,2,64,6.06523729701465,2.94708997847265,5.41613562082459,5.64627481609695,3.46916122900122,1,2
14,2,65,6.06523729701465,2.94708997847265,5.83803217746799,5.68210188118495,3.42093958172255,1,2
14,2,66,6.06523729701465,2.94708997847265,4.37769992559974,5.84033252080071,3.45260177300883,1,2
14,2,67,6.06523729701465,2.94708997847265,5.61700419508443,5.72803015775538,3.5300244569271,1,2
14,2,71,6.06523729701465,2.94708997847265,5.5937423769793,6.27401168383594,3.6883205393453,1,2
14,2,74,6.06523729701465,2.94708997847265,5.67340340280869,6.00242174306055,3.44455911616671,1,2
14,2,75,6.06523729701465,2.94708997847265,3.8753524668247,6.60966417975257,3.77346711449265,1,2
14,2,78,6.06523729701465,2.94708997847265,4.37900021234505,6.11387697711194,3.67755361895997,1,2
14,2,80,6.06523729701465,2.94708997847265,4.29525712509483,6.31285343893228,3.6796371827723,1,2
14,2,82,6.06523729701465,2.94708997847265,3.36675195756164,5.51375997993636,3.47085716522744,1,2
14,2,83,6.06523729701465,2.94708997847265,7.17885816058702,6.22469690910673,3.84258021245085,1,2
14,2,85,6.06523729701465,2.94708997847265,4.14929290865,7.11806435619296,3.99541466438174,1,2
14,2,86,6.06523729701465,2.94708997847265,5.06611859645211,5.58909760020852,3.33649548481512,1,2
14,2,89,6.06523729701465,2.94708997847265,4.64709016528266,5.60824826806149,3.29555127830896,1,2
14,2,90,6.06523729701465,2.94708997847265,2.31034461231108,5.99284794113783,3.35665005507274,1,2
14,3,3,6.06523729701465,2.94708997847265,3.71197144002625,6.70587186567125,4.22503989519577,1,2
14,3,5,6.06523729701465,2.94708997847265,5.31448028087341,5.78975117108117,4.23103589195625,1,2
14,3,8,6.06523729701465,2.94708997847265,4.17042083892249,5.6268215190714,3.84726461314737,1,2
14,3,11,6.06523729701465,2.94708997847265,4.75759855589598,5.94202085363624,4.10609180472359,1,2
14,3,13,6.06523729701465,2.94708997847265,3.9316645618203,6.64191435292889,4.35551069016711,1,2
14,3,14,6.06523729701465,2.94708997847265,5.66890128810158,6.41776106042786,4.18449883395599,1,2
14,3,15,6.06523729701465,2.94708997847265,5.56419196922386,6.78711815196992,4.42843868484848,1,2
14,3,16,6.06523729701465,2.94708997847265,6.46060301214025,6.56673681653679,4.3575228451947,1,2
14,3,20,6.06523729701465,2.94708997847265,6.30033760116044,5.95575631117198,4.09971538600842,1,2
14,3,21,6.06523729701465,2.94708997847265,4.81892441005702,5.85013432800718,4.05297357800359,1,2
14,3,23,6.06523729701465,2.94708997847265,5.78210104302017,5.02971393339019,3.664086601646,1,2
14,3,24,6.06523729701465,2.94708997847265,5.11893100772804,6.23580416264502,4.15903570831035,1,2
14,3,26,6.06523729701465,2.94708997847265,5.99179703797218,5.53617986159681,3.86974670186663,1,2
14,3,30,6.06523729701465,2.94708997847265,5.97789708938968,6.13583321470964,4.00357402552869,1,2
14,3,32,6.06523729701465,2.94708997847265,5.19869799830281,6.13755476025737,4.02055998726513,1,2
14,3,33,6.06523729701465,2.94708997847265,3.55790167861312,4.68217656448973,3.55464422017479,1,2
14,3,34,6.06523729701465,2.94708997847265,5.07657690500011,5.72260383515311,4.09395484152951,1,2
14,3,37,6.06523729701465,2.94708997847265,5.97281097232619,5.52444804368131,3.83958845291645,1,2
14,3,39,6.06523729701465,2.94708997847265,3.48559388013567,6.21954635520847,4.07311915749472,1,2
14,3,41,6.06523729701465,2.94708997847265,6.26162960088564,5.75267767041783,3.96224270590386,1,2
14,3,42,6.06523729701465,2.94708997847265,5.96516859893547,6.66372264671441,4.18510221107304,1,2
14,3,46,6.06523729701465,2.94708997847265,6.2079498989516,6.01780947199356,3.94198706567364,1,2
14,3,47,6.06523729701465,2.94708997847265,3.81316383462091,6.933170530013,4.41587729563588,1,2
14,3,49,6.06523729701465,2.94708997847265,3.65141009073801,5.77468004877033,3.7747952798774,1,2
14,3,52,6.06523729701465,2.94708997847265,4.78531131707122,5.92452504987126,3.98741093610329,1,2
14,3,59,6.06523729701465,2.94708997847265,4.01348172487218,7.11389738876558,4.35718004412947,1,2
14,3,61,6.06523729701465,2.94708997847265,3.84385252800503,5.88233470702494,4.09186119923529,1,2
14,3,63,6.06523729701465,2.94708997847265,2.98182359717946,6.57433397066565,4.38057096435372,1,2
14,3,65,6.06523729701465,2.94708997847265,4.80128778630288,5.68282903191418,4.07567467088509,1,2
14,3,67,6.06523729701465,2.94708997847265,7.05603187623632,6.18188732123998,4.17434323496085,1,2
14,3,68,6.06523729701465,2.94708997847265,7.13621316216963,6.52757947490441,4.27959676265282,1,2
14,3,69,6.06523729701465,2.94708997847265,3.83373136353173,5.77184327035209,4.05892000318071,1,2
14,4,3,6.06523729701465,2.94708997847265,4.60208755905892,5.83914764477557,4.33451695806278,1,2
14,4,4,6.06523729701465,2.94708997847265,4.0641060062522,5.06007232200013,3.97704072707553,1,2
14,4,5,6.06523729701465,2.94708997847265,2.76110810177261,6.60769786261104,4.86045753439044,1,2
14,4,6,6.06523729701465,2.94708997847265,6.12238959811526,5.82987630903463,4.50358393809051,1,2
14,4,7,6.06523729701465,2.94708997847265,4.70934037479575,5.03622323131139,4.36302015507429,1,2
14,4,9,6.06523729701465,2.94708997847265,6.53789287232065,5.34170010546549,4.51318683897113,1,2
14,4,10,6.06523729701465,2.94708997847265,4.68796015528405,6.47272167284015,4.56936094633818,1,2
14,4,16,6.06523729701465,2.94708997847265,3.27385622167702,6.09472556943071,4.40212115662583,1,2
14,4,20,6.06523729701465,2.94708997847265,4.37557728494008,6.75323070919294,4.80931146944115,1,2
14,4,22,6.06523729701465,2.94708997847265,4.68792424849868,6.53752645245833,4.88136223250264,1,2
14,4,23,6.06523729701465,2.94708997847265,5.69035563680794,6.45834191126895,4.74194074185072,1,2
14,4,24,6.06523729701465,2.94708997847265,4.29149959331415,6.79876723199993,4.76248662655537,1,2
14,4,27,6.06523729701465,2.94708997847265,5.27325577668405,5.70227798506873,4.554490573427,1,2
14,4,29,6.06523729701465,2.94708997847265,5.1843812529278,6.61913235364562,4.66617724629726,1,2
14,4,30,6.06523729701465,2.94708997847265,4.21049163455811,5.9506313453879,4.61395046259191,1,2
14,4,33,6.06523729701465,2.94708997847265,6.14624510764664,6.41037453235164,4.74510096783786,1,2
14,4,36,6.06523729701465,2.94708997847265,4.68672517897682,6.3209591997212,4.79497801141534,1,2
14,4,39,6.06523729701465,2.94708997847265,4.33035674619693,5.64759061616376,4.46536336754976,1,2
14,4,40,6.06523729701465,2.94708997847265,5.40153733679194,5.39552982215437,4.42147709705545,1,2
14,4,41,6.06523729701465,2.94708997847265,4.06228748185764,6.51992539153696,4.81120739698908,1,2
14,4,44,6.06523729701465,2.94708997847265,5.92928604096599,6.20100485981564,4.66424310851176,1,2
14,4,45,6.06523729701465,2.94708997847265,5.5364103371824,5.92776280256097,4.62698327784702,1,2
14,4,46,6.06523729701465,2.94708997847265,3.68818264591121,6.18390425938072,4.66697493760064,1,2
14,4,49,6.06523729701465,2.94708997847265,4.21433369791369,5.70047458172261,4.33067263350303,1,2
14,4,50,6.06523729701465,2.94708997847265,5.04352360610831,5.91661773667364,4.42345050967561,1,2
14,4,53,6.06523729701465,2.94708997847265,3.64166341230464,5.5439234440092,4.38987850922699,1,2
14,4,55,6.06523729701465,2.94708997847265,5.1818175572699,6.74643333107175,4.88619451076062,1,2
14,4,59,6.06523729701465,2.94708997847265,3.53281251514915,5.69660685201193,4.37343502165887,1,2
14,4,63,6.06523729701465,2.94708997847265,5.21328457750187,6.35579486701576,4.72477897188148,1,2
14,4,64,6.06523729701465,2.94708997847265,6.15229265523378,6.34777152612854,4.66460957810594,1,2
14,4,66,6.06523729701465,2.94708997847265,5.16018607776398,6.09347550168313,4.4806845244985,1,2
14,4,67,6.06523729701465,2.94708997847265,5.4978452989676,7.04829811667263,4.91828506112103,1,2
14,4,68,6.06523729701465,2.94708997847265,5.3887716581716,6.16401964912362,4.79226759997542,1,2
14,4,69,6.06523729701465,2.94708997847265,6.28339820374439,6.10806689997847,4.65204111825736,1,2
14,4,75,6.06523729701465,2.94708997847265,5.96672202842522,6.06599702240121,4.82086137069035,1,2
14,4,78,6.06523729701465,2.94708997847265,4.83789849371313,6.55291858209824,4.76938220351543,1,2
14,4,79,6.06523729701465,2.94708997847265,5.37868690028764,5.60631318763231,4.28189545208452,1,2
14,4,81,6.06523729701465,2.94708997847265,6.38839624316219,5.36666486405681,4.27872177188863,1,2
14,4,83,6.06523729701465,2.94708997847265,5.15857416346414,5.24968831177284,4.26684766215225,1,2
14,4,88,6.06523729701465,2.94708997847265,5.80444574435083,6.59471660705483,4.79501569948161,1,2
14,4,89,6.06523729701465,2.94708997847265,3.24931824654512,6.3635080686457,4.75918930443409,1,2
14,4,90,6.06523729701465,2.94708997847265,3.79705148586475,5.04642706734977,4.16889050188502,1,2
14,5,5,6.06523729701465,2.94708997847265,4.90104426319721,6.81949889341594,4.9948655047474,1,2
14,5,7,6.06523729701465,2.94708997847265,5.04351001904045,5.62155036199011,4.64455467756599,1,2
14,5,8,6.06523729701465,2.94708997847265,3.6533613933789,6.80840574138788,4.96567736710188,1,2
14,5,10,6.06523729701465,2.94708997847265,4.17449591019572,5.19372366968248,4.2112692937075,1,2
14,5,11,6.06523729701465,2.94708997847265,4.90804559131435,5.8622739320925,4.80973061321894,1,2
14,5,13,6.06523729701465,2.94708997847265,4.97590674533256,5.29180165238042,4.39060700564257,1,2
14,5,15,6.06523729701465,2.94708997847265,3.60065409519662,5.57904499416118,4.60830618030064,1,2
14,5,16,6.06523729701465,2.94708997847265,5.35817656131684,6.13841703173647,4.98196729195272,1,2
14,5,18,6.06523729701465,2.94708997847265,5.08657587046707,6.17533689859089,4.75478804255067,1,2
14,5,19,6.06523729701465,2.94708997847265,4.31976976484338,5.87137505316937,4.60777638563794,1,2
14,5,20,6.06523729701465,2.94708997847265,4.66472576152731,5.40190195102122,4.45116926633664,1,2
14,5,24,6.06523729701465,2.94708997847265,6.13597523662882,5.50521519588588,4.64594933699967,1,2
14,5,25,6.06523729701465,2.94708997847265,5.00277551156668,5.73663652890811,4.50377547949316,1,2
14,5,26,6.06523729701465,2.94708997847265,4.89636407871593,5.95048883493724,4.58273949957529,1,2
14,5,27,6.06523729701465,2.94708997847265,3.94055477706418,6.29347782622754,4.76684560200845,1,2
14,5,28,6.06523729701465,2.94708997847265,4.76421250609807,5.8485830692886,4.79249302703596,1,2
14,5,30,6.06523729701465,2.94708997847265,5.14697779592711,5.93526236937866,4.62038540761907,1,2
14,5,31,6.06523729701465,2.94708997847265,5.00302955944208,6.03383275303375,4.62621994698598,1,2
14,5,33,6.06523729701465,2.94708997847265,6.49018999047882,5.9617583162143,4.87276198686757,1,2
14,5,35,6.06523729701465,2.94708997847265,5.20698363213647,5.33742392692428,4.37795655112329,1,2
14,5,40,6.06523729701465,2.94708997847265,4.67229628917682,5.16806962340593,4.30967595710298,1,2
14,5,41,6.06523729701465,2.94708997847265,4.91779026740687,5.81748817761028,4.71085892100929,1,2
14,5,43,6.06523729701465,2.94708997847265,5.42787110410632,5.60632024623435,4.52947526973717,1,2
14,5,44,6.06523729701465,2.94708997847265,3.48061968815851,6.11120909458011,4.76497331693076,1,2
14,5,50,6.06523729701465,2.94708997847265,4.99168722517401,6.27794562946647,4.74138604461619,1,2
14,5,51,6.06523729701465,2.94708997847265,7.30309798291085,5.63759243358422,4.83446142799329,1,2
14,5,52,6.06523729701465,2.94708997847265,5.74833309194173,5.53857195010571,4.44618926692306,1,2
14,5,53,6.06523729701465,2.94708997847265,4.60930894280886,6.28133584038318,4.94174873456589,1,2
14,5,55,6.06523729701465,2.94708997847265,5.30585143217793,6.51203137769193,4.99695788110945,1,2
14,5,57,6.06523729701465,2.94708997847265,5.5777525040485,6.14037804864857,4.77815978692313,1,2
14,5,58,6.06523729701465,2.94708997847265,4.87666978774979,6.03871126572825,4.54591907654564,1,2
14,5,62,6.06523729701465,2.94708997847265,5.83334272554071,6.19535098517844,4.72818609119479,1,2
14,5,65,6.06523729701465,2.94708997847265,4.39874747478123,6.21694911310596,4.7566051462557,1,2
14,5,67,6.06523729701465,2.94708997847265,5.91379181020484,5.69098139352015,4.59226969765433,1,2
14,5,72,6.06523729701465,2.94708997847265,5.21769666722408,5.94157839719076,4.59452913960606,1,2
14,5,73,6.06523729701465,2.94708997847265,5.23189007607027,5.55764488791981,4.57545183896795,1,2
14,5,75,6.06523729701465,2.94708997847265,4.93112564074942,6.52546898127273,5.02259107673,1,2
14,5,76,6.06523729701465,2.94708997847265,3.15178472718652,6.60201617197161,4.90224702006889,1,2
14,5,77,6.06523729701465,2.94708997847265,5.19902155469138,6.02391502694414,4.6449953966191,1,2
14,5,79,6.06523729701465,2.94708997847265,4.45419834343685,6.65169049405244,5.00547083383124,1,2
14,5,81,6.06523729701465,2.94708997847265,6.15514319241067,5.9377830692858,4.62132950931593,1,2
14,5,82,6.06523729701465,2.94708997847265,3.35263184746101,7.43509723275416,5.14778707739134,1,2
14,5,84,6.06523729701465,2.94708997847265,5.4680655747689,5.68410834677944,4.71774038922568,1,2
14,5,86,6.06523729701465,2.94708997847265,3.44998935462803,6.67867196214722,4.68327520581833,1,2
14,5,87,6.06523729701465,2.94708997847265,4.22998149320401,5.74192305364049,4.71522228046751,1,2
14,5,90,6.06523729701465,2.94708997847265,4.67356965212435,5.63491315407663,4.57176795555186,1,2
14,5,96,6.06523729701465,2.94708997847265,7.76530900342608,5.96983498963608,4.62647752774365,1,2
14,5,97,6.06523729701465,2.94708997847265,5.69646047234564,6.4412961921046,5.03177486764234,1,2
14,6,1,6.06523729701465,2.94708997847265,4.5912376208764,6.59522890828217,5.20010084994876,1,2
14,6,4,6.06523729701465,2.94708997847265,5.40675258424957,6.64585229575447,5.09549287707269,1,2
14,6,5,6.06523729701465,2.94708997847265,2.82565634929599,5.4597237378278,4.57336016808905,1,2
14,6,8,6.06523729701465,2.94708997847265,5.41260494210279,5.50610944167468,4.84840817180434,1,2
14,6,9,6.06523729701465,2.94708997847265,5.2105754369542,5.82758610059475,4.82695573886934,1,2
14,6,10,6.06523729701465,2.94708997847265,5.7691912537883,6.12607261717925,4.97231213673126,1,2
14,6,13,6.06523729701465,2.94708997847265,4.54166589816794,5.44849440506665,4.76011640700671,1,2
14,6,14,6.06523729701465,2.94708997847265,5.4645315980627,5.95375704268301,4.85926221890831,1,2
14,6,20,6.06523729701465,2.94708997847265,4.68817562091804,5.9235573225317,4.82849461114798,1,2
14,6,21,6.06523729701465,2.94708997847265,3.61707423904102,6.07390669827373,5.04670415048355,1,2
14,6,22,6.06523729701465,2.94708997847265,4.31270392588545,6.13200399820037,5.00157834328042,1,2
14,6,24,6.06523729701465,2.94708997847265,4.47703270253855,7.22454837537195,5.29208819754135,1,2
14,6,26,6.06523729701465,2.94708997847265,3.19370544652169,6.16580839304052,5.02282058895957,1,2
14,6,27,6.06523729701465,2.94708997847265,4.55381005592053,6.63506352781472,5.37174181974665,1,2
14,6,28,6.06523729701465,2.94708997847265,4.65095554025429,5.90444244644623,4.92845980669521,1,2
14,6,32,6.06523729701465,2.94708997847265,4.80595323294945,5.49776972879715,4.77798158246829,1,2
14,6,35,6.06523729701465,2.94708997847265,4.08758235195135,5.94750160889487,4.88427146668501,1,2
14,6,36,6.06523729701465,2.94708997847265,4.79509782325695,4.89983741669417,4.52019148636786,1,2
14,6,39,6.06523729701465,2.94708997847265,2.95826681933181,5.05319471427098,4.33170159217532,1,2
14,6,40,6.06523729701465,2.94708997847265,5.10399441708435,6.58918447476748,5.08996034743646,1,2
14,6,41,6.06523729701465,2.94708997847265,4.80799284268974,6.50268739445355,5.00297581356388,1,2
14,6,43,6.06523729701465,2.94708997847265,3.98163220384454,6.01416150653674,4.94598003300268,1,2
14,6,44,6.06523729701465,2.94708997847265,3.6193019884124,6.37341791968512,4.98397388115555,1,2
14,6,45,6.06523729701465,2.94708997847265,4.08219571719009,5.95190562046461,4.87457820516531,1,2
14,6,48,6.06523729701465,2.94708997847265,3.81964933919916,5.59490256857066,4.75181790153265,1,2
14,6,50,6.06523729701465,2.94708997847265,4.87123762271084,5.76464080889733,4.88797925705978,1,2
14,6,51,6.06523729701465,2.94708997847265,3.24455188005629,6.52640760423119,5.14416049604928,1,2
14,6,53,6.06523729701465,2.94708997847265,4.34305614929864,5.65091073196811,4.67762099574636,1,2
14,6,57,6.06523729701465,2.94708997847265,4.56259419947325,6.01193593911045,4.93948300663469,1,2
14,6,63,6.06523729701465,2.94708997847265,3.74566056395669,5.04838360993419,4.52164582352953,1,2
14,6,64,6.06523729701465,2.94708997847265,3.75090518293729,5.89962865721172,4.89988690772615,1,2
14,6,67,6.06523729701465,2.94708997847265,5.56654932436899,6.44454134035922,5.16123378226167,1,2
14,6,68,6.06523729701465,2.94708997847265,6.12825540885723,6.31930832522719,5.0579546752078,1,2
14,6,73,6.06523729701465,2.94708997847265,5.19942722859541,6.49820226934767,5.02430221302903,1,2
14,6,75,6.06523729701465,2.94708997847265,4.82002649636732,5.67275033859696,4.76659125640674,1,2
14,6,76,6.06523729701465,2.94708997847265,6.81448642651395,5.49964969547476,4.96989013296048,1,2
14,6,78,6.06523729701465,2.94708997847265,4.75278099083205,6.0506323300014,4.9843817040781,1,2
14,6,79,6.06523729701465,2.94708997847265,5.75662702781662,5.66778042343308,4.74726559897248,1,2
14,6,81,6.06523729701465,2.94708997847265,5.89606333600611,7.25449226687261,5.48502153642452,1,2
14,6,82,6.06523729701465,2.94708997847265,3.82192206309574,6.5586638774071,5.12874292836499,1,2
14,6,83,6.06523729701465,2.94708997847265,4.6150268731689,6.73307922692421,5.26932430593695,1,2
14,6,87,6.06523729701465,2.94708997847265,5.14749660253758,6.42772604459747,5.11133283239645,1,2
14,6,93,6.06523729701465,2.94708997847265,2.78519199989706,5.89554857768942,4.81924491326312,1,2
14,7,3,6.06523729701465,2.94708997847265,5.22232235276478,5.8378376646266,5.29975421834049,1,2
14,7,4,6.06523729701465,2.94708997847265,5.69557746611617,6.40379148635691,5.49439231414426,1,2
14,7,5,6.06523729701465,2.94708997847265,3.58902013425304,6.56543020461927,5.62662660819342,1,2
14,7,8,6.06523729701465,2.94708997847265,5.00930385128482,5.57098756374357,5.26863279655547,1,2
14,7,9,6.06523729701465,2.94708997847265,5.28512022408301,5.80544323853599,5.28256500420668,1,2
14,7,10,6.06523729701465,2.94708997847265,4.77278548505418,5.39888619862467,5.25419116783474,1,2
14,7,12,6.06523729701465,2.94708997847265,4.35375674674448,6.29275815750662,5.33922319878295,1,2
14,7,14,6.06523729701465,2.94708997847265,4.09854551779713,5.17744481820433,5.20742490821336,1,2
14,7,17,6.06523729701465,2.94708997847265,8.09353568798143,6.11180791850299,5.57320739842051,1,2
14,7,19,6.06523729701465,2.94708997847265,5.5154770191356,6.10830954430954,5.50544156030976,1,2
14,7,20,6.06523729701465,2.94708997847265,5.21173695573803,6.52383005955977,5.38317245309602,1,2
14,7,25,6.06523729701465,2.94708997847265,6.03853718838015,6.29141373938874,5.75791914565415,1,2
14,7,26,6.06523729701465,2.94708997847265,3.06969277304153,5.6522130757051,5.26989890883227,1,2
14,7,29,6.06523729701465,2.94708997847265,2.84971917907454,6.27455378183332,5.54658821933509,1,2
14,7,30,6.06523729701465,2.94708997847265,7.14066667039334,6.14761046542973,5.65894519221561,1,2
14,7,33,6.06523729701465,2.94708997847265,4.05321874251345,5.34572052173102,5.1258215924857,1,2
14,7,34,6.06523729701465,2.94708997847265,5.25696985291604,6.03158889376939,5.39172361549864,1,2
14,7,35,6.06523729701465,2.94708997847265,3.6520876263571,5.82687927030413,5.27960753319526,1,2
14,7,37,6.06523729701465,2.94708997847265,6.38910243151696,5.86867058950206,5.4177676055287,1,2
14,7,38,6.06523729701465,2.94708997847265,4.53176896754112,6.27874175268755,5.55802758627942,1,2
14,7,39,6.06523729701465,2.94708997847265,5.44047610595848,5.69365009158652,5.15327499798861,1,2
14,7,41,6.06523729701465,2.94708997847265,6.50473502856554,5.83252524370616,5.31723034899451,1,2
14,7,42,6.06523729701465,2.94708997847265,5.81284730182759,5.77737568490235,5.46696302041117,1,2
14,7,44,6.06523729701465,2.94708997847265,4.01134404999907,6.30207773845589,5.59004099545254,1,2
14,7,49,6.06523729701465,2.94708997847265,3.4766377606842,5.98207823622704,5.37197952369174,1,2
14,7,51,6.06523729701465,2.94708997847265,6.22842113417903,6.3331568555892,5.68257701150878,1,2
14,7,54,6.06523729701465,2.94708997847265,2.74783485962967,5.98413234164476,5.33331859901415,1,2
14,7,55,6.06523729701465,2.94708997847265,5.44106277927998,6.55460271256708,5.49825815347799,1,2
14,7,56,6.06523729701465,2.94708997847265,4.50405617424726,5.7925218728076,5.46024804927289,1,2
14,7,57,6.06523729701465,2.94708997847265,4.67954377898368,6.5692554938685,5.55813685061456,1,2
14,7,58,6.06523729701465,2.94708997847265,3.16830041046766,6.74268630093843,5.75424284396487,1,2
14,7,60,6.06523729701465,2.94708997847265,7.04180831312321,5.73492731377148,5.19537426743363,1,2
14,7,61,6.06523729701465,2.94708997847265,4.34064474322589,5.24465112060598,5.32237412845328,1,2
14,7,62,6.06523729701465,2.94708997847265,4.39424278537225,6.38008903388768,5.43583606750571,1,2
14,7,65,6.06523729701465,2.94708997847265,5.11332804574665,6.5513269881205,5.52630092404685,1,2
14,7,66,6.06523729701465,2.94708997847265,4.68357237498959,6.34596923294302,5.50771316833391,1,2
14,7,67,6.06523729701465,2.94708997847265,4.66885940007782,5.22888536420981,5.21751816125919,1,2
14,7,68,6.06523729701465,2.94708997847265,4.78827813888232,5.44162232056218,5.34852050648648,1,2
14,7,69,6.06523729701465,2.94708997847265,5.91335445210736,6.19762256685402,5.36320164350417,1,2
14,7,70,6.06523729701465,2.94708997847265,5.5014282187843,6.41360357061425,5.59311009945109,1,2
14,7,74,6.06523729701465,2.94708997847265,6.11184843760321,5.62158942897092,5.17328595472676,1,2
14,7,75,6.06523729701465,2.94708997847265,5.78863074377976,5.15032584008722,5.19648094983061,1,2
14,7,79,6.06523729701465,2.94708997847265,3.77335746788606,6.3073735007552,5.4105607070715,1,2
14,7,81,6.06523729701465,2.94708997847265,5.34557397047116,5.93768147614733,5.25769518021923,1,2
14,7,83,6.06523729701465,2.94708997847265,5.74364609691522,5.74057976906149,5.50604257895145,1,2
14,7,86,6.06523729701465,2.94708997847265,3.37760956367532,7.32314578049239,5.8350443396133,1,2
14,7,88,6.06523729701465,2.94708997847265,5.14836246514594,6.27216394083841,5.37868852338488,1,2
14,7,91,6.06523729701465,2.94708997847265,5.0787809181417,5.3719680033435,5.30671237683604,1,2
14,8,4,6.06523729701465,2.94708997847265,5.863013711773,6.4102973629707,5.84801936137569,1,2
14,8,12,6.06523729701465,2.94708997847265,4.62820021746793,6.65054823859977,5.88504792104089,1,2
14,8,13,6.06523729701465,2.94708997847265,4.43299090975161,7.25439482133504,6.05255483806363,1,2
14,8,14,6.06523729701465,2.94708997847265,6.11833663515999,5.44483601241949,5.33199262619886,1,2
14,8,17,6.06523729701465,2.94708997847265,5.92394089400589,6.19989982310525,5.88607139633337,1,2
14,8,19,6.06523729701465,2.94708997847265,5.5442799521698,5.4936748030438,5.56602344687841,1,2
14,8,20,6.06523729701465,2.94708997847265,3.96205040534559,6.62277464745907,5.68165373090582,1,2
14,8,22,6.06523729701465,2.94708997847265,6.12141758639306,5.79412860901705,5.54397788033863,1,2
14,8,32,6.06523729701465,2.94708997847265,3.02897921345911,6.21905343822978,5.75204404094186,1,2
14,8,34,6.06523729701465,2.94708997847265,4.88204671803448,5.87112132557725,5.48565626581872,1,2
14,8,36,6.06523729701465,2.94708997847265,4.5900352151911,6.12008955843297,5.88322814895258,1,2
14,8,37,6.06523729701465,2.94708997847265,4.39390500000535,5.64259000476443,5.76013151242617,1,2
14,8,40,6.06523729701465,2.94708997847265,6.1694793720179,5.39299558317877,5.50340003233472,1,2
14,8,43,6.06523729701465,2.94708997847265,5.84310667023321,5.59555659969517,5.47490434382954,1,2
14,8,45,6.06523729701465,2.94708997847265,4.03233113336541,5.56082088573753,5.65561413372447,1,2
14,8,46,6.06523729701465,2.94708997847265,5.01822883074253,6.7379277194743,5.99730211879586,1,2
14,8,48,6.06523729701465,2.94708997847265,5.54338967851926,6.18846194605364,5.84973102631814,1,2
14,8,49,6.06523729701465,2.94708997847265,4.04420835046974,5.8825137409235,5.48035881847537,1,2
14,8,50,6.06523729701465,2.94708997847265,4.26761113450753,5.89848912051788,5.53213885302303,1,2
14,8,53,6.06523729701465,2.94708997847265,4.38989511548225,6.41568208079074,5.81483735292174,1,2
14,8,59,6.06523729701465,2.94708997847265,5.3896021042074,5.47440465000898,5.57772856324941,1,2
14,8,60,6.06523729701465,2.94708997847265,5.34830907057259,6.5339597983115,5.97001597111199,1,2
14,8,61,6.06523729701465,2.94708997847265,3.87300257412741,5.38335172028646,5.43980693845114,1,2
14,8,63,6.06523729701465,2.94708997847265,3.823033677801,5.30948137325765,5.60620601800476,1,2
14,8,66,6.06523729701465,2.94708997847265,4.6579558809437,6.47460774642631,5.78658874504548,1,2
14,8,67,6.06523729701465,2.94708997847265,5.48688572327655,5.75263208351162,5.75884724004362,1,2
14,8,70,6.06523729701465,2.94708997847265,4.44898496860623,6.52761275652909,5.9363959485662,1,2
14,8,73,6.06523729701465,2.94708997847265,6.76011670896944,5.29100614884636,5.52902407151574,1,2
14,9,2,6.06523729701465,2.94708997847265,5.83087931085411,5.79049298391731,5.43196673377727,1,2
14,9,3,6.06523729701465,2.94708997847265,4.16540018228551,6.13952086890636,5.4295032920094,1,2
14,9,4,6.06523729701465,2.94708997847265,4.87720955557412,6.15230742757165,5.41660391312862,1,2
14,9,5,6.06523729701465,2.94708997847265,4.51364004503199,6.31515234978126,5.6992004978722,1,2
14,9,6,6.06523729701465,2.94708997847265,4.66429305237755,7.31362836289134,5.82854824274211,1,2
14,9,8,6.06523729701465,2.94708997847265,6.15667175264432,6.13535871310143,5.52855734289462,1,2
14,9,10,6.06523729701465,2.94708997847265,4.24060186427041,5.7479282552093,5.34906882093045,1,2
14,9,12,6.06523729701465,2.94708997847265,4.27777361505092,6.81386082225998,5.70829580909964,1,2
14,9,13,6.06523729701465,2.94708997847265,3.39231873936687,4.71167191098675,5.09763482176631,1,2
14,9,14,6.06523729701465,2.94708997847265,5.41569713824377,5.95541234200989,5.58459075573712,1,2
14,9,16,6.06523729701465,2.94708997847265,3.05380607072435,6.06122899723424,5.47480411455178,1,2
14,9,18,6.06523729701465,2.94708997847265,4.45412395397566,4.9154854819448,5.25312645401847,1,2
14,9,24,6.06523729701465,2.94708997847265,4.31811763428106,7.11463671166445,5.94997730323459,1,2
14,9,25,6.06523729701465,2.94708997847265,5.02669499642423,6.14153853818259,5.55804975356634,1,2
14,9,26,6.06523729701465,2.94708997847265,4.87312077508032,5.62250274510213,5.21555550366875,1,2
14,9,27,6.06523729701465,2.94708997847265,4.528837267958,5.67512088403106,5.43914555090582,1,2
14,9,29,6.06523729701465,2.94708997847265,5.35641685483296,5.93770637756361,5.34944424911398,1,2
14,9,30,6.06523729701465,2.94708997847265,5.88140119569327,5.63338632268711,5.51746891050512,1,2
14,9,36,6.06523729701465,2.94708997847265,4.89213478951284,6.13548393338062,5.50627668752478,1,2
14,9,40,6.06523729701465,2.94708997847265,6.14107698854217,5.5960497245933,5.5006358867131,1,2
14,9,43,6.06523729701465,2.94708997847265,6.10746393656725,6.00818526870294,5.50632434562576,1,2
14,9,46,6.06523729701465,2.94708997847265,5.19881016136883,5.53497848390631,5.36989912704467,1,2
14,9,47,6.06523729701465,2.94708997847265,4.49651863917803,6.1999093224794,5.43934195855803,1,2
14,9,49,6.06523729701465,2.94708997847265,7.09504535983313,5.83205549442222,5.56846573737237,1,2
14,9,50,6.06523729701465,2.94708997847265,7.02665724637568,6.29643655079557,5.58369223011848,1,2
14,9,51,6.06523729701465,2.94708997847265,3.78036195893475,5.28394389625608,4.9101227668373,1,2
14,9,53,6.06523729701465,2.94708997847265,4.70284290791677,5.42398341667833,5.14496487203262,1,2
14,9,54,6.06523729701465,2.94708997847265,5.55295022304206,5.38031490135928,5.23680578843043,1,2
14,9,56,6.06523729701465,2.94708997847265,5.32100785570902,5.43258149209818,5.13192120493978,1,2
14,9,57,6.06523729701465,2.94708997847265,7.20052619469721,6.1630615800935,5.70355822338743,1,2
14,9,58,6.06523729701465,2.94708997847265,4.402051143238,6.96162694497545,5.54625792180917,1,2
14,9,60,6.06523729701465,2.94708997847265,5.67887412665671,6.53847176662012,5.92705086095771,1,2
14,9,64,6.06523729701465,2.94708997847265,5.82882979092405,6.54507027982567,5.79162638196544,1,2
14,9,69,6.06523729701465,2.94708997847265,5.87542870815836,5.99374335492884,5.32821407881993,1,2
14,9,70,6.06523729701465,2.94708997847265,3.207424851947,5.89250761713628,5.49570109844001,1,2
14,10,1,6.06523729701465,2.94708997847265,4.12269201851837,5.95306492517317,5.91752296465909,1,2
14,10,6,6.06523729701465,2.94708997847265,5.59464053031325,6.34301947139506,5.9754645482505,1,2
14,10,9,6.06523729701465,2.94708997847265,3.85132068012662,5.70433371740338,5.82723932275624,1,2
14,10,10,6.06523729701465,2.94708997847265,4.46450394060201,6.45888877919257,6.06542305551674,1,2
14,10,11,6.06523729701465,2.94708997847265,5.41010922731241,5.30500718270694,5.73921801070443,1,2
14,10,17,6.06523729701465,2.94708997847265,4.92873631188243,5.14688948291822,5.73054789638425,1,2
14,10,18,6.06523729701465,2.94708997847265,6.27740774815186,5.59979116728386,5.93097139438856,1,2
14,10,19,6.06523729701465,2.94708997847265,5.66276325681324,5.94455078573813,5.86294372309491,1,2
14,10,20,6.06523729701465,2.94708997847265,4.42753204094546,5.5396765258079,5.67875580583908,1,2
14,10,21,6.06523729701465,2.94708997847265,5.90474560207309,5.55421109557718,5.71407454338028,1,2
14,10,23,6.06523729701465,2.94708997847265,3.1667369042074,5.07206565973323,5.45224704639731,1,2
14,10,25,6.06523729701465,2.94708997847265,5.80251914596793,6.58940549973154,5.9165802490724,1,2
14,10,26,6.06523729701465,2.94708997847265,4.40152930694298,6.20720066200264,6.00526272746415,1,2
14,10,27,6.06523729701465,2.94708997847265,4.16815030881744,6.31216433047896,6.10406474724489,1,2
14,10,31,6.06523729701465,2.94708997847265,5.88250938537999,5.98670221884777,6.03916654496419,1,2
14,10,32,6.06523729701465,2.94708997847265,6.36694311167081,5.78804676054368,5.80562065875614,1,2
14,10,34,6.06523729701465,2.94708997847265,6.00015830602081,6.24944513679626,6.01150223628347,1,2
14,10,36,6.06523729701465,2.94708997847265,4.5945589608641,5.50692339491198,5.84314532682151,1,2
14,10,39,6.06523729701465,2.94708997847265,6.79773261615657,6.32885673922668,6.26998830024637,1,2
14,10,41,6.06523729701465,2.94708997847265,4.21397919362471,6.53448643648875,5.86524447640545,1,2
14,10,42,6.06523729701465,2.94708997847265,5.8013620325564,6.53394936030721,6.10809848953443,1,2
14,10,43,6.06523729701465,2.94708997847265,6.5231615770579,5.86577709050564,5.75362737251517,1,2
14,10,45,6.06523729701465,2.94708997847265,4.46629597216257,5.58391435243321,5.61621384912748,1,2
14,10,46,6.06523729701465,2.94708997847265,3.58488680243993,5.37255051647505,5.51352207235025,1,2
14,10,47,6.06523729701465,2.94708997847265,4.60402467971998,5.98275318502876,5.61007631931889,1,2
14,10,48,6.06523729701465,2.94708997847265,1.9756227803759,6.65564281686828,6.32189064923733,1,2
14,10,50,6.06523729701465,2.94708997847265,5.35459460167001,5.2801300696203,5.85075571015432,1,2
14,10,54,6.06523729701465,2.94708997847265,5.17916215213979,5.866410893362,5.79299231142234,1,2
14,10,56,6.06523729701465,2.94708997847265,4.45139190184969,6.13400866361598,5.76700682278553,1,2
14,10,58,6.06523729701465,2.94708997847265,4.88016059884509,5.79920257982889,5.7032986761169,1,2
14,10,59,6.06523729701465,2.94708997847265,4.63561739607108,6.45172102355071,6.26693652934768,1,2
14,10,65,6.06523729701465,2.94708997847265,5.60443112886991,6.49354172315526,5.95737505866555,1,2
14,10,68,6.06523729701465,2.94708997847265,4.75384829737374,6.0720048697101,6.01151326831838,1,2
14,11,3,6.06523729701465,2.94708997847265,4.2127611682555,6.63374818313274,6.52754243080198,1,2
14,11,4,6.06523729701465,2.94708997847265,5.94552849367229,5.35169279916075,5.88702445998274,1,2
14,11,6,6.06523729701465,2.94708997847265,4.67285758286356,5.78735202217854,6.14104170566557,1,2
14,11,7,6.06523729701465,2.94708997847265,4.24873748612701,6.06311805478119,6.22177807874575,1,2
14,11,8,6.06523729701465,2.94708997847265,4.03638399833826,5.66084355652305,6.2058749592958,1,2
14,11,10,6.06523729701465,2.94708997847265,4.96966965832085,6.13864536215787,6.22038467083843,1,2
14,11,11,6.06523729701465,2.94708997847265,4.68569309043404,5.77235062086697,6.18974203570975,1,2
14,11,13,6.06523729701465,2.94708997847265,6.7611916922085,6.0492030843925,6.18203647074538,1,2
14,11,16,6.06523729701465,2.94708997847265,6.46173384157376,5.46671309565096,5.8850849265834,1,2
14,11,17,6.06523729701465,2.94708997847265,5.39409714292438,7.05464163058165,6.52471692710089,1,2
14,11,27,6.06523729701465,2.94708997847265,5.66120826907653,6.43035360542527,6.38454856326356,1,2
14,11,29,6.06523729701465,2.94708997847265,3.27412325931356,5.99964646515835,6.1177521338398,1,2
14,11,32,6.06523729701465,2.94708997847265,5.47813873275802,6.03379639642405,6.31738508571747,1,2
14,11,34,6.06523729701465,2.94708997847265,4.8847138749999,6.32389815542092,6.38651679612685,1,2
14,11,40,6.06523729701465,2.94708997847265,6.98224406833664,7.16566396701373,6.45704735707781,1,2
14,11,43,6.06523729701465,2.94708997847265,4.48482409689092,5.70356515157484,6.08399550467747,1,2
14,11,46,6.06523729701465,2.94708997847265,5.0965997755313,6.37336924168931,6.25075553071054,1,2
14,11,49,6.06523729701465,2.94708997847265,5.54170230332152,5.61844636875588,6.23999404088974,1,2
14,11,50,6.06523729701465,2.94708997847265,4.37602324772149,5.63125273533559,6.02864881042408,1,2
14,11,52,6.06523729701465,2.94708997847265,3.8775190216076,5.95105129427746,5.893108529426,1,2
14,11,53,6.06523729701465,2.94708997847265,4.2184087741214,4.69452566681547,5.72927097813502,1,2
14,11,54,6.06523729701465,2.94708997847265,6.14332746227471,5.17498276038981,6.0626519597181,1,2
14,11,55,6.06523729701465,2.94708997847265,5.89499915827878,5.8766385723885,6.1321439206291,1,2
14,11,56,6.06523729701465,2.94708997847265,5.12498155647612,5.93370995406429,6.17027717359209,1,2
14,11,57,6.06523729701465,2.94708997847265,5.63508715612917,6.58655912133835,6.60411384035629,1,2
14,11,62,6.06523729701465,2.94708997847265,3.29159573352672,6.01858386789307,6.45943030505487,1,2
14,11,63,6.06523729701465,2.94708997847265,4.66847961716966,6.55952578265857,6.37595116788423,1,2
14,11,65,6.06523729701465,2.94708997847265,5.70489729770822,7.14267114156637,6.84554518441419,1,2
14,11,66,6.06523729701465,2.94708997847265,5.09232617552476,5.91821540139488,6.11514844038817,1,2
14,11,70,6.06523729701465,2.94708997847265,5.82254036034861,5.98064677846187,6.16600558369902,1,2
14,11,71,6.06523729701465,2.94708997847265,6.7175064057991,5.87790509837694,6.20151354698268,1,2
14,11,75,6.06523729701465,2.94708997847265,3.99341916894289,5.2433328308662,5.73838094523469,1,2
14,11,76,6.06523729701465,2.94708997847265,4.23245501365691,5.78747846248201,6.16003044627058,1,2
14,11,78,6.06523729701465,2.94708997847265,4.99683265065105,5.56944471320014,5.95843318291038,1,2
14,11,79,6.06523729701465,2.94708997847265,4.37668832366357,6.13519234075137,6.35573793915467,1,2
14,11,80,6.06523729701465,2.94708997847265,4.89384768789366,6.91482411170873,6.41877307595265,1,2
14,11,85,6.06523729701465,2.94708997847265,3.80280724534503,5.69927028246255,6.13563445180355,1,2
14,11,86,6.06523729701465,2.94708997847265,4.5170062786728,5.82922164074255,6.13449413049186,1,2
14,11,89,6.06523729701465,2.94708997847265,5.83475823863479,5.95253671318488,6.04977416266893,1,2
14,12,2,6.06523729701465,2.94708997847265,5.88979140277494,6.37884690002426,6.38898469023658,1,2
14,12,3,6.06523729701465,2.94708997847265,4.97712034506459,6.02890889469744,6.19584715509218,1,2
14,12,4,6.06523729701465,2.94708997847265,4.39812014035351,6.23976220793011,5.98687195344231,1,2
14,12,10,6.06523729701465,2.94708997847265,3.53441689104615,6.23867287259411,5.96461949708912,1,2
14,12,12,6.06523729701465,2.94708997847265,6.23121989997086,5.70233441591401,5.90573475128443,1,2
14,12,13,6.06523729701465,2.94708997847265,3.95532553531328,6.5026685568539,6.32161192321821,1,2
14,12,16,6.06523729701465,2.94708997847265,5.15953588334862,5.86876058311822,5.85886915644168,1,2
14,12,18,6.06523729701465,2.94708997847265,3.34660623312201,6.02235704531483,5.74743385765366,1,2
14,12,20,6.06523729701465,2.94708997847265,4.54180429906401,6.06475710483961,6.14834624826011,1,2
14,12,21,6.06523729701465,2.94708997847265,6.38708874927582,5.81055163624584,6.11397700007875,1,2
14,12,22,6.06523729701465,2.94708997847265,5.35313439610007,6.89420141338269,6.35207977396681,1,2
14,12,23,6.06523729701465,2.94708997847265,7.25269029851512,6.33316617873136,6.16099057021181,1,2
14,12,24,6.06523729701465,2.94708997847265,5.59752092596529,7.00827803799143,6.46205481890093,1,2
14,12,27,6.06523729701465,2.94708997847265,5.82340182897505,6.65873213654074,6.55035828324626,1,2
14,12,28,6.06523729701465,2.94708997847265,5.04401527089761,6.37158938286225,6.2749315242179,1,2
14,12,29,6.06523729701465,2.94708997847265,3.81453454277688,5.09705608860065,6.01203111983755,1,2
14,12,31,6.06523729701465,2.94708997847265,5.46842612686297,6.15044951719423,6.2435255522936,1,2
14,12,32,6.06523729701465,2.94708997847265,5.12099875139077,5.75208120920837,6.04801175484992,1,2
14,12,33,6.06523729701465,2.94708997847265,5.19209311010762,7.17088229670666,6.28446614477862,1,2
14,12,34,6.06523729701465,2.94708997847265,6.34710483644233,5.24932161230492,5.92747211162991,1,2
14,12,36,6.06523729701465,2.94708997847265,3.39509383010623,6.2056465130106,6.19997013719941,1,2
14,12,37,6.06523729701465,2.94708997847265,5.31572269612238,7.09921210629376,6.54997737912543,1,2
14,12,39,6.06523729701465,2.94708997847265,4.63695584982051,6.04237369148812,6.01523323095582,1,2
14,12,40,6.06523729701465,2.94708997847265,5.33893063938398,6.10375757435834,6.33996679790539,1,2
14,12,41,6.06523729701465,2.94708997847265,5.93310730414908,5.45550565340045,5.93593081510124,1,2
14,12,43,6.06523729701465,2.94708997847265,4.79959454314426,5.46691852695079,6.01233821151493,1,2
14,12,44,6.06523729701465,2.94708997847265,6.07367983519374,6.53244313335778,6.38326593979865,1,2
14,12,45,6.06523729701465,2.94708997847265,4.28682178999182,6.21971873136418,6.18652344767484,1,2
14,12,48,6.06523729701465,2.94708997847265,4.44017311129192,5.88118526677718,6.12540811232779,1,2
14,12,50,6.06523729701465,2.94708997847265,3.57718180972198,6.17346702207077,6.06602786256619,1,2
14,12,51,6.06523729701465,2.94708997847265,7.67714410871377,6.09494806861317,6.40740673281501,1,2
14,12,52,6.06523729701465,2.94708997847265,5.47151420367007,6.75332689507687,6.60616045160596,1,2
14,12,55,6.06523729701465,2.94708997847265,4.04269657093387,5.8069540636838,5.79868219043387,1,2
14,12,56,6.06523729701465,2.94708997847265,5.74540655246795,5.21238362248268,6.00793545978446,1,2
14,12,57,6.06523729701465,2.94708997847265,2.38537778370477,5.1212953123653,5.86946726183605,1,2
14,12,59,6.06523729701465,2.94708997847265,7.19778212836578,5.946716231725,6.10717630565284,1,2
14,12,60,6.06523729701465,2.94708997847265,3.89346790581408,6.18111841197867,6.20973276910762,1,2
14,12,62,6.06523729701465,2.94708997847265,5.25141072648825,6.34134909277374,6.37021732801257,1,2
14,12,65,6.06523729701465,2.94708997847265,2.7344493321517,6.21962184730413,6.02697413536711,1,2
14,12,67,6.06523729701465,2.94708997847265,5.02181408848798,5.80718240370126,6.25002824345678,1,2
14,12,70,6.06523729701465,2.94708997847265,4.93961703671099,6.38952750892627,6.43027368363482,1,2
14,12,71,6.06523729701465,2.94708997847265,4.9034639745936,6.49628336636381,6.42375581297745,1,2
14,12,74,6.06523729701465,2.94708997847265,6.25046207570175,6.04774710239672,6.00408872809123,1,2
14,12,78,6.06523729701465,2.94708997847265,4.61883325865264,5.82012825250097,6.259154777729,1,2
14,12,86,6.06523729701465,2.94708997847265,5.07604999885706,5.04564272715129,5.94327190202151,1,2
14,12,89,6.06523729701465,2.94708997847265,5.91833055506954,7.10889041176086,6.52831706494502,1,2
14,12,90,6.06523729701465,2.94708997847265,3.9752792386169,6.82308663958358,6.55724127970355,1,2
14,12,91,6.06523729701465,2.94708997847265,3.88016226079591,5.96581499654362,6.01416786518715,1,2
14,13,1,6.06523729701465,2.94708997847265,3.37302987746745,5.26647004695073,6.19016712249747,1,2
14,13,3,6.06523729701465,2.94708997847265,5.11386915876685,6.18464338120956,6.70196794337774,1,2
14,13,5,6.06523729701465,2.94708997847265,4.36923032177006,5.5636971940732,6.22644778910908,1,2
14,13,7,6.06523729701465,2.94708997847265,6.17499813961858,6.58277715832655,6.70648475352324,1,2
14,13,11,6.06523729701465,2.94708997847265,5.20958453319934,6.57531717202924,6.51134237839243,1,2
14,13,15,6.06523729701465,2.94708997847265,4.04395361145935,5.68697710499,6.4023837641925,1,2
14,13,18,6.06523729701465,2.94708997847265,2.81152996917679,6.52236949382542,6.34894407560137,1,2
14,13,20,6.06523729701465,2.94708997847265,6.65615782088138,6.27195783791397,6.56408312427511,1,2
14,13,22,6.06523729701465,2.94708997847265,6.82078720311118,5.63052999909065,6.39339030847278,1,2
14,13,24,6.06523729701465,2.94708997847265,5.33665608720505,5.33709288421799,6.14762139476357,1,2
14,13,25,6.06523729701465,2.94708997847265,6.09172156845375,6.52984181906456,6.65647153475023,1,2
14,13,26,6.06523729701465,2.94708997847265,4.59965322476757,5.97718279060929,6.29561963499152,1,2
14,13,29,6.06523729701465,2.94708997847265,5.13200138130711,5.72992534592555,6.30788349533452,1,2
14,13,34,6.06523729701465,2.94708997847265,3.04296521293071,5.43892993845263,6.09389573289815,1,2
14,13,36,6.06523729701465,2.94708997847265,4.48576516809658,5.29472684609338,6.2338341481077,1,2
14,13,39,6.06523729701465,2.94708997847265,3.45498071103747,7.38870476221742,6.88506541640601,1,2
14,13,41,6.06523729701465,2.94708997847265,6.00565702187728,6.59226088240466,6.59244635328293,1,2
14,13,46,6.06523729701465,2.94708997847265,4.93417823560936,6.24366579413751,6.51263008449472,1,2
14,13,47,6.06523729701465,2.94708997847265,4.73607701157068,6.6611752361947,6.70164578393417,1,2
14,13,49,6.06523729701465,2.94708997847265,3.16831994890379,6.06646489812589,6.41767384787143,1,2
14,13,51,6.06523729701465,2.94708997847265,5.74152498000269,6.29666357109714,6.57676784910751,1,2
14,13,53,6.06523729701465,2.94708997847265,5.32306316630063,6.18830147686457,6.37382862553794,1,2
14,13,54,6.06523729701465,2.94708997847265,6.94003382743037,5.35197746184568,6.37872578204334,1,2
14,13,56,6.06523729701465,2.94708997847265,4.28649653953215,6.90502405569856,6.56526051262806,1,2
14,13,57,6.06523729701465,2.94708997847265,4.15519212242637,5.9398620990514,6.44417112025437,1,2
14,13,58,6.06523729701465,2.94708997847265,3.14557125993558,5.9240824113862,6.48566308058789,1,2
14,13,61,6.06523729701465,2.94708997847265,5.39607045885743,6.04754735167758,6.49731274476611,1,2
14,13,62,6.06523729701465,2.94708997847265,3.93465375353086,5.98101658463955,6.41063904082798,1,2
14,13,64,6.06523729701465,2.94708997847265,6.13077393548288,6.27053750632439,6.52108597211385,1,2
14,13,65,6.06523729701465,2.94708997847265,4.3478373306465,5.54801410994537,6.20803200483438,1,2
14,13,66,6.06523729701465,2.94708997847265,4.57624589029439,6.53090449220638,6.54720981808116,1,2
14,13,67,6.06523729701465,2.94708997847265,3.77017949593873,5.18765425978679,6.35097806016297,1,2
14,13,69,6.06523729701465,2.94708997847265,2.46250486932977,5.94460704207711,6.2912755641818,1,2
14,13,70,6.06523729701465,2.94708997847265,4.45956735725591,6.58930135417051,6.61797993439174,1,2
14,13,71,6.06523729701465,2.94708997847265,6.03212719043091,5.64007310860028,6.55399626016696,1,2
14,13,72,6.06523729701465,2.94708997847265,5.86993983535988,5.32422769737326,6.26499849710026,1,2
14,13,77,6.06523729701465,2.94708997847265,5.38039713154046,6.22238684084742,6.67782024960994,1,2
14,13,79,6.06523729701465,2.94708997847265,5.31703442371058,5.88144110540584,6.34988741734886,1,2
14,13,81,6.06523729701465,2.94708997847265,6.40703696453137,6.19906872439251,6.32297342931478,1,2
14,13,85,6.06523729701465,2.94708997847265,4.82485328611793,5.96771217956797,6.54033777531607,1,2
14,13,89,6.06523729701465,2.94708997847265,4.86451369629133,6.5890008965154,6.70084006030822,1,2
14,14,1,6.06523729701465,2.94708997847265,5.50651225351355,5.46411625633964,6.52492002928147,1,2
14,14,4,6.06523729701465,2.94708997847265,4.67105893167128,5.5738976961769,6.23708504427891,1,2
14,14,6,6.06523729701465,2.94708997847265,4.376713139861,5.99792205796908,6.5171206648487,1,2
14,14,9,6.06523729701465,2.94708997847265,4.01250956754146,5.59033436292521,6.32864117066774,1,2
14,14,10,6.06523729701465,2.94708997847265,5.45269286362559,5.87570312115381,6.64450500883848,1,2
14,14,11,6.06523729701465,2.94708997847265,5.78011520855331,5.81077376398622,6.4802962479786,1,2
14,14,14,6.06523729701465,2.94708997847265,4.70280074882171,5.90325625599061,6.57402095329957,1,2
14,14,17,6.06523729701465,2.94708997847265,5.03005724176909,6.2194669396724,6.85061809373726,1,2
14,14,19,6.06523729701465,2.94708997847265,6.42494783864032,6.1719707625554,6.51285131454364,1,2
14,14,20,6.06523729701465,2.94708997847265,4.49065033077983,5.64866970267156,6.57707288168288,1,2
14,14,21,6.06523729701465,2.94708997847265,5.93845607425286,6.52159866925163,6.64893349862323,1,2
14,14,26,6.06523729701465,2.94708997847265,5.42018349319511,6.41013827709824,6.81924691276191,1,2
14,14,27,6.06523729701465,2.94708997847265,4.17106343208617,5.60346553920314,6.55742238280974,1,2
14,14,30,6.06523729701465,2.94708997847265,4.82370253977492,6.03060754002045,6.56148210539941,1,2
14,14,32,6.06523729701465,2.94708997847265,5.55670474536843,6.02036812056762,6.35761364360373,1,2
14,14,36,6.06523729701465,2.94708997847265,5.58591892090592,5.56307508022359,6.38487917540622,1,2
14,14,37,6.06523729701465,2.94708997847265,4.26463897824895,6.04580962748266,6.54172514346954,1,2
14,14,38,6.06523729701465,2.94708997847265,6.28449548204512,5.79083815083176,6.52009383728384,1,2
14,14,40,6.06523729701465,2.94708997847265,6.30146912902653,6.47806253926247,6.99915783844287,1,2
14,14,42,6.06523729701465,2.94708997847265,4.95046293346126,4.97946359758072,6.19667762741468,1,2
14,14,44,6.06523729701465,2.94708997847265,5.58133636295775,5.53924165203396,6.36151730889695,1,2
14,14,45,6.06523729701465,2.94708997847265,4.39110100576306,5.93319039567764,6.58266206635119,1,2
14,14,46,6.06523729701465,2.94708997847265,4.56901453719921,5.76453772395323,6.56024781430437,1,2
14,14,47,6.06523729701465,2.94708997847265,3.77232275008056,5.27991953464823,6.3419573109995,1,2
14,14,48,6.06523729701465,2.94708997847265,5.45254892840747,5.70360491687128,6.53338446023215,1,2
14,14,51,6.06523729701465,2.94708997847265,3.99889663526946,6.51745203955323,6.64706954540888,1,2
14,14,53,6.06523729701465,2.94708997847265,5.49466873045252,5.61958477898637,6.49996340044647,1,2
14,14,57,6.06523729701465,2.94708997847265,5.40240900617069,5.66815397515029,6.3084133444583,1,2
14,14,58,6.06523729701465,2.94708997847265,7.09529039329069,5.72274857116942,6.57790014480432,1,2
14,14,59,6.06523729701465,2.94708997847265,5.0107418494155,5.92173288360694,6.67285635296324,1,2
14,14,60,6.06523729701465,2.94708997847265,3.32230413433452,6.35614920143046,6.74646119810539,1,2
14,14,61,6.06523729701465,2.94708997847265,4.02158277121986,6.20502008861397,6.57090064409182,1,2
14,14,62,6.06523729701465,2.94708997847265,6.05372241119022,6.25679753922393,6.51041671464712,1,2
14,14,64,6.06523729701465,2.94708997847265,3.69003206968554,5.95800183722349,6.49461655010296,1,2
14,14,69,6.06523729701465,2.94708997847265,5.34757015742229,6.30414253626095,6.93373523905954,1,2
14,14,72,6.06523729701465,2.94708997847265,5.68394680477435,5.78024732498092,6.40184404270503,1,2
14,15,6,6.06523729701465,2.94708997847265,5.28004621296142,5.64996077748373,6.51982803408894,1,2
14,15,8,6.06523729701465,2.94708997847265,6.38802221624292,6.21098735223163,6.50856356678244,1,2
14,15,9,6.06523729701465,2.94708997847265,4.82215561048212,5.8433250308987,6.80350519742804,1,2
14,15,11,6.06523729701465,2.94708997847265,6.05978925891493,6.78372322326649,6.99555444561495,1,2
14,15,12,6.06523729701465,2.94708997847265,5.44114908031814,5.79959628098569,6.70759082788745,1,2
14,15,15,6.06523729701465,2.94708997847265,6.63115467408691,6.0233284363852,6.32433227372755,1,2
14,15,17,6.06523729701465,2.94708997847265,4.97128967019937,5.49466689701364,6.35268721633741,1,2
14,15,18,6.06523729701465,2.94708997847265,5.44788428171499,5.77954191695883,6.36530828754202,1,2
14,15,22,6.06523729701465,2.94708997847265,5.05847143355082,6.00508502788276,6.85579482986641,1,2
14,15,23,6.06523729701465,2.94708997847265,4.29069756781679,6.19535636994664,6.36391822029899,1,2
14,15,24,6.06523729701465,2.94708997847265,5.32430151936083,5.83002372877756,6.61064419645189,1,2
14,15,25,6.06523729701465,2.94708997847265,2.83627370747104,6.79436438268223,6.7537417973806,1,2
14,15,26,6.06523729701465,2.94708997847265,4.84262277996024,5.14521729801888,6.50900558860369,1,2
14,15,33,6.06523729701465,2.94708997847265,4.39449943622586,6.04496478012459,6.85856582064646,1,2
14,15,34,6.06523729701465,2.94708997847265,5.08795061416134,6.07990637595591,6.53465089089901,1,2
14,15,38,6.06523729701465,2.94708997847265,4.57895665973236,6.2523261681158,6.56759289999824,1,2
14,15,40,6.06523729701465,2.94708997847265,5.64985347501754,6.40821412993609,6.95447248088546,1,2
14,15,41,6.06523729701465,2.94708997847265,5.7528675828628,6.95533150401116,6.91512559991202,1,2
14,15,42,6.06523729701465,2.94708997847265,5.68482760910785,6.1166799052002,6.40407373406256,1,2
14,15,45,6.06523729701465,2.94708997847265,5.23325608370038,5.68852003773074,6.47708973556347,1,2
14,15,46,6.06523729701465,2.94708997847265,5.02051582212147,5.97220537547772,6.63892498196496,1,2
14,15,47,6.06523729701465,2.94708997847265,7.05543040334841,5.21445705610501,6.35291544149964,1,2
14,15,48,6.06523729701465,2.94708997847265,5.17970795706761,6.24092743535994,6.68985150457273,1,2
14,15,51,6.06523729701465,2.94708997847265,5.38088749251718,5.74678207810285,6.42748071472582,1,2
14,15,52,6.06523729701465,2.94708997847265,4.96711442477535,6.58125461627158,6.71201864091516,1,2
14,15,53,6.06523729701465,2.94708997847265,5.21296732923898,5.22707909995234,6.37642835613971,1,2
14,15,55,6.06523729701465,2.94708997847265,5.82901140146282,6.29517795637641,6.64742725769396,1,2
14,15,58,6.06523729701465,2.94708997847265,6.00931534208758,5.92193393826787,6.8580691912858,1,2
14,15,59,6.06523729701465,2.94708997847265,5.45534710988767,6.04177753921966,6.91634058295488,1,2
14,15,64,6.06523729701465,2.94708997847265,5.45583894271226,5.88358843120283,6.29729880648706,1,2
14,15,66,6.06523729701465,2.94708997847265,6.50536427205133,6.05966036069094,6.67563453769961,1,2
14,15,69,6.06523729701465,2.94708997847265,4.41618658827544,6.4539268984619,6.66710310036658,1,2
14,15,71,6.06523729701465,2.94708997847265,5.63966049392832,6.42803397017597,6.38485940131044,1,2
14,15,75,6.06523729701465,2.94708997847265,6.18784434728054,5.80965089390001,6.60960580890543,1,2
14,15,77,6.06523729701465,2.94708997847265,5.54343593777115,5.82330883858954,6.39548403099345,1,2
14,15,78,6.06523729701465,2.94708997847265,5.36125338713869,6.47703383264537,6.77063967285058,1,2
14,15,79,6.06523729701465,2.94708997847265,4.79755975430127,6.19276873951345,6.45153839968371,1,2
14,15,80,6.06523729701465,2.94708997847265,6.39329553056628,6.51591419596006,6.71164882505463,1,2
14,15,81,6.06523729701465,2.94708997847265,5.02494600160029,5.86756070127771,6.71867514094888,1,2
14,15,83,6.06523729701465,2.94708997847265,5.64789246556999,6.05277594938256,6.79474023064136,1,2
14,15,85,6.06523729701465,2.94708997847265,5.23931536662813,5.7433628673877,6.32803249335458,1,2
14,15,86,6.06523729701465,2.94708997847265,3.77789765217111,5.46482511399216,6.26076413404696,1,2
14,15,88,6.06523729701465,2.94708997847265,4.84431264085857,6.19989473250183,6.94099271390448,1,2
14,15,89,6.06523729701465,2.94708997847265,5.90637881285223,5.30731171181383,6.35936005295786,1,2
14,15,90,6.06523729701465,2.94708997847265,4.18933515570994,5.191331096186,6.13339243660855,1,2
14,15,91,6.06523729701465,2.94708997847265,5.58995377094081,5.39755218062954,6.45616613165147,1,2
14,15,92,6.06523729701465,2.94708997847265,5.96529876491753,5.77340119581843,6.7985435962754,1,2
14,15,95,6.06523729701465,2.94708997847265,3.39881112192137,5.4237746280398,6.23475198547997,1,2
14,16,1,6.06523729701465,2.94708997847265,5.39311897114195,5.94107263919191,6.49432633055114,1,2
14,16,3,6.06523729701465,2.94708997847265,4.62825363867439,5.34594832858742,6.52689196766199,1,2
14,16,6,6.06523729701465,2.94708997847265,4.79290124604131,6.07194700571662,6.38174307855552,1,2
14,16,8,6.06523729701465,2.94708997847265,5.0216109017625,5.81836352125149,6.64641892276339,1,2
14,16,10,6.06523729701465,2.94708997847265,5.36642864968949,6.19258552364264,6.76503348359906,1,2
14,16,11,6.06523729701465,2.94708997847265,3.31710624465878,5.34669504532669,6.31250713261859,1,2
14,16,12,6.06523729701465,2.94708997847265,4.30417333567989,5.14966672412398,6.18418513909927,1,2
14,16,13,6.06523729701465,2.94708997847265,7.07921950734582,6.28936122751527,6.85345863064981,1,2
14,16,14,6.06523729701465,2.94708997847265,3.96181758343773,6.07156514777679,6.55039112782732,1,2
14,16,16,6.06523729701465,2.94708997847265,4.78613395781498,5.75740325974734,6.39565186267265,1,2
14,16,17,6.06523729701465,2.94708997847265,4.95883394131352,4.97260759999979,6.28293885608496,1,2
14,16,18,6.06523729701465,2.94708997847265,6.22112851726612,5.77086939336239,6.65074634008995,1,2
14,16,23,6.06523729701465,2.94708997847265,3.84657625506635,6.25022303277013,6.50740074687097,1,2
14,16,24,6.06523729701465,2.94708997847265,3.80833733830828,6.06922247106495,6.88328338513278,1,2
14,16,28,6.06523729701465,2.94708997847265,7.66838695765712,5.83998022578937,6.78186313337296,1,2
14,16,29,6.06523729701465,2.94708997847265,6.59169840169524,5.98064670387291,6.73183332356965,1,2
14,16,31,6.06523729701465,2.94708997847265,5.22117114024843,5.95457191351104,6.74174992164673,1,2
14,16,32,6.06523729701465,2.94708997847265,6.52276625574711,5.53008518896663,6.48637920857448,1,2
14,16,33,6.06523729701465,2.94708997847265,3.87535378760652,6.2070582865275,6.43312336501273,1,2
14,16,34,6.06523729701465,2.94708997847265,3.67966667895964,6.27016199844662,6.5203202357644,1,2
14,16,35,6.06523729701465,2.94708997847265,5.46528735558645,6.91834304233902,6.94244332589547,1,2
14,16,36,6.06523729701465,2.94708997847265,3.81558170164006,5.85759019199913,6.74362492457238,1,2
14,16,38,6.06523729701465,2.94708997847265,4.56004972684092,6.85901785529382,7.04617963127322,1,2
14,16,39,6.06523729701465,2.94708997847265,3.88981212136825,6.0582740795384,6.68079984932504,1,2
14,16,41,6.06523729701465,2.94708997847265,4.37891419744399,6.42856135762752,6.59027945538012,1,2
14,16,42,6.06523729701465,2.94708997847265,5.27946566116001,5.71271504153821,6.29561504723228,1,2
14,16,45,6.06523729701465,2.94708997847265,7.64378522369401,6.13412248125664,6.78796061013743,1,2
14,16,49,6.06523729701465,2.94708997847265,5.50150216027472,6.66332195403813,7.12952433702975,1,2
14,16,50,6.06523729701465,2.94708997847265,5.88028156961876,5.83038965931309,6.86893958551723,1,2
14,16,53,6.06523729701465,2.94708997847265,3.90504242922055,7.20421891305114,6.94876920098078,1,2
14,16,54,6.06523729701465,2.94708997847265,5.29964450248288,5.55302411712503,6.32918429490809,1,2
14,16,55,6.06523729701465,2.94708997847265,4.44502618218875,6.44894373871948,6.72944968570503,1,2
14,16,58,6.06523729701465,2.94708997847265,5.33279635279442,7.11927769210859,7.08025600995942,1,2
14,16,59,6.06523729701465,2.94708997847265,4.49334212375256,6.00263157203854,6.52834736121896,1,2
14,16,60,6.06523729701465,2.94708997847265,5.55120797469857,6.3140803225527,6.6320933627295,1,2
14,16,63,6.06523729701465,2.94708997847265,5.22834699149103,6.48592384032266,6.7835377336927,1,2
14,16,67,6.06523729701465,2.94708997847265,4.62879982789692,6.32560417522102,6.68515685116737,1,2
14,16,68,6.06523729701465,2.94708997847265,4.13095833800599,6.04950097711376,6.57116988387729,1,2
14,16,69,6.06523729701465,2.94708997847265,5.61798041710689,6.17525124614695,6.70997985153265,1,2
14,16,72,6.06523729701465,2.94708997847265,3.86750919261976,6.15716512687765,6.59076384052162,1,2
14,16,73,6.06523729701465,2.94708997847265,5.66903988831716,6.63675971572548,6.79972455487995,1,2
14,16,74,6.06523729701465,2.94708997847265,6.21740785718666,5.71481418218947,6.3923146584276,1,2
14,16,76,6.06523729701465,2.94708997847265,5.54270466548757,6.74154248031215,6.72009765240885,1,2
14,16,79,6.06523729701465,2.94708997847265,5.75771911500833,6.13429765894131,6.31355615143007,1,2
14,16,81,6.06523729701465,2.94708997847265,4.20493861614252,5.92771779097264,6.71537171320899,1,2
14,16,84,6.06523729701465,2.94708997847265,6.00701964955034,6.3769376059972,6.82376990311722,1,2
14,16,85,6.06523729701465,2.94708997847265,5.43452461296951,6.42000975571223,6.78879756429625,1,2
14,16,87,6.06523729701465,2.94708997847265,5.91441645879148,6.66735393545561,6.7890300569769,1,2
14,16,88,6.06523729701465,2.94708997847265,5.57476072748903,6.55177793845228,6.91094612542511,1,2
14,16,90,6.06523729701465,2.94708997847265,4.11468625759539,5.90968843403956,6.59160407964736,1,2
14,17,6,6.06523729701465,2.94708997847265,6.32001935684646,6.37393921529696,6.86234738490671,1,2
14,17,7,6.06523729701465,2.94708997847265,5.72429549038312,5.19280855348498,6.62496811046503,1,2
14,17,8,6.06523729701465,2.94708997847265,2.27872501846138,6.08190828682533,6.25357123957704,1,2
14,17,10,6.06523729701465,2.94708997847265,4.73099267323727,5.40564689288557,6.52752817945164,1,2
14,17,11,6.06523729701465,2.94708997847265,5.01735299112358,5.62055264944322,6.75356059951874,1,2
14,17,12,6.06523729701465,2.94708997847265,5.41827802664479,6.09935332459725,6.81176263879172,1,2
14,17,14,6.06523729701465,2.94708997847265,4.72137663115937,5.77650226356015,6.85454339725078,1,2
14,17,16,6.06523729701465,2.94708997847265,5.94645307944471,6.82794168066259,7.07112711194324,1,2
14,17,17,6.06523729701465,2.94708997847265,4.34615686522429,6.62817820781901,7.15689757553401,1,2
14,17,18,6.06523729701465,2.94708997847265,6.96687470611745,6.41287020531634,6.87168169387804,1,2
14,17,19,6.06523729701465,2.94708997847265,4.8001000864965,5.86778586283692,7.08425569635262,1,2
14,17,20,6.06523729701465,2.94708997847265,4.19281016106888,5.88238402295154,6.63343630200307,1,2
14,17,22,6.06523729701465,2.94708997847265,3.93796919066657,5.71749613467274,6.86648144962977,1,2
14,17,23,6.06523729701465,2.94708997847265,4.84087639616258,5.53108131847594,6.51174604550506,1,2
14,17,24,6.06523729701465,2.94708997847265,4.69888812921991,6.25409918173985,6.81089942489297,1,2
14,17,25,6.06523729701465,2.94708997847265,4.20226389763392,5.16378355897964,6.5320954680968,1,2
14,17,30,6.06523729701465,2.94708997847265,4.0159950259127,5.72166705707501,6.72854020138082,1,2
14,17,31,6.06523729701465,2.94708997847265,5.25340957799315,5.23450991393811,7.00775159515153,1,2
14,17,34,6.06523729701465,2.94708997847265,5.81680175797322,6.63441404507467,7.08402256986746,1,2
14,17,35,6.06523729701465,2.94708997847265,6.01631896020212,5.65113097405477,6.72298138139059,1,2
14,17,38,6.06523729701465,2.94708997847265,3.15779709788811,6.19068784537904,6.65657792061726,1,2
14,17,40,6.06523729701465,2.94708997847265,4.45656694885808,6.15684454290601,6.72689337857856,1,2
14,17,41,6.06523729701465,2.94708997847265,4.4312616797308,6.32005287362097,6.93974640925524,1,2
14,17,42,6.06523729701465,2.94708997847265,4.10298289580652,5.8797177724656,6.84661047465434,1,2
14,17,44,6.06523729701465,2.94708997847265,5.66156185755111,5.09683808968328,6.70258571473442,1,2
14,17,45,6.06523729701465,2.94708997847265,6.03068049953493,5.87089744550419,6.90556820681513,1,2
14,17,47,6.06523729701465,2.94708997847265,5.39640771892255,5.99858424029542,6.95210171207382,1,2
14,17,49,6.06523729701465,2.94708997847265,4.78239575438199,5.65990387720329,6.56412033011394,1,2
14,17,51,6.06523729701465,2.94708997847265,3.39789192446368,6.03706248129595,6.7997183545414,1,2
14,17,52,6.06523729701465,2.94708997847265,3.9653955444566,5.91721040806557,6.70927206974917,1,2
14,17,53,6.06523729701465,2.94708997847265,5.54598757500354,6.13158819660607,7.01848383701961,1,2
14,17,54,6.06523729701465,2.94708997847265,3.8647827950207,5.14975471178287,6.2298136519986,1,2
14,17,57,6.06523729701465,2.94708997847265,3.91559213877135,6.33097263436609,6.83763323180808,1,2
14,17,58,6.06523729701465,2.94708997847265,6.54294329656344,6.87726042742481,6.8572676431855,1,2
14,17,61,6.06523729701465,2.94708997847265,4.1472671182819,6.11528620749915,6.89802748026441,1,2
14,17,62,6.06523729701465,2.94708997847265,5.96882119568115,6.04296416279561,6.64601483139018,1,2
14,17,63,6.06523729701465,2.94708997847265,4.03788257816968,4.92641226875283,6.56924252381308,1,2
14,17,64,6.06523729701465,2.94708997847265,5.94446878275311,5.55408314916274,6.82693152205185,1,2
14,17,67,6.06523729701465,2.94708997847265,5.71705909949277,6.09007067033069,6.89977131585457,1,2
14,17,68,6.06523729701465,2.94708997847265,3.37320065472494,5.69029680576236,6.53198446364045,1,2
14,17,70,6.06523729701465,2.94708997847265,5.27924968584434,5.54891076335848,6.9313916048313,1,2
14,17,74,6.06523729701465,2.94708997847265,5.41716637942412,5.51775248566656,6.91730393695978,1,2
14,17,75,6.06523729701465,2.94708997847265,6.20112485046621,6.45472380352234,7.10188215845941,1,2
14,17,76,6.06523729701465,2.94708997847265,3.18625225699856,5.98332268301941,6.60010321599168,1,2
14,17,77,6.06523729701465,2.94708997847265,5.24695439584204,5.91840727305556,6.9873743504654,1,2
14,17,79,6.06523729701465,2.94708997847265,3.71003698171457,6.47501634504294,6.77670201153495,1,2
14,18,2,6.06523729701465,2.94708997847265,6.07074093724824,5.71660648150496,6.83554663323217,1,2
14,18,4,6.06523729701465,2.94708997847265,5.42608351262881,6.95753087159416,7.10708964487391,1,2
14,18,5,6.06523729701465,2.94708997847265,3.15449119244136,4.75820689260377,6.22298405712468,1,2
14,18,8,6.06523729701465,2.94708997847265,3.1302868306682,6.34072604982534,6.80723865095713,1,2
14,18,9,6.06523729701465,2.94708997847265,5.52395867499962,6.62023856551429,6.92632149222204,1,2
14,18,10,6.06523729701465,2.94708997847265,6.03567796360019,7.06491026283741,6.90920823144713,1,2
14,18,12,6.06523729701465,2.94708997847265,4.87150362685051,5.78873024348318,6.92962015366198,1,2
14,18,15,6.06523729701465,2.94708997847265,4.85703979588945,6.7265133926382,7.12415940404413,1,2
14,18,17,6.06523729701465,2.94708997847265,4.74058284566166,5.88728774926027,7.04570034879932,1,2
14,18,22,6.06523729701465,2.94708997847265,5.31184765942284,6.12416383017363,6.76924607506137,1,2
14,18,25,6.06523729701465,2.94708997847265,4.9410629865326,6.76895661530607,6.76340622745577,1,2
14,18,26,6.06523729701465,2.94708997847265,6.80034489408247,5.77219631837372,6.99929191500875,1,2
14,18,29,6.06523729701465,2.94708997847265,4.72671911842278,6.00897458490151,6.54126794395433,1,2
14,18,30,6.06523729701465,2.94708997847265,5.77463496071282,5.1957712544147,6.76561670013074,1,2
14,18,31,6.06523729701465,2.94708997847265,4.13048278212114,5.53067355942894,6.77978504273136,1,2
14,18,33,6.06523729701465,2.94708997847265,5.24943056487986,6.29457741975537,6.75996802551148,1,2
14,18,34,6.06523729701465,2.94708997847265,5.48864883729017,5.75065929592671,6.5542716101467,1,2
14,18,36,6.06523729701465,2.94708997847265,4.40732599772703,6.07189003007434,6.7822767790252,1,2
14,18,38,6.06523729701465,2.94708997847265,3.1789402344351,6.50920896687188,6.90453930119737,1,2
14,18,40,6.06523729701465,2.94708997847265,5.52630447850623,6.4129439546187,6.84508521423445,1,2
14,18,41,6.06523729701465,2.94708997847265,5.22064852845202,6.02266517451464,6.83080344977277,1,2
14,18,42,6.06523729701465,2.94708997847265,4.65732828411554,6.45313781170097,7.05371336400805,1,2
14,18,44,6.06523729701465,2.94708997847265,4.48955163063314,5.40289963771353,6.63470357081194,1,2
14,18,46,6.06523729701465,2.94708997847265,4.04676682499578,6.77273956936547,7.24834387973227,1,2
14,18,50,6.06523729701465,2.94708997847265,4.25251119891382,6.6648422649418,6.93233039657439,1,2
14,18,55,6.06523729701465,2.94708997847265,4.14727558554893,5.48481205035515,6.72884785141208,1,2
14,18,56,6.06523729701465,2.94708997847265,5.3471123083828,5.47893223153429,6.86153783090551,1,2
14,18,57,6.06523729701465,2.94708997847265,5.3341470178547,6.77676224515266,6.92226983784708,1,2
14,18,58,6.06523729701465,2.94708997847265,4.94339874298866,6.3794476217993,6.48610784879723,1,2
14,18,59,6.06523729701465,2.94708997847265,6.16547042019785,6.50082923484904,7.18602289456859,1,2
14,18,60,6.06523729701465,2.94708997847265,4.93617332956236,6.09295664718126,6.87650099660422,1,2
14,18,62,6.06523729701465,2.94708997847265,6.44520959776354,5.91000740031509,7.06180849397463,1,2
14,18,64,6.06523729701465,2.94708997847265,2.35145492068989,6.61081549485403,6.46309904540851,1,2
14,18,68,6.06523729701465,2.94708997847265,5.3287541306952,6.06806238869978,6.7498498241936,1,2
14,18,69,6.06523729701465,2.94708997847265,5.24205535638917,6.19362942240312,6.94161306197057,1,2
14,18,72,6.06523729701465,2.94708997847265,5.51905985926933,6.28969392315624,6.90886489928707,1,2
14,18,74,6.06523729701465,2.94708997847265,5.88702116080696,5.72129957190433,6.78572968940402,1,2
14,18,75,6.06523729701465,2.94708997847265,4.62642523857564,6.55165423901948,6.9249145759926,1,2
14,18,76,6.06523729701465,2.94708997847265,5.11192782891757,6.78521040073763,7.06472092363441,1,2
14,18,77,6.06523729701465,2.94708997847265,6.56613218211571,5.88915563949735,6.77535838252308,1,2
14,18,78,6.06523729701465,2.94708997847265,4.1597727639827,5.91899621142033,6.80399801923376,1,2
14,18,79,6.06523729701465,2.94708997847265,5.30046006928245,6.26482047730727,6.71960153262231,1,2
14,18,81,6.06523729701465,2.94708997847265,4.16888093794977,6.19556836958514,6.99297905832089,1,2
14,18,86,6.06523729701465,2.94708997847265,5.67265696599812,6.10056732948829,6.86344852763853,1,2
14,18,87,6.06523729701465,2.94708997847265,4.76399078297959,6.02570930795121,6.99244808761333,1,2
14,18,90,6.06523729701465,2.94708997847265,6.70081987536659,5.60931593232028,6.93894258595004,1,2
14,18,93,6.06523729701465,2.94708997847265,6.71271388609579,6.46119348282013,7.0340717352181,1,2
14,18,94,6.06523729701465,2.94708997847265,5.19882226466817,6.08238345972732,7.02269127551177,1,2
14,19,1,6.06523729701465,2.94708997847265,5.72925018522044,6.33746768334141,7.45166315620386,1,2
14,19,2,6.06523729701465,2.94708997847265,5.60290220398745,5.26027527735075,7.05558247781245,1,2
14,19,4,6.06523729701465,2.94708997847265,4.18527166936184,5.89346015878611,7.19486979313264,1,2
14,19,5,6.06523729701465,2.94708997847265,3.50140125942545,6.75440226473746,7.01415300520335,1,2
14,19,6,6.06523729701465,2.94708997847265,4.77922817725061,5.76564582892878,7.13319641841367,1,2
14,19,7,6.06523729701465,2.94708997847265,3.00156241984543,6.51138069416844,7.2187278270399,1,2
14,19,11,6.06523729701465,2.94708997847265,4.4748202885091,5.70601456933514,6.99018441720704,1,2
14,19,14,6.06523729701465,2.94708997847265,5.77799523667302,5.55676909246231,6.77377374057522,1,2
14,19,18,6.06523729701465,2.94708997847265,6.99205420724442,5.26727292749443,6.80864364161845,1,2
14,19,20,6.06523729701465,2.94708997847265,5.17251441148317,5.65822647562751,6.90761103656363,1,2
14,19,24,6.06523729701465,2.94708997847265,5.01883432249901,6.36510773318429,6.72678640856689,1,2
14,19,28,6.06523729701465,2.94708997847265,4.28161443731072,5.47105118672003,6.93231093136251,1,2
14,19,29,6.06523729701465,2.94708997847265,5.36997127628646,5.99535295422387,7.17197597716021,1,2
14,19,31,6.06523729701465,2.94708997847265,4.40666504149626,6.36809443316733,7.09880673814187,1,2
14,19,33,6.06523729701465,2.94708997847265,6.21636679899208,5.53799149865352,6.90957253015717,1,2
14,19,34,6.06523729701465,2.94708997847265,4.80107877885125,5.04566783801075,6.97839376868751,1,2
14,19,35,6.06523729701465,2.94708997847265,6.24873277506642,6.20146046800885,7.10578657588123,1,2
14,19,36,6.06523729701465,2.94708997847265,5.65438127811689,5.8249605495325,7.0301438354434,1,2
14,19,37,6.06523729701465,2.94708997847265,6.43571933104131,6.56282914513733,7.33598023106403,1,2
14,19,38,6.06523729701465,2.94708997847265,5.89612298835513,6.25314723861595,7.12776324032025,1,2
14,19,39,6.06523729701465,2.94708997847265,6.21829167036169,6.87051286424356,6.97116817961868,1,2
14,19,40,6.06523729701465,2.94708997847265,5.30392705340882,5.18092680673197,6.97439703813448,1,2
14,19,42,6.06523729701465,2.94708997847265,3.89223150554246,7.02309777806371,7.25236356399718,1,2
14,19,44,6.06523729701465,2.94708997847265,6.25023858645823,6.19229310889028,7.15966709430778,1,2
14,19,45,6.06523729701465,2.94708997847265,4.08517672578447,5.25718454360813,6.84624826170918,1,2
14,19,50,6.06523729701465,2.94708997847265,4.7577247080133,5.61198139612968,6.79811549604303,1,2
14,19,53,6.06523729701465,2.94708997847265,4.92282187749131,5.29440729116561,6.71359645337806,1,2
14,19,54,6.06523729701465,2.94708997847265,3.7510262799998,5.48938573217852,6.61977360208796,1,2
14,19,56,6.06523729701465,2.94708997847265,4.99962169061226,7.20383234308549,7.35285277365201,1,2
14,19,59,6.06523729701465,2.94708997847265,5.78969035249721,5.83291081699649,6.90834579643274,1,2
14,19,60,6.06523729701465,2.94708997847265,4.16202235193132,5.86952547453346,6.85886353592164,1,2
14,19,63,6.06523729701465,2.94708997847265,3.92531514036327,6.19029482164298,6.68280121962985,1,2
14,19,64,6.06523729701465,2.94708997847265,6.15959798918038,5.72888167093881,6.96278788394063,1,2
14,20,2,6.06523729701465,2.94708997847265,5.82905900429708,6.34915478298335,7.41286818517731,1,2
14,20,3,6.06523729701465,2.94708997847265,5.85902682282739,6.73330164509157,7.3565510037545,1,2
14,20,6,6.06523729701465,2.94708997847265,7.09691091708899,5.88102014788411,7.49649250906186,1,2
14,20,7,6.06523729701465,2.94708997847265,5.19111292834043,5.88641208319103,6.87914427848812,1,2
14,20,12,6.06523729701465,2.94708997847265,4.89286807684387,5.99439231091369,7.14635582354152,1,2
14,20,13,6.06523729701465,2.94708997847265,5.01851138122069,5.99484052190611,7.35703007281294,1,2
14,20,14,6.06523729701465,2.94708997847265,5.06856408541579,5.85943479661602,7.3859168512723,1,2
14,20,15,6.06523729701465,2.94708997847265,4.23714972224987,5.70547032505431,7.14841676267208,1,2
14,20,17,6.06523729701465,2.94708997847265,5.58336725953516,6.06085686079228,7.13536498852118,1,2
14,20,21,6.06523729701465,2.94708997847265,6.05668215400065,5.93730605004676,7.10295381881085,1,2
14,20,24,6.06523729701465,2.94708997847265,5.54885520565506,5.92564407278208,7.17469350432939,1,2
14,20,25,6.06523729701465,2.94708997847265,5.18819863707538,5.95360056262157,6.8873157681305,1,2
14,20,31,6.06523729701465,2.94708997847265,5.20534366640919,5.70353960147671,6.93520009320419,1,2
14,20,32,6.06523729701465,2.94708997847265,5.74168063609604,5.44295216978504,6.90009993854268,1,2
14,20,35,6.06523729701465,2.94708997847265,6.35612651655213,6.12964412967046,7.36540774178254,1,2
14,20,36,6.06523729701465,2.94708997847265,5.36357580594874,5.72733098421806,6.80480758680666,1,2
14,20,38,6.06523729701465,2.94708997847265,5.38628671664191,5.74907498339865,7.11371978364515,1,2
14,20,43,6.06523729701465,2.94708997847265,4.13527183985965,5.89499110747092,7.09443661555762,1,2
14,20,44,6.06523729701465,2.94708997847265,5.54683295528419,6.00593028196931,7.30652958505817,1,2
14,20,47,6.06523729701465,2.94708997847265,4.25743183076423,6.43741129348174,7.3417876214773,1,2
14,20,48,6.06523729701465,2.94708997847265,5.92449640903983,7.02699486765163,7.4608299495421,1,2
14,20,51,6.06523729701465,2.94708997847265,5.86633124713158,5.86295248707183,6.91673426869633,1,2
14,20,53,6.06523729701465,2.94708997847265,5.50087623031172,5.9832102285028,7.16514250502985,1,2
14,20,55,6.06523729701465,2.94708997847265,2.8997484347034,5.42210341977828,6.82675140465411,1,2
14,20,56,6.06523729701465,2.94708997847265,5.44076908394001,6.13507131126399,7.10289425600518,1,2
14,20,60,6.06523729701465,2.94708997847265,3.43064554059211,7.06791183526894,7.24571035301343,1,2
14,20,63,6.06523729701465,2.94708997847265,4.80400604740786,6.19466104589189,7.3839877093732,1,2
14,20,66,6.06523729701465,2.94708997847265,5.92607510349473,6.40677827087435,7.34545623920929,1,2
14,20,67,6.06523729701465,2.94708997847265,5.54590083301074,6.10641912753013,7.41224907093475,1,2
14,20,70,6.06523729701465,2.94708997847265,5.43400323568767,5.85238318732289,6.90857547114069,1,2
14,20,71,6.06523729701465,2.94708997847265,4.36975150823416,6.51949801760952,7.05347792573392,1,2
14,20,72,6.06523729701465,2.94708997847265,4.46545570375519,5.72111870121912,7.40208372891689,1,2
14,20,73,6.06523729701465,2.94708997847265,5.35418548086376,5.90081373300073,7.07030734407336,1,2
14,20,74,6.06523729701465,2.94708997847265,7.43496903924791,6.55317247977614,7.26145223814812,1,2
14,20,75,6.06523729701465,2.94708997847265,5.13200192491161,5.63107210597322,7.26657637907605,1,2
14,20,76,6.06523729701465,2.94708997847265,4.15403300206697,5.96809811209838,6.92027419140307,1,2
14,20,77,6.06523729701465,2.94708997847265,4.99113880069665,5.67780499451068,7.25693105759916,1,2
14,20,82,6.06523729701465,2.94708997847265,6.26974640915073,5.90144122905936,7.19020081780247,1,2
14,20,83,6.06523729701465,2.94708997847265,4.91852117167346,6.04636980875944,7.09097528963782,1,2
14,20,85,6.06523729701465,2.94708997847265,5.66510156897642,6.2482805325378,7.28443097747658,1,2
14,20,86,6.06523729701465,2.94708997847265,6.04712257277719,5.82205830199345,6.94511249956918,1,2
14,20,89,6.06523729701465,2.94708997847265,5.99536273064306,6.57176160801135,7.30966927237593,1,2
14,20,90,6.06523729701465,2.94708997847265,6.61831785672279,5.83039091896124,6.94996853530035,1,2
14,20,94,6.06523729701465,2.94708997847265,4.41866207901725,6.50300635694614,7.20599012958482,1,2
14,20,95,6.06523729701465,2.94708997847265,4.82251333169736,6.10657674896442,7.23086884835301,1,2
14,20,96,6.06523729701465,2.94708997847265,4.04351982636911,6.24227400877489,6.88905113151406,1,2
14,21,2,6.06523729701465,2.94708997847265,4.93827875146742,6.93426703205598,6.98243521004514,1,2
14,21,4,6.06523729701465,2.94708997847265,3.16558262164148,6.14395587655302,7.5187580020259,1,2
14,21,6,6.06523729701465,2.94708997847265,6.377850713928,5.61811406190661,7.0970254929999,1,2
14,21,7,6.06523729701465,2.94708997847265,5.56083274047841,6.24394740552062,7.26951326140128,1,2
14,21,8,6.06523729701465,2.94708997847265,4.26867459840828,6.27783215825241,7.43444852011306,1,2
14,21,9,6.06523729701465,2.94708997847265,6.15900113621809,5.87670490229637,7.15075272100801,1,2
14,21,10,6.06523729701465,2.94708997847265,4.01380892954227,6.23160652210429,6.97215802479639,1,2
14,21,12,6.06523729701465,2.94708997847265,5.03304097228942,5.72288595166285,7.2479550526277,1,2
14,21,13,6.06523729701465,2.94708997847265,4.15854654063071,4.93834619723731,6.57720476399337,1,2
14,21,14,6.06523729701465,2.94708997847265,5.60289146340273,5.8653108190699,7.32478981407396,1,2
14,21,18,6.06523729701465,2.94708997847265,4.69652421915488,5.68254989611816,7.17188044238707,1,2
14,21,21,6.06523729701465,2.94708997847265,6.37878445776839,6.39353273063965,7.36938387936197,1,2
14,21,24,6.06523729701465,2.94708997847265,6.83194238660195,5.83393359023134,7.18879631439233,1,2
14,21,25,6.06523729701465,2.94708997847265,5.53820268399265,6.26538732601645,7.09919653117732,1,2
14,21,26,6.06523729701465,2.94708997847265,5.02958036071742,5.88079518795035,6.75204092746067,1,2
14,21,28,6.06523729701465,2.94708997847265,4.03061822162479,5.13806235687676,7.03695527077776,1,2
14,21,29,6.06523729701465,2.94708997847265,4.44814768564337,6.05822494261537,7.25227724187917,1,2
14,21,33,6.06523729701465,2.94708997847265,4.08670544775826,5.67619019230962,7.20965264718099,1,2
14,21,34,6.06523729701465,2.94708997847265,4.58229356069187,6.04171768471555,7.28186079585349,1,2
14,21,36,6.06523729701465,2.94708997847265,5.11719486061829,5.74378980040881,7.20513012853585,1,2
14,21,37,6.06523729701465,2.94708997847265,5.28274939796046,6.27623727039314,7.41367453483063,1,2
14,21,39,6.06523729701465,2.94708997847265,4.68171851947125,5.75981260681617,7.10712573974885,1,2
14,21,40,6.06523729701465,2.94708997847265,6.10505804772166,6.60742348426849,7.47050929364988,1,2
14,21,41,6.06523729701465,2.94708997847265,4.27719897931553,5.64521553131946,6.95717746877358,1,2
14,21,43,6.06523729701465,2.94708997847265,5.34763746616829,6.4823838210778,7.44778307412273,1,2
14,21,48,6.06523729701465,2.94708997847265,4.90432632753563,6.02057779970459,7.04309855156032,1,2
14,21,50,6.06523729701465,2.94708997847265,3.56541229579179,5.87776797482858,7.3912739858519,1,2
14,21,53,6.06523729701465,2.94708997847265,5.5446180853946,5.973312420016,7.48295726914599,1,2
14,21,54,6.06523729701465,2.94708997847265,4.25270310111086,5.28043326517652,6.76623807126819,1,2
14,21,56,6.06523729701465,2.94708997847265,5.72936084990683,4.73715309256425,7.03043581544573,1,2
14,21,58,6.06523729701465,2.94708997847265,5.17751616797281,6.26364549122581,7.31544097168162,1,2
14,21,59,6.06523729701465,2.94708997847265,2.82005896331139,5.29943789092622,6.68551524161965,1,2
14,21,61,6.06523729701465,2.94708997847265,6.17226938935632,5.95191270751544,7.13231268782371,1,2
14,21,62,6.06523729701465,2.94708997847265,4.43779216835275,5.01389355535013,6.52609010415011,1,2
14,21,64,6.06523729701465,2.94708997847265,3.13239883443389,6.27625245048609,6.86972673160011,1,2
14,21,65,6.06523729701465,2.94708997847265,3.94840397296591,5.59282310430227,6.75391065821868,1,2
14,21,67,6.06523729701465,2.94708997847265,4.66781851107526,6.34622617916691,7.38616231805528,1,2
14,21,68,6.06523729701465,2.94708997847265,5.58074339167072,6.58651131024103,7.29108718950374,1,2
14,21,69,6.06523729701465,2.94708997847265,3.90300209066407,5.29385838485914,6.9711973406435,1,2
14,21,73,6.06523729701465,2.94708997847265,4.69826724079335,5.96931684920604,7.10551982337269,1,2
14,21,74,6.06523729701465,2.94708997847265,7.32257636254292,6.47788397209014,7.50821659692438,1,2
14,21,80,6.06523729701465,2.94708997847265,5.02546423859824,6.32446376192097,7.32246740640716,1,2
14,21,81,6.06523729701465,2.94708997847265,3.66822915446216,6.12288329074737,6.59933640925544,1,2
14,21,83,6.06523729701465,2.94708997847265,5.45526217810606,5.64025232596793,7.1045557919627,1,2
14,21,87,6.06523729701465,2.94708997847265,5.22000199143475,5.80436785645046,7.38496719968145,1,2
14,21,89,6.06523729701465,2.94708997847265,5.1420088305952,5.74905578825001,7.10499372683484,1,2
14,21,91,6.06523729701465,2.94708997847265,3.89748714293361,6.54130416620171,7.35057357387074,1,2
14,22,1,6.06523729701465,2.94708997847265,3.9299105484682,5.72130331502712,7.26439721184139,1,2
14,22,3,6.06523729701465,2.94708997847265,4.23765015560822,6.06758842371462,7.38856102010091,1,2
14,22,4,6.06523729701465,2.94708997847265,4.14135498371066,5.72660445008965,7.05484790337482,1,2
14,22,5,6.06523729701465,2.94708997847265,3.42131290417393,5.59758241512042,6.9400194808513,1,2
14,22,6,6.06523729701465,2.94708997847265,5.91465217355865,5.45842618089094,7.21694780026762,1,2
14,22,9,6.06523729701465,2.94708997847265,3.97236500529384,6.77683234051818,7.32120528355329,1,2
14,22,13,6.06523729701465,2.94708997847265,6.07963209001657,5.95798310521982,7.57165812674464,1,2
14,22,14,6.06523729701465,2.94708997847265,4.99414975823471,5.06944528292781,7.39227102477241,1,2
14,22,15,6.06523729701465,2.94708997847265,4.27434216030149,5.83484056134358,7.14034052561009,1,2
14,22,16,6.06523729701465,2.94708997847265,5.67660396063407,5.63237624068033,7.10510151187166,1,2
14,22,18,6.06523729701465,2.94708997847265,4.49101289275196,6.16286778766049,7.1568179041189,1,2
14,22,19,6.06523729701465,2.94708997847265,6.24878108221949,6.15004457390633,7.65201824729081,1,2
14,22,23,6.06523729701465,2.94708997847265,6.34099783041931,6.16025026900233,7.32834097403499,1,2
14,22,24,6.06523729701465,2.94708997847265,4.52117879278187,6.24514766617576,7.44113735798734,1,2
14,22,26,6.06523729701465,2.94708997847265,4.98750690249598,5.0337860613803,7.22573851793381,1,2
14,22,28,6.06523729701465,2.94708997847265,4.44251589437914,5.85752840205307,6.98701121866338,1,2
14,22,31,6.06523729701465,2.94708997847265,4.42937218813135,6.1124229509902,7.27074677726958,1,2
14,22,33,6.06523729701465,2.94708997847265,4.40262756265293,6.07004681317269,7.04790115963809,1,2
14,22,34,6.06523729701465,2.94708997847265,5.72723621607777,6.41612347232313,7.47255401148282,1,2
14,22,38,6.06523729701465,2.94708997847265,4.33325642147213,6.57180128965412,7.28645183494204,1,2
14,22,41,6.06523729701465,2.94708997847265,3.97224770812922,6.14300215403701,7.36060096090627,1,2
14,22,42,6.06523729701465,2.94708997847265,5.0654723540236,5.53932946027569,7.23506107823309,1,2
14,22,43,6.06523729701465,2.94708997847265,5.19161147739077,6.15615076463751,7.41725744375198,1,2
14,22,44,6.06523729701465,2.94708997847265,4.5186675577669,6.47557631697854,7.66213594175249,1,2
14,22,45,6.06523729701465,2.94708997847265,5.61571707361857,6.9522505442731,7.27838187738734,1,2
14,22,46,6.06523729701465,2.94708997847265,5.01656303567993,5.05330009771629,7.04907056384219,1,2
14,22,47,6.06523729701465,2.94708997847265,5.42369173755282,6.06530743715595,7.41870220729209,1,2
14,22,49,6.06523729701465,2.94708997847265,5.57389606611134,6.76925508112472,7.40959625207693,1,2
14,22,50,6.06523729701465,2.94708997847265,6.5756900914758,5.96206533165016,7.45400836518918,1,2
14,22,53,6.06523729701465,2.94708997847265,6.01930922823878,6.0784001515172,7.23365967269487,1,2
14,22,54,6.06523729701465,2.94708997847265,7.20540139904077,5.30649304923549,7.25888342654998,1,2
14,22,60,6.06523729701465,2.94708997847265,5.29679370571576,5.66133801692689,7.23813162945523,1,2
14,22,61,6.06523729701465,2.94708997847265,4.3999745967842,6.63845692842562,7.15127867045363,1,2
14,22,62,6.06523729701465,2.94708997847265,4.5550443712184,6.09677304917289,7.44291484628246,1,2
14,22,63,6.06523729701465,2.94708997847265,3.63105037494845,5.65437495709994,6.69396209332156,1,2
14,22,65,6.06523729701465,2.94708997847265,3.72061902112707,6.15095710602568,7.56335104399652,1,2
14,22,66,6.06523729701465,2.94708997847265,5.48562555097993,6.80169251671177,7.85737761847574,1,2
14,22,67,6.06523729701465,2.94708997847265,5.73973449666164,4.91941153683437,7.21483354397729,1,2
14,22,71,6.06523729701465,2.94708997847265,3.14965400636402,5.94974925608344,7.44017043423849,1,2
14,22,72,6.06523729701465,2.94708997847265,4.60045488944791,6.00356915030909,7.2674403334064,1,2
14,22,74,6.06523729701465,2.94708997847265,6.90950069206136,5.82406704890637,7.23505378051757,1,2
14,22,76,6.06523729701465,2.94708997847265,5.47043590235208,6.08610168159829,7.37420500344352,1,2
14,22,77,6.06523729701465,2.94708997847265,6.55952079423736,5.48926368450407,7.1335675327232,1,2
14,22,78,6.06523729701465,2.94708997847265,5.55195382915417,6.23261130198034,7.67205835249991,1,2
14,23,1,6.06523729701465,2.94708997847265,7.50555176869817,6.41025481882,7.47151680331533,1,2
14,23,3,6.06523729701465,2.94708997847265,4.46965173470453,5.49738476792959,7.40540554826906,1,2
14,23,6,6.06523729701465,2.94708997847265,4.79232634504569,6.28253160822627,7.5132926996159,1,2
14,23,9,6.06523729701465,2.94708997847265,5.62004745642787,6.77221944423056,7.5674777282581,1,2
14,23,13,6.06523729701465,2.94708997847265,2.79991124239669,6.11222919856435,7.71656249717417,1,2
14,23,14,6.06523729701465,2.94708997847265,5.13636869019194,6.01098214437009,7.34293154900989,1,2
14,23,15,6.06523729701465,2.94708997847265,6.22783802093392,5.70570267685195,7.68958441593679,1,2
14,23,16,6.06523729701465,2.94708997847265,4.71242943778144,5.9941530436131,7.947813245253,1,2
14,23,17,6.06523729701465,2.94708997847265,3.48258942687363,6.6242491757481,7.46834014388138,1,2
14,23,18,6.06523729701465,2.94708997847265,3.39388493169697,4.84336505529864,7.25144915880988,1,2
14,23,19,6.06523729701465,2.94708997847265,4.57656148111684,6.9112791236187,7.4130270605876,1,2
14,23,21,6.06523729701465,2.94708997847265,3.2259436802891,6.38427140899022,7.45079688719394,1,2
14,23,22,6.06523729701465,2.94708997847265,4.32943979190321,5.79299164532705,7.88827973133149,1,2
14,23,26,6.06523729701465,2.94708997847265,4.28280683085561,6.31438837262923,7.76539995697084,1,2
14,23,27,6.06523729701465,2.94708997847265,3.73449352014474,5.40130177081712,7.10129578393527,1,2
14,23,29,6.06523729701465,2.94708997847265,5.13066140851927,6.1029714494248,7.3222073546376,1,2
14,23,30,6.06523729701465,2.94708997847265,5.4735026391587,5.41931044382067,7.72157494413096,1,2
14,23,33,6.06523729701465,2.94708997847265,3.70163116921438,6.09249520772719,7.45032806003383,1,2
14,23,34,6.06523729701465,2.94708997847265,3.30689611756521,6.15054428773039,7.72577977567917,1,2
14,23,35,6.06523729701465,2.94708997847265,4.65184929356775,6.25988079674871,7.48323753933523,1,2
14,23,36,6.06523729701465,2.94708997847265,5.92129648724069,7.01563416877505,7.99237904417237,1,2
14,23,37,6.06523729701465,2.94708997847265,5.27592915038644,6.73548143496823,7.91597284197623,1,2
14,23,39,6.06523729701465,2.94708997847265,2.27925095075538,5.70157875549339,7.28759512629972,1,2
14,23,41,6.06523729701465,2.94708997847265,6.65537862080044,5.7903694297477,7.86375755803974,1,2
14,23,43,6.06523729701465,2.94708997847265,6.50599052289928,6.14898458653397,7.88369347397994,1,2
14,23,45,6.06523729701465,2.94708997847265,6.86657186485721,6.08884087484352,7.98429764616217,1,2
14,23,46,6.06523729701465,2.94708997847265,4.71761950226137,5.92981921374616,7.70147349956378,1,2
14,23,47,6.06523729701465,2.94708997847265,6.38970178675783,7.01631611185057,7.83161406228759,1,2
14,23,52,6.06523729701465,2.94708997847265,6.5092900892176,5.41489983733882,7.81647976443884,1,2
14,23,56,6.06523729701465,2.94708997847265,4.77577646531566,6.76575484516745,7.48799888992573,1,2
14,23,57,6.06523729701465,2.94708997847265,4.67093798211382,5.86677948907599,7.90334425953788,1,2
14,23,59,6.06523729701465,2.94708997847265,4.80481521147376,6.28975544023183,7.40464318295916,1,2
14,23,61,6.06523729701465,2.94708997847265,4.93425869244754,5.65721553117616,7.45785785521292,1,2
14,23,63,6.06523729701465,2.94708997847265,8.61398269567863,6.828790309938,7.86686862602064,1,2
14,23,64,6.06523729701465,2.94708997847265,5.73372506181015,5.98273807598086,7.5350068200345,1,2
14,23,66,6.06523729701465,2.94708997847265,4.85050903367579,5.6190002174048,7.4566548236077,1,2
14,23,69,6.06523729701465,2.94708997847265,5.33025895285616,6.30312638895568,7.67105011684411,1,2
14,23,71,6.06523729701465,2.94708997847265,2.59323622503343,5.98060668536328,7.10568163379397,1,2
14,23,72,6.06523729701465,2.94708997847265,5.72039217541904,6.10404009809313,7.41208656518869,1,2
14,23,73,6.06523729701465,2.94708997847265,6.15268365605921,5.6304150907313,7.37817432830416,1,2
14,23,79,6.06523729701465,2.94708997847265,5.31449925823218,6.54595480047245,7.68134924393534,1,2
14,23,80,6.06523729701465,2.94708997847265,5.79517280518914,5.73108276318199,7.75607189339073,1,2
14,23,82,6.06523729701465,2.94708997847265,5.06360654910269,6.20599187339243,7.39947284296121,1,2
14,23,83,6.06523729701465,2.94708997847265,4.84514624541163,6.26857304122621,7.36992159854514,1,2
14,23,84,6.06523729701465,2.94708997847265,5.49252537798108,5.96134670764052,7.6992793800932,1,2
14,23,85,6.06523729701465,2.94708997847265,4.27158969345758,5.92687466240742,7.63688177397138,1,2
14,23,87,6.06523729701465,2.94708997847265,5.99476706657584,5.80248104109053,7.46739721483509,1,2
14,24,1,6.06523729701465,2.94708997847265,6.34010829842481,6.12533113024811,8.01938060646278,1,2
14,24,2,6.06523729701465,2.94708997847265,3.39292203335911,6.01171369775406,7.39133118239008,1,2
14,24,3,6.06523729701465,2.94708997847265,6.26603451837848,6.62375837072092,7.8094134262924,1,2
14,24,4,6.06523729701465,2.94708997847265,3.08785416694079,6.17316111687064,7.87589416148529,1,2
14,24,7,6.06523729701465,2.94708997847265,5.08854128273168,5.88002708568678,7.70064686458394,1,2
14,24,8,6.06523729701465,2.94708997847265,4.04006287925676,5.8155003856761,7.90561006648223,1,2
14,24,10,6.06523729701465,2.94708997847265,4.66270045807483,5.96523614004551,7.68294982507361,1,2
14,24,11,6.06523729701465,2.94708997847265,6.29262588956007,5.50593180794687,7.78437871119535,1,2
14,24,13,6.06523729701465,2.94708997847265,4.80227070924563,5.93611811978763,7.82175642126253,1,2
14,24,15,6.06523729701465,2.94708997847265,4.31652198167276,5.99987336730401,7.62433388834719,1,2
14,24,16,6.06523729701465,2.94708997847265,4.2720650456796,5.80407026771398,7.21437697238292,1,2
14,24,17,6.06523729701465,2.94708997847265,5.71882948520999,6.79367721230233,8.0971615967773,1,2
14,24,19,6.06523729701465,2.94708997847265,6.80095276845972,6.33979758728131,7.65017840956791,1,2
14,24,22,6.06523729701465,2.94708997847265,6.05464792977159,6.07299299333076,7.74031221295771,1,2
14,24,23,6.06523729701465,2.94708997847265,4.81936599337839,5.9233163166818,7.514098706844,1,2
14,24,24,6.06523729701465,2.94708997847265,5.0609897666333,6.21880433547973,7.48517476598811,1,2
14,24,25,6.06523729701465,2.94708997847265,3.88900433661235,6.67674850427314,7.73971261850165,1,2
14,24,26,6.06523729701465,2.94708997847265,4.39964523884009,6.27776059905319,7.74274949883682,1,2
14,24,28,6.06523729701465,2.94708997847265,5.59769751181337,5.66891372848716,7.71818761133739,1,2
14,24,29,6.06523729701465,2.94708997847265,4.03504157569422,5.63668100723481,7.77938692887739,1,2
14,24,30,6.06523729701465,2.94708997847265,5.40610478639942,5.46445193842619,7.87063482507048,1,2
14,24,34,6.06523729701465,2.94708997847265,5.1826062878583,6.06849669851296,7.80828099213418,1,2
14,24,37,6.06523729701465,2.94708997847265,4.32784137753478,5.97446420339663,7.63458119689191,1,2
14,24,39,6.06523729701465,2.94708997847265,5.13581929822098,5.99229450222396,7.69221727340827,1,2
14,24,41,6.06523729701465,2.94708997847265,3.46104418542016,6.70048057850814,7.38365479252565,1,2
14,24,43,6.06523729701465,2.94708997847265,5.94219499374185,5.20659933384256,7.47171600868266,1,2
14,24,46,6.06523729701465,2.94708997847265,4.38630076664695,5.33826531412226,7.72888373223565,1,2
14,24,47,6.06523729701465,2.94708997847265,5.16109202762476,6.48642186690384,7.56924122483907,1,2
14,24,48,6.06523729701465,2.94708997847265,4.51016770957964,7.11722470603741,8.06531432360139,1,2
14,24,50,6.06523729701465,2.94708997847265,4.80761503575104,4.71580196155264,7.44448759236189,1,2
14,24,51,6.06523729701465,2.94708997847265,3.9207823369856,6.52126817126075,7.76100647100086,1,2
14,24,52,6.06523729701465,2.94708997847265,5.62976886800092,6.93117048266408,7.77108454741562,1,2
14,24,53,6.06523729701465,2.94708997847265,4.14160484712115,7.14827890203436,7.38272481800743,1,2
14,24,55,6.06523729701465,2.94708997847265,5.89189183694754,5.70497148652204,7.86813717484469,1,2
14,24,58,6.06523729701465,2.94708997847265,5.85520786085844,5.70185124873673,7.60000563538579,1,2
14,24,59,6.06523729701465,2.94708997847265,5.70102883382767,6.10520850602158,7.80379645294713,1,2
14,24,62,6.06523729701465,2.94708997847265,6.47748113728529,5.03670505874053,7.57018040584232,1,2
14,24,63,6.06523729701465,2.94708997847265,5.15033787773379,5.4973112503424,7.36789744768328,1,2
14,24,64,6.06523729701465,2.94708997847265,4.82874531846319,6.29962764592402,7.93978308683399,1,2
14,24,65,6.06523729701465,2.94708997847265,4.46913372668425,5.54108967839537,7.78220496274271,1,2
14,24,67,6.06523729701465,2.94708997847265,4.68181527763692,5.84818947978019,7.41775262839312,1,2
14,24,68,6.06523729701465,2.94708997847265,4.0606857032349,6.74459918093577,7.43241913256889,1,2
14,24,69,6.06523729701465,2.94708997847265,3.81783879335098,6.05975502407586,7.867752737548,1,2
14,24,71,6.06523729701465,2.94708997847265,4.02303015169638,5.84541509705763,7.86683981869625,1,2
14,24,75,6.06523729701465,2.94708997847265,7.11720335151204,6.21485842548942,8.092899425873,1,2
14,24,77,6.06523729701465,2.94708997847265,5.57644549734032,6.67906754951088,7.93603744247637,1,2
14,24,78,6.06523729701465,2.94708997847265,6.11079759668829,6.15458475253886,7.8097633848116,1,2
14,24,80,6.06523729701465,2.94708997847265,4.80234704578463,4.98602923776975,7.53512824838104,1,2
14,24,81,6.06523729701465,2.94708997847265,5.68360261527818,6.16340242713614,7.77024590391685,1,2
14,24,84,6.06523729701465,2.94708997847265,4.35638181271147,6.5015006300076,7.71850022740015,1,2
14,24,90,6.06523729701465,2.94708997847265,4.36579525676441,5.81169401386148,7.44605621491097,1,2
14,24,91,6.06523729701465,2.94708997847265,5.12882007526089,6.52404014923128,7.67193759108157,1,2
14,25,1,6.06523729701465,2.94708997847265,5.70405503013073,6.35674823411502,8.16606559749588,1,2
14,25,2,6.06523729701465,2.94708997847265,7.00447046739171,6.63381792839766,8.13666370511303,1,2
14,25,7,6.06523729701465,2.94708997847265,4.31398690277575,6.52139764578838,7.6393745360755,1,2
14,25,8,6.06523729701465,2.94708997847265,2.10243295054437,5.84200568450562,7.11212393096113,1,2
14,25,10,6.06523729701465,2.94708997847265,5.59343256286234,5.81011860714105,7.57976578801947,1,2
14,25,12,6.06523729701465,2.94708997847265,4.8883201597857,5.53123196163894,7.42775739265561,1,2
14,25,14,6.06523729701465,2.94708997847265,5.06024520381526,6.92422715425925,8.02468925137428,1,2
14,25,15,6.06523729701465,2.94708997847265,5.22615922391698,5.95873990378913,7.9390326065181,1,2
14,25,16,6.06523729701465,2.94708997847265,5.84730905422793,6.27729827422401,8.06067761273177,1,2
14,25,19,6.06523729701465,2.94708997847265,5.08865757758906,6.0168676196811,7.59800011001921,1,2
14,25,20,6.06523729701465,2.94708997847265,4.87918984705274,6.16379113817493,7.55139220486176,1,2
14,25,21,6.06523729701465,2.94708997847265,5.58515564870967,5.63279799852622,7.65855728464889,1,2
14,25,23,6.06523729701465,2.94708997847265,3.94055265038888,6.5086180813333,7.59053027969056,1,2
14,25,25,6.06523729701465,2.94708997847265,3.39129843672159,5.4841342486838,7.29604902477733,1,2
14,25,26,6.06523729701465,2.94708997847265,7.21191668995336,5.642396038539,7.51561089313212,1,2
14,25,29,6.06523729701465,2.94708997847265,5.27005366975505,5.27200984366278,7.94988141687091,1,2
14,25,30,6.06523729701465,2.94708997847265,5.93093388466212,7.29126270574451,8.14216346761475,1,2
14,25,32,6.06523729701465,2.94708997847265,6.32810404871334,6.52116748978372,7.97944052744749,1,2
14,25,33,6.06523729701465,2.94708997847265,5.48025234624421,6.23761538093151,8.10072674347102,1,2
14,25,35,6.06523729701465,2.94708997847265,4.87184197202648,6.06870076988417,7.90042617623642,1,2
14,25,37,6.06523729701465,2.94708997847265,6.01987442385861,6.4700465318974,8.24060770237194,1,2
14,25,38,6.06523729701465,2.94708997847265,5.82611466013848,5.34703256877091,7.67895878325872,1,2
14,25,41,6.06523729701465,2.94708997847265,4.20980421364464,5.90706073305776,7.68073868301356,1,2
14,25,42,6.06523729701465,2.94708997847265,5.54222617328277,4.72688151755778,7.52729018317589,1,2
14,25,43,6.06523729701465,2.94708997847265,6.31811074888993,6.05281246192192,7.99990021623479,1,2
14,25,44,6.06523729701465,2.94708997847265,4.63819026880204,5.76926305354911,7.73945985053669,1,2
14,25,45,6.06523729701465,2.94708997847265,4.50981424931103,6.5448962186944,7.70791337655325,1,2
14,25,47,6.06523729701465,2.94708997847265,4.48885148975472,5.79020108175857,7.68374996802145,1,2
14,25,49,6.06523729701465,2.94708997847265,3.80576353442179,5.57549827785113,7.58948973462627,1,2
14,25,50,6.06523729701465,2.94708997847265,4.43310744828511,5.11210768680557,7.64935164998075,1,2
14,25,52,6.06523729701465,2.94708997847265,5.45423118252727,5.66202123413847,7.9459797264394,1,2
14,25,53,6.06523729701465,2.94708997847265,6.63908264685904,6.82523524950929,7.93551289815601,1,2
14,25,54,6.06523729701465,2.94708997847265,3.56850718014148,6.14445257141924,7.85901446223507,1,2
14,25,56,6.06523729701465,2.94708997847265,3.96720944423698,6.44668622785806,7.86307010486186,1,2
14,25,57,6.06523729701465,2.94708997847265,5.21261637598119,6.61298861101968,7.86107826660843,1,2
14,25,59,6.06523729701465,2.94708997847265,4.50536890239275,6.37939313654826,7.61567929949464,1,2
14,25,62,6.06523729701465,2.94708997847265,6.22416150936944,6.41490898192679,7.77744293525435,1,2
14,26,3,6.06523729701465,2.94708997847265,4.14113832624299,5.96661639557348,7.85521493388795,1,2
14,26,6,6.06523729701465,2.94708997847265,6.08361327721752,6.10688193918352,7.75649099348056,1,2
14,26,8,6.06523729701465,2.94708997847265,5.59739951133945,6.43538706467518,8.02897709462296,1,2
14,26,11,6.06523729701465,2.94708997847265,4.27821249550225,6.24986007065493,7.76526537766112,1,2
14,26,12,6.06523729701465,2.94708997847265,6.27054720492821,5.13017460086452,7.94661744050163,1,2
14,26,14,6.06523729701465,2.94708997847265,5.16964915809669,6.67118565798782,8.17314740411173,1,2
14,26,15,6.06523729701465,2.94708997847265,4.65694385351238,5.32094418561955,8.03192818928521,1,2
14,26,16,6.06523729701465,2.94708997847265,5.54620408870295,5.23719845741259,7.87653109135034,1,2
14,26,17,6.06523729701465,2.94708997847265,6.61161272467201,6.40199207697572,8.37301486895806,1,2
14,26,18,6.06523729701465,2.94708997847265,3.83088858044275,6.29091162799768,7.77707893402983,1,2
14,26,19,6.06523729701465,2.94708997847265,5.98615234167841,6.42393027057796,7.81329554106214,1,2
14,26,23,6.06523729701465,2.94708997847265,5.20761190925057,6.13505922921112,7.81122720459794,1,2
14,26,27,6.06523729701465,2.94708997847265,5.45317064189749,6.65990290434397,7.91970542915591,1,2
14,26,28,6.06523729701465,2.94708997847265,5.14933673860735,6.27376618675323,8.00435018130266,1,2
14,26,30,6.06523729701465,2.94708997847265,5.58761294341843,6.12547702011519,8.05122976748538,1,2
14,26,31,6.06523729701465,2.94708997847265,6.08731732446079,5.16192154304425,7.90844134737656,1,2
14,26,32,6.06523729701465,2.94708997847265,5.56904019504469,6.0834505400267,7.15895732311885,1,2
14,26,33,6.06523729701465,2.94708997847265,4.865709510046,6.87826955716336,7.90224553979424,1,2
14,26,36,6.06523729701465,2.94708997847265,6.54096116552542,6.00859415415979,8.31984021617913,1,2
14,26,39,6.06523729701465,2.94708997847265,3.48186278747613,5.65562495672196,7.20949023582381,1,2
14,26,41,6.06523729701465,2.94708997847265,5.20964977784645,5.29578152956795,7.43139316092253,1,2
14,26,42,6.06523729701465,2.94708997847265,6.50742338595807,5.51579592905733,8.2676972751278,1,2
14,26,43,6.06523729701465,2.94708997847265,4.70544424019412,5.12601750006131,7.34021202370616,1,2
14,26,44,6.06523729701465,2.94708997847265,4.82564713919034,6.03612312725335,7.76821414433033,1,2
14,26,45,6.06523729701465,2.94708997847265,5.97565392788824,5.84590771422356,8.13635099766711,1,2
14,26,46,6.06523729701465,2.94708997847265,5.42612769389863,6.27151051413631,7.99535351574779,1,2
14,26,48,6.06523729701465,2.94708997847265,7.11032654426793,5.98199846294217,7.75496792256296,1,2
14,26,49,6.06523729701465,2.94708997847265,4.27813528924746,6.01173809334265,8.13023176868176,1,2
14,26,50,6.06523729701465,2.94708997847265,6.4842225059194,6.52493681465015,8.5739535653214,1,2
14,26,52,6.06523729701465,2.94708997847265,4.94410790962525,6.51044066568757,7.90502180836551,1,2
14,26,53,6.06523729701465,2.94708997847265,4.2795040721179,6.12726238696662,7.52368842905514,1,2
14,26,56,6.06523729701465,2.94708997847265,5.86016562921077,5.48293208862304,8.15415222497302,1,2
14,26,61,6.06523729701465,2.94708997847265,5.23098515872964,5.56960489256987,7.1876850782046,1,2
14,26,62,6.06523729701465,2.94708997847265,5.80654034532629,6.93316476089708,8.25641522089332,1,2
14,26,66,6.06523729701465,2.94708997847265,5.00972360274907,5.53830286583662,8.06960761363429,1,2
14,27,3,6.06523729701465,2.94708997847265,5.7555980152808,6.47626548328257,7.9157256097078,1,2
14,27,4,6.06523729701465,2.94708997847265,3.58756368450928,6.26584595653269,7.93961324141149,1,2
14,27,5,6.06523729701465,2.94708997847265,4.39485727153416,6.84757112143732,8.10487185285607,1,2
14,27,6,6.06523729701465,2.94708997847265,3.40774940022565,6.37043188190323,7.85804305891304,1,2
14,27,7,6.06523729701465,2.94708997847265,4.39823278113399,6.24038461618565,7.58784451849093,1,2
14,27,9,6.06523729701465,2.94708997847265,5.98646603265534,5.64799488110353,7.99669821880255,1,2
14,27,10,6.06523729701465,2.94708997847265,4.21181407293393,6.49875236369436,7.82687028014946,1,2
14,27,11,6.06523729701465,2.94708997847265,5.50571278411926,6.06531707106953,8.10482454001431,1,2
14,27,12,6.06523729701465,2.94708997847265,5.31220772669904,5.94728313747614,8.06058711337994,1,2
14,27,13,6.06523729701465,2.94708997847265,4.26353399242616,5.96871032305453,8.0014594287418,1,2
14,27,16,6.06523729701465,2.94708997847265,3.66825240767881,6.83034812896966,8.02945221250511,1,2
14,27,17,6.06523729701465,2.94708997847265,5.18938254047958,5.88811739509342,7.58527327232449,1,2
14,27,18,6.06523729701465,2.94708997847265,5.03045922003837,6.73794313099861,8.21083145232979,1,2
14,27,19,6.06523729701465,2.94708997847265,5.73959816168747,5.73019084309389,7.50672155976154,1,2
14,27,20,6.06523729701465,2.94708997847265,4.13244075885787,5.70602419939993,7.87389701254541,1,2
14,27,21,6.06523729701465,2.94708997847265,6.39297847746355,6.95778058810609,8.11850183547091,1,2
14,27,23,6.06523729701465,2.94708997847265,3.55473833990692,5.68021753595852,7.50428100369046,1,2
14,27,24,6.06523729701465,2.94708997847265,5.19757739216911,6.97704413912126,8.31161861353451,1,2
14,27,25,6.06523729701465,2.94708997847265,5.18694483035651,6.29043441695095,8.27867896879615,1,2
14,27,28,6.06523729701465,2.94708997847265,4.59776965622611,6.99713683974391,8.38409220201156,1,2
14,27,34,6.06523729701465,2.94708997847265,3.38060865409251,5.46286661999162,8.11646062625428,1,2
14,27,35,6.06523729701465,2.94708997847265,4.55147576508681,6.17143855232813,7.8400937486726,1,2
14,27,36,6.06523729701465,2.94708997847265,4.37800078727186,5.61619856525945,8.03046678940063,1,2
14,27,41,6.06523729701465,2.94708997847265,7.57197508879061,6.13339243395514,8.49768381649407,1,2
14,27,42,6.06523729701465,2.94708997847265,4.55090163452379,6.0236273670829,8.03232246338,1,2
14,27,44,6.06523729701465,2.94708997847265,5.78723327857684,5.38003138681196,7.66382769493479,1,2
14,27,49,6.06523729701465,2.94708997847265,5.95848545787754,6.26751400431124,8.34621632179404,1,2
14,27,50,6.06523729701465,2.94708997847265,4.92657285251325,7.11250249602047,8.32277786319309,1,2
14,27,56,6.06523729701465,2.94708997847265,4.98431343470102,6.71314917505286,7.80814201012636,1,2
14,27,59,6.06523729701465,2.94708997847265,4.78827529310329,6.09780405699435,8.00805296862138,1,2
14,27,60,6.06523729701465,2.94708997847265,4.85686595024451,6.16304131806963,7.74024343559101,1,2
14,27,63,6.06523729701465,2.94708997847265,5.6701320432971,6.45381030645907,7.87928752347927,1,2
14,27,64,6.06523729701465,2.94708997847265,4.62061651820143,6.49062456913714,7.96421786534284,1,2
14,27,65,6.06523729701465,2.94708997847265,5.18550912218994,6.60088217842328,7.93762798376371,1,2
14,27,66,6.06523729701465,2.94708997847265,5.90254252848544,6.19070563528012,8.41574575661008,1,2
14,27,70,6.06523729701465,2.94708997847265,4.41475249000656,7.0207374617911,7.84424651610381,1,2
14,27,72,6.06523729701465,2.94708997847265,6.16840369750819,6.38723431882853,8.34729205758773,1,2
14,27,73,6.06523729701465,2.94708997847265,5.24559915996231,6.15134116827094,8.18092193331397,1,2
14,27,74,6.06523729701465,2.94708997847265,4.17343830366448,5.83286153028882,7.75852141723978,1,2
14,27,81,6.06523729701465,2.94708997847265,3.05996435316211,5.50879852160303,7.52386892715019,1,2
14,28,1,6.06523729701465,2.94708997847265,5.81375910370435,6.22187283178271,7.80193918276454,1,2
14,28,3,6.06523729701465,2.94708997847265,3.89389058940121,5.8741699005917,7.69730771599055,1,2
14,28,5,6.06523729701465,2.94708997847265,5.22818496280705,7.01278361598647,7.83590022306936,1,2
14,28,6,6.06523729701465,2.94708997847265,4.43081048833735,4.75219307470596,7.21297448614896,1,2
14,28,8,6.06523729701465,2.94708997847265,3.65911203251091,6.20749118112437,8.26686771819347,1,2
14,28,11,6.06523729701465,2.94708997847265,5.33476992614701,5.67250266105503,7.97623766992317,1,2
14,28,12,6.06523729701465,2.94708997847265,3.58203448551829,6.05027398808615,8.06661104187598,1,2
14,28,20,6.06523729701465,2.94708997847265,5.63710049140935,5.58036494232305,7.79485908481629,1,2
14,28,21,6.06523729701465,2.94708997847265,5.57453487773887,6.87984326747233,8.30301312222137,1,2
14,28,22,6.06523729701465,2.94708997847265,5.02158456711468,6.41996522978056,8.50866072421638,1,2
14,28,23,6.06523729701465,2.94708997847265,6.96355362310945,6.37589106976275,8.04519636003798,1,2
14,28,27,6.06523729701465,2.94708997847265,5.32515898862476,5.96653841639363,8.05751430295552,1,2
14,28,29,6.06523729701465,2.94708997847265,2.92550246679065,5.80962969159847,7.51560649387078,1,2
14,28,35,6.06523729701465,2.94708997847265,5.81215290074192,6.40607087251914,7.92440865167248,1,2
14,28,36,6.06523729701465,2.94708997847265,2.43666254413165,5.78550928979467,7.41582719914326,1,2
14,28,37,6.06523729701465,2.94708997847265,5.95865992173784,5.64686333697621,8.06467544624279,1,2
14,28,38,6.06523729701465,2.94708997847265,3.01006960068198,5.69962565901126,7.964821239158,1,2
14,28,40,6.06523729701465,2.94708997847265,5.56276464170558,6.74766213103672,8.00068200477356,1,2
14,28,44,6.06523729701465,2.94708997847265,6.81182803179469,5.61365396387375,7.75725358327099,1,2
14,28,45,6.06523729701465,2.94708997847265,4.69695817778128,6.42885227624295,7.87866733144499,1,2
14,28,50,6.06523729701465,2.94708997847265,3.69092278909719,5.28117160652973,8.13482808794255,1,2
14,28,52,6.06523729701465,2.94708997847265,6.3805494523504,5.54416120980767,8.22587955679147,1,2
14,28,57,6.06523729701465,2.94708997847265,3.34163630570618,5.39756157717143,7.58242365707776,1,2
14,28,59,6.06523729701465,2.94708997847265,5.75188757860535,5.95763106452258,8.26673991204434,1,2
14,28,61,6.06523729701465,2.94708997847265,5.54843634203254,6.07531077226651,7.87470847097119,1,2
14,28,62,6.06523729701465,2.94708997847265,4.99295005714209,6.15311096823572,8.02662456710612,1,2
14,28,63,6.06523729701465,2.94708997847265,5.05010325017765,6.83540333599301,8.51700114831522,1,2
14,28,67,6.06523729701465,2.94708997847265,5.71886089849557,5.99538820263977,7.74496734221216,1,2
14,28,68,6.06523729701465,2.94708997847265,3.48959968132496,5.66542759231217,7.64517678461971,1,2
14,28,69,6.06523729701465,2.94708997847265,3.29983608661566,6.18988697302929,7.60026984540815,1,2
14,28,72,6.06523729701465,2.94708997847265,4.13284293148731,6.24567048602576,7.66761758582531,1,2
14,28,73,6.06523729701465,2.94708997847265,4.94442656641541,6.51204998452524,7.84352002026158,1,2
14,28,74,6.06523729701465,2.94708997847265,4.81348005018487,6.49803033154977,8.14564016107469,1,2
14,28,75,6.06523729701465,2.94708997847265,5.50569130857145,6.10954794620658,8.3100243357287,1,2
14,28,77,6.06523729701465,2.94708997847265,5.59058241934464,6.00061586180873,7.56566490776026,1,2
14,28,78,6.06523729701465,2.94708997847265,7.31647188292292,6.60550712548981,7.95664658345511,1,2
14,28,79,6.06523729701465,2.94708997847265,5.86173820581448,6.17129543621392,7.42062224389463,1,2
14,28,83,6.06523729701465,2.94708997847265,4.68576652561244,5.51696881863123,7.92551932937176,1,2
14,28,85,6.06523729701465,2.94708997847265,4.90057342282251,5.88541067718271,7.52538773955903,1,2
14,28,86,6.06523729701465,2.94708997847265,5.37877607499405,5.76837696115961,7.76527811455899,1,2
14,28,92,6.06523729701465,2.94708997847265,5.12047503489656,6.37367366523501,8.04515151332063,1,2
14,28,95,6.06523729701465,2.94708997847265,5.63997308601225,6.03022837590209,7.45159715321889,1,2
14,29,2,6.06523729701465,2.94708997847265,7.00021448633581,5.26151579841397,7.94348542465506,1,2
14,29,3,6.06523729701465,2.94708997847265,5.08851021569325,6.57785842352408,8.13880349687031,1,2
14,29,6,6.06523729701465,2.94708997847265,5.24685973891636,5.62991157282142,8.0494421854414,1,2
14,29,7,6.06523729701465,2.94708997847265,3.97322421755717,7.29694076364119,8.06388184071697,1,2
14,29,8,6.06523729701465,2.94708997847265,5.68836181913577,6.24013676703502,8.27900112199098,1,2
14,29,9,6.06523729701465,2.94708997847265,4.40821851646176,5.51299386782485,8.34072519780629,1,2
14,29,12,6.06523729701465,2.94708997847265,4.436892593718,6.36720825674455,7.99640115777221,1,2
14,29,13,6.06523729701465,2.94708997847265,4.6674439852447,6.76095342719419,7.90269964714167,1,2
14,29,14,6.06523729701465,2.94708997847265,6.50961413239848,5.70829595265417,8.26084913897312,1,2
14,29,16,6.06523729701465,2.94708997847265,5.77806684130949,5.54364945583076,8.24782927536422,1,2
14,29,17,6.06523729701465,2.94708997847265,3.15204292946376,5.51246962775518,7.92813643647712,1,2
14,29,19,6.06523729701465,2.94708997847265,3.28479636444737,5.87391971174807,7.76884354607927,1,2
14,29,21,6.06523729701465,2.94708997847265,3.11306184487103,6.47452665674921,8.07489453451149,1,2
14,29,27,6.06523729701465,2.94708997847265,4.99801281167731,6.44457287389778,8.11280218773339,1,2
14,29,28,6.06523729701465,2.94708997847265,3.32903084080152,6.17798414780818,8.03293633387697,1,2
14,29,31,6.06523729701465,2.94708997847265,3.80202884941205,6.20476221324158,8.16968105028233,1,2
14,29,32,6.06523729701465,2.94708997847265,3.98725429606662,5.90330353608808,8.12695211420926,1,2
14,29,34,6.06523729701465,2.94708997847265,4.28807537124767,5.61897713520615,8.08064529104042,1,2
14,29,35,6.06523729701465,2.94708997847265,4.33004487280971,5.19584290328049,7.75326696498514,1,2
14,29,37,6.06523729701465,2.94708997847265,4.76586058739392,5.61879325048242,7.71993955979174,1,2
14,29,41,6.06523729701465,2.94708997847265,6.06185753945283,6.64741839354666,8.12597084829619,1,2
14,29,45,6.06523729701465,2.94708997847265,7.12351986970405,5.69126212552066,8.41591678466209,1,2
14,29,60,6.06523729701465,2.94708997847265,4.32519790717111,6.65019986942153,8.0238417128286,1,2
14,29,61,6.06523729701465,2.94708997847265,4.09694322539955,6.84458797422792,8.15071445460803,1,2
14,29,62,6.06523729701465,2.94708997847265,4.1734790860088,4.76665969151676,7.83730029806572,1,2
14,29,64,6.06523729701465,2.94708997847265,4.58568571384748,5.5709228126869,7.84438800682581,1,2
14,29,66,6.06523729701465,2.94708997847265,4.01273320883507,6.44357783797224,8.33075341527901,1,2
14,29,68,6.06523729701465,2.94708997847265,2.41744405408842,6.07583439357138,7.63517397780365,1,2
14,29,70,6.06523729701465,2.94708997847265,7.14482035154958,5.13506715518831,7.82456841374213,1,2
14,29,71,6.06523729701465,2.94708997847265,5.07781727770696,5.72685325865188,7.7920617675212,1,2
14,29,74,6.06523729701465,2.94708997847265,3.40014758052442,6.34787436939152,8.40236774574311,1,2
14,30,2,6.06523729701465,2.94708997847265,2.58470088692029,5.0577001575942,7.37980564675155,1,2
14,30,7,6.06523729701465,2.94708997847265,6.51651802953251,5.99407711638554,8.5482045479057,1,2
14,30,8,6.06523729701465,2.94708997847265,3.76665751703673,6.23968074064705,8.13801344154505,1,2
14,30,9,6.06523729701465,2.94708997847265,6.50114745387277,5.88207871785206,8.30481470311038,1,2
14,30,10,6.06523729701465,2.94708997847265,4.27211159263372,7.13329139469228,7.99282956332366,1,2
14,30,14,6.06523729701465,2.94708997847265,3.90195980954178,5.35831391897173,7.56624703730369,1,2
14,30,16,6.06523729701465,2.94708997847265,5.49955197126248,6.45595388622639,7.73133307367882,1,2
14,30,17,6.06523729701465,2.94708997847265,6.49149949967036,6.21856777609658,8.30971688640279,1,2
14,30,24,6.06523729701465,2.94708997847265,5.36773858780288,7.09164873601225,8.30152064333396,1,2
14,30,25,6.06523729701465,2.94708997847265,3.4514092054651,6.2903813757676,7.82677360553812,1,2
14,30,27,6.06523729701465,2.94708997847265,4.59967465261485,6.27246418683478,8.12470707621211,1,2
14,30,33,6.06523729701465,2.94708997847265,4.41337404824945,6.56462710182413,8.07179212222158,1,2
14,30,35,6.06523729701465,2.94708997847265,4.80153366069527,5.88470096981439,8.10902287715074,1,2
14,30,36,6.06523729701465,2.94708997847265,5.17926740053157,5.69382107307566,8.2517061974407,1,2
14,30,37,6.06523729701465,2.94708997847265,3.83721612326919,6.05059089287758,8.20190147352315,1,2
14,30,38,6.06523729701465,2.94708997847265,4.71991569665141,5.63199029701047,7.47025633720576,1,2
14,30,42,6.06523729701465,2.94708997847265,6.36745766751072,6.28154925000393,8.51070023389246,1,2
14,30,43,6.06523729701465,2.94708997847265,6.18965333170809,6.18632456233563,7.81691459855155,1,2
14,30,46,6.06523729701465,2.94708997847265,6.32360828627412,6.32181843440036,8.15725332071686,1,2
14,30,50,6.06523729701465,2.94708997847265,6.91008780185698,6.2042488157133,7.90600590720029,1,2
14,30,53,6.06523729701465,2.94708997847265,3.03711900794657,5.73465961421774,7.57745431695418,1,2
14,30,54,6.06523729701465,2.94708997847265,4.32575288914432,5.91281556327475,8.37526109252507,1,2
14,30,55,6.06523729701465,2.94708997847265,3.6135233063378,6.16980144024538,7.71791930472495,1,2
14,30,57,6.06523729701465,2.94708997847265,5.8149793788267,5.65246440977024,8.10401169377701,1,2
14,30,58,6.06523729701465,2.94708997847265,3.99994401525304,5.55138836128234,7.90409809361628,1,2
14,30,59,6.06523729701465,2.94708997847265,4.10784430993837,6.05830562570948,7.74345127347872,1,2
14,30,62,6.06523729701465,2.94708997847265,4.34107114942898,4.85557120651176,7.42763379569044,1,2
14,30,63,6.06523729701465,2.94708997847265,5.81151890390285,5.54896775047638,8.3166872632473,1,2
14,30,65,6.06523729701465,2.94708997847265,5.04438074441541,6.51829006961135,8.15173693442205,1,2
14,30,68,6.06523729701465,2.94708997847265,4.83201677264429,5.85162903665697,7.89419728946947,1,2
14,30,70,6.06523729701465,2.94708997847265,5.4112256008036,6.87556471903664,8.38193984777088,1,2
14,30,72,6.06523729701465,2.94708997847265,5.22896715900035,6.7462730379402,8.29884061054447,1,2
14,30,73,6.06523729701465,2.94708997847265,3.46899416648689,5.20650155050204,7.60515487153427,1,2
14,30,74,6.06523729701465,2.94708997847265,3.75501702632247,5.61544357277012,7.76476069873218,1,2
14,30,76,6.06523729701465,2.94708997847265,4.79922176712126,5.83856708279137,8.0623097590813,1,2
14,30,77,6.06523729701465,2.94708997847265,4.68172345140779,5.16724233463331,7.97117948492582,1,2
14,31,2,6.06523729701465,2.94708997847265,5.7573940798429,5.69539256401114,8.14718027671048,1,2
14,31,3,6.06523729701465,2.94708997847265,4.97473721076129,5.00219035095071,7.91489946520986,1,2
14,31,10,6.06523729701465,2.94708997847265,3.56362659636763,5.59082347714262,7.60284990890374,1,2
14,31,14,6.06523729701465,2.94708997847265,5.75229951388969,5.79637707642813,7.76481764355405,1,2
14,31,17,6.06523729701465,2.94708997847265,6.0080061500472,6.77386253872636,8.02968847568963,1,2
14,31,18,6.06523729701465,2.94708997847265,3.51504204043707,5.97314903493232,7.50540494703522,1,2
14,31,19,6.06523729701465,2.94708997847265,7.14659148490436,5.50607957986419,7.70733038650788,1,2
14,31,21,6.06523729701465,2.94708997847265,5.62012444834565,5.83148131586572,8.37171527480485,1,2
14,31,23,6.06523729701465,2.94708997847265,4.46907993896289,6.05022947033474,7.88492402929402,1,2
14,31,24,6.06523729701465,2.94708997847265,5.16813260972554,5.54440589297339,7.70952871546962,1,2
14,31,25,6.06523729701465,2.94708997847265,6.1027286396788,5.73543105026051,7.92458065601224,1,2
14,31,26,6.06523729701465,2.94708997847265,6.07663366251425,5.56467246283282,7.88402160595776,1,2
14,31,27,6.06523729701465,2.94708997847265,5.5920798173357,6.49227398600217,7.75348995540585,1,2
14,31,28,6.06523729701465,2.94708997847265,5.08411109931009,5.72200365027845,8.07294044140345,1,2
14,31,30,6.06523729701465,2.94708997847265,5.25554745132193,6.25590238796738,8.0740693283893,1,2
14,31,33,6.06523729701465,2.94708997847265,4.1159566355116,5.56863073777144,7.79807624714107,1,2
14,31,34,6.06523729701465,2.94708997847265,5.22865083044705,6.65013225604471,7.84801612151284,1,2
14,31,35,6.06523729701465,2.94708997847265,6.35893922728302,5.10246017835642,7.76921858357566,1,2
14,31,36,6.06523729701465,2.94708997847265,5.07764753714756,6.69889066810316,8.21672141479254,1,2
14,31,39,6.06523729701465,2.94708997847265,3.48989246568032,5.75497406212095,7.82796933490613,1,2
14,31,41,6.06523729701465,2.94708997847265,4.08133326100515,5.9350085586679,7.55626634811457,1,2
14,31,42,6.06523729701465,2.94708997847265,4.44923391400774,5.70720701656008,7.90024657569927,1,2
14,31,46,6.06523729701465,2.94708997847265,4.97018907493657,6.95629835606864,8.33009958164319,1,2
14,31,47,6.06523729701465,2.94708997847265,4.1814148245852,5.56862055124881,8.23470225582846,1,2
14,31,48,6.06523729701465,2.94708997847265,4.11302029216011,6.27629833321315,8.1146009822437,1,2
14,31,52,6.06523729701465,2.94708997847265,5.49791068872108,6.0525598547274,8.09325605221352,1,2
14,31,53,6.06523729701465,2.94708997847265,4.86745415592893,5.40771970111212,7.99609250228311,1,2
14,31,54,6.06523729701465,2.94708997847265,5.85365515424568,5.8521506002122,7.95792100596189,1,2
14,31,58,6.06523729701465,2.94708997847265,4.96979754941602,5.82557071369872,7.88541926706848,1,2
14,31,60,6.06523729701465,2.94708997847265,4.48542879967548,5.29631788934648,8.09411796516769,1,2
14,31,61,6.06523729701465,2.94708997847265,5.49270228397758,5.5607300006865,7.82682200471353,1,2
14,31,63,6.06523729701465,2.94708997847265,6.14059865891178,5.2908835584988,8.07233992225614,1,2
14,32,3,6.06523729701465,2.94708997847265,4.8165363662513,4.85481942051469,8.14098171477668,1,2
14,32,4,6.06523729701465,2.94708997847265,5.25100684402471,5.53396294498417,7.97440960246787,1,2
14,32,6,6.06523729701465,2.94708997847265,3.01721040922957,5.92094463005788,8.1763663819425,1,2
14,32,7,6.06523729701465,2.94708997847265,6.00020913830089,5.36908411035428,8.31458004588606,1,2
14,32,9,6.06523729701465,2.94708997847265,5.05638028737065,5.7696752725367,8.02172275830174,1,2
14,32,10,6.06523729701465,2.94708997847265,4.50415469276357,5.37031731554364,8.39866512616486,1,2
14,32,11,6.06523729701465,2.94708997847265,6.05078802945613,6.48884503925472,8.30248786275705,1,2
14,32,12,6.06523729701465,2.94708997847265,5.10259051493448,5.56318999282597,8.31637836950675,1,2
14,32,13,6.06523729701465,2.94708997847265,4.73613615945324,5.82616924763042,8.37917038124232,1,2
14,32,15,6.06523729701465,2.94708997847265,5.19034507652276,6.15405390720695,8.61082942086074,1,2
14,32,17,6.06523729701465,2.94708997847265,3.48598905153667,5.02955038421596,8.05770066487052,1,2
14,32,18,6.06523729701465,2.94708997847265,3.91261826861301,6.91727628806395,8.03651696865891,1,2
14,32,21,6.06523729701465,2.94708997847265,4.98035447271675,5.77756858062458,8.0764766795431,1,2
14,32,23,6.06523729701465,2.94708997847265,5.91090205655293,6.5085147707567,8.4033112857623,1,2
14,32,24,6.06523729701465,2.94708997847265,5.21756912186466,5.95008988154403,8.56139715825965,1,2
14,32,26,6.06523729701465,2.94708997847265,4.97910677053107,5.05360959704446,7.72766884608925,1,2
14,32,29,6.06523729701465,2.94708997847265,5.58605049556184,6.28693704141856,8.21278462813963,1,2
14,32,30,6.06523729701465,2.94708997847265,6.17444614264417,6.39639651492124,8.35475474435433,1,2
14,32,32,6.06523729701465,2.94708997847265,3.32799428020859,6.34211966045759,7.730505436067,1,2
14,32,33,6.06523729701465,2.94708997847265,5.1767893525489,6.14018725164438,8.0116413927076,1,2
14,32,36,6.06523729701465,2.94708997847265,3.80278088965708,6.07954148932778,8.39223101234777,1,2
14,32,37,6.06523729701465,2.94708997847265,5.62688867216104,6.00442951448139,8.33813739192497,1,2
14,32,39,6.06523729701465,2.94708997847265,5.57208790615096,6.2914152008214,8.14726023554603,1,2
14,32,42,6.06523729701465,2.94708997847265,3.67577729260571,6.26199963521018,7.91697774388238,1,2
14,32,44,6.06523729701465,2.94708997847265,5.60537914615251,5.59546583857906,8.69695985719513,1,2
14,32,45,6.06523729701465,2.94708997847265,2.5324131487431,6.22735432760199,8.32232142990923,1,2
14,32,46,6.06523729701465,2.94708997847265,5.64524901802255,6.74478722354785,7.90602097294603,1,2
14,32,50,6.06523729701465,2.94708997847265,3.05073653240633,6.56548953634994,7.91478055788295,1,2
14,32,51,6.06523729701465,2.94708997847265,7.31274615304777,6.29022996366573,8.83789871702087,1,2
14,32,53,6.06523729701465,2.94708997847265,3.90393153910123,5.18097357438451,8.4388981234666,1,2
14,32,54,6.06523729701465,2.94708997847265,3.74475527833208,4.69705658368572,8.10282457359361,1,2
14,32,55,6.06523729701465,2.94708997847265,4.68281529367641,4.74334843286605,8.43335333187312,1,2
14,32,56,6.06523729701465,2.94708997847265,3.90228511792164,5.80889003127875,7.97774900526352,1,2
14,32,57,6.06523729701465,2.94708997847265,1.77068454673101,6.62425750892072,8.08600681572179,1,2
14,32,58,6.06523729701465,2.94708997847265,6.29908337715894,6.55985208135928,8.13505934835832,1,2
14,32,62,6.06523729701465,2.94708997847265,4.42337967770958,6.76772953364349,8.67970517665792,1,2
14,32,63,6.06523729701465,2.94708997847265,2.39414197211309,7.03022113412763,7.79610537211454,1,2
14,32,64,6.06523729701465,2.94708997847265,5.79498653032177,5.47587031696133,7.96515709455427,1,2
14,32,69,6.06523729701465,2.94708997847265,3.59325509878109,6.59898113037691,8.4144522192877,1,2
14,32,70,6.06523729701465,2.94708997847265,4.65537880686892,5.71471385616145,8.18531463249986,1,2
14,32,73,6.06523729701465,2.94708997847265,3.69455745140168,6.64095482673021,8.26689571663276,1,2
14,32,75,6.06523729701465,2.94708997847265,3.7291228386262,5.87912908848352,8.20999310950803,1,2
14,32,76,6.06523729701465,2.94708997847265,4.74599041151351,6.03079542945343,8.42248534573609,1,2
14,33,2,6.06523729701465,2.94708997847265,4.54764122692294,6.07763314708314,8.50593052008182,1,2
14,33,4,6.06523729701465,2.94708997847265,3.816445829641,6.39138896374341,8.65374151778271,1,2
14,33,5,6.06523729701465,2.94708997847265,4.09010369956119,5.27637763965748,7.67897664728305,1,2
14,33,6,6.06523729701465,2.94708997847265,4.92624308191871,5.26796375155599,8.10139072886476,1,2
14,33,7,6.06523729701465,2.94708997847265,4.49955174387217,5.28133690790973,7.97409586510168,1,2
14,33,8,6.06523729701465,2.94708997847265,3.79102578642097,6.179274693379,8.02110163014759,1,2
14,33,10,6.06523729701465,2.94708997847265,5.5507154955565,6.06500400020569,8.1502072434402,1,2
14,33,16,6.06523729701465,2.94708997847265,4.31388198959091,6.83243356715828,7.76223588664769,1,2
14,33,17,6.06523729701465,2.94708997847265,6.21797898887196,5.72195707003473,8.57105707538161,1,2
14,33,18,6.06523729701465,2.94708997847265,3.01780087935512,6.03686121808984,7.95606407928727,1,2
14,33,19,6.06523729701465,2.94708997847265,4.55623976118452,6.00113883538499,8.68084547151672,1,2
14,33,21,6.06523729701465,2.94708997847265,6.62124496502193,6.64730305048324,8.58001991460266,1,2
14,33,23,6.06523729701465,2.94708997847265,6.86093595505063,6.20805736248539,8.59041926951629,1,2
14,33,29,6.06523729701465,2.94708997847265,7.09501191329943,5.35433308999409,8.6572767911241,1,2
14,33,30,6.06523729701465,2.94708997847265,4.23005907918559,6.22284488841053,7.74945142067247,1,2
14,33,32,6.06523729701465,2.94708997847265,4.55606537452288,5.98551610943589,8.28293233048914,1,2
14,33,35,6.06523729701465,2.94708997847265,6.60117583402752,6.28260576704173,7.86969234968553,1,2
14,33,36,6.06523729701465,2.94708997847265,5.17673208871442,6.09638144993836,8.58755208127651,1,2
14,33,38,6.06523729701465,2.94708997847265,5.40569240973462,6.57309372523719,8.14465103555614,1,2
14,33,40,6.06523729701465,2.94708997847265,6.16412488244329,6.06909990050814,8.67897439823585,1,2
14,33,41,6.06523729701465,2.94708997847265,5.79433524026315,5.96567576292324,8.51585837930479,1,2
14,33,45,6.06523729701465,2.94708997847265,4.91871993881682,6.77807223807125,8.58348841711078,1,2
14,33,46,6.06523729701465,2.94708997847265,5.29696540420176,6.24061868709914,8.06060015490862,1,2
14,33,51,6.06523729701465,2.94708997847265,4.53498607943934,6.25283388824559,8.06808482505104,1,2
14,33,52,6.06523729701465,2.94708997847265,5.51794593322288,6.31673467634391,8.46407461607291,1,2
14,33,56,6.06523729701465,2.94708997847265,2.83681393434795,5.38039593501497,7.91866161177855,1,2
14,33,58,6.06523729701465,2.94708997847265,4.28568995381945,5.61586502124572,8.1249872832726,1,2
14,33,59,6.06523729701465,2.94708997847265,5.38684218922766,5.77138527142657,8.23991974906263,1,2
14,33,60,6.06523729701465,2.94708997847265,5.27254640810272,5.61286714976797,7.89814253740355,1,2
14,33,62,6.06523729701465,2.94708997847265,3.72123647766531,6.17850937051923,8.30501198100927,1,2
14,33,65,6.06523729701465,2.94708997847265,6.36630873005756,6.31723403092004,7.86454116064933,1,2
14,33,67,6.06523729701465,2.94708997847265,4.92943874992652,5.31562498936019,8.2751126008535,1,2
14,33,70,6.06523729701465,2.94708997847265,5.75940957977591,5.84611027015423,8.17887098785563,1,2
14,33,71,6.06523729701465,2.94708997847265,5.66385512760074,5.81768248320946,8.53593110102575,1,2
14,33,73,6.06523729701465,2.94708997847265,4.92189812691101,6.11196265819806,8.4614047193383,1,2
14,33,74,6.06523729701465,2.94708997847265,6.04826395840937,6.25670595616761,8.34722593605274,1,2
14,33,75,6.06523729701465,2.94708997847265,4.41611965962599,5.98120660749383,8.50417258969322,1,2
14,33,76,6.06523729701465,2.94708997847265,6.7583755325267,5.48837648171995,8.65021736478514,1,2
14,33,78,6.06523729701465,2.94708997847265,3.52639404873704,6.35837908116423,7.96236751375238,1,2
14,34,4,6.06523729701465,2.94708997847265,5.29262849556472,5.74092315157982,8.75269452480449,1,2
14,34,6,6.06523729701465,2.94708997847265,3.57396541257834,5.80902826839962,8.47316460884819,1,2
14,34,8,6.06523729701465,2.94708997847265,6.17975344863975,6.77600997276606,8.41514930599152,1,2
14,34,10,6.06523729701465,2.94708997847265,4.22555730687176,5.34281427141988,8.1316456861577,1,2
14,34,12,6.06523729701465,2.94708997847265,6.37190532231941,5.98825038324845,8.30527828128077,1,2
14,34,13,6.06523729701465,2.94708997847265,3.33523503797042,6.65953622795631,8.55704271487619,1,2
14,34,16,6.06523729701465,2.94708997847265,5.01597150001003,5.79085162738687,8.23700954259296,1,2
14,34,17,6.06523729701465,2.94708997847265,5.81127255124327,6.10319251052842,8.79120961915655,1,2
14,34,20,6.06523729701465,2.94708997847265,4.14813838404039,5.65267759555578,8.96691332048891,1,2
14,34,23,6.06523729701465,2.94708997847265,5.49252542729623,5.90052584558532,8.23409469952045,1,2
14,34,24,6.06523729701465,2.94708997847265,5.33918949383328,5.91905945128676,8.7842304961858,1,2
14,34,25,6.06523729701465,2.94708997847265,4.31201311700223,5.96579585755871,8.37639669541716,1,2
14,34,26,6.06523729701465,2.94708997847265,5.58574959180284,5.37297625368145,8.52808564825275,1,2
14,34,30,6.06523729701465,2.94708997847265,3.38626459562993,7.12517444067401,8.2596372145334,1,2
14,34,32,6.06523729701465,2.94708997847265,4.46362941451436,6.2078509053868,8.11101307595871,1,2
14,34,34,6.06523729701465,2.94708997847265,5.10953126830546,5.95350277653904,8.80875458043897,1,2
14,34,35,6.06523729701465,2.94708997847265,5.4891122439413,6.67258988960963,8.35515381182103,1,2
14,34,36,6.06523729701465,2.94708997847265,4.99611417171863,6.35406760496195,8.61124928485154,1,2
14,34,37,6.06523729701465,2.94708997847265,5.19098246199186,6.63136810181249,8.431739511712,1,2
14,34,42,6.06523729701465,2.94708997847265,5.75128855622578,5.62836767981737,8.50970840464031,1,2
14,34,43,6.06523729701465,2.94708997847265,4.59246994882181,5.34628298994502,8.35723934533321,1,2
14,34,47,6.06523729701465,2.94708997847265,6.02947451415234,5.61482655773372,8.48961562385156,1,2
14,34,49,6.06523729701465,2.94708997847265,4.6876255209413,6.66593911710056,7.92877490323482,1,2
14,34,53,6.06523729701465,2.94708997847265,5.43982079973897,5.39846135158629,8.37133566255999,1,2
14,34,55,6.06523729701465,2.94708997847265,6.34183444242124,6.1810065328752,8.40571295175022,1,2
14,34,56,6.06523729701465,2.94708997847265,4.81866021568125,6.32154359963881,8.62078703160129,1,2
14,34,58,6.06523729701465,2.94708997847265,6.18748038724788,6.21353938121907,8.43315623260121,1,2
14,34,59,6.06523729701465,2.94708997847265,6.10343033736619,5.97439685410869,8.81693339780673,1,2
14,34,62,6.06523729701465,2.94708997847265,4.05395412087558,5.90390890778174,8.57739844766691,1,2
14,34,67,6.06523729701465,2.94708997847265,4.18721123002513,5.28217859996738,8.19838829118893,1,2
14,34,68,6.06523729701465,2.94708997847265,3.75276295081702,6.16815740171803,8.18841979271443,1,2
14,34,73,6.06523729701465,2.94708997847265,5.011677368045,6.83392038371439,7.95914892292433,1,2
14,34,74,6.06523729701465,2.94708997847265,6.66433042074564,6.20504071498715,8.33398265136381,1,2
14,34,78,6.06523729701465,2.94708997847265,6.00886971482805,5.83700022039836,8.05195387724947,1,2
14,34,79,6.06523729701465,2.94708997847265,4.01743503892867,5.45985313206007,8.12949551351795,1,2
14,34,81,6.06523729701465,2.94708997847265,4.45869951408459,5.46755408862294,8.53608207079069,1,2
14,34,83,6.06523729701465,2.94708997847265,4.6862479524911,5.26829211379426,8.12708583000136,1,2
14,35,3,6.06523729701465,2.94708997847265,4.65119822337043,6.36227648202087,8.04293131845941,1,2
14,35,4,6.06523729701465,2.94708997847265,5.43195129266846,6.35838747825671,8.30066730439832,1,2
14,35,5,6.06523729701465,2.94708997847265,4.1276537878936,5.7059786485277,8.48161100513859,1,2
14,35,6,6.06523729701465,2.94708997847265,4.99232198847684,6.45714143044168,8.49328255798247,1,2
14,35,7,6.06523729701465,2.94708997847265,3.91791814332645,6.46847087382687,8.7770995355622,1,2
14,35,9,6.06523729701465,2.94708997847265,5.29772776684799,6.19681159335736,8.43383115531463,1,2
14,35,11,6.06523729701465,2.94708997847265,5.85874501980429,6.04906983216281,8.68353874619983,1,2
14,35,12,6.06523729701465,2.94708997847265,2.86211367372029,5.79309922967281,8.24987126359906,1,2
14,35,13,6.06523729701465,2.94708997847265,5.14803620756326,6.04708560906742,8.58342961530028,1,2
14,35,15,6.06523729701465,2.94708997847265,5.96459311716591,5.5631872208496,8.38654405485867,1,2
14,35,16,6.06523729701465,2.94708997847265,4.76632392190811,6.00469646058203,7.93551661637468,1,2
14,35,18,6.06523729701465,2.94708997847265,6.40424097142467,5.08279241822765,8.58073258344273,1,2
14,35,19,6.06523729701465,2.94708997847265,5.13444231535873,6.18222137878177,7.95569215270817,1,2
14,35,20,6.06523729701465,2.94708997847265,5.72291191166706,6.07509343705907,8.4895470751899,1,2
14,35,21,6.06523729701465,2.94708997847265,5.57000033506251,5.25964379420248,8.61088374759995,1,2
14,35,24,6.06523729701465,2.94708997847265,5.37597997447341,5.38744635322289,8.2377869752146,1,2
14,35,25,6.06523729701465,2.94708997847265,5.64676348606019,6.57217722440572,8.43352522131048,1,2
14,35,27,6.06523729701465,2.94708997847265,4.8162450465125,5.69276192489422,7.84267176294707,1,2
14,35,28,6.06523729701465,2.94708997847265,5.23738205093406,6.29260807701676,8.30346827500522,1,2
14,35,30,6.06523729701465,2.94708997847265,5.97134508190214,6.76953135954204,8.74429710715962,1,2
14,35,32,6.06523729701465,2.94708997847265,4.97408151090719,6.01093001201224,8.75327026533662,1,2
14,35,33,6.06523729701465,2.94708997847265,4.51923602087279,5.29014399520649,8.87004328901097,1,2
14,35,34,6.06523729701465,2.94708997847265,4.46274336898119,6.46617255864115,8.3748760166575,1,2
14,35,36,6.06523729701465,2.94708997847265,5.91169946153292,5.32034217105582,8.72317165827941,1,2
14,35,37,6.06523729701465,2.94708997847265,3.85638182075581,6.3252969355047,8.37442566617212,1,2
14,35,38,6.06523729701465,2.94708997847265,4.56399807234825,6.42513209728847,8.39770326042216,1,2
14,35,39,6.06523729701465,2.94708997847265,4.99443559986941,6.08202947360224,8.64828347267641,1,2
14,35,43,6.06523729701465,2.94708997847265,6.69914783456208,6.15055907842192,8.62056015245318,1,2
14,35,47,6.06523729701465,2.94708997847265,5.11857150604612,6.79965354999046,8.61171417518487,1,2
14,35,48,6.06523729701465,2.94708997847265,4.49714635529988,7.02621154083967,8.61964840812889,1,2
14,35,53,6.06523729701465,2.94708997847265,4.79570481829529,5.49918605391693,8.7649982048916,1,2
14,35,59,6.06523729701465,2.94708997847265,5.95052621830335,6.62428530111608,8.54606031606468,1,2
14,35,60,6.06523729701465,2.94708997847265,4.65373347174415,6.24113068852478,8.64985922295222,1,2
14,35,63,6.06523729701465,2.94708997847265,3.98215552467282,5.92891353462307,7.91338570534371,1,2
14,35,67,6.06523729701465,2.94708997847265,6.06830429367181,5.72203384887608,8.56037309829381,1,2
14,35,70,6.06523729701465,2.94708997847265,6.04015228513383,6.51882855690262,8.68196064901562,1,2
14,35,76,6.06523729701465,2.94708997847265,4.23833485985568,6.32180143883837,8.09805763245006,1,2
14,35,77,6.06523729701465,2.94708997847265,4.54552592504074,6.62320751353963,8.52829703486661,1,2
14,35,78,6.06523729701465,2.94708997847265,5.86517188646871,5.78836514115831,8.33914178007299,1,2
14,35,79,6.06523729701465,2.94708997847265,5.36933699628031,6.78687244794843,8.4238639393954,1,2
14,35,82,6.06523729701465,2.94708997847265,3.90603079571886,6.00322553524406,7.98723051132198,1,2
14,36,1,6.06523729701465,2.94708997847265,3.62842227640149,6.84540032965766,8.20487814026295,1,2
14,36,2,6.06523729701465,2.94708997847265,4.91311237431589,5.25568376655226,8.28374464784849,1,2
14,36,3,6.06523729701465,2.94708997847265,4.75714765837825,5.76012666880833,8.76330184517926,1,2
14,36,4,6.06523729701465,2.94708997847265,6.24127488173886,6.869751539109,8.77235760715555,1,2
14,36,8,6.06523729701465,2.94708997847265,5.22804792184958,6.18404168768054,8.1345839291425,1,2
14,36,12,6.06523729701465,2.94708997847265,6.2365090934298,5.48707424004346,8.55362687537663,1,2
14,36,13,6.06523729701465,2.94708997847265,3.52792751595029,5.90861546987594,8.06228252017754,1,2
14,36,15,6.06523729701465,2.94708997847265,3.21892108814786,5.64043819193043,8.18253450986859,1,2
14,36,16,6.06523729701465,2.94708997847265,4.09498612116016,5.97434919537992,8.5893334439419,1,2
14,36,17,6.06523729701465,2.94708997847265,4.91075286351456,5.95677848265178,8.45476464943897,1,2
14,36,21,6.06523729701465,2.94708997847265,2.91562091277223,6.53155191611564,8.21222608226544,1,2
14,36,22,6.06523729701465,2.94708997847265,5.50514452042083,5.87587423552911,8.55475659341861,1,2
14,36,24,6.06523729701465,2.94708997847265,6.07879317005083,5.97250750578954,8.82567373989666,1,2
14,36,25,6.06523729701465,2.94708997847265,3.39353280392328,6.10170462637283,8.65570421088736,1,2
14,36,27,6.06523729701465,2.94708997847265,4.86189573423366,5.98326355722171,8.55048210913625,1,2
14,36,28,6.06523729701465,2.94708997847265,4.83948606070773,5.39266533616121,8.34869602942687,1,2
14,36,33,6.06523729701465,2.94708997847265,4.07491968567053,6.37321512484971,8.29829865578844,1,2
14,36,34,6.06523729701465,2.94708997847265,4.0147934671055,5.86500534895885,8.68384208471288,1,2
14,36,35,6.06523729701465,2.94708997847265,4.9711970798951,6.11664822422629,8.72358745790037,1,2
14,36,37,6.06523729701465,2.94708997847265,3.57384061872402,5.9114251344174,8.3210393576481,1,2
14,36,38,6.06523729701465,2.94708997847265,3.33272365519984,6.32344943109133,8.57044352218236,1,2
14,36,40,6.06523729701465,2.94708997847265,4.10428081246594,5.62200968685704,8.37112844157312,1,2
14,36,41,6.06523729701465,2.94708997847265,3.9438106392411,5.93856334719991,8.67919610821319,1,2
14,36,42,6.06523729701465,2.94708997847265,2.59661303002751,5.83727270213812,7.95462858145204,1,2
14,36,43,6.06523729701465,2.94708997847265,7.53333316846114,6.2478093012717,8.4976406787099,1,2
14,36,45,6.06523729701465,2.94708997847265,4.17931774740477,5.86826078564208,8.17826445799649,1,2
14,36,46,6.06523729701465,2.94708997847265,5.75765229933759,6.16360053993903,8.84786312604995,1,2
14,36,48,6.06523729701465,2.94708997847265,6.40644436567846,6.33315263518314,8.71944609414571,1,2
14,36,50,6.06523729701465,2.94708997847265,4.45300907538657,7.09980979173854,9.13303427224418,1,2
14,36,52,6.06523729701465,2.94708997847265,6.94878413457403,5.87148658632619,8.55304556465926,1,2
14,36,56,6.06523729701465,2.94708997847265,4.00317844282615,6.05193988218368,8.23905754499632,1,2
14,36,57,6.06523729701465,2.94708997847265,5.84179875033942,5.559202938717,8.49319894877322,1,2
14,36,61,6.06523729701465,2.94708997847265,6.29868160982968,5.83524153867246,8.47040638223117,1,2
14,36,62,6.06523729701465,2.94708997847265,4.87083235774962,6.93972757180208,8.66636725322365,1,2
14,36,63,6.06523729701465,2.94708997847265,4.69065349449202,5.96872758099619,8.59283061780178,1,2
14,36,64,6.06523729701465,2.94708997847265,3.69962556521195,6.06570158569594,8.29053013489951,1,2
14,36,68,6.06523729701465,2.94708997847265,4.39023097554392,6.57059099145934,9.16034052824077,1,2
14,36,71,6.06523729701465,2.94708997847265,4.45359373661824,5.62375469492284,8.85014937306746,1,2
14,36,74,6.06523729701465,2.94708997847265,5.54166277046513,6.20678060516373,8.87829408162799,1,2
14,37,1,6.06523729701465,2.94708997847265,4.89767662974408,6.17775151758448,8.39633280780288,1,2
14,37,2,6.06523729701465,2.94708997847265,4.93033975684318,6.38190480777051,8.55875842038762,1,2
14,37,3,6.06523729701465,2.94708997847265,4.61298383589893,6.47735677348558,8.66353685825864,1,2
14,37,4,6.06523729701465,2.94708997847265,6.4056829974354,5.37494156659853,8.09193014964245,1,2
14,37,6,6.06523729701465,2.94708997847265,3.69684129138357,6.08989796587987,8.68468627063347,1,2
14,37,7,6.06523729701465,2.94708997847265,6.90481946196705,6.18650135993556,8.29106964301575,1,2
14,37,10,6.06523729701465,2.94708997847265,5.30341263347738,6.00957580783169,8.71601907354376,1,2
14,37,15,6.06523729701465,2.94708997847265,6.4104362974381,6.32366246633327,9.57717578395492,1,2
14,37,20,6.06523729701465,2.94708997847265,4.78986174908529,6.68228682880172,8.39265606069293,1,2
14,37,23,6.06523729701465,2.94708997847265,4.51913997085217,6.0536371930013,8.15987875702987,1,2
14,37,25,6.06523729701465,2.94708997847265,5.95846879137578,5.78025500321969,8.45899996388643,1,2
14,37,28,6.06523729701465,2.94708997847265,4.53033732764469,5.37946231622411,8.37896355008398,1,2
14,37,40,6.06523729701465,2.94708997847265,5.11739196545289,6.31549699956776,8.85700722067274,1,2
14,37,42,6.06523729701465,2.94708997847265,4.84545312805927,5.51349042569662,8.48139147274298,1,2
14,37,43,6.06523729701465,2.94708997847265,5.31090822243238,5.46648457491141,8.5590688052291,1,2
14,37,45,6.06523729701465,2.94708997847265,5.70313394921464,5.40718241868106,8.38892077418818,1,2
14,37,46,6.06523729701465,2.94708997847265,4.14813964272461,6.34785842376332,8.3434241717586,1,2
14,37,47,6.06523729701465,2.94708997847265,5.743870285521,6.07133424028192,8.12124475400634,1,2
14,37,49,6.06523729701465,2.94708997847265,5.53457386552528,6.11202317607126,8.1262784686227,1,2
14,37,51,6.06523729701465,2.94708997847265,4.77470645955491,6.87797829139793,8.99220620514878,1,2
14,37,53,6.06523729701465,2.94708997847265,2.87792577086914,6.02133427917378,7.91755366245745,1,2
14,37,54,6.06523729701465,2.94708997847265,5.61314247251139,5.58887694253053,8.62653255437028,1,2
14,37,55,6.06523729701465,2.94708997847265,4.02471696504985,5.64797934902944,8.57827205064612,1,2
14,37,57,6.06523729701465,2.94708997847265,8.22316623497634,5.74784443774792,8.85833427828903,1,2
14,37,59,6.06523729701465,2.94708997847265,3.84550129838334,5.72998133777502,8.15012356923313,1,2
14,37,60,6.06523729701465,2.94708997847265,4.89561061378001,4.85639373818037,8.18731855126265,1,2
14,37,61,6.06523729701465,2.94708997847265,6.904525798998,6.6392798644972,9.0200017272879,1,2
14,37,64,6.06523729701465,2.94708997847265,3.73964215605806,6.2236042949635,7.96123122408704,1,2
14,37,65,6.06523729701465,2.94708997847265,6.92644382004102,6.35248201642315,9.218585243801,1,2
14,37,69,6.06523729701465,2.94708997847265,5.83336414787681,6.15540323274125,8.37713856580858,1,2
14,37,70,6.06523729701465,2.94708997847265,5.31079612512848,6.55979555271011,8.75300247858612,1,2
14,37,73,6.06523729701465,2.94708997847265,6.02230979420478,5.79690037295857,8.51001224367381,1,2
14,37,74,6.06523729701465,2.94708997847265,4.04642692243035,6.84812277728062,8.78530703140336,1,2
14,37,78,6.06523729701465,2.94708997847265,6.86803317097971,6.09570601497753,8.66040665930288,1,2
14,37,80,6.06523729701465,2.94708997847265,2.44081707015604,6.41315463662509,8.08971818656902,1,2
14,37,82,6.06523729701465,2.94708997847265,5.25537693160393,6.26351196380623,8.17415366470107,1,2
14,37,83,6.06523729701465,2.94708997847265,6.17154288498965,6.05481447486367,8.52103123502561,1,2
14,37,85,6.06523729701465,2.94708997847265,4.86649756583976,5.74594687660928,8.35585479639688,1,2
14,37,87,6.06523729701465,2.94708997847265,5.38736041627325,5.7667613190934,9.27730084873867,1,2
14,37,89,6.06523729701465,2.94708997847265,5.47981432946885,6.43980238437957,8.56191133435166,1,2
14,37,90,6.06523729701465,2.94708997847265,5.64083104362569,6.14231852172843,9.24102715998627,1,2
14,37,91,6.06523729701465,2.94708997847265,3.88158781469158,6.22358292151257,8.36539646508978,1,2
14,38,3,6.06523729701465,2.94708997847265,3.93616989031252,6.07400432670983,8.95399552453878,1,2
14,38,4,6.06523729701465,2.94708997847265,6.63366494625936,5.8801877030004,9.10322404914163,1,2
14,38,8,6.06523729701465,2.94708997847265,4.83767193647875,5.98753120476165,8.22405571060607,1,2
14,38,9,6.06523729701465,2.94708997847265,4.16573491292038,6.5979380655191,8.53694963277781,1,2
14,38,17,6.06523729701465,2.94708997847265,3.69452312069699,5.31235595334164,8.43569450646563,1,2
14,38,21,6.06523729701465,2.94708997847265,4.71634141921969,5.28478952308805,8.38576242927536,1,2
14,38,22,6.06523729701465,2.94708997847265,4.76589682840546,6.21568143057484,8.12669905262202,1,2
14,38,23,6.06523729701465,2.94708997847265,5.80377116078551,6.28784887618936,8.85156090927296,1,2
14,38,25,6.06523729701465,2.94708997847265,4.97532898964875,6.20403392925892,8.94053352855614,1,2
14,38,27,6.06523729701465,2.94708997847265,6.86530674925993,5.44247657775667,8.19049073771049,1,2
14,38,29,6.06523729701465,2.94708997847265,5.11593159740124,5.64316092755004,8.85037903560986,1,2
14,38,32,6.06523729701465,2.94708997847265,4.43538868749127,7.15249221583001,8.69203173979468,1,2
14,38,35,6.06523729701465,2.94708997847265,5.5362066294945,5.4208277800785,8.68123450202572,1,2
14,38,39,6.06523729701465,2.94708997847265,5.86605697783039,5.82532917294005,8.69851622050499,1,2
14,38,40,6.06523729701465,2.94708997847265,5.86886277413877,6.08462013938722,8.75147337403142,1,2
14,38,43,6.06523729701465,2.94708997847265,4.33217002962877,4.47675878983868,8.704680925895,1,2
14,38,44,6.06523729701465,2.94708997847265,6.01178443999612,6.30623123771743,9.08308071161962,1,2
14,38,45,6.06523729701465,2.94708997847265,6.68146339127289,6.14790416277411,8.87587319997087,1,2
14,38,48,6.06523729701465,2.94708997847265,4.56403254680696,5.92167779314105,9.72669643241949,1,2
14,38,50,6.06523729701465,2.94708997847265,4.87628910382213,6.45374011759615,8.64835642372887,1,2
14,38,52,6.06523729701465,2.94708997847265,6.81239426453785,5.51169430825748,9.26669318792677,1,2
14,38,53,6.06523729701465,2.94708997847265,5.38422304310067,6.28613800020281,8.85523179743721,1,2
14,38,56,6.06523729701465,2.94708997847265,5.03508989086525,5.99455336950549,8.47737455258675,1,2
14,38,57,6.06523729701465,2.94708997847265,3.46274605325597,5.73117802904281,7.89036145954742,1,2
14,38,58,6.06523729701465,2.94708997847265,5.59194081373941,6.19667718883689,9.05607415399794,1,2
14,38,59,6.06523729701465,2.94708997847265,5.25302221295649,5.54574494946678,9.15884362326858,1,2
14,38,60,6.06523729701465,2.94708997847265,4.68476873924115,6.06153673607454,8.76920609577686,1,2
14,38,63,6.06523729701465,2.94708997847265,6.40996625963197,6.31128001124288,8.62759217921634,1,2
14,38,64,6.06523729701465,2.94708997847265,5.1570706905057,5.7647485012009,8.90358696002173,1,2
14,39,1,6.06523729701465,2.94708997847265,4.7497170801504,6.54401046347154,8.75403570328206,1,2
14,39,2,6.06523729701465,2.94708997847265,5.38242497115926,5.40014694960132,9.22445510474366,1,2
14,39,3,6.06523729701465,2.94708997847265,5.61596110958232,6.50280947737633,8.80290532526813,1,2
14,39,4,6.06523729701465,2.94708997847265,4.45116613446682,6.64678763274271,8.93775153595936,1,2
14,39,7,6.06523729701465,2.94708997847265,5.05349198982543,5.90037542446483,9.15157111828657,1,2
14,39,10,6.06523729701465,2.94708997847265,6.17052299391259,5.81893538962099,8.89137548567799,1,2
14,39,12,6.06523729701465,2.94708997847265,5.58337421499708,6.6901041026256,8.76985617135621,1,2
14,39,15,6.06523729701465,2.94708997847265,4.17015458877074,6.14838945764968,8.34155012292954,1,2
14,39,16,6.06523729701465,2.94708997847265,3.95114696743436,5.24735385247463,8.97112660246559,1,2
14,39,17,6.06523729701465,2.94708997847265,4.66963255719079,6.60831126968622,8.48549178920661,1,2
14,39,19,6.06523729701465,2.94708997847265,3.6289425750189,6.39046769206651,8.29567045793387,1,2
14,39,21,6.06523729701465,2.94708997847265,6.26208092264194,5.87345695713464,8.44952850381348,1,2
14,39,23,6.06523729701465,2.94708997847265,5.63199319159758,5.53572195366978,9.12206802842458,1,2
14,39,25,6.06523729701465,2.94708997847265,5.368830971143,6.27600681454845,8.95660572385623,1,2
14,39,27,6.06523729701465,2.94708997847265,4.4206811888732,6.01016183093929,8.8302707401536,1,2
14,39,31,6.06523729701465,2.94708997847265,3.5208348277141,5.95893700501997,7.92815935154217,1,2
14,39,36,6.06523729701465,2.94708997847265,4.10005329665177,6.14025698491861,8.44565575062578,1,2
14,39,40,6.06523729701465,2.94708997847265,4.241294620904,5.63403779968387,8.93919515912095,1,2
14,39,46,6.06523729701465,2.94708997847265,4.55486763133079,5.43717397758859,8.87442010909697,1,2
14,39,47,6.06523729701465,2.94708997847265,4.83252260145059,5.78079667156215,8.56711026582087,1,2
14,39,48,6.06523729701465,2.94708997847265,5.91281682116521,5.42039446609469,8.88011968788879,1,2
14,39,52,6.06523729701465,2.94708997847265,5.54949276199439,6.26585079056001,9.21838655849796,1,2
14,39,53,6.06523729701465,2.94708997847265,3.8921284320106,5.3907471069465,8.47130473040048,1,2
14,39,55,6.06523729701465,2.94708997847265,5.12901660689213,6.33139120954048,9.15434507690206,1,2
14,39,56,6.06523729701465,2.94708997847265,4.53837881452313,6.14659038847984,9.43553648640581,1,2
14,39,59,6.06523729701465,2.94708997847265,4.40885430903799,6.59443682632474,8.3477762625966,1,2
14,39,62,6.06523729701465,2.94708997847265,5.53865821843826,5.42549769522389,8.96253325692564,1,2
14,39,63,6.06523729701465,2.94708997847265,5.80132747533901,5.77302385755827,9.21288999429382,1,2
14,39,67,6.06523729701465,2.94708997847265,4.92079006959098,6.62960383681397,9.48713312435126,1,2
14,39,69,6.06523729701465,2.94708997847265,4.50831033518866,6.26939462958164,8.97423278025238,1,2
14,39,71,6.06523729701465,2.94708997847265,5.85405309697194,6.68092762344538,8.8711927403143,1,2
14,39,72,6.06523729701465,2.94708997847265,3.46612400244505,6.10517148024406,9.02845511059126,1,2
14,39,73,6.06523729701465,2.94708997847265,4.37325453812077,5.58082783604973,8.74086341260156,1,2
14,39,74,6.06523729701465,2.94708997847265,6.43494412961464,5.8781963764248,8.99486842985969,1,2
14,39,77,6.06523729701465,2.94708997847265,5.24084286482404,5.7448278294459,8.99423851637205,1,2
14,39,78,6.06523729701465,2.94708997847265,5.45942739449624,6.64954754984462,8.96927454634539,1,2
14,39,79,6.06523729701465,2.94708997847265,4.88941055357705,5.19952560125153,8.38434952767734,1,2
14,39,80,6.06523729701465,2.94708997847265,5.27747360459934,6.14943817258908,9.1630898576763,1,2
14,39,81,6.06523729701465,2.94708997847265,4.19092162598616,5.72401485790697,8.66430018813865,1,2
14,39,82,6.06523729701465,2.94708997847265,5.5405777558826,6.23718689170672,8.71134188519249,1,2
14,39,83,6.06523729701465,2.94708997847265,4.63131908397974,5.64368957647538,8.55602585948429,1,2
14,39,84,6.06523729701465,2.94708997847265,5.7240976028707,5.15476047950496,8.2784338152526,1,2
14,39,85,6.06523729701465,2.94708997847265,5.1536311059696,6.30741741257155,9.18932008486639,1,2
14,39,89,6.06523729701465,2.94708997847265,5.04355088800325,6.1884525459549,8.93082184580784,1,2
14,39,90,6.06523729701465,2.94708997847265,4.26109879066327,6.07446253714153,8.31799198998832,1,2
14,39,91,6.06523729701465,2.94708997847265,4.29271420565282,5.78480736900003,8.18504191677805,1,2
14,39,94,6.06523729701465,2.94708997847265,4.86699269774285,5.78060452384308,9.35341438093243,1,2
14,39,95,6.06523729701465,2.94708997847265,5.30366976357029,6.26192368142207,9.2238070675109,1,2
14,40,1,6.06523729701465,2.94708997847265,5.38022554949241,4.82461919429334,8.44452547523999,1,2
14,40,2,6.06523729701465,2.94708997847265,5.78221137065637,6.09667998924527,8.82981596732964,1,2
14,40,9,6.06523729701465,2.94708997847265,6.3261188226736,5.7749864548081,8.76992538199982,1,2
14,40,13,6.06523729701465,2.94708997847265,3.23621668751031,5.58375844669232,8.4082354158047,1,2
14,40,14,6.06523729701465,2.94708997847265,3.79152629341052,6.78360613159982,8.1463880468274,1,2
14,40,18,6.06523729701465,2.94708997847265,5.82151664677622,5.37801939649209,8.91238287244926,1,2
14,40,21,6.06523729701465,2.94708997847265,2.5882490605015,6.06677341061717,8.30161347158573,1,2
14,40,23,6.06523729701465,2.94708997847265,4.75335569938694,5.74192392325926,8.6685570823782,1,2
14,40,25,6.06523729701465,2.94708997847265,4.78879540985165,6.92926088906085,8.30003808937374,1,2
14,40,26,6.06523729701465,2.94708997847265,5.2976525072957,6.99175348105803,8.59864878998206,1,2
14,40,27,6.06523729701465,2.94708997847265,6.09856634649452,5.53637403020525,8.6989630647838,1,2
14,40,28,6.06523729701465,2.94708997847265,4.05865054392192,5.66009372783015,8.80394567714443,1,2
14,40,30,6.06523729701465,2.94708997847265,4.29677835988613,7.59045402142684,8.81886521463833,1,2
14,40,31,6.06523729701465,2.94708997847265,7.16974677615006,6.53019574650832,9.0304409946695,1,2
14,40,32,6.06523729701465,2.94708997847265,6.90138487926809,6.15956909339633,8.84019057035398,1,2
14,40,33,6.06523729701465,2.94708997847265,3.45793688902712,5.79172833426872,8.12161949565889,1,2
14,40,34,6.06523729701465,2.94708997847265,3.4534912905373,5.97993358722405,8.33756930528614,1,2
14,40,35,6.06523729701465,2.94708997847265,4.94676177658117,6.78379001660403,8.47125319300564,1,2
14,40,36,6.06523729701465,2.94708997847265,3.77440325134753,5.7928066683907,8.69579543402497,1,2
14,40,37,6.06523729701465,2.94708997847265,5.05382111352378,5.60896032170121,8.76260797770163,1,2
14,40,40,6.06523729701465,2.94708997847265,5.15484254514546,5.85083459516762,8.96110669146967,1,2
14,40,42,6.06523729701465,2.94708997847265,5.87852213115547,6.53059240618084,8.75091584695833,1,2
14,40,46,6.06523729701465,2.94708997847265,6.33357616730622,6.26804434699615,8.83982163979944,1,2
14,40,53,6.06523729701465,2.94708997847265,5.65524757135816,5.7610510162983,8.53114039283509,1,2
14,40,54,6.06523729701465,2.94708997847265,4.80865462575751,4.91729223608331,8.24054056153009,1,2
14,40,57,6.06523729701465,2.94708997847265,4.55146677582708,6.74891114249259,8.45520065466038,1,2
14,40,59,6.06523729701465,2.94708997847265,4.08538938554167,5.52303062340829,8.60792918917014,1,2
14,40,61,6.06523729701465,2.94708997847265,5.68632523660274,6.09114794750084,8.40529111706806,1,2
14,40,65,6.06523729701465,2.94708997847265,4.95715892961669,5.95500323882388,8.35102472075557,1,2
14,40,67,6.06523729701465,2.94708997847265,3.44744949990169,5.89173354224693,8.73400261030763,1,2
14,40,68,6.06523729701465,2.94708997847265,6.58598300402114,5.89394965505904,8.84580629889923,1,2
14,41,1,6.06523729701465,2.94708997847265,5.27141245521014,5.71222358860395,8.5553097931713,1,2
14,41,2,6.06523729701465,2.94708997847265,4.19755395150507,6.1285957918258,9.32077235203499,1,2
14,41,3,6.06523729701465,2.94708997847265,5.17741972613214,6.62707569088249,9.06029228757564,1,2
14,41,5,6.06523729701465,2.94708997847265,5.03877469920485,5.60867905645742,8.99329415694895,1,2
14,41,7,6.06523729701465,2.94708997847265,4.62823447191885,5.97805672681924,8.84362350819029,1,2
14,41,8,6.06523729701465,2.94708997847265,4.76261869896731,5.25758599564799,8.66400210917309,1,2
14,41,11,6.06523729701465,2.94708997847265,5.07938554807581,6.29000312998151,9.11521882140226,1,2
14,41,12,6.06523729701465,2.94708997847265,5.4954586099974,6.16161362809292,8.86185001124039,1,2
14,41,13,6.06523729701465,2.94708997847265,6.11086152305755,6.98779384248952,9.61837576096963,1,2
14,41,14,6.06523729701465,2.94708997847265,5.55884191040891,5.98803772985094,9.21481783528387,1,2
14,41,16,6.06523729701465,2.94708997847265,6.62635405653429,6.25596455974527,9.07069513717041,1,2
14,41,17,6.06523729701465,2.94708997847265,3.71915254825302,6.91829074870521,8.53642869851276,1,2
14,41,19,6.06523729701465,2.94708997847265,4.08252264155635,5.43122571025439,9.28106370615796,1,2
14,41,24,6.06523729701465,2.94708997847265,4.29751135486639,6.67565145397761,8.90697403121783,1,2
14,41,25,6.06523729701465,2.94708997847265,3.82654754540889,5.84372103414587,8.62999180393087,1,2
14,41,26,6.06523729701465,2.94708997847265,4.96582271514233,5.92973568731608,8.96630817212849,1,2
14,41,28,6.06523729701465,2.94708997847265,6.45241838613246,6.32703041385319,9.48902609546075,1,2
14,41,31,6.06523729701465,2.94708997847265,5.66395745754193,5.65067516107265,8.90990851724024,1,2
14,41,32,6.06523729701465,2.94708997847265,4.49428753632681,5.20931667403156,8.80064862549583,1,2
14,41,33,6.06523729701465,2.94708997847265,6.65215676261361,6.00473526158814,9.07465918231171,1,2
14,41,35,6.06523729701465,2.94708997847265,4.85531400330201,5.86967280065474,8.89197040101008,1,2
14,41,36,6.06523729701465,2.94708997847265,4.83127834766826,6.62905873338791,9.18633617083265,1,2
14,41,37,6.06523729701465,2.94708997847265,4.85334726410704,6.07711486066614,8.49356392940742,1,2
14,41,38,6.06523729701465,2.94708997847265,6.07924067726874,5.73621424712339,8.49426393668019,1,2
14,41,40,6.06523729701465,2.94708997847265,4.92610389171029,5.66689602450544,8.52716410647095,1,2
14,41,44,6.06523729701465,2.94708997847265,1.82795859323207,6.48074324317064,8.35338111313237,1,2
14,41,48,6.06523729701465,2.94708997847265,5.09015164762206,5.45042215124634,9.62032234004795,1,2
14,41,50,6.06523729701465,2.94708997847265,5.58012851033295,5.53468584577017,9.5128714956356,1,2
14,41,51,6.06523729701465,2.94708997847265,5.40997276079071,5.67361393605409,8.9840177179618,1,2
14,41,52,6.06523729701465,2.94708997847265,4.66204226219376,5.74617905143198,9.1552571440347,1,2
14,41,53,6.06523729701465,2.94708997847265,4.3184231949121,5.80570598392936,8.9940006835035,1,2
14,41,54,6.06523729701465,2.94708997847265,5.79013965608081,4.9534443897025,8.51696758659549,1,2
14,41,56,6.06523729701465,2.94708997847265,6.60525568416797,6.3308076140614,9.2415095222196,1,2
14,41,61,6.06523729701465,2.94708997847265,4.88152165765194,5.97335954864014,8.53606927003033,1,2
14,41,63,6.06523729701465,2.94708997847265,4.15646434432754,5.84279447142401,9.03189170949414,1,2
14,41,64,6.06523729701465,2.94708997847265,6.08224954981134,7.09759767484739,9.07761848336599,1,2
14,41,72,6.06523729701465,2.94708997847265,4.82884858423107,6.19864259548167,8.87796202857873,1,2
14,41,73,6.06523729701465,2.94708997847265,4.07715404731238,5.05152200608032,8.03070653844439,1,2
14,41,74,6.06523729701465,2.94708997847265,4.41459068537237,6.3389883696251,8.37972348664337,1,2
14,41,75,6.06523729701465,2.94708997847265,4.20146597029686,6.34942207459535,9.42814372340168,1,2
15,1,1,7.87041878616401,3.42047353958261,4.52658426584632,5.04939607532373,1.84337321927711,1,2
15,1,2,7.87041878616401,3.42047353958261,6.959203052107,5.78248158768429,2.27589833044785,1,2
15,1,4,7.87041878616401,3.42047353958261,5.6323499314063,6.59690880563932,2.56396754258989,1,2
15,1,5,7.87041878616401,3.42047353958261,4.69408619248405,5.51442714940741,2.02735519962558,1,2
15,1,6,7.87041878616401,3.42047353958261,4.74613282884295,6.39674808617419,2.3554798486354,1,2
15,1,7,7.87041878616401,3.42047353958261,3.5938445726804,5.59099917098271,2.25236305687618,1,2
15,1,8,7.87041878616401,3.42047353958261,3.92856555507773,6.11358936742092,2.48722924321224,1,2
15,1,10,7.87041878616401,3.42047353958261,4.33356713910097,5.6987638003255,2.0470133165439,1,2
15,1,11,7.87041878616401,3.42047353958261,4.75183404363246,5.75474011802974,2.18295560390522,1,2
15,1,12,7.87041878616401,3.42047353958261,4.9475941867033,6.03757503277518,2.43492568441871,1,2
15,1,14,7.87041878616401,3.42047353958261,5.19332661999929,5.61988605405306,2.18587921705644,1,2
15,1,16,7.87041878616401,3.42047353958261,4.60846591211703,6.10535264094676,2.13434308241054,1,2
15,1,20,7.87041878616401,3.42047353958261,4.41463114400118,6.4332145076089,2.60557021448311,1,2
15,1,21,7.87041878616401,3.42047353958261,5.02685874243781,6.25087804045457,2.33177612114001,1,2
15,1,22,7.87041878616401,3.42047353958261,6.33515731982323,5.39033911610871,2.26427636998816,1,2
15,1,24,7.87041878616401,3.42047353958261,5.68730119435601,5.44840692529828,2.03723827666389,1,2
15,1,25,7.87041878616401,3.42047353958261,3.72827281527865,6.22061350516675,2.35024122379218,1,2
15,1,26,7.87041878616401,3.42047353958261,5.92922801593441,5.82404734952308,2.12096647063959,1,2
15,1,27,7.87041878616401,3.42047353958261,2.64785689263303,5.86368073176576,2.19329442654755,1,2
15,1,28,7.87041878616401,3.42047353958261,5.51480891343904,5.98589969272644,2.39217550728961,1,2
15,1,29,7.87041878616401,3.42047353958261,4.41701252829558,5.70219670698478,2.28968019053002,1,2
15,1,30,7.87041878616401,3.42047353958261,4.65417951739642,5.56450114200113,2.11780139185991,1,2
15,1,32,7.87041878616401,3.42047353958261,2.83810888743946,4.23525837601177,1.5897874861084,1,2
15,1,34,7.87041878616401,3.42047353958261,5.99714454281811,5.59640980758192,2.08112591945849,1,2
15,1,35,7.87041878616401,3.42047353958261,6.34753972695344,5.07619977079889,1.87442466999577,1,2
15,1,36,7.87041878616401,3.42047353958261,6.54202203109666,5.40232240077567,2.13808836783603,1,2
15,1,42,7.87041878616401,3.42047353958261,4.736787178954,5.55514420735426,2.11014163061389,1,2
15,1,51,7.87041878616401,3.42047353958261,5.50490316028657,5.99818294916367,2.25252171426894,1,2
15,1,52,7.87041878616401,3.42047353958261,4.3366445705217,5.25683041171767,1.77948368099417,1,2
15,1,54,7.87041878616401,3.42047353958261,4.40112560257323,6.4907137225931,2.55328822085229,1,2
15,1,56,7.87041878616401,3.42047353958261,6.11582338183707,5.81129487681202,2.21753027905596,1,2
15,1,60,7.87041878616401,3.42047353958261,6.43063155930653,5.91881418492301,2.1403699343554,1,2
15,1,61,7.87041878616401,3.42047353958261,4.40361516072386,5.81470263659802,2.29896533744424,1,2
15,1,63,7.87041878616401,3.42047353958261,4.00928697962364,5.64590241915026,2.29101789883114,1,2
15,1,65,7.87041878616401,3.42047353958261,4.0933986080201,6.46082959766734,2.42783047529333,1,2
15,1,66,7.87041878616401,3.42047353958261,4.56687758123006,6.30767870766581,2.5578288758249,1,2
15,1,70,7.87041878616401,3.42047353958261,5.02937425065275,5.6924214157914,2.05720251385244,1,2
15,1,71,7.87041878616401,3.42047353958261,4.81574825008474,6.43889796889046,2.50406984277527,1,2
15,1,72,7.87041878616401,3.42047353958261,4.84849728104965,7.23596358491203,2.84612281959545,1,2
15,1,73,7.87041878616401,3.42047353958261,4.77876588222757,5.20582701923722,1.98038553071341,1,2
15,1,74,7.87041878616401,3.42047353958261,5.53103567559292,5.78203110835779,2.34485229671007,1,2
15,1,77,7.87041878616401,3.42047353958261,4.30341781083343,5.66889233329434,2.09523440763573,1,2
15,1,78,7.87041878616401,3.42047353958261,5.2640780759399,5.76791285095223,2.17572012003605,1,2
15,1,79,7.87041878616401,3.42047353958261,4.66838023806551,5.71716348059507,2.28353696438383,1,2
15,1,84,7.87041878616401,3.42047353958261,5.38687007807971,6.70736756400985,2.55927351332406,1,2
15,1,86,7.87041878616401,3.42047353958261,4.09455543939695,6.1841456056549,2.41262973117436,1,2
15,1,87,7.87041878616401,3.42047353958261,5.8033219679347,6.12908623697505,2.21213342182876,1,2
15,2,2,7.87041878616401,3.42047353958261,4.51028621156534,5.31334750393466,3.03299069364363,1,2
15,2,4,7.87041878616401,3.42047353958261,5.19243666261177,5.53371221322715,3.13269418864313,1,2
15,2,7,7.87041878616401,3.42047353958261,5.72081227012451,6.6173535163416,3.62360145885188,1,2
15,2,9,7.87041878616401,3.42047353958261,3.94203953439595,5.43994013286695,3.08953241190047,1,2
15,2,12,7.87041878616401,3.42047353958261,5.77614130908521,6.47933948389512,3.58612952907899,1,2
15,2,13,7.87041878616401,3.42047353958261,5.38659224086317,5.89342632181859,3.31221106270018,1,2
15,2,14,7.87041878616401,3.42047353958261,5.82173255874174,5.1468311727241,3.03829425573815,1,2
15,2,15,7.87041878616401,3.42047353958261,3.81178710110322,5.8878677516184,3.38718571122076,1,2
15,2,19,7.87041878616401,3.42047353958261,6.44202383499552,6.14146440022227,3.50887541760529,1,2
15,2,20,7.87041878616401,3.42047353958261,5.64297665354456,6.6498365318722,3.49250609207512,1,2
15,2,22,7.87041878616401,3.42047353958261,6.41652092972374,6.1704885923129,3.42965815289601,1,2
15,2,24,7.87041878616401,3.42047353958261,5.52568140264116,6.02668705601291,3.34645154945494,1,2
15,2,26,7.87041878616401,3.42047353958261,4.89574238591088,5.9378969314551,3.27940110436734,1,2
15,2,27,7.87041878616401,3.42047353958261,6.13339564994419,6.42858484336876,3.50583892781192,1,2
15,2,28,7.87041878616401,3.42047353958261,4.45056807085236,5.22998708840721,2.82136117201966,1,2
15,2,29,7.87041878616401,3.42047353958261,6.78082556523656,7.67727457734143,4.24818904089574,1,2
15,2,30,7.87041878616401,3.42047353958261,6.69802996844121,5.68251450573465,3.40415656353117,1,2
15,2,32,7.87041878616401,3.42047353958261,5.92360885056625,5.55988605313026,3.14137867187665,1,2
15,2,34,7.87041878616401,3.42047353958261,4.01249019841017,7.00163417425244,3.8260582516482,1,2
15,2,36,7.87041878616401,3.42047353958261,5.11937093093636,7.11798731759731,3.78192183658592,1,2
15,2,37,7.87041878616401,3.42047353958261,5.09527901852153,6.26013914662894,3.48839647263665,1,2
15,2,38,7.87041878616401,3.42047353958261,4.61373190197859,5.55566341471107,3.11867729029396,1,2
15,2,39,7.87041878616401,3.42047353958261,6.17394853400767,5.88121057009446,3.42708838363512,1,2
15,2,40,7.87041878616401,3.42047353958261,4.33535167425212,5.87421224466174,3.32403741203032,1,2
15,2,43,7.87041878616401,3.42047353958261,3.34226390511569,5.50469560704028,3.15234931886578,1,2
15,2,45,7.87041878616401,3.42047353958261,5.59642920551402,5.82625043360488,3.39406612888267,1,2
15,2,46,7.87041878616401,3.42047353958261,4.46731660990581,5.91292285900658,3.57072799258412,1,2
15,2,47,7.87041878616401,3.42047353958261,3.97022859387208,6.00624664762014,3.36167774976003,1,2
15,2,48,7.87041878616401,3.42047353958261,4.89061027718903,6.34759934095464,3.48820573589295,1,2
15,2,51,7.87041878616401,3.42047353958261,6.13606746811995,6.91178022398231,3.74525189975733,1,2
15,2,54,7.87041878616401,3.42047353958261,5.34010456993838,5.93790034374134,3.48094220074193,1,2
15,2,57,7.87041878616401,3.42047353958261,6.21537317886058,6.34190751273325,3.59678724918747,1,2
15,2,59,7.87041878616401,3.42047353958261,5.21617763397079,6.04557476394515,3.46367439694233,1,2
15,2,63,7.87041878616401,3.42047353958261,3.95459832743633,6.51675294377545,3.46726848014697,1,2
15,2,64,7.87041878616401,3.42047353958261,3.84835730634951,6.29994295448324,3.6144489838406,1,2
15,2,65,7.87041878616401,3.42047353958261,5.95372454449583,5.91850315064418,3.43531379288919,1,2
15,3,1,7.87041878616401,3.42047353958261,5.24875417149867,6.20623811496709,3.58739660512174,1,2
15,3,3,7.87041878616401,3.42047353958261,3.54690874649195,5.44307099535428,3.77133368550814,1,2
15,3,4,7.87041878616401,3.42047353958261,4.12505202096005,6.63905629002932,3.90195933523851,1,2
15,3,6,7.87041878616401,3.42047353958261,5.09450410315805,5.62782034213728,3.49497307242815,1,2
15,3,9,7.87041878616401,3.42047353958261,6.09555372481215,5.35120359461001,3.39412972728295,1,2
15,3,11,7.87041878616401,3.42047353958261,5.95199785799856,5.99687723516589,3.64932280293961,1,2
15,3,14,7.87041878616401,3.42047353958261,3.11039218006366,6.52173147119236,3.9431763320086,1,2
15,3,16,7.87041878616401,3.42047353958261,5.00530827213764,6.08200907702077,3.76844211087761,1,2
15,3,17,7.87041878616401,3.42047353958261,4.89240657860204,6.04641050932463,3.67553630448547,1,2
15,3,19,7.87041878616401,3.42047353958261,5.78105509092304,6.15428862009951,3.72426434632638,1,2
15,3,20,7.87041878616401,3.42047353958261,4.51067321901461,6.56956575445162,3.96826676857327,1,2
15,3,35,7.87041878616401,3.42047353958261,3.97275099335649,6.09647441679265,3.74670548133628,1,2
15,3,36,7.87041878616401,3.42047353958261,5.23284793041372,6.23499913064929,3.97109891894783,1,2
15,3,38,7.87041878616401,3.42047353958261,3.7896287922204,5.6623515369147,3.55861653486278,1,2
15,3,39,7.87041878616401,3.42047353958261,5.20036911785432,5.16250809599825,3.53826270686906,1,2
15,3,41,7.87041878616401,3.42047353958261,7.03230103084082,6.32440099335989,3.88620518003881,1,2
15,3,42,7.87041878616401,3.42047353958261,4.42264188256682,5.53657817187418,3.3944494828071,1,2
15,3,44,7.87041878616401,3.42047353958261,6.54407380963669,5.79892279915999,3.71474385234499,1,2
15,3,46,7.87041878616401,3.42047353958261,5.66081876801963,5.83607270339529,3.61413781404888,1,2
15,3,48,7.87041878616401,3.42047353958261,5.29262026679359,5.59666506700882,3.63383781444988,1,2
15,3,49,7.87041878616401,3.42047353958261,4.9137254259004,5.9608953051926,3.73861820987955,1,2
15,3,50,7.87041878616401,3.42047353958261,4.26399631095076,6.03695012859651,3.75118016246351,1,2
15,3,54,7.87041878616401,3.42047353958261,5.1225788530191,7.00655816215712,4.14372574185631,1,2
15,3,55,7.87041878616401,3.42047353958261,5.72952796306805,5.50190145318999,3.62631825197452,1,2
15,3,57,7.87041878616401,3.42047353958261,4.33974829891797,6.01596084569414,3.66811058137165,1,2
15,3,58,7.87041878616401,3.42047353958261,4.11501514417208,6.13586089294301,3.74704295807466,1,2
15,3,59,7.87041878616401,3.42047353958261,4.00182450210529,6.66578615778075,3.90955430547477,1,2
15,3,61,7.87041878616401,3.42047353958261,3.96184537125366,6.49010969144716,4.0652003354605,1,2
15,3,64,7.87041878616401,3.42047353958261,4.9752249587806,5.36716806789674,3.31579691740626,1,2
15,3,66,7.87041878616401,3.42047353958261,5.31571527975062,5.85358965912457,3.74485208475696,1,2
15,3,68,7.87041878616401,3.42047353958261,5.85675065301049,6.08266615124096,3.64764212463132,1,2
15,4,1,7.87041878616401,3.42047353958261,7.1340917186251,6.10752915330365,4.48181887658072,1,2
15,4,5,7.87041878616401,3.42047353958261,5.8149931354578,6.22260251053463,4.43625399025211,1,2
15,4,8,7.87041878616401,3.42047353958261,3.57068858399048,5.72213447259599,4.33493881485921,1,2
15,4,9,7.87041878616401,3.42047353958261,5.05176620357128,6.08413293314698,4.3027059957617,1,2
15,4,10,7.87041878616401,3.42047353958261,3.30612592445601,5.14497937691637,3.75916802122591,1,2
15,4,11,7.87041878616401,3.42047353958261,4.08885161182463,5.49525911051336,4.06060103800222,1,2
15,4,12,7.87041878616401,3.42047353958261,5.90761804235346,5.57411128266248,4.13613871171104,1,2
15,4,15,7.87041878616401,3.42047353958261,3.62638695648536,6.08105163549404,4.45494218840389,1,2
15,4,18,7.87041878616401,3.42047353958261,6.17992330787665,5.88178795862621,4.17792698497205,1,2
15,4,19,7.87041878616401,3.42047353958261,5.3105018154843,5.73055780026757,4.07707371314156,1,2
15,4,23,7.87041878616401,3.42047353958261,4.65871319454929,6.1736555995154,4.34708421071506,1,2
15,4,25,7.87041878616401,3.42047353958261,4.78752650427659,5.8275918734028,4.41581023081896,1,2
15,4,27,7.87041878616401,3.42047353958261,8.02615487487711,6.60132640673741,4.48381966760657,1,2
15,4,28,7.87041878616401,3.42047353958261,4.8898263071935,5.9504290863862,4.196596022414,1,2
15,4,29,7.87041878616401,3.42047353958261,5.15943910111071,6.03442086805604,4.50389629263798,1,2
15,4,30,7.87041878616401,3.42047353958261,5.51878710725686,5.73031492624338,4.25202559239153,1,2
15,4,31,7.87041878616401,3.42047353958261,6.16313686435804,6.11772139117219,4.29281251084717,1,2
15,4,32,7.87041878616401,3.42047353958261,4.14078119853015,6.05821472094827,4.28377687152669,1,2
15,4,34,7.87041878616401,3.42047353958261,6.1356376868059,6.17420917636586,4.41580126860924,1,2
15,4,37,7.87041878616401,3.42047353958261,4.30419933294315,6.48295005477665,4.51944202741529,1,2
15,4,39,7.87041878616401,3.42047353958261,4.29341032538528,5.88765323723287,4.24992319317341,1,2
15,4,40,7.87041878616401,3.42047353958261,3.68419555910834,5.84159691792757,4.18718372506667,1,2
15,4,43,7.87041878616401,3.42047353958261,4.1599522101367,5.88815978612206,4.33373054347302,1,2
15,4,44,7.87041878616401,3.42047353958261,4.01211103538906,5.99562872943271,4.20286167355244,1,2
15,4,45,7.87041878616401,3.42047353958261,6.66093901910496,6.77133871152368,4.7365577714521,1,2
15,4,47,7.87041878616401,3.42047353958261,5.66179653765727,5.61254187823621,4.31446018516498,1,2
15,4,48,7.87041878616401,3.42047353958261,5.56086345587895,5.60099830106599,4.23872134778035,1,2
15,4,54,7.87041878616401,3.42047353958261,6.35228770421857,6.34271729918762,4.65828321485358,1,2
15,4,56,7.87041878616401,3.42047353958261,4.39385609715627,5.94622927322621,4.11754991955831,1,2
15,4,64,7.87041878616401,3.42047353958261,6.68602844749134,6.40320596829028,4.63829558665743,1,2
15,4,65,7.87041878616401,3.42047353958261,4.51076388716883,6.37459743752662,4.50004360707668,1,2
15,4,67,7.87041878616401,3.42047353958261,5.27098088719374,6.18915579283925,4.35223036208472,1,2
15,4,69,7.87041878616401,3.42047353958261,5.89631125564776,5.57032316792345,4.31653556029014,1,2
15,4,70,7.87041878616401,3.42047353958261,2.62063161099454,5.62570235609977,4.14019023198895,1,2
15,4,73,7.87041878616401,3.42047353958261,5.18017975066444,6.34960420266661,4.44488538536185,1,2
15,4,74,7.87041878616401,3.42047353958261,5.4384521427323,5.4946001790307,4.2335268934144,1,2
15,4,76,7.87041878616401,3.42047353958261,4.09780337660362,6.37161743675537,4.50878226407382,1,2
15,4,78,7.87041878616401,3.42047353958261,5.64621813375417,5.63608436924851,4.15693071369006,1,2
15,4,79,7.87041878616401,3.42047353958261,4.49216434367539,6.07473200781374,4.21345551873157,1,2
15,4,81,7.87041878616401,3.42047353958261,5.90395319225683,6.50171705137643,4.49997876830475,1,2
15,4,82,7.87041878616401,3.42047353958261,4.04215174592704,6.28290552306285,4.46461129023255,1,2
15,4,83,7.87041878616401,3.42047353958261,4.03635339892291,5.43001191565689,4.12206982857473,1,2
15,4,84,7.87041878616401,3.42047353958261,4.43758146036543,6.56102421315014,4.57731228040559,1,2
15,4,85,7.87041878616401,3.42047353958261,4.98014402153336,6.35916341847074,4.41145182015048,1,2
15,4,86,7.87041878616401,3.42047353958261,6.25429503793452,6.09822614226203,4.48282504930701,1,2
15,4,88,7.87041878616401,3.42047353958261,5.05024347110818,6.1360629846465,4.17943939882644,1,2
15,4,89,7.87041878616401,3.42047353958261,3.37483151606938,6.72485798996435,4.5186403049982,1,2
15,4,91,7.87041878616401,3.42047353958261,5.68191065061643,6.07931301170509,4.41322235868454,1,2
15,4,92,7.87041878616401,3.42047353958261,4.81312899902998,5.43832923899548,4.07029860131485,1,2
15,4,93,7.87041878616401,3.42047353958261,4.66598715968532,5.78499722022373,4.16546222335185,1,2
15,4,96,7.87041878616401,3.42047353958261,4.66702978459344,5.78500087178911,4.28347534604518,1,2
15,4,97,7.87041878616401,3.42047353958261,4.84082211043919,6.17489881149159,4.11122056609491,1,2
15,4,98,7.87041878616401,3.42047353958261,5.73957637815279,6.19676936055812,4.31519050063118,1,2
15,5,2,7.87041878616401,3.42047353958261,4.3335120714829,6.03622885585859,4.50571494110271,1,2
15,5,5,7.87041878616401,3.42047353958261,4.92248299981093,5.98142039391998,4.66260977348877,1,2
15,5,6,7.87041878616401,3.42047353958261,4.43069931536506,5.91967139205386,4.37638212915279,1,2
15,5,7,7.87041878616401,3.42047353958261,5.69193924519795,6.03177980749836,4.57094705203691,1,2
15,5,11,7.87041878616401,3.42047353958261,4.4107843617594,5.856365198637,4.58176215245731,1,2
15,5,12,7.87041878616401,3.42047353958261,4.93061755176274,5.54568943036357,4.36075117060458,1,2
15,5,15,7.87041878616401,3.42047353958261,6.20730363113347,6.09777168748419,4.58667314692847,1,2
15,5,17,7.87041878616401,3.42047353958261,6.81021162887096,5.83499885257516,4.502267633028,1,2
15,5,19,7.87041878616401,3.42047353958261,5.28090508301761,5.33094579707494,4.24755052133855,1,2
15,5,21,7.87041878616401,3.42047353958261,4.74025685303907,6.62699066260727,4.79750560409157,1,2
15,5,23,7.87041878616401,3.42047353958261,7.09412910098381,5.70806633327049,4.43772809313526,1,2
15,5,26,7.87041878616401,3.42047353958261,5.51624264784413,6.62541499375443,4.83772726164018,1,2
15,5,27,7.87041878616401,3.42047353958261,5.76702755374419,5.73377030535499,4.424814317632,1,2
15,5,30,7.87041878616401,3.42047353958261,5.6802965397189,5.84320357736251,4.55642723405186,1,2
15,5,32,7.87041878616401,3.42047353958261,5.39183349121196,5.17021333687422,4.4544276273519,1,2
15,5,33,7.87041878616401,3.42047353958261,5.6845560949844,5.74338387743155,4.63696272433248,1,2
15,5,37,7.87041878616401,3.42047353958261,5.75454982548123,6.06226160320235,4.62278172210046,1,2
15,5,38,7.87041878616401,3.42047353958261,4.28430628335729,4.90323315093071,4.14885143428024,1,2
15,5,39,7.87041878616401,3.42047353958261,4.40076806706541,5.83216654109672,4.57426769079561,1,2
15,5,40,7.87041878616401,3.42047353958261,4.98478378793769,5.32443367270667,4.45723368038748,1,2
15,5,41,7.87041878616401,3.42047353958261,3.29294820472224,6.38902048641541,4.74869047362554,1,2
15,5,42,7.87041878616401,3.42047353958261,6.67685693164315,5.87202351624621,4.4761350522964,1,2
15,5,47,7.87041878616401,3.42047353958261,3.03931119643189,5.67111697547066,4.30221779414325,1,2
15,5,51,7.87041878616401,3.42047353958261,4.53883882553202,5.8664802497006,4.58187048005188,1,2
15,5,52,7.87041878616401,3.42047353958261,5.83697973322886,5.49512570401364,4.34565325475194,1,2
15,5,54,7.87041878616401,3.42047353958261,4.89760135808511,6.05125002526228,4.55762440320592,1,2
15,5,57,7.87041878616401,3.42047353958261,4.89124496723877,5.39350628587984,4.25792374818245,1,2
15,5,58,7.87041878616401,3.42047353958261,5.17682185116319,5.66903102217361,4.3779944370519,1,2
15,5,59,7.87041878616401,3.42047353958261,6.18880818689925,6.49745122674404,4.76295295399236,1,2
15,5,62,7.87041878616401,3.42047353958261,3.35289620650671,6.49866448138619,5.03171194728148,1,2
15,5,64,7.87041878616401,3.42047353958261,3.84549976072362,5.97572622498268,4.63262188102684,1,2
15,5,65,7.87041878616401,3.42047353958261,5.35603033907609,6.02714210544611,4.29946453286063,1,2
15,5,66,7.87041878616401,3.42047353958261,4.65241546839157,5.95676955580385,4.7906211712075,1,2
15,6,3,7.87041878616401,3.42047353958261,3.59177345726408,6.22733925627002,4.97486225092826,1,2
15,6,5,7.87041878616401,3.42047353958261,4.39821402346021,5.75826376018255,4.80479507353499,1,2
15,6,6,7.87041878616401,3.42047353958261,3.00716067830314,6.50414897821737,4.90442335191744,1,2
15,6,7,7.87041878616401,3.42047353958261,5.31988064664747,6.83634046145475,5.33238918526586,1,2
15,6,8,7.87041878616401,3.42047353958261,2.50552784425488,6.48971673243133,5.19190479925818,1,2
15,6,9,7.87041878616401,3.42047353958261,5.32125843471307,5.68098411222377,4.92494499727928,1,2
15,6,11,7.87041878616401,3.42047353958261,5.49575340744362,6.28565442812645,5.08946948681746,1,2
15,6,13,7.87041878616401,3.42047353958261,5.26745266389221,5.63012244600357,4.83573377500931,1,2
15,6,14,7.87041878616401,3.42047353958261,2.66933159790926,5.70388848017239,4.79076905131222,1,2
15,6,21,7.87041878616401,3.42047353958261,3.67336279414251,6.19196015888901,4.9664359356589,1,2
15,6,26,7.87041878616401,3.42047353958261,5.67956769163927,5.77715165052449,5.02158057617986,1,2
15,6,29,7.87041878616401,3.42047353958261,7.11904767002684,6.10699662855011,4.88191018027779,1,2
15,6,30,7.87041878616401,3.42047353958261,3.71829193812467,5.67131760169678,4.65756990476784,1,2
15,6,31,7.87041878616401,3.42047353958261,4.634791128166,5.00969184740521,4.58783615899186,1,2
15,6,33,7.87041878616401,3.42047353958261,4.64653008777703,6.38206513261307,5.10780146585903,1,2
15,6,38,7.87041878616401,3.42047353958261,5.03205327078646,5.92156873267694,4.76277505563979,1,2
15,6,39,7.87041878616401,3.42047353958261,5.17629721144207,6.05828560517033,4.714029570564,1,2
15,6,40,7.87041878616401,3.42047353958261,6.15498960335586,6.01063810358933,4.95236460335002,1,2
15,6,45,7.87041878616401,3.42047353958261,5.20240489467073,6.16270156006818,4.95672749400954,1,2
15,6,47,7.87041878616401,3.42047353958261,4.12154877829544,5.44348709828197,4.8435804486465,1,2
15,6,48,7.87041878616401,3.42047353958261,4.4582039368874,5.47532594676171,4.68889315058955,1,2
15,6,50,7.87041878616401,3.42047353958261,3.37200105599028,6.10955146238152,4.93293119624385,1,2
15,6,51,7.87041878616401,3.42047353958261,5.18415592313884,5.71876833111463,5.0270323910695,1,2
15,6,52,7.87041878616401,3.42047353958261,4.24788368535264,6.183257410654,5.2639845788513,1,2
15,6,56,7.87041878616401,3.42047353958261,6.44432990391014,5.49463975307356,4.73909342264722,1,2
15,6,57,7.87041878616401,3.42047353958261,2.31637831304321,6.09154814667938,4.88696147576288,1,2
15,6,62,7.87041878616401,3.42047353958261,5.75522011827231,5.53498070774937,4.63751241906865,1,2
15,6,64,7.87041878616401,3.42047353958261,4.00856605326595,6.02320272233814,5.07749858401326,1,2
15,6,65,7.87041878616401,3.42047353958261,5.88006393552576,5.52456677922184,4.80137322385819,1,2
15,6,68,7.87041878616401,3.42047353958261,6.88473069595915,6.60362353900681,5.16626314898834,1,2
15,6,71,7.87041878616401,3.42047353958261,4.35006376570854,6.52418571914833,5.15831426201173,1,2
15,6,73,7.87041878616401,3.42047353958261,4.51841075073648,6.02418493826237,4.9769112162751,1,2
15,6,80,7.87041878616401,3.42047353958261,4.17837238096213,6.41030426232328,4.93088006867145,1,2
15,6,82,7.87041878616401,3.42047353958261,4.93856326175704,5.6892270541141,4.92376885206172,1,2
15,6,83,7.87041878616401,3.42047353958261,5.81344587959466,5.32547740936093,4.809213564623,1,2
15,6,85,7.87041878616401,3.42047353958261,6.43825147759026,4.68643448800365,4.35657104349717,1,2
15,6,87,7.87041878616401,3.42047353958261,4.28432878367695,6.3764563031413,5.08552181646054,1,2
15,6,92,7.87041878616401,3.42047353958261,4.74229924459336,5.90606521867278,4.85280987335518,1,2
15,6,93,7.87041878616401,3.42047353958261,4.88713217214933,6.22928066851159,4.86962707809247,1,2
15,7,1,7.87041878616401,3.42047353958261,6.05210199381332,5.68200294572446,5.17375021855349,1,2
15,7,2,7.87041878616401,3.42047353958261,4.27918253989099,6.99713748389647,5.63882379292689,1,2
15,7,3,7.87041878616401,3.42047353958261,5.59265810619,6.54705317523502,5.34816923340974,1,2
15,7,4,7.87041878616401,3.42047353958261,6.82402597730258,6.2606561638183,5.53492335857944,1,2
15,7,7,7.87041878616401,3.42047353958261,5.50550363709396,7.09145869028646,5.54280556840605,1,2
15,7,8,7.87041878616401,3.42047353958261,5.96833978517281,5.51496981935558,5.19603666486558,1,2
15,7,10,7.87041878616401,3.42047353958261,4.81196591926621,5.64009654091497,5.29082329676271,1,2
15,7,11,7.87041878616401,3.42047353958261,5.16639085870229,6.1918861062759,5.40730074025037,1,2
15,7,12,7.87041878616401,3.42047353958261,6.28378492947914,6.24578284993858,5.43681370073262,1,2
15,7,13,7.87041878616401,3.42047353958261,4.43218537927482,6.07862344937811,5.30182278924413,1,2
15,7,15,7.87041878616401,3.42047353958261,6.70378787590273,5.89331504692074,5.54869333081028,1,2
15,7,16,7.87041878616401,3.42047353958261,4.69947287872373,5.73863216912577,5.39945579839891,1,2
15,7,17,7.87041878616401,3.42047353958261,4.83356201783165,6.47471621977454,5.62275961502128,1,2
15,7,18,7.87041878616401,3.42047353958261,5.25895848036314,5.82803184595466,5.34169996163692,1,2
15,7,19,7.87041878616401,3.42047353958261,5.84768401807712,6.33239032790216,5.35772283895278,1,2
15,7,20,7.87041878616401,3.42047353958261,4.77937671096951,5.41206786535027,5.19013185528134,1,2
15,7,24,7.87041878616401,3.42047353958261,5.81953103529676,6.42658679752509,5.46424634347372,1,2
15,7,29,7.87041878616401,3.42047353958261,5.599797119927,6.17574707607723,5.44012447822031,1,2
15,7,32,7.87041878616401,3.42047353958261,2.47712500552491,6.12070720205329,5.43343417927104,1,2
15,7,33,7.87041878616401,3.42047353958261,3.23182321779889,6.02702283437042,5.43948222087729,1,2
15,7,34,7.87041878616401,3.42047353958261,5.44376943414502,5.12698721567069,5.05804951639514,1,2
15,7,35,7.87041878616401,3.42047353958261,4.68432131674039,5.30834105451178,5.16499996321474,1,2
15,7,36,7.87041878616401,3.42047353958261,5.54625552207188,6.15922332269617,5.36638156803181,1,2
15,7,39,7.87041878616401,3.42047353958261,5.89887963433328,6.64961831228576,5.65415412977599,1,2
15,7,44,7.87041878616401,3.42047353958261,5.82915764941985,5.83091773188074,5.44147560709163,1,2
15,7,46,7.87041878616401,3.42047353958261,3.87587656887197,6.31010533366772,5.53960885236001,1,2
15,7,47,7.87041878616401,3.42047353958261,3.91311408914274,5.72676394631441,5.1657009950624,1,2
15,7,48,7.87041878616401,3.42047353958261,7.2593547384293,5.54591199354269,5.11975480184282,1,2
15,7,49,7.87041878616401,3.42047353958261,5.32894775511407,6.29421760862372,5.41841623556408,1,2
15,7,51,7.87041878616401,3.42047353958261,3.9912831747669,5.70465976504023,5.15455928445932,1,2
15,7,52,7.87041878616401,3.42047353958261,5.38070588164998,6.31754522516374,5.53678076329721,1,2
15,7,56,7.87041878616401,3.42047353958261,6.70291730897232,6.45757168174507,5.48227171513188,1,2
15,7,58,7.87041878616401,3.42047353958261,5.39431354090977,5.52678262140684,5.10077226177219,1,2
15,7,59,7.87041878616401,3.42047353958261,3.04363822345171,5.63189998605134,5.39301840313935,1,2
15,7,60,7.87041878616401,3.42047353958261,6.06836979246715,6.42372503352725,5.35508433508175,1,2
15,7,62,7.87041878616401,3.42047353958261,6.1010023657008,6.60328108288416,5.61733251656735,1,2
15,7,63,7.87041878616401,3.42047353958261,4.58712563982807,6.85051200705552,5.6284402940833,1,2
15,7,66,7.87041878616401,3.42047353958261,5.57980447663218,5.95146449737904,5.37816582093438,1,2
15,7,67,7.87041878616401,3.42047353958261,3.86745068410275,5.66452283618374,5.04275643145521,1,2
15,7,71,7.87041878616401,3.42047353958261,4.53636183629255,5.892841379654,5.24860306568339,1,2
15,7,72,7.87041878616401,3.42047353958261,5.6452310503528,5.55924585765741,5.280639259675,1,2
15,7,74,7.87041878616401,3.42047353958261,5.01788473987733,5.8921083585291,5.37215376428297,1,2
15,7,75,7.87041878616401,3.42047353958261,4.08234573763403,6.5839953946342,5.45487482519016,1,2
15,7,77,7.87041878616401,3.42047353958261,4.51691631150402,5.95037996630397,5.21582936686379,1,2
15,8,1,7.87041878616401,3.42047353958261,5.41800932746625,6.24667058480609,5.52378983618602,1,2
15,8,3,7.87041878616401,3.42047353958261,5.43809664695415,6.58531214595408,5.47588118929089,1,2
15,8,5,7.87041878616401,3.42047353958261,4.05608251906919,5.81747186084629,5.53508117381157,1,2
15,8,11,7.87041878616401,3.42047353958261,4.49328525749984,5.40851975632051,5.36376293328797,1,2
15,8,15,7.87041878616401,3.42047353958261,5.07484878001129,5.99254917326408,5.36423982914335,1,2
15,8,17,7.87041878616401,3.42047353958261,5.35137371431577,5.1024100989933,5.28546156894652,1,2
15,8,20,7.87041878616401,3.42047353958261,3.8199143538865,6.18801382551965,5.49955100547195,1,2
15,8,21,7.87041878616401,3.42047353958261,6.49781547775875,6.18686880653234,5.55506851821497,1,2
15,8,23,7.87041878616401,3.42047353958261,5.79883213539504,6.26564127102245,5.42649311358697,1,2
15,8,25,7.87041878616401,3.42047353958261,6.11694138797245,5.73210021161,5.48163880885404,1,2
15,8,26,7.87041878616401,3.42047353958261,5.44066933991002,5.82047101059642,5.18129697498684,1,2
15,8,27,7.87041878616401,3.42047353958261,6.20817096699047,6.36804445206426,5.42107710386017,1,2
15,8,29,7.87041878616401,3.42047353958261,3.16293859140299,7.23920852508383,5.61927835532044,1,2
15,8,31,7.87041878616401,3.42047353958261,4.35609368217806,6.50563158079125,5.64880233205181,1,2
15,8,34,7.87041878616401,3.42047353958261,3.45018245430664,6.30434017315155,5.48463118885786,1,2
15,8,37,7.87041878616401,3.42047353958261,3.94816491982417,6.40557088753524,5.54767235219686,1,2
15,8,39,7.87041878616401,3.42047353958261,5.99659374006893,6.50561135631088,5.46357466943784,1,2
15,8,40,7.87041878616401,3.42047353958261,6.65837062161828,7.0857901432023,5.91109776954868,1,2
15,8,42,7.87041878616401,3.42047353958261,3.26931410512642,6.40829957540744,5.60977038381169,1,2
15,8,43,7.87041878616401,3.42047353958261,5.5721078611408,5.50426992450274,5.12390928651855,1,2
15,8,44,7.87041878616401,3.42047353958261,5.69771644718674,6.49366002694196,5.53081794635504,1,2
15,8,47,7.87041878616401,3.42047353958261,5.20527504318703,5.5010662834449,5.00939131914943,1,2
15,8,48,7.87041878616401,3.42047353958261,8.10249121012301,6.29215574440235,5.64965808320147,1,2
15,8,49,7.87041878616401,3.42047353958261,6.25776452590967,6.96989199245624,5.90915358421813,1,2
15,8,50,7.87041878616401,3.42047353958261,5.07051654830329,5.46351744565099,5.31535440433614,1,2
15,8,51,7.87041878616401,3.42047353958261,6.62595584590993,5.3380735725293,5.26176754829552,1,2
15,8,55,7.87041878616401,3.42047353958261,5.39944108167407,6.01198135875897,5.33010163594285,1,2
15,8,56,7.87041878616401,3.42047353958261,3.3125997895246,5.4014470499428,5.23808856422108,1,2
15,8,57,7.87041878616401,3.42047353958261,4.74876153907712,5.40488463269808,5.23043257454928,1,2
15,8,58,7.87041878616401,3.42047353958261,6.0027833211868,5.26602280954592,5.34360032890643,1,2
15,8,63,7.87041878616401,3.42047353958261,4.9882263791016,5.86763607464163,5.43947766221381,1,2
15,8,64,7.87041878616401,3.42047353958261,3.06197954722288,6.1863827157188,5.52839711216956,1,2
15,8,65,7.87041878616401,3.42047353958261,4.95223923517639,6.07998521583599,5.51447857732137,1,2
15,9,2,7.87041878616401,3.42047353958261,4.30782614824852,6.35754633499433,5.80946388681212,1,2
15,9,8,7.87041878616401,3.42047353958261,4.53708086806852,5.87207875405056,5.67681562792068,1,2
15,9,9,7.87041878616401,3.42047353958261,4.65567058877291,5.86372595107918,5.61856853017522,1,2
15,9,10,7.87041878616401,3.42047353958261,4.78794435824586,5.0685642400182,5.46994089651235,1,2
15,9,16,7.87041878616401,3.42047353958261,6.14244727888768,6.01605327032779,5.93046796479921,1,2
15,9,17,7.87041878616401,3.42047353958261,4.11683323492408,5.99350297940421,5.70427550731677,1,2
15,9,20,7.87041878616401,3.42047353958261,4.99988282091972,6.83588328806909,6.1117940478315,1,2
15,9,21,7.87041878616401,3.42047353958261,4.50308960213314,5.58510426124893,5.51109608285119,1,2
15,9,22,7.87041878616401,3.42047353958261,5.13541521695615,6.38621341033231,5.87535187089229,1,2
15,9,23,7.87041878616401,3.42047353958261,5.34663555405351,5.45152659278498,5.57348162086167,1,2
15,9,25,7.87041878616401,3.42047353958261,5.29057417675981,6.05520553344444,5.77357105958721,1,2
15,9,28,7.87041878616401,3.42047353958261,4.6067906345974,5.69246513261754,5.53067957186923,1,2
15,9,29,7.87041878616401,3.42047353958261,5.98563576509191,5.93874753596168,5.7421434001406,1,2
15,9,31,7.87041878616401,3.42047353958261,3.91932391699207,6.78119397860049,6.09208742359759,1,2
15,9,32,7.87041878616401,3.42047353958261,4.20529368432208,5.90944289781593,5.7364983787319,1,2
15,9,34,7.87041878616401,3.42047353958261,4.30487492994723,6.01673553431991,5.68651575895589,1,2
15,9,36,7.87041878616401,3.42047353958261,7.42034527474166,6.74997846466355,6.13422348745728,1,2
15,9,40,7.87041878616401,3.42047353958261,4.60172742263377,6.19453059673747,5.75706991826203,1,2
15,9,41,7.87041878616401,3.42047353958261,6.56762797374942,6.40183514268173,5.80510348687902,1,2
15,9,42,7.87041878616401,3.42047353958261,5.72203090320144,6.49490757025793,6.11257427119906,1,2
15,9,43,7.87041878616401,3.42047353958261,6.49288438581305,5.25853697486542,5.57123985734427,1,2
15,9,44,7.87041878616401,3.42047353958261,6.36344475579512,5.89233219936501,5.8392953667714,1,2
15,9,47,7.87041878616401,3.42047353958261,4.44306865671693,6.15662583298754,5.76853768312159,1,2
15,9,49,7.87041878616401,3.42047353958261,2.94268009637807,5.75116757318185,5.54880406643006,1,2
15,9,51,7.87041878616401,3.42047353958261,5.62593382283194,7.10835062467045,5.97956146728949,1,2
15,9,52,7.87041878616401,3.42047353958261,4.89078685429643,5.71635059467292,5.83186795065928,1,2
15,9,53,7.87041878616401,3.42047353958261,4.30016641788642,6.21218480956929,5.95774277868457,1,2
15,9,54,7.87041878616401,3.42047353958261,6.84700235868633,6.75238781692591,5.92137076178873,1,2
15,9,55,7.87041878616401,3.42047353958261,5.83045676210053,5.17259048125733,5.58237219156016,1,2
15,9,58,7.87041878616401,3.42047353958261,4.6309708899426,6.19252350617608,5.71369373200988,1,2
15,9,59,7.87041878616401,3.42047353958261,4.27384878381591,6.38175828793032,5.96981155637956,1,2
15,9,61,7.87041878616401,3.42047353958261,4.46566420316544,5.61619815406754,5.68995984810523,1,2
15,9,62,7.87041878616401,3.42047353958261,6.35483259114697,6.29975197367384,5.83313245308926,1,2
15,9,64,7.87041878616401,3.42047353958261,5.42677537535354,5.52844524647334,5.89647923761747,1,2
15,9,67,7.87041878616401,3.42047353958261,6.77881950392209,5.71363156691848,5.96795558186393,1,2
15,9,68,7.87041878616401,3.42047353958261,3.71113508501368,5.67164982017198,5.73940750213285,1,2
15,9,76,7.87041878616401,3.42047353958261,7.01406943566503,5.20186283263042,5.51884089692867,1,2
15,9,77,7.87041878616401,3.42047353958261,5.87445225880657,6.43284015674282,5.8258290724491,1,2
15,9,81,7.87041878616401,3.42047353958261,6.19556805372461,6.78138309532316,5.76854259689873,1,2
15,9,82,7.87041878616401,3.42047353958261,6.01234827195897,5.92759195566462,5.79307959661134,1,2
15,10,4,7.87041878616401,3.42047353958261,6.79970361487193,5.87501166996236,5.9920327953454,1,2
15,10,5,7.87041878616401,3.42047353958261,2.10032958142543,5.0474787842842,5.62483772836931,1,2
15,10,6,7.87041878616401,3.42047353958261,4.23313786020799,7.02018595483578,6.52136895319736,1,2
15,10,8,7.87041878616401,3.42047353958261,5.32176553444176,5.79543684886531,5.95280689401353,1,2
15,10,9,7.87041878616401,3.42047353958261,5.84439777143656,5.71515832977145,5.80488536453705,1,2
15,10,12,7.87041878616401,3.42047353958261,4.03399620021819,5.37891654576839,5.56073621278346,1,2
15,10,13,7.87041878616401,3.42047353958261,4.8454762335382,5.62131545556267,5.72498992072662,1,2
15,10,17,7.87041878616401,3.42047353958261,4.49648939467952,5.35391885275724,5.64281022587681,1,2
15,10,19,7.87041878616401,3.42047353958261,4.38241546620992,5.70327297487802,5.74794395126878,1,2
15,10,20,7.87041878616401,3.42047353958261,6.52865335865783,5.90452168582009,5.99787631608964,1,2
15,10,23,7.87041878616401,3.42047353958261,6.13656978530859,5.37838748728149,5.57177641135449,1,2
15,10,25,7.87041878616401,3.42047353958261,5.77256672884256,6.62610611047806,6.04180341135912,1,2
15,10,26,7.87041878616401,3.42047353958261,4.23688195310225,5.6605675047791,5.64448117554647,1,2
15,10,29,7.87041878616401,3.42047353958261,3.90860171963798,5.91660871403548,6.03565583115189,1,2
15,10,30,7.87041878616401,3.42047353958261,4.21678050622817,5.47760669240059,5.70891800361094,1,2
15,10,31,7.87041878616401,3.42047353958261,4.24364873258623,5.33511715557039,5.54467208328556,1,2
15,10,34,7.87041878616401,3.42047353958261,4.88084170102192,6.15830923515025,5.83345034519821,1,2
15,10,36,7.87041878616401,3.42047353958261,5.06603941148191,6.01654100510147,5.77051471402309,1,2
15,10,37,7.87041878616401,3.42047353958261,5.30166901553705,6.88063943696179,5.97739617174521,1,2
15,10,40,7.87041878616401,3.42047353958261,4.65033961353293,6.14286528634455,5.78239119384577,1,2
15,10,42,7.87041878616401,3.42047353958261,6.11002182757004,5.50254336823619,5.61628811980415,1,2
15,10,44,7.87041878616401,3.42047353958261,7.18927725579565,6.68042945906951,6.15526606961128,1,2
15,10,45,7.87041878616401,3.42047353958261,4.46414011775092,5.88455607954524,6.01338885806569,1,2
15,10,47,7.87041878616401,3.42047353958261,4.21564447357822,5.66344195435283,5.75706832895524,1,2
15,10,48,7.87041878616401,3.42047353958261,4.64124710824815,5.69936269407828,5.95474890648849,1,2
15,10,49,7.87041878616401,3.42047353958261,6.72245469339809,5.95147375362264,6.11000033689051,1,2
15,10,50,7.87041878616401,3.42047353958261,4.05893690532463,5.74069016346269,5.70126799028509,1,2
15,10,51,7.87041878616401,3.42047353958261,3.66743753937897,6.17296616969484,5.88412967573311,1,2
15,10,52,7.87041878616401,3.42047353958261,4.5786828672468,6.50736972829481,5.75734319956384,1,2
15,10,54,7.87041878616401,3.42047353958261,3.90089195462656,5.49522515382444,5.69741429616276,1,2
15,10,59,7.87041878616401,3.42047353958261,5.35410462703614,5.72084208002122,5.87626476782754,1,2
15,10,60,7.87041878616401,3.42047353958261,6.02912368366172,5.94367081476825,6.09484195915098,1,2
15,10,61,7.87041878616401,3.42047353958261,4.55642989639621,6.70385500576716,6.23151813186082,1,2
15,10,64,7.87041878616401,3.42047353958261,3.26714739675694,5.10156695598409,5.52313942935092,1,2
15,10,65,7.87041878616401,3.42047353958261,7.46365696674276,5.70875816277814,5.80588015267801,1,2
15,10,68,7.87041878616401,3.42047353958261,5.2392555170439,6.42087662437921,5.59899562311681,1,2
15,10,69,7.87041878616401,3.42047353958261,4.85256705151856,5.22006071921685,5.7071966456857,1,2
15,10,72,7.87041878616401,3.42047353958261,4.30407374169775,5.21812247998626,5.62481887345584,1,2
15,11,2,7.87041878616401,3.42047353958261,4.6839097130544,7.33345404351003,6.57635486850179,1,2
15,11,4,7.87041878616401,3.42047353958261,4.51384024460719,6.14194057361099,6.09703013171138,1,2
15,11,6,7.87041878616401,3.42047353958261,5.41204335861105,5.52888171264821,5.84051759855204,1,2
15,11,7,7.87041878616401,3.42047353958261,4.53091039452773,5.4589469357355,5.89989759034715,1,2
15,11,11,7.87041878616401,3.42047353958261,6.04974489623613,5.95246545361236,6.27037234582164,1,2
15,11,13,7.87041878616401,3.42047353958261,5.67870969673588,5.60242122272451,5.76192702969371,1,2
15,11,14,7.87041878616401,3.42047353958261,6.50395295505158,5.85385840582388,5.92944961291177,1,2
15,11,17,7.87041878616401,3.42047353958261,5.33809642885245,6.13560184356221,6.26917998114481,1,2
15,11,19,7.87041878616401,3.42047353958261,4.39373180680274,6.61090690490574,6.17867128031268,1,2
15,11,20,7.87041878616401,3.42047353958261,5.83470340386464,6.2649564371283,6.19917845885954,1,2
15,11,22,7.87041878616401,3.42047353958261,4.07067537544059,6.06751188967827,5.91654665100721,1,2
15,11,25,7.87041878616401,3.42047353958261,5.82216578665638,6.26593016252046,6.2271639457567,1,2
15,11,32,7.87041878616401,3.42047353958261,6.44790336821781,6.65620834659557,6.22370884493892,1,2
15,11,33,7.87041878616401,3.42047353958261,4.80344793428721,6.6521031131053,6.22230165952007,1,2
15,11,34,7.87041878616401,3.42047353958261,4.48487628665279,6.13534154646843,5.94027178124431,1,2
15,11,38,7.87041878616401,3.42047353958261,5.70015473404106,6.05118825841187,6.12608339520124,1,2
15,11,39,7.87041878616401,3.42047353958261,4.37890770320177,5.29618155350675,5.70747263451414,1,2
15,11,40,7.87041878616401,3.42047353958261,6.43704265406119,4.9668952789901,5.83451889265269,1,2
15,11,43,7.87041878616401,3.42047353958261,4.55683981988814,6.3718069944068,6.32437464926859,1,2
15,11,45,7.87041878616401,3.42047353958261,5.04588261843973,5.62796483191981,5.96414224790219,1,2
15,11,49,7.87041878616401,3.42047353958261,6.27981571046235,5.85246940210812,6.04964646027238,1,2
15,11,51,7.87041878616401,3.42047353958261,4.32986361041072,5.9594733587989,6.16138488000667,1,2
15,11,52,7.87041878616401,3.42047353958261,5.12999380814951,5.61039949638729,5.8380769306264,1,2
15,11,53,7.87041878616401,3.42047353958261,5.10849006462835,6.37960299572746,6.11063537245283,1,2
15,11,55,7.87041878616401,3.42047353958261,6.11693953088855,5.9861716530664,6.21521795195907,1,2
15,11,57,7.87041878616401,3.42047353958261,6.50399597135782,6.81736475369048,6.73269911609743,1,2
15,11,64,7.87041878616401,3.42047353958261,6.59091877493118,5.65192731483683,5.98499253885909,1,2
15,11,65,7.87041878616401,3.42047353958261,5.06465353589395,5.95413963001761,6.0756126943349,1,2
15,11,68,7.87041878616401,3.42047353958261,4.41147871589947,4.51951166496501,5.56651546222511,1,2
15,11,69,7.87041878616401,3.42047353958261,5.23500873065505,5.66609149532967,5.93124730552456,1,2
15,11,71,7.87041878616401,3.42047353958261,5.7596006433109,5.5465053464743,6.11989355029706,1,2
15,11,72,7.87041878616401,3.42047353958261,4.62777815776923,6.38684212543475,6.35220525208866,1,2
15,11,73,7.87041878616401,3.42047353958261,5.4897669181371,5.49184417971404,5.98896683041288,1,2
15,11,74,7.87041878616401,3.42047353958261,4.83235594093917,5.7352941276884,5.96048175741672,1,2
15,11,75,7.87041878616401,3.42047353958261,4.73171134829012,6.20606176822524,5.99083570987414,1,2
15,12,1,7.87041878616401,3.42047353958261,3.49485100007362,6.73412764047662,6.31571667987144,1,2
15,12,6,7.87041878616401,3.42047353958261,6.40636092549496,5.28078361584582,6.12290431259551,1,2
15,12,8,7.87041878616401,3.42047353958261,7.22545840425419,5.79443858845564,6.30022064368303,1,2
15,12,9,7.87041878616401,3.42047353958261,5.592971085626,5.54034325436295,6.12743016729185,1,2
15,12,10,7.87041878616401,3.42047353958261,4.10883220472158,5.88869194263329,6.02589129186462,1,2
15,12,11,7.87041878616401,3.42047353958261,5.22595228196273,5.3952809357516,6.0408455681143,1,2
15,12,12,7.87041878616401,3.42047353958261,5.51146233881768,5.56386833980387,6.16682422227749,1,2
15,12,13,7.87041878616401,3.42047353958261,5.12915998886114,5.69365773387978,6.11573155019912,1,2
15,12,15,7.87041878616401,3.42047353958261,3.50537004474068,5.9953011099275,6.32301586749682,1,2
15,12,16,7.87041878616401,3.42047353958261,3.87456836695824,5.4139255383624,6.15656217773072,1,2
15,12,18,7.87041878616401,3.42047353958261,5.37639504728758,5.01380887393572,6.14246197926391,1,2
15,12,19,7.87041878616401,3.42047353958261,4.95866172624682,6.86701897106473,6.46759129645437,1,2
15,12,23,7.87041878616401,3.42047353958261,4.26274249069593,5.71375015011952,6.27913525400478,1,2
15,12,26,7.87041878616401,3.42047353958261,4.8224360844154,4.85308847686241,5.68627381819913,1,2
15,12,36,7.87041878616401,3.42047353958261,5.43993884835363,6.43240075569621,6.64800306849269,1,2
15,12,39,7.87041878616401,3.42047353958261,5.94605714480844,6.04768476324583,6.52750851320069,1,2
15,12,40,7.87041878616401,3.42047353958261,6.36834680125223,6.39746161967322,6.68897498901732,1,2
15,12,41,7.87041878616401,3.42047353958261,5.0213802591271,5.66370736933414,5.91807956573955,1,2
15,12,42,7.87041878616401,3.42047353958261,4.08991928288803,5.72430541332313,6.26783952488585,1,2
15,12,43,7.87041878616401,3.42047353958261,4.6639308192986,5.89020707341141,6.322123178211,1,2
15,12,46,7.87041878616401,3.42047353958261,4.80114557119894,6.62495936331725,6.29661981092419,1,2
15,12,47,7.87041878616401,3.42047353958261,5.01489344770884,5.95318989588431,6.36355147326989,1,2
15,12,49,7.87041878616401,3.42047353958261,5.92389903980839,6.32513406351861,6.27779393571305,1,2
15,12,51,7.87041878616401,3.42047353958261,4.3367798391805,6.42950501199814,6.51751343300532,1,2
15,12,52,7.87041878616401,3.42047353958261,5.36260870833887,6.23137547354576,6.43299415019301,1,2
15,12,55,7.87041878616401,3.42047353958261,3.83725379493064,6.00160703544388,6.24165516982412,1,2
15,12,57,7.87041878616401,3.42047353958261,6.00248443861159,5.69287614755066,6.12010585604836,1,2
15,12,62,7.87041878616401,3.42047353958261,5.70522621060851,5.16884725347931,6.06983247928084,1,2
15,12,64,7.87041878616401,3.42047353958261,4.55883504997382,5.67113559655686,6.21477980894714,1,2
15,12,66,7.87041878616401,3.42047353958261,7.10488968714028,7.13483288489724,6.59623401751036,1,2
15,12,67,7.87041878616401,3.42047353958261,6.09432933587638,6.2855186838541,6.38532509126432,1,2
15,12,68,7.87041878616401,3.42047353958261,5.95088221997945,5.53444087616152,6.11299128501802,1,2
15,12,71,7.87041878616401,3.42047353958261,4.88781463859911,6.67651819779186,6.49968176750217,1,2
15,12,72,7.87041878616401,3.42047353958261,3.71395280427611,6.22918480813462,6.33340664352677,1,2
15,12,78,7.87041878616401,3.42047353958261,5.01519225255695,6.43947649834772,6.40596513578405,1,2
15,12,79,7.87041878616401,3.42047353958261,6.5426592950456,6.03586047947727,6.47239287315789,1,2
15,12,81,7.87041878616401,3.42047353958261,4.39117818520188,6.24238811673383,6.15702548975788,1,2
15,12,82,7.87041878616401,3.42047353958261,5.64555032708737,5.68999427271369,6.2682705200867,1,2
15,12,83,7.87041878616401,3.42047353958261,2.92901407677696,5.8587540655367,6.20552221228429,1,2
15,12,85,7.87041878616401,3.42047353958261,5.6224795109616,6.10513181823641,6.46639748777388,1,2
15,12,88,7.87041878616401,3.42047353958261,6.61484701457059,5.83325154947756,6.2655895741116,1,2
15,12,89,7.87041878616401,3.42047353958261,3.65586793242234,5.48391545387078,6.09490295157312,1,2
15,12,90,7.87041878616401,3.42047353958261,3.97095894420199,5.48012203882072,6.10655155193224,1,2
15,12,91,7.87041878616401,3.42047353958261,4.5383719586691,6.52171691161465,6.37667782175565,1,2
15,12,94,7.87041878616401,3.42047353958261,4.63953334453375,6.80826732747271,6.46296646525874,1,2
15,12,95,7.87041878616401,3.42047353958261,3.94857489788141,5.48496450098454,6.07823171246634,1,2
15,13,1,7.87041878616401,3.42047353958261,6.0291645733199,5.56589069590753,6.20708868073323,1,2
15,13,3,7.87041878616401,3.42047353958261,4.04959449893402,5.48802073165984,6.374415177659,1,2
15,13,4,7.87041878616401,3.42047353958261,6.30764861691057,5.48791887498356,6.11829526709205,1,2
15,13,6,7.87041878616401,3.42047353958261,7.23728386959167,5.53099340598266,6.27065670720591,1,2
15,13,10,7.87041878616401,3.42047353958261,4.76580341851667,5.40185083921641,6.43841134229096,1,2
15,13,12,7.87041878616401,3.42047353958261,3.63504004677879,6.09171634753463,6.08159472669072,1,2
15,13,13,7.87041878616401,3.42047353958261,5.02228548791824,6.4737915885581,6.43690446554072,1,2
15,13,17,7.87041878616401,3.42047353958261,5.51468480108036,6.09889907149261,6.17319439321046,1,2
15,13,18,7.87041878616401,3.42047353958261,3.7257880339781,7.45899215282221,6.68390376538518,1,2
15,13,22,7.87041878616401,3.42047353958261,4.49484561861282,6.33854497338162,6.30793040944561,1,2
15,13,23,7.87041878616401,3.42047353958261,4.97365716261177,5.63244099183993,6.07263334316685,1,2
15,13,24,7.87041878616401,3.42047353958261,6.67954081445905,5.56186604633696,6.37573076884718,1,2
15,13,25,7.87041878616401,3.42047353958261,4.74543645163806,6.40496535431837,6.21190907290687,1,2
15,13,26,7.87041878616401,3.42047353958261,2.89249967504586,6.30512536684323,6.33738179900001,1,2
15,13,28,7.87041878616401,3.42047353958261,4.96765398274061,6.11514947108158,6.30059198684979,1,2
15,13,32,7.87041878616401,3.42047353958261,4.01100233689959,6.35010600785678,6.17765821245724,1,2
15,13,35,7.87041878616401,3.42047353958261,3.4624588779174,6.10548861222073,6.24090093999485,1,2
15,13,38,7.87041878616401,3.42047353958261,5.31155801182212,6.22257604459894,6.1365185328416,1,2
15,13,39,7.87041878616401,3.42047353958261,4.71479639026332,6.13305065754148,6.46426698354094,1,2
15,13,42,7.87041878616401,3.42047353958261,3.60079986547899,5.4901710874273,6.0438923997747,1,2
15,13,43,7.87041878616401,3.42047353958261,3.06609189569858,5.74598082236101,6.27255472615327,1,2
15,13,44,7.87041878616401,3.42047353958261,7.26293135074427,6.51719000449698,6.49368599496218,1,2
15,13,46,7.87041878616401,3.42047353958261,3.13701812189003,7.11144392045237,6.41999863070518,1,2
15,13,47,7.87041878616401,3.42047353958261,4.47578221988727,5.9965894680238,6.05090409053358,1,2
15,13,49,7.87041878616401,3.42047353958261,5.98497038760262,5.40572105893297,6.07185835783876,1,2
15,13,51,7.87041878616401,3.42047353958261,4.32855178935219,6.57822915323514,6.38482409713039,1,2
15,13,53,7.87041878616401,3.42047353958261,5.71528672516681,5.86839789944029,6.36759265769644,1,2
15,13,56,7.87041878616401,3.42047353958261,3.36898321213514,6.44500109756221,6.28612987085745,1,2
15,13,58,7.87041878616401,3.42047353958261,4.89968995913804,5.63426103764787,5.87178327280006,1,2
15,13,60,7.87041878616401,3.42047353958261,5.29176425976997,6.85603056511322,6.5469680184566,1,2
15,13,62,7.87041878616401,3.42047353958261,6.04377532872849,5.71558588618033,6.26839890374445,1,2
15,14,3,7.87041878616401,3.42047353958261,5.91468630260463,6.86774363010648,6.81716019613174,1,2
15,14,4,7.87041878616401,3.42047353958261,5.52347253456914,6.04209691588003,6.31598863277308,1,2
15,14,5,7.87041878616401,3.42047353958261,5.60296794479074,5.70516758581262,6.59451037320838,1,2
15,14,6,7.87041878616401,3.42047353958261,4.44946514439006,5.58529348625353,6.31562961887195,1,2
15,14,7,7.87041878616401,3.42047353958261,4.5019441339498,5.53880167628944,6.36691619396566,1,2
15,14,8,7.87041878616401,3.42047353958261,5.49721016308474,5.26868971697393,6.45100278226763,1,2
15,14,14,7.87041878616401,3.42047353958261,5.16890317046879,6.249219713846,6.69905309663383,1,2
15,14,18,7.87041878616401,3.42047353958261,3.62679149579899,5.73074978472764,6.44675229316459,1,2
15,14,19,7.87041878616401,3.42047353958261,4.38285891975463,5.85980417476648,6.53676960571971,1,2
15,14,22,7.87041878616401,3.42047353958261,5.21402737906549,5.41274519743642,6.74575688005164,1,2
15,14,23,7.87041878616401,3.42047353958261,6.02032233234138,6.00018515277761,7.03378933279788,1,2
15,14,25,7.87041878616401,3.42047353958261,5.48618409372143,5.61787593961005,6.61270936860755,1,2
15,14,26,7.87041878616401,3.42047353958261,5.17227425179577,6.19542967712069,6.55317145174138,1,2
15,14,27,7.87041878616401,3.42047353958261,5.04847559468592,6.68287609187196,6.78306982122169,1,2
15,14,28,7.87041878616401,3.42047353958261,4.15339274352287,5.51674027820813,6.30328791058331,1,2
15,14,29,7.87041878616401,3.42047353958261,4.68207810019112,6.1907103676534,6.54799019339936,1,2
15,14,31,7.87041878616401,3.42047353958261,5.56153031554769,6.67285568333204,6.75494884615022,1,2
15,14,32,7.87041878616401,3.42047353958261,3.26670221626273,5.74334953008851,6.7507254352782,1,2
15,14,39,7.87041878616401,3.42047353958261,4.49159139239038,6.30229693641721,6.51529672938679,1,2
15,14,46,7.87041878616401,3.42047353958261,4.94782151889423,5.78473037018623,6.38839319028418,1,2
15,14,47,7.87041878616401,3.42047353958261,3.77909529206714,6.50356292922362,6.88276291545474,1,2
15,14,48,7.87041878616401,3.42047353958261,4.31637227767303,5.53601012150484,6.67166247441631,1,2
15,14,49,7.87041878616401,3.42047353958261,4.89768750889216,6.26563327067207,7.08177618056287,1,2
15,14,56,7.87041878616401,3.42047353958261,5.16197845926787,5.21620390709119,6.44375917637237,1,2
15,14,57,7.87041878616401,3.42047353958261,6.13156227088736,5.97504802934719,6.59814335418767,1,2
15,14,59,7.87041878616401,3.42047353958261,5.95581007820975,6.70501929952906,6.53129711972424,1,2
15,14,64,7.87041878616401,3.42047353958261,4.22985361599894,5.89321718795089,6.61289644974171,1,2
15,14,65,7.87041878616401,3.42047353958261,4.94968794920242,5.6118690650959,6.63857698141773,1,2
15,14,72,7.87041878616401,3.42047353958261,5.49581787942881,6.25066705064171,6.81047587841063,1,2
15,14,75,7.87041878616401,3.42047353958261,3.92616188820252,5.59854271209833,6.70839580089869,1,2
15,14,80,7.87041878616401,3.42047353958261,3.39753262798988,6.40590828540028,6.90877662721461,1,2
15,14,82,7.87041878616401,3.42047353958261,4.54060107855294,4.90177803833493,6.27699481302809,1,2
15,14,83,7.87041878616401,3.42047353958261,6.97410143945576,6.67602929961444,6.91319904245436,1,2
15,14,89,7.87041878616401,3.42047353958261,3.47574795097209,5.98859154787572,6.53260830020631,1,2
15,14,91,7.87041878616401,3.42047353958261,5.63198160716867,5.48673162854524,6.42268909724446,1,2
15,14,92,7.87041878616401,3.42047353958261,5.83646144727206,5.99481124048623,6.54571530243914,1,2
15,14,93,7.87041878616401,3.42047353958261,7.31703108386599,5.08525856611089,6.29041577511252,1,2
15,15,1,7.87041878616401,3.42047353958261,4.51955064706786,5.24461405339171,6.37175157680212,1,2
15,15,4,7.87041878616401,3.42047353958261,2.04681768950981,5.43390619282738,6.34965275723729,1,2
15,15,5,7.87041878616401,3.42047353958261,4.86429527610312,6.04782186484123,6.61785138502325,1,2
15,15,7,7.87041878616401,3.42047353958261,3.47149634176955,5.38176132165069,6.34984013243796,1,2
15,15,8,7.87041878616401,3.42047353958261,4.37185720101084,5.25512253449566,6.48163651233654,1,2
15,15,9,7.87041878616401,3.42047353958261,6.64407183084348,5.36673628628195,6.92330216747824,1,2
15,15,14,7.87041878616401,3.42047353958261,3.73977288608412,5.96696332577247,6.82129351251564,1,2
15,15,16,7.87041878616401,3.42047353958261,4.69126093211087,6.22568530068987,7.03579190466687,1,2
15,15,17,7.87041878616401,3.42047353958261,3.86252561576319,6.82541061476841,6.9772453403859,1,2
15,15,18,7.87041878616401,3.42047353958261,4.38238930802838,5.72711781244405,6.83749551653455,1,2
15,15,22,7.87041878616401,3.42047353958261,2.85096112826762,5.36959149712584,6.5609265694686,1,2
15,15,24,7.87041878616401,3.42047353958261,5.499343585099,6.27509422741656,7.15663767023186,1,2
15,15,26,7.87041878616401,3.42047353958261,5.92672734287802,5.8061285515135,6.69473793334847,1,2
15,15,27,7.87041878616401,3.42047353958261,4.69251394975241,5.48678760531294,6.45805499877403,1,2
15,15,30,7.87041878616401,3.42047353958261,5.74138787008046,6.52114034471575,6.81557260557777,1,2
15,15,31,7.87041878616401,3.42047353958261,7.5838717612964,6.60620662338613,6.98799902660377,1,2
15,15,32,7.87041878616401,3.42047353958261,5.77624542775047,6.28371777870393,6.78761533385477,1,2
15,15,35,7.87041878616401,3.42047353958261,5.78544152945009,6.20688825851097,7.10650468683243,1,2
15,15,40,7.87041878616401,3.42047353958261,4.05485740116029,5.47986431654434,6.67908134275531,1,2
15,15,41,7.87041878616401,3.42047353958261,6.33001382539691,5.51130915136859,6.89280809930986,1,2
15,15,42,7.87041878616401,3.42047353958261,4.92201216116802,6.21337445202341,6.84290829884457,1,2
15,15,43,7.87041878616401,3.42047353958261,3.77113831343481,5.83755819635748,6.63469542542282,1,2
15,15,44,7.87041878616401,3.42047353958261,4.64575559359203,6.04031233211566,6.48236794184145,1,2
15,15,48,7.87041878616401,3.42047353958261,2.44165466387335,6.79717695850968,6.80237268483219,1,2
15,15,49,7.87041878616401,3.42047353958261,6.33785327561596,5.84013982582297,6.73563300579577,1,2
15,15,50,7.87041878616401,3.42047353958261,4.94545170361827,6.01455353577612,6.8663884248681,1,2
15,15,51,7.87041878616401,3.42047353958261,3.24033789274188,6.14486133295545,6.88610867426451,1,2
15,15,52,7.87041878616401,3.42047353958261,4.45214930817929,5.16221781687567,6.87003898921473,1,2
15,15,53,7.87041878616401,3.42047353958261,3.33117513260101,6.11886370870705,6.6457328569272,1,2
15,15,54,7.87041878616401,3.42047353958261,4.90414183032893,6.34140477395776,7.00796232891317,1,2
15,15,56,7.87041878616401,3.42047353958261,5.57274424080094,5.65508141547342,6.93482637871516,1,2
15,15,57,7.87041878616401,3.42047353958261,5.62514443817377,6.24287537276548,6.88613174867193,1,2
15,15,58,7.87041878616401,3.42047353958261,5.79994774797637,5.18961399346351,6.70092884037933,1,2
15,15,63,7.87041878616401,3.42047353958261,5.62871619957841,5.8715936599781,6.88100299354238,1,2
15,15,64,7.87041878616401,3.42047353958261,5.62877286347109,5.44579594766534,6.9454718977214,1,2
15,15,65,7.87041878616401,3.42047353958261,6.07722731779218,6.66479420784675,7.02429776364317,1,2
15,15,67,7.87041878616401,3.42047353958261,4.03575222504304,6.00962944419838,6.91920287065417,1,2
15,15,69,7.87041878616401,3.42047353958261,5.40485464596772,6.39757233596293,6.7178919418316,1,2
15,15,70,7.87041878616401,3.42047353958261,6.40126394765401,6.21357441103606,7.05529101579968,1,2
15,15,71,7.87041878616401,3.42047353958261,4.24187579683954,5.3059008377635,6.56679743122528,1,2
15,15,73,7.87041878616401,3.42047353958261,4.6498020686367,6.41356479619531,6.93372875785396,1,2
15,15,74,7.87041878616401,3.42047353958261,6.3283623582826,6.51073021694679,6.97335470290829,1,2
15,15,80,7.87041878616401,3.42047353958261,4.67269229502065,5.40933329776873,6.47059718200055,1,2
15,15,82,7.87041878616401,3.42047353958261,5.23770657992378,6.14687346932104,6.82613248753029,1,2
15,16,1,7.87041878616401,3.42047353958261,4.06950356769805,6.13705434481954,7.35103858596331,1,2
15,16,3,7.87041878616401,3.42047353958261,5.050902192937,6.87710684619383,7.38974825685215,1,2
15,16,7,7.87041878616401,3.42047353958261,4.80261669715281,6.45587627819641,7.00158321967238,1,2
15,16,9,7.87041878616401,3.42047353958261,4.96785335153209,5.80489778801676,7.0586472577803,1,2
15,16,10,7.87041878616401,3.42047353958261,6.96734528548688,6.64110739529145,7.56228251532676,1,2
15,16,11,7.87041878616401,3.42047353958261,4.78199379808805,5.755176900403,7.13867790153535,1,2
15,16,12,7.87041878616401,3.42047353958261,4.94357782589359,5.90490806746354,7.02362199596072,1,2
15,16,13,7.87041878616401,3.42047353958261,5.69330892172493,5.84666154696067,7.05777143243866,1,2
15,16,15,7.87041878616401,3.42047353958261,3.84119945547547,6.33759184620146,6.8849560409757,1,2
15,16,16,7.87041878616401,3.42047353958261,4.13536131858924,4.94543547266159,6.59211699323571,1,2
15,16,17,7.87041878616401,3.42047353958261,5.36434794906609,5.55640813657421,6.81146341003464,1,2
15,16,18,7.87041878616401,3.42047353958261,4.2447361779331,6.79707664466853,7.18705133299972,1,2
15,16,20,7.87041878616401,3.42047353958261,5.01571996963,5.7368103794218,6.96173876080196,1,2
15,16,21,7.87041878616401,3.42047353958261,3.92691331257348,6.82593603284261,7.38630130012157,1,2
15,16,22,7.87041878616401,3.42047353958261,5.28232415518803,6.13060471125871,6.98341283267343,1,2
15,16,24,7.87041878616401,3.42047353958261,3.88808075056632,5.66294425183985,6.81487945568468,1,2
15,16,27,7.87041878616401,3.42047353958261,4.72222112588581,6.60393786416351,7.19906071474594,1,2
15,16,28,7.87041878616401,3.42047353958261,3.12114456042115,5.91388632042186,7.16182716305416,1,2
15,16,29,7.87041878616401,3.42047353958261,3.86474455431647,6.28335973112704,7.2886233507584,1,2
15,16,30,7.87041878616401,3.42047353958261,5.24824715972786,5.47946622463858,7.00246308174692,1,2
15,16,32,7.87041878616401,3.42047353958261,4.3419433437292,5.82037902242102,7.11835405938179,1,2
15,16,39,7.87041878616401,3.42047353958261,4.13757586301464,5.90036013221789,7.1169055212138,1,2
15,16,40,7.87041878616401,3.42047353958261,5.60567836582686,5.96592672653796,7.27829607428267,1,2
15,16,44,7.87041878616401,3.42047353958261,4.26699525452728,5.18066331974985,6.5993569422522,1,2
15,16,45,7.87041878616401,3.42047353958261,3.85238701323737,5.62773608166002,6.97008246307221,1,2
15,16,46,7.87041878616401,3.42047353958261,4.28302489342206,5.85155296367388,7.10687212805466,1,2
15,16,48,7.87041878616401,3.42047353958261,3.78458094344961,6.76735541820062,7.33985664580242,1,2
15,16,49,7.87041878616401,3.42047353958261,5.50117479539877,5.90479599710764,7.24820821269046,1,2
15,16,50,7.87041878616401,3.42047353958261,3.88552188827889,6.59498436500364,7.41171553642071,1,2
15,16,52,7.87041878616401,3.42047353958261,5.53407086403317,5.51619455589323,6.9717373640282,1,2
15,16,58,7.87041878616401,3.42047353958261,7.28878826024448,6.18351651184633,7.25991639875304,1,2
15,16,60,7.87041878616401,3.42047353958261,5.60508321028728,4.80258056195942,6.81885996160784,1,2
15,16,62,7.87041878616401,3.42047353958261,4.48938911261769,5.49519059617906,7.04141962025857,1,2
15,16,63,7.87041878616401,3.42047353958261,5.62093001299396,5.9643632479596,7.21602850788839,1,2
15,17,1,7.87041878616401,3.42047353958261,7.11652119763435,6.04621911750648,7.07041221845487,1,2
15,17,2,7.87041878616401,3.42047353958261,5.12009292591006,6.18741855138706,6.88794342411211,1,2
15,17,5,7.87041878616401,3.42047353958261,4.74773415932747,6.52731330399976,6.79409657737416,1,2
15,17,7,7.87041878616401,3.42047353958261,4.70861999820591,6.11065879056352,7.09042596442428,1,2
15,17,8,7.87041878616401,3.42047353958261,4.90889971030443,6.51418520589975,7.09986635460247,1,2
15,17,14,7.87041878616401,3.42047353958261,4.42072758333702,5.87987126646755,7.11679238690792,1,2
15,17,15,7.87041878616401,3.42047353958261,6.71303678436781,5.20026421208605,7.0385861836809,1,2
15,17,16,7.87041878616401,3.42047353958261,3.13909305637646,5.82203616055035,6.68135214815927,1,2
15,17,19,7.87041878616401,3.42047353958261,5.75390741651702,5.23041610573239,6.86063398503869,1,2
15,17,20,7.87041878616401,3.42047353958261,4.17890389753835,6.25777196133521,6.648792720534,1,2
15,17,21,7.87041878616401,3.42047353958261,4.80281052727563,4.70385053520324,6.69905555611474,1,2
15,17,22,7.87041878616401,3.42047353958261,4.93250431158716,5.59199004966557,7.05323188792982,1,2
15,17,24,7.87041878616401,3.42047353958261,6.37099661872478,6.02171263337908,7.39268983331127,1,2
15,17,26,7.87041878616401,3.42047353958261,5.12123614855518,6.07725246021037,6.86927875005336,1,2
15,17,27,7.87041878616401,3.42047353958261,4.24517141951484,6.60930984939658,6.99463151886251,1,2
15,17,28,7.87041878616401,3.42047353958261,4.90345427662342,5.80522084314791,6.86660912464911,1,2
15,17,29,7.87041878616401,3.42047353958261,3.55166236249231,5.94699833232201,6.86949162306759,1,2
15,17,30,7.87041878616401,3.42047353958261,4.76712494135218,5.69634141887557,6.89298045706689,1,2
15,17,31,7.87041878616401,3.42047353958261,4.77180587217226,5.85056283646934,6.99659841342518,1,2
15,17,34,7.87041878616401,3.42047353958261,4.58400910456525,6.18558350982789,7.05914343176666,1,2
15,17,35,7.87041878616401,3.42047353958261,5.42637515136752,6.5318116333937,7.02549861164124,1,2
15,17,39,7.87041878616401,3.42047353958261,4.39507870466523,5.54134753811876,6.75114256366642,1,2
15,17,40,7.87041878616401,3.42047353958261,5.74880220097686,6.26398772880632,7.03756687345845,1,2
15,17,41,7.87041878616401,3.42047353958261,5.87373967483757,6.23711912750671,7.05266873209322,1,2
15,17,45,7.87041878616401,3.42047353958261,4.28678204179244,5.97875107658769,6.76411849225046,1,2
15,17,46,7.87041878616401,3.42047353958261,3.78644801073553,6.21335172977941,7.04450066682452,1,2
15,17,49,7.87041878616401,3.42047353958261,3.07370845830267,5.65034006577656,6.84299413062174,1,2
15,17,51,7.87041878616401,3.42047353958261,5.18922422363933,5.42143462175386,6.8784134501983,1,2
15,17,53,7.87041878616401,3.42047353958261,5.27746953952775,5.75202047575172,7.2631185321219,1,2
15,17,58,7.87041878616401,3.42047353958261,4.76177741896813,5.95442437061898,7.1959253666501,1,2
15,17,60,7.87041878616401,3.42047353958261,3.95866529121873,5.79994990227389,6.902808794452,1,2
15,17,62,7.87041878616401,3.42047353958261,4.61465729430318,6.94539254207988,7.50622528472005,1,2
15,17,63,7.87041878616401,3.42047353958261,5.033226818075,5.81344984366181,7.07357518499788,1,2
15,17,64,7.87041878616401,3.42047353958261,4.82585315329862,5.58933821647208,6.87956122717895,1,2
15,17,65,7.87041878616401,3.42047353958261,5.46480789092128,6.83731663069267,7.44942659696135,1,2
15,17,66,7.87041878616401,3.42047353958261,5.63333303433501,5.77734483869509,7.25997376405523,1,2
15,17,70,7.87041878616401,3.42047353958261,3.46094062382336,6.10233389338662,7.12610409274446,1,2
15,17,72,7.87041878616401,3.42047353958261,5.21396191543863,5.07019869352567,6.52821642088953,1,2
15,17,76,7.87041878616401,3.42047353958261,4.22579917658156,6.60992838048526,7.27343890822443,1,2
15,17,78,7.87041878616401,3.42047353958261,3.11103440046168,5.71314195863748,6.7736184318277,1,2
15,17,80,7.87041878616401,3.42047353958261,4.08105369374146,6.61614153492874,7.35667412357939,1,2
15,17,82,7.87041878616401,3.42047353958261,6.63572781270528,6.25424269673444,7.48148076195664,1,2
15,17,83,7.87041878616401,3.42047353958261,3.98210542263549,5.55724034820261,6.57712185827086,1,2
15,17,85,7.87041878616401,3.42047353958261,4.24914120323273,6.38626514014552,6.99894645524267,1,2
15,17,87,7.87041878616401,3.42047353958261,6.40312664776626,6.837145430498,7.19103015806369,1,2
15,18,2,7.87041878616401,3.42047353958261,5.4678404095762,6.03507352872744,7.35602450416786,1,2
15,18,4,7.87041878616401,3.42047353958261,5.63245815074388,5.16833406483002,7.01421277867878,1,2
15,18,5,7.87041878616401,3.42047353958261,5.01293964060749,5.05761518059398,7.36544944907064,1,2
15,18,6,7.87041878616401,3.42047353958261,4.75666650426261,6.23471409304756,7.32486243516292,1,2
15,18,8,7.87041878616401,3.42047353958261,6.28165504646765,6.29225586830929,7.2067202814118,1,2
15,18,9,7.87041878616401,3.42047353958261,5.55202861956953,6.4494098273106,7.36595838851837,1,2
15,18,10,7.87041878616401,3.42047353958261,6.46526793643297,5.99343460869433,7.3181393283151,1,2
15,18,11,7.87041878616401,3.42047353958261,3.57256347193368,6.542202528118,7.3123604360686,1,2
15,18,12,7.87041878616401,3.42047353958261,5.68941856303214,6.04308693813025,7.41947129106385,1,2
15,18,15,7.87041878616401,3.42047353958261,4.62185258324452,5.74533977371662,7.70828943153876,1,2
15,18,16,7.87041878616401,3.42047353958261,5.9849250991556,6.51361410985364,7.55423813947686,1,2
15,18,18,7.87041878616401,3.42047353958261,3.76703036822772,5.76461855982017,6.9646899615514,1,2
15,18,19,7.87041878616401,3.42047353958261,4.33337805414799,6.40649635355084,7.21665845710644,1,2
15,18,20,7.87041878616401,3.42047353958261,2.44543362967562,5.45102087872868,7.01543852483629,1,2
15,18,21,7.87041878616401,3.42047353958261,3.40567009161965,5.46860083295457,6.77473688066343,1,2
15,18,22,7.87041878616401,3.42047353958261,5.2202618607795,5.96901050893285,7.15762631005577,1,2
15,18,25,7.87041878616401,3.42047353958261,5.50343991438456,6.98796950583993,7.65903089111619,1,2
15,18,27,7.87041878616401,3.42047353958261,2.28949936250459,5.86978323041634,6.57556705547056,1,2
15,18,28,7.87041878616401,3.42047353958261,6.17311757621222,5.81494730694424,7.05735254500028,1,2
15,18,29,7.87041878616401,3.42047353958261,4.96071403772947,5.54695828125859,7.34697464566985,1,2
15,18,31,7.87041878616401,3.42047353958261,5.10845417636211,5.51536617175349,7.01918290909836,1,2
15,18,32,7.87041878616401,3.42047353958261,4.56498534719589,6.21197704360744,7.00543806379529,1,2
15,18,33,7.87041878616401,3.42047353958261,4.71940392056718,5.98282367101208,7.26847705254949,1,2
15,18,39,7.87041878616401,3.42047353958261,4.0273214125451,6.00490903850221,7.08036843132984,1,2
15,18,41,7.87041878616401,3.42047353958261,5.39414230101443,6.06741972796918,7.27832662383732,1,2
15,18,46,7.87041878616401,3.42047353958261,5.10292572491142,5.91047483824769,7.08114990361239,1,2
15,18,47,7.87041878616401,3.42047353958261,4.60748298581791,6.01649695970493,7.32257593540771,1,2
15,18,49,7.87041878616401,3.42047353958261,4.01493370427349,6.35755632824664,7.3430812991855,1,2
15,18,50,7.87041878616401,3.42047353958261,5.06330597502252,5.93293848049312,7.14299884084012,1,2
15,18,52,7.87041878616401,3.42047353958261,3.84032874331909,5.47730469816429,7.01952990884641,1,2
15,18,53,7.87041878616401,3.42047353958261,4.84551047657291,5.19418139720407,7.07863038620582,1,2
15,18,55,7.87041878616401,3.42047353958261,5.30953876439928,6.32099427941823,7.30981319809313,1,2
15,18,59,7.87041878616401,3.42047353958261,4.66017140032348,5.51633261040151,7.26695305590796,1,2
15,18,61,7.87041878616401,3.42047353958261,5.93068039334174,5.50294931742273,7.20962959369388,1,2
15,18,62,7.87041878616401,3.42047353958261,4.38568694294546,5.23180323325437,7.06428752360221,1,2
15,19,3,7.87041878616401,3.42047353958261,3.63125712989245,5.83037626675759,7.28283334219879,1,2
15,19,4,7.87041878616401,3.42047353958261,4.94579223941951,6.40539962319878,7.30040333355262,1,2
15,19,8,7.87041878616401,3.42047353958261,2.8137167553617,6.20405766085061,7.47453839179511,1,2
15,19,9,7.87041878616401,3.42047353958261,5.39571288132283,5.86798801416131,7.18954350947468,1,2
15,19,11,7.87041878616401,3.42047353958261,4.68176336488587,5.8385771752511,7.24998273657704,1,2
15,19,12,7.87041878616401,3.42047353958261,3.97442098074187,6.52799713276481,7.27543650500481,1,2
15,19,14,7.87041878616401,3.42047353958261,4.15279269202869,6.32252392358549,7.28291397849952,1,2
15,19,16,7.87041878616401,3.42047353958261,6.67546036284746,5.48065247155297,7.28672753419685,1,2
15,19,19,7.87041878616401,3.42047353958261,5.11471196084516,6.62048204311714,7.85797531594371,1,2
15,19,21,7.87041878616401,3.42047353958261,4.38043938950676,6.10116332764945,7.1567753177435,1,2
15,19,22,7.87041878616401,3.42047353958261,6.03335108177001,5.86030284261349,7.53751038949878,1,2
15,19,26,7.87041878616401,3.42047353958261,6.38248459525445,4.96752967108888,7.33324053512773,1,2
15,19,27,7.87041878616401,3.42047353958261,4.86201665717077,5.1235140420251,7.27475333218376,1,2
15,19,29,7.87041878616401,3.42047353958261,6.39641539399164,7.0314700659452,7.82445713383969,1,2
15,19,32,7.87041878616401,3.42047353958261,4.35540316034238,5.96467615542442,7.57612163922903,1,2
15,19,34,7.87041878616401,3.42047353958261,6.79071069500133,5.57160157289418,7.53620057320742,1,2
15,19,38,7.87041878616401,3.42047353958261,4.0891011488966,6.2524447786765,7.54443591436502,1,2
15,19,43,7.87041878616401,3.42047353958261,6.60444125960289,6.28653458746627,7.48392829632137,1,2
15,19,47,7.87041878616401,3.42047353958261,5.55797898815617,5.87102350104602,7.28588256816006,1,2
15,19,48,7.87041878616401,3.42047353958261,3.46282987737209,6.02460187405899,7.45917808195437,1,2
15,19,50,7.87041878616401,3.42047353958261,6.33724220821312,6.13389042162387,7.41441515281299,1,2
15,19,51,7.87041878616401,3.42047353958261,5.05105167348596,6.65478446418903,7.43613372797421,1,2
15,19,55,7.87041878616401,3.42047353958261,4.25720619550783,6.53869573096624,7.26040513443629,1,2
15,19,56,7.87041878616401,3.42047353958261,5.56545450482396,5.77171851541584,7.22537441013234,1,2
15,19,57,7.87041878616401,3.42047353958261,5.60122160923424,6.65745598821812,7.68673068459491,1,2
15,19,58,7.87041878616401,3.42047353958261,4.93443336928487,5.4179120281498,7.32334401704561,1,2
15,19,61,7.87041878616401,3.42047353958261,3.76239024463473,6.6723491582381,7.70498986210049,1,2
15,19,62,7.87041878616401,3.42047353958261,4.37307038500483,5.3953852205858,7.04814769702836,1,2
15,19,64,7.87041878616401,3.42047353958261,1.97198603893877,5.78083580305648,7.02300583535776,1,2
15,19,65,7.87041878616401,3.42047353958261,3.6673868832704,6.02048106135998,7.07018077164501,1,2
15,19,69,7.87041878616401,3.42047353958261,4.5005008526016,5.38353388607114,7.1803288336963,1,2
15,19,70,7.87041878616401,3.42047353958261,4.88136138612213,6.08076390325561,7.18753569414293,1,2
15,19,72,7.87041878616401,3.42047353958261,2.67113073811646,6.37013815945155,7.40652191038074,1,2
15,19,74,7.87041878616401,3.42047353958261,4.96047218455235,4.9943882186054,7.26849621845773,1,2
15,19,77,7.87041878616401,3.42047353958261,4.88127052140396,6.67991158392409,7.50280568059668,1,2
15,20,1,7.87041878616401,3.42047353958261,5.62723616835846,6.48071452380743,7.66405786470696,1,2
15,20,2,7.87041878616401,3.42047353958261,4.89238972832037,6.28845342857862,7.38518890495006,1,2
15,20,5,7.87041878616401,3.42047353958261,4.82481099068261,6.503354450192,7.64216945921452,1,2
15,20,9,7.87041878616401,3.42047353958261,3.16069593339406,6.90374615777688,7.18996398812122,1,2
15,20,10,7.87041878616401,3.42047353958261,6.02422621725198,5.89018986891552,7.21489186840708,1,2
15,20,12,7.87041878616401,3.42047353958261,4.62906870627747,6.27234500335546,7.62712389762969,1,2
15,20,13,7.87041878616401,3.42047353958261,4.37313801099684,6.23871608619715,7.17370165328377,1,2
15,20,15,7.87041878616401,3.42047353958261,4.56322734585347,6.29111881347979,7.70618301261744,1,2
15,20,16,7.87041878616401,3.42047353958261,6.93413616253232,5.92972116683045,7.56276533188739,1,2
15,20,17,7.87041878616401,3.42047353958261,5.29491669621345,7.16378372539027,7.65504013877487,1,2
15,20,22,7.87041878616401,3.42047353958261,4.78493130842639,5.84419350758289,7.33603532888765,1,2
15,20,23,7.87041878616401,3.42047353958261,5.53414576236243,5.56865165899816,7.40495296915173,1,2
15,20,24,7.87041878616401,3.42047353958261,4.69160397297259,5.87238756050407,7.51466903597819,1,2
15,20,26,7.87041878616401,3.42047353958261,4.08635724060933,5.27543333997103,7.0229234488021,1,2
15,20,27,7.87041878616401,3.42047353958261,5.25333074749951,6.62166980645859,7.50481488113137,1,2
15,20,28,7.87041878616401,3.42047353958261,5.04616737987902,5.66886926115229,7.4750698680092,1,2
15,20,29,7.87041878616401,3.42047353958261,4.8483861409575,5.87563603686548,7.26503029003964,1,2
15,20,30,7.87041878616401,3.42047353958261,3.53556302616269,5.65660374356806,7.07084217095705,1,2
15,20,31,7.87041878616401,3.42047353958261,5.66089015482029,5.19914883310852,7.28099566865381,1,2
15,20,32,7.87041878616401,3.42047353958261,5.78498185138232,6.63759207009343,7.57589368897212,1,2
15,20,33,7.87041878616401,3.42047353958261,4.54399099110828,6.35820702582126,7.55663762269329,1,2
15,20,34,7.87041878616401,3.42047353958261,7.96587954968205,6.87902172418999,7.72965074620855,1,2
15,20,36,7.87041878616401,3.42047353958261,5.38069376010451,6.7705639854458,7.46779759535996,1,2
15,20,38,7.87041878616401,3.42047353958261,6.43797806181247,6.21815712757432,7.21479060985139,1,2
15,20,39,7.87041878616401,3.42047353958261,6.78013564001066,5.42064490466399,7.3754028644175,1,2
15,20,41,7.87041878616401,3.42047353958261,4.52175559747913,6.55914459472718,7.37666624512034,1,2
15,20,42,7.87041878616401,3.42047353958261,6.06494952697666,6.43747747000383,7.69275956644539,1,2
15,20,44,7.87041878616401,3.42047353958261,4.03055327077931,6.338213003461,7.23393986077657,1,2
15,20,48,7.87041878616401,3.42047353958261,3.63203982954895,5.73357139211561,7.38674873387763,1,2
15,20,50,7.87041878616401,3.42047353958261,5.37173710748796,6.17216733992999,7.35520565197479,1,2
15,20,51,7.87041878616401,3.42047353958261,6.75143712760071,6.16432417703646,7.45160067635713,1,2
15,20,53,7.87041878616401,3.42047353958261,5.3549912197974,6.40679927480495,7.82904193585987,1,2
15,20,55,7.87041878616401,3.42047353958261,5.31496322949783,5.92894909782313,7.15586590443432,1,2
15,20,56,7.87041878616401,3.42047353958261,3.65015156098171,7.22490433160939,7.41507077095405,1,2
15,20,57,7.87041878616401,3.42047353958261,4.60175299433135,5.82374972036188,7.23321460750883,1,2
15,20,58,7.87041878616401,3.42047353958261,3.21912084764,5.7281826501515,6.96310362400465,1,2
15,20,59,7.87041878616401,3.42047353958261,4.85882403538225,6.58375500389755,7.65013546114452,1,2
15,20,60,7.87041878616401,3.42047353958261,4.92540258556075,6.21625724993255,7.55629160778903,1,2
15,20,61,7.87041878616401,3.42047353958261,5.85505512143586,6.18195243231795,7.60316973911489,1,2
15,21,2,7.87041878616401,3.42047353958261,5.04812156231977,5.80664368416922,7.3773732483462,1,2
15,21,7,7.87041878616401,3.42047353958261,6.31162316078605,6.61334583712513,7.3137724333969,1,2
15,21,9,7.87041878616401,3.42047353958261,5.42114208034857,5.69528149737278,7.21511263022096,1,2
15,21,10,7.87041878616401,3.42047353958261,5.87409397749031,5.90347066157598,7.72950725122024,1,2
15,21,13,7.87041878616401,3.42047353958261,4.40948305351745,6.60866118496823,7.53149510566104,1,2
15,21,14,7.87041878616401,3.42047353958261,4.25589925827844,6.74724786834242,7.6101924201019,1,2
15,21,15,7.87041878616401,3.42047353958261,4.6482696803067,5.84993612242902,7.05117140616018,1,2
15,21,19,7.87041878616401,3.42047353958261,3.94325790346225,4.73698896182217,7.03013928639862,1,2
15,21,22,7.87041878616401,3.42047353958261,6.37574149789195,5.29536496884044,7.11843952957258,1,2
15,21,23,7.87041878616401,3.42047353958261,4.24413272884096,6.20558480859987,7.46497696108951,1,2
15,21,25,7.87041878616401,3.42047353958261,6.31781121754183,6.59569723157265,7.64834359973257,1,2
15,21,26,7.87041878616401,3.42047353958261,3.72668474459126,6.18714406364924,7.50841390580913,1,2
15,21,29,7.87041878616401,3.42047353958261,2.21833469895123,6.06349916224721,6.93085568470525,1,2
15,21,32,7.87041878616401,3.42047353958261,4.74267687338653,7.10366447766042,7.87225179480002,1,2
15,21,33,7.87041878616401,3.42047353958261,7.98863373751322,5.8651991807089,7.89021627105704,1,2
15,21,34,7.87041878616401,3.42047353958261,6.89551896520122,5.62403508932795,7.36543309024583,1,2
15,21,35,7.87041878616401,3.42047353958261,5.99590062474984,6.19640748700874,7.3543606090125,1,2
15,21,37,7.87041878616401,3.42047353958261,4.84915087787622,6.00303070658408,7.43751048169984,1,2
15,21,40,7.87041878616401,3.42047353958261,5.76432880679731,7.04352461317704,7.94271454353597,1,2
15,21,42,7.87041878616401,3.42047353958261,4.0448602529197,6.61369081214173,7.43159718010061,1,2
15,21,43,7.87041878616401,3.42047353958261,3.24283712236858,6.2186745697227,7.48074130941109,1,2
15,21,44,7.87041878616401,3.42047353958261,6.49483890800753,5.93300508771375,7.45859217136504,1,2
15,21,45,7.87041878616401,3.42047353958261,4.96518973765606,5.99907366662512,7.6347026380519,1,2
15,21,48,7.87041878616401,3.42047353958261,3.77775264590496,5.59911244191204,7.48728148777799,1,2
15,21,49,7.87041878616401,3.42047353958261,5.7151756044584,6.80945596742194,7.74048071005981,1,2
15,21,51,7.87041878616401,3.42047353958261,3.97591759107552,5.79878453454699,7.33973378490637,1,2
15,21,52,7.87041878616401,3.42047353958261,5.92539470163547,5.79170124753841,7.37480790141513,1,2
15,21,57,7.87041878616401,3.42047353958261,4.1179172300474,5.89097548890705,7.35845117520148,1,2
15,21,60,7.87041878616401,3.42047353958261,1.54257521673193,6.19523591983105,7.28518029913718,1,2
15,21,64,7.87041878616401,3.42047353958261,4.26996150819605,5.57083077415457,7.19839733664581,1,2
15,21,65,7.87041878616401,3.42047353958261,3.23659733364773,5.38835003305658,7.24964712681872,1,2
15,21,68,7.87041878616401,3.42047353958261,3.45035038957349,5.5721722073436,7.22134494793106,1,2
15,21,71,7.87041878616401,3.42047353958261,3.8893658437386,5.34773278752633,7.26439230119968,1,2
15,21,73,7.87041878616401,3.42047353958261,5.1118629201017,4.98060913114761,6.9445858791818,1,2
15,21,74,7.87041878616401,3.42047353958261,6.81500396537257,6.24523422560475,7.46122121815955,1,2
15,21,75,7.87041878616401,3.42047353958261,5.41013276105913,6.37731878267686,7.57202300537925,1,2
15,22,1,7.87041878616401,3.42047353958261,3.84876432493866,6.19506847616189,7.91303673451372,1,2
15,22,3,7.87041878616401,3.42047353958261,4.66156030137578,6.47280972999634,7.72343927723579,1,2
15,22,6,7.87041878616401,3.42047353958261,5.72523221721343,5.49997434108782,7.45568000543053,1,2
15,22,10,7.87041878616401,3.42047353958261,7.46949986454468,6.06407455453418,7.59755369633061,1,2
15,22,13,7.87041878616401,3.42047353958261,5.30232301652665,6.05087716831771,7.60824100682784,1,2
15,22,16,7.87041878616401,3.42047353958261,5.22747569371016,5.45203811366348,7.72887870946187,1,2
15,22,17,7.87041878616401,3.42047353958261,4.78558569886363,5.1389459428911,7.64469101441103,1,2
15,22,18,7.87041878616401,3.42047353958261,3.69341295106723,6.22089162737588,7.64956529707385,1,2
15,22,21,7.87041878616401,3.42047353958261,5.39529412742751,6.57611538096927,7.82356453077503,1,2
15,22,29,7.87041878616401,3.42047353958261,4.83267476534472,5.88072397380325,7.77959883515726,1,2
15,22,34,7.87041878616401,3.42047353958261,4.39394314630704,6.72743764592447,7.57936250353329,1,2
15,22,38,7.87041878616401,3.42047353958261,5.69729529051966,6.11774589620922,7.82417580863418,1,2
15,22,39,7.87041878616401,3.42047353958261,4.2999951268186,5.49052155498453,7.39701826273856,1,2
15,22,42,7.87041878616401,3.42047353958261,3.50034790251979,5.55989275257156,7.57001838955218,1,2
15,22,46,7.87041878616401,3.42047353958261,4.18502457347721,6.55882376315471,7.78492058278362,1,2
15,22,48,7.87041878616401,3.42047353958261,5.46155254336336,6.26509960482106,7.90514715487572,1,2
15,22,49,7.87041878616401,3.42047353958261,4.46382929541324,5.89212133537324,7.57309403909559,1,2
15,22,52,7.87041878616401,3.42047353958261,3.97402402297621,6.75346838559829,7.59091838613007,1,2
15,22,53,7.87041878616401,3.42047353958261,3.98332943484664,5.89158464670248,7.43187997619909,1,2
15,22,55,7.87041878616401,3.42047353958261,5.01068448314896,6.7070791870228,7.84801407795371,1,2
15,22,58,7.87041878616401,3.42047353958261,5.53699456704707,5.76750940496442,7.69961723587796,1,2
15,22,60,7.87041878616401,3.42047353958261,4.28955169524408,5.84132930152086,7.39483828609306,1,2
15,22,61,7.87041878616401,3.42047353958261,3.59064722558713,5.51931523657915,7.85554955500246,1,2
15,22,64,7.87041878616401,3.42047353958261,2.81807808460003,6.21643472840605,7.67724284314234,1,2
15,22,66,7.87041878616401,3.42047353958261,4.41864735809435,5.9046347860667,7.75834721774784,1,2
15,22,67,7.87041878616401,3.42047353958261,6.88899972971789,5.63954174227729,7.67763795032907,1,2
15,22,68,7.87041878616401,3.42047353958261,8.05460011923816,5.79438458087092,8.11424574282514,1,2
15,23,1,7.87041878616401,3.42047353958261,3.34883741958452,6.02276459164267,7.55183366167435,1,2
15,23,2,7.87041878616401,3.42047353958261,4.24599623287371,6.27308187282947,8.05005311434602,1,2
15,23,3,7.87041878616401,3.42047353958261,6.61081938017648,5.73536561704333,8.19002636232859,1,2
15,23,6,7.87041878616401,3.42047353958261,4.17537757652249,6.50156462907583,8.02420840002846,1,2
15,23,7,7.87041878616401,3.42047353958261,4.38540600750579,6.20639010402615,7.6942548530385,1,2
15,23,8,7.87041878616401,3.42047353958261,5.28394844569342,6.67176983764027,7.76227137360359,1,2
15,23,15,7.87041878616401,3.42047353958261,4.39497906219598,5.87525643819946,7.38129258850043,1,2
15,23,16,7.87041878616401,3.42047353958261,5.01360567031472,6.1707706434068,7.59131241469838,1,2
15,23,17,7.87041878616401,3.42047353958261,5.30931807294044,6.21964559993567,7.8023528703726,1,2
15,23,22,7.87041878616401,3.42047353958261,5.44428534649217,5.9679835012478,7.79202342324474,1,2
15,23,23,7.87041878616401,3.42047353958261,4.7346545880857,6.55874747674386,8.13852704252189,1,2
15,23,25,7.87041878616401,3.42047353958261,5.04626571904985,5.96147454287581,8.05097411483266,1,2
15,23,27,7.87041878616401,3.42047353958261,3.90403628916733,6.12592125962546,7.69713185509297,1,2
15,23,30,7.87041878616401,3.42047353958261,5.08118316575843,5.59454910804482,7.56156230224032,1,2
15,23,36,7.87041878616401,3.42047353958261,6.77323904584875,7.14024278507109,8.24782913029137,1,2
15,23,39,7.87041878616401,3.42047353958261,6.90014339310376,6.11486921754991,7.87264293559899,1,2
15,23,40,7.87041878616401,3.42047353958261,4.45683599942774,5.69614707862769,7.84204185546368,1,2
15,23,41,7.87041878616401,3.42047353958261,6.05558688331043,5.72061065750869,7.81195392289173,1,2
15,23,43,7.87041878616401,3.42047353958261,5.29783257753051,6.03536221347291,8.05541471937772,1,2
15,23,44,7.87041878616401,3.42047353958261,7.04431942998112,6.31645925197442,8.05519361456117,1,2
15,23,51,7.87041878616401,3.42047353958261,4.11341044815529,5.82048781983581,7.7995157835757,1,2
15,23,52,7.87041878616401,3.42047353958261,6.5353207641838,6.10166925764707,8.33918193933202,1,2
15,23,54,7.87041878616401,3.42047353958261,3.49223862743539,6.25541825225519,7.6017180643986,1,2
15,23,55,7.87041878616401,3.42047353958261,4.31818927238467,5.9970373753337,7.86841187911312,1,2
15,23,56,7.87041878616401,3.42047353958261,5.2365257101996,7.08958186875893,7.98396806907149,1,2
15,23,61,7.87041878616401,3.42047353958261,4.49434654343843,5.68180439562781,7.96516283178937,1,2
15,23,63,7.87041878616401,3.42047353958261,4.84671479304196,5.82394008428632,7.24473632996966,1,2
15,23,64,7.87041878616401,3.42047353958261,4.56615741687019,6.78176940861205,8.16011878869596,1,2
15,23,65,7.87041878616401,3.42047353958261,4.50556093489826,5.89418947556464,7.93846143264886,1,2
15,23,66,7.87041878616401,3.42047353958261,5.32043933843712,6.12739663995943,7.56994721140543,1,2
15,23,67,7.87041878616401,3.42047353958261,5.29528018678435,6.08966670350086,7.88663308811549,1,2
15,23,68,7.87041878616401,3.42047353958261,5.2315461633684,6.29113679479882,8.13602056967243,1,2
15,23,69,7.87041878616401,3.42047353958261,5.3637411878018,5.31763100043373,8.07035253535954,1,2
15,23,70,7.87041878616401,3.42047353958261,5.28547203111893,5.40306428376701,7.93178399611412,1,2
15,23,72,7.87041878616401,3.42047353958261,6.78271457178972,6.42688826051012,8.00462366930305,1,2
15,23,77,7.87041878616401,3.42047353958261,3.96116812324593,5.60027321345965,7.49747761262018,1,2
15,23,79,7.87041878616401,3.42047353958261,5.58639538318186,5.90665913238805,7.87111638594043,1,2
15,24,1,7.87041878616401,3.42047353958261,4.38214953327308,6.28252041942959,7.55007170223846,1,2
15,24,2,7.87041878616401,3.42047353958261,3.57801856660794,6.04350565798142,7.7695642888633,1,2
15,24,3,7.87041878616401,3.42047353958261,5.5683355882971,5.10032497471199,7.67889152989156,1,2
15,24,4,7.87041878616401,3.42047353958261,5.57865474265948,5.97913096938287,7.76727403952249,1,2
15,24,5,7.87041878616401,3.42047353958261,4.88998715294675,5.77568586794177,7.33002217308982,1,2
15,24,7,7.87041878616401,3.42047353958261,5.58840536088411,4.71963710761392,7.59218955809652,1,2
15,24,8,7.87041878616401,3.42047353958261,5.71279654981621,6.25138104115351,8.07569441300196,1,2
15,24,9,7.87041878616401,3.42047353958261,4.96516270896933,6.45921343676244,7.85939014011477,1,2
15,24,14,7.87041878616401,3.42047353958261,5.07733896772626,6.05028620334711,7.94796257159708,1,2
15,24,18,7.87041878616401,3.42047353958261,4.86128408102022,4.67643560101363,7.64810018243725,1,2
15,24,19,7.87041878616401,3.42047353958261,4.49481505956949,5.6442794235966,7.73222399771381,1,2
15,24,20,7.87041878616401,3.42047353958261,5.35707529025092,5.94242555935211,7.8118659717437,1,2
15,24,24,7.87041878616401,3.42047353958261,5.91350951996813,5.87712125165624,7.92590186343181,1,2
15,24,27,7.87041878616401,3.42047353958261,4.59510889880435,6.03793039949089,7.88377824698635,1,2
15,24,28,7.87041878616401,3.42047353958261,3.49509786150388,7.06509112601306,8.15584175218578,1,2
15,24,29,7.87041878616401,3.42047353958261,6.15817819111095,5.70033279956799,7.78770226472894,1,2
15,24,30,7.87041878616401,3.42047353958261,7.02793633579898,4.80054711404433,7.68108248388181,1,2
15,24,32,7.87041878616401,3.42047353958261,8.26093869526059,5.33787852831233,7.82468808853534,1,2
15,24,33,7.87041878616401,3.42047353958261,4.10614158704754,6.18685699445592,7.66313727341189,1,2
15,24,36,7.87041878616401,3.42047353958261,3.65333626682334,6.34510682023119,8.09247626003449,1,2
15,24,37,7.87041878616401,3.42047353958261,4.56850004398187,4.94081424265394,7.87912532288306,1,2
15,24,39,7.87041878616401,3.42047353958261,5.35653760087213,6.88310028292942,7.80317287610176,1,2
15,24,40,7.87041878616401,3.42047353958261,5.70807914125477,5.58935334202472,7.75626731541089,1,2
15,24,44,7.87041878616401,3.42047353958261,5.85696356968061,6.40973995482337,7.75591238989342,1,2
15,24,45,7.87041878616401,3.42047353958261,4.87597551789627,6.17628493268463,7.83815268798598,1,2
15,24,47,7.87041878616401,3.42047353958261,5.59079026966194,6.01308640493981,7.80963064162067,1,2
15,24,53,7.87041878616401,3.42047353958261,5.72069879845179,5.82080214762349,7.51690725318073,1,2
15,24,56,7.87041878616401,3.42047353958261,4.20534817057335,5.88898374118628,7.43824257890601,1,2
15,24,57,7.87041878616401,3.42047353958261,4.39680643921616,5.822718415966,7.68984694528371,1,2
15,24,60,7.87041878616401,3.42047353958261,5.07581987396536,6.29035660509274,8.11133562331109,1,2
15,25,1,7.87041878616401,3.42047353958261,3.39459102819688,7.27392581420969,8.30756383887497,1,2
15,25,6,7.87041878616401,3.42047353958261,5.95690787527054,6.06538772036955,8.16313661126028,1,2
15,25,8,7.87041878616401,3.42047353958261,4.0250625844826,5.35057304364316,7.66851675802629,1,2
15,25,9,7.87041878616401,3.42047353958261,3.89527985148991,6.48471496761035,7.91347114591969,1,2
15,25,11,7.87041878616401,3.42047353958261,4.87957869684546,5.66329558792258,8.04750537098834,1,2
15,25,12,7.87041878616401,3.42047353958261,6.56108974825778,6.04365204667978,8.39412776691266,1,2
15,25,13,7.87041878616401,3.42047353958261,6.04462237031661,6.3561716855671,8.19750855401789,1,2
15,25,17,7.87041878616401,3.42047353958261,5.20169676808271,5.82875095884352,8.2651289438232,1,2
15,25,19,7.87041878616401,3.42047353958261,6.07296765001139,5.21459509933868,8.30661118670987,1,2
15,25,21,7.87041878616401,3.42047353958261,3.03817070448233,6.41150993558529,7.97462670127595,1,2
15,25,22,7.87041878616401,3.42047353958261,3.89647973563388,6.71112890635993,8.49662395240355,1,2
15,25,25,7.87041878616401,3.42047353958261,5.33947895888855,6.21189398539864,7.83166170628893,1,2
15,25,26,7.87041878616401,3.42047353958261,4.45973779256647,5.9701896205796,8.03592613794865,1,2
15,25,31,7.87041878616401,3.42047353958261,5.77882996683838,6.0442375214136,8.35792828639815,1,2
15,25,33,7.87041878616401,3.42047353958261,6.07421113975796,5.91542652150413,8.32342313952582,1,2
15,25,34,7.87041878616401,3.42047353958261,4.03028418743654,6.62286602919036,7.97899218774103,1,2
15,25,38,7.87041878616401,3.42047353958261,4.32238553363333,6.65759601837828,8.1605250559688,1,2
15,25,39,7.87041878616401,3.42047353958261,6.72218822406826,5.38570398949561,8.010089294437,1,2
15,25,43,7.87041878616401,3.42047353958261,6.58133158042022,6.24414187649241,8.07704917437778,1,2
15,25,44,7.87041878616401,3.42047353958261,6.27688452346103,5.28637209289609,8.32861335758997,1,2
15,25,45,7.87041878616401,3.42047353958261,5.26973763029365,4.59643356061289,8.01362954270281,1,2
15,25,46,7.87041878616401,3.42047353958261,3.24223541755665,5.8290600369525,8.08697309308957,1,2
15,25,48,7.87041878616401,3.42047353958261,3.45684221742347,5.76582081639074,7.78942282132758,1,2
15,25,50,7.87041878616401,3.42047353958261,2.92666272822577,6.55869526378675,7.56906371086051,1,2
15,25,55,7.87041878616401,3.42047353958261,7.79961573268556,5.3777005917302,8.11060743873412,1,2
15,25,56,7.87041878616401,3.42047353958261,6.89303223175695,5.54541482405839,8.30519897018256,1,2
15,25,58,7.87041878616401,3.42047353958261,4.74945482417068,6.69395049160721,7.93839731980354,1,2
15,25,60,7.87041878616401,3.42047353958261,5.47571790184085,5.88891508861625,7.90907604566654,1,2
15,25,61,7.87041878616401,3.42047353958261,6.19918143466418,6.68667179310206,8.38857918811328,1,2
15,25,63,7.87041878616401,3.42047353958261,5.60990508506092,6.14881295224756,8.34504967647698,1,2
15,25,64,7.87041878616401,3.42047353958261,5.59567966129796,5.865061778123,8.05558686982917,1,2
15,25,65,7.87041878616401,3.42047353958261,6.13332412301518,7.10714547540123,8.51225118301193,1,2
15,25,66,7.87041878616401,3.42047353958261,5.46942149551131,5.6259664115818,8.02954405648201,1,2
15,25,67,7.87041878616401,3.42047353958261,5.54596227526569,6.16962977373397,8.21923938709198,1,2
15,25,68,7.87041878616401,3.42047353958261,5.33532451709844,5.22649046497517,7.85522621862016,1,2
15,25,69,7.87041878616401,3.42047353958261,6.05655474678925,5.8430175793505,8.21498202577325,1,2
15,25,70,7.87041878616401,3.42047353958261,5.20548368731134,5.52817028039405,7.87123768665747,1,2
15,25,74,7.87041878616401,3.42047353958261,5.86667805065875,5.15242104503546,8.02127618185515,1,2
15,25,75,7.87041878616401,3.42047353958261,4.41606274752122,6.65541612523688,8.42280495668007,1,2
15,25,78,7.87041878616401,3.42047353958261,5.80838312134122,5.34292859677011,7.84713953305806,1,2
15,25,79,7.87041878616401,3.42047353958261,5.48741424572956,5.45516641473864,8.26537792945867,1,2
15,25,82,7.87041878616401,3.42047353958261,5.61187429179679,5.42643059388514,8.13713605095636,1,2
15,25,87,7.87041878616401,3.42047353958261,4.95643530559605,5.42258063209895,7.82446484475851,1,2
15,26,3,7.87041878616401,3.42047353958261,4.95951517173165,6.43036626083509,8.3065321845199,1,2
15,26,5,7.87041878616401,3.42047353958261,5.21473118949136,5.69198515452552,8.14985860474923,1,2
15,26,8,7.87041878616401,3.42047353958261,5.40027512081899,5.63683861711151,7.96535526336979,1,2
15,26,10,7.87041878616401,3.42047353958261,6.63554011120612,6.57970704244876,8.08918216585558,1,2
15,26,17,7.87041878616401,3.42047353958261,5.94847621985937,5.817850424913,8.05280469370767,1,2
15,26,21,7.87041878616401,3.42047353958261,6.58096270617728,5.7851034544319,8.26686897349498,1,2
15,26,22,7.87041878616401,3.42047353958261,5.49861549070453,6.33605007710022,8.39316516112258,1,2
15,26,28,7.87041878616401,3.42047353958261,5.82182208557258,5.86482327700027,7.86093171684052,1,2
15,26,31,7.87041878616401,3.42047353958261,4.60546282614485,5.37157541529182,8.23740632114079,1,2
15,26,33,7.87041878616401,3.42047353958261,3.67697571599723,5.00001790794556,7.61984028441848,1,2
15,26,34,7.87041878616401,3.42047353958261,4.48323757245363,5.80594583253614,8.02609801221139,1,2
15,26,35,7.87041878616401,3.42047353958261,5.15201489070281,5.36484881588453,8.13953063381304,1,2
15,26,36,7.87041878616401,3.42047353958261,2.37084523520824,6.08573416351864,7.98216678504969,1,2
15,26,38,7.87041878616401,3.42047353958261,5.93644082112088,5.85537344190323,8.35572501143785,1,2
15,26,41,7.87041878616401,3.42047353958261,3.17943351495343,5.64678928290449,7.82173934629592,1,2
15,26,42,7.87041878616401,3.42047353958261,3.57053329348161,6.14441930460035,8.74162526489326,1,2
15,26,44,7.87041878616401,3.42047353958261,4.71229175755322,6.4203593614349,8.01891474609169,1,2
15,26,47,7.87041878616401,3.42047353958261,5.57840860355218,6.14229402538178,8.43406443638649,1,2
15,26,50,7.87041878616401,3.42047353958261,3.83889671805121,5.85321891236215,8.09994974578534,1,2
15,26,51,7.87041878616401,3.42047353958261,6.54754300588027,6.5312681785595,8.5123688482768,1,2
15,26,57,7.87041878616401,3.42047353958261,4.86363387505844,5.3820152649489,7.86992552207055,1,2
15,26,58,7.87041878616401,3.42047353958261,5.9464868299965,5.38055994903487,8.22079305917328,1,2
15,26,59,7.87041878616401,3.42047353958261,5.0121773482028,5.87204130417231,8.11075857157914,1,2
15,26,60,7.87041878616401,3.42047353958261,6.07284257992643,5.48018327217653,8.25044428423582,1,2
15,26,61,7.87041878616401,3.42047353958261,6.28465507342267,6.85068994150322,8.42823526657887,1,2
15,26,63,7.87041878616401,3.42047353958261,6.21888645370217,5.81768862734394,7.93198210671549,1,2
15,26,64,7.87041878616401,3.42047353958261,3.71791100331841,6.92564695491518,8.46142263319851,1,2
15,26,67,7.87041878616401,3.42047353958261,5.09717333798315,5.1827348627293,7.79728630168872,1,2
15,26,68,7.87041878616401,3.42047353958261,3.52763104498687,6.28407102553665,7.79948448016051,1,2
15,26,73,7.87041878616401,3.42047353958261,5.75278997127773,6.37092672742995,8.32615385571395,1,2
15,26,74,7.87041878616401,3.42047353958261,5.76059471482654,5.04707789246041,7.96124507654481,1,2
15,26,76,7.87041878616401,3.42047353958261,4.53105327272478,6.33087765536872,8.13001200743721,1,2
15,26,78,7.87041878616401,3.42047353958261,6.27076393009961,6.01284988210804,7.82103009556437,1,2
15,26,80,7.87041878616401,3.42047353958261,4.05981109559793,6.24613641791544,8.06264422573186,1,2
15,26,81,7.87041878616401,3.42047353958261,2.93333126926184,5.67737484942966,8.29692249263826,1,2
15,26,83,7.87041878616401,3.42047353958261,5.25013992873916,5.31981984156025,7.97103125345635,1,2
15,26,85,7.87041878616401,3.42047353958261,5.6790204063881,6.12675222158114,8.44561966904948,1,2
15,26,88,7.87041878616401,3.42047353958261,4.99360951946376,5.99939290820201,8.17140182125908,1,2
15,26,89,7.87041878616401,3.42047353958261,4.5543419490827,6.14125256211679,7.99701666593682,1,2
15,27,4,7.87041878616401,3.42047353958261,3.82493835256936,5.85291624221183,7.9718424346885,1,2
15,27,5,7.87041878616401,3.42047353958261,4.72352541167503,6.66005796633995,8.41902065364662,1,2
15,27,6,7.87041878616401,3.42047353958261,4.81428984424255,5.79859468603691,8.21760826078904,1,2
15,27,7,7.87041878616401,3.42047353958261,3.74871716188064,5.04557755189399,8.09571768908915,1,2
15,27,8,7.87041878616401,3.42047353958261,5.18730140021104,5.32503257926972,8.03941860461566,1,2
15,27,10,7.87041878616401,3.42047353958261,4.21532224695216,5.94013963992394,8.06119871340128,1,2
15,27,12,7.87041878616401,3.42047353958261,2.66648478348635,5.60655222022978,8.27404449870306,1,2
15,27,15,7.87041878616401,3.42047353958261,3.88593869679188,6.47819569738714,8.14769716522741,1,2
15,27,16,7.87041878616401,3.42047353958261,4.46857643754083,7.10538448377459,8.3568706354908,1,2
15,27,17,7.87041878616401,3.42047353958261,5.20269784564438,5.90695917028035,8.35488219110143,1,2
15,27,18,7.87041878616401,3.42047353958261,4.98741961282132,6.51545984567643,8.38428371408651,1,2
15,27,19,7.87041878616401,3.42047353958261,6.66992316115039,6.68676969986215,8.56285385130645,1,2
15,27,22,7.87041878616401,3.42047353958261,4.35474760270442,4.91447956854841,8.38541548059716,1,2
15,27,30,7.87041878616401,3.42047353958261,5.39781729514929,6.05646606500831,8.38781095119022,1,2
15,27,33,7.87041878616401,3.42047353958261,5.52073689643546,6.12127859377545,8.28763618622465,1,2
15,27,34,7.87041878616401,3.42047353958261,4.18692436416333,6.43070803003654,8.1670288741302,1,2
15,27,35,7.87041878616401,3.42047353958261,4.90728060822145,5.47100720943984,7.90712415033103,1,2
15,27,38,7.87041878616401,3.42047353958261,4.0495148450533,5.80105375706307,8.22902097702973,1,2
15,27,39,7.87041878616401,3.42047353958261,6.55068985991542,6.38874034161934,8.66571499164849,1,2
15,27,40,7.87041878616401,3.42047353958261,5.46085241712544,5.76823319750966,8.24951115481241,1,2
15,27,41,7.87041878616401,3.42047353958261,4.94599336730789,5.48210590725544,7.7122468538576,1,2
15,27,42,7.87041878616401,3.42047353958261,5.47783220205995,5.23312108892612,8.26625693132761,1,2
15,27,43,7.87041878616401,3.42047353958261,5.41698990205236,6.18950712172748,8.37730541564161,1,2
15,27,44,7.87041878616401,3.42047353958261,6.39820346406527,6.12492394936327,8.23282948419822,1,2
15,27,45,7.87041878616401,3.42047353958261,5.34204219821002,5.58049109746824,8.29701160459537,1,2
15,27,46,7.87041878616401,3.42047353958261,4.51331065332036,5.22615825472752,7.9667029900304,1,2
15,27,47,7.87041878616401,3.42047353958261,6.36865328478568,6.63078587591179,8.47275591259408,1,2
15,27,48,7.87041878616401,3.42047353958261,3.91900532054491,6.40618120256723,7.97325594019921,1,2
15,27,50,7.87041878616401,3.42047353958261,5.87572167445929,6.17161022072106,8.38272666468216,1,2
15,27,51,7.87041878616401,3.42047353958261,5.6905435939228,6.06385013671359,8.11091434084753,1,2
15,27,54,7.87041878616401,3.42047353958261,4.93827535310405,5.07933984804023,8.21240051511764,1,2
15,27,55,7.87041878616401,3.42047353958261,2.88146165895136,5.86605619671116,7.85157887732541,1,2
15,27,56,7.87041878616401,3.42047353958261,5.53659739685352,4.95730788396242,8.1139814759427,1,2
15,27,57,7.87041878616401,3.42047353958261,2.91452646933012,6.77441059631481,8.01550728762626,1,2
15,27,61,7.87041878616401,3.42047353958261,3.5259695071292,5.9301969733804,8.16710901305344,1,2
15,27,62,7.87041878616401,3.42047353958261,5.08837836707186,6.4782423624429,8.2741949738719,1,2
15,27,64,7.87041878616401,3.42047353958261,4.93033686751826,6.30642182512464,8.06895212425965,1,2
15,27,65,7.87041878616401,3.42047353958261,4.23137121522672,6.24658223862074,7.8337949262373,1,2
15,27,68,7.87041878616401,3.42047353958261,4.37136295299555,7.09872753349468,8.80690178048865,1,2
15,27,69,7.87041878616401,3.42047353958261,4.58912928594697,5.83127407373646,7.92009501166873,1,2
15,27,70,7.87041878616401,3.42047353958261,4.14956700038005,6.89992819427788,8.32366562201434,1,2
15,27,71,7.87041878616401,3.42047353958261,3.14506455449367,5.58452750807622,7.87381028375561,1,2
15,27,72,7.87041878616401,3.42047353958261,6.08381913525295,6.01755718297313,7.86221321430324,1,2
15,27,75,7.87041878616401,3.42047353958261,6.61456619208575,6.16457158912574,8.41431697327283,1,2
15,27,77,7.87041878616401,3.42047353958261,4.95162297562957,5.53570233326651,8.04454273536837,1,2
15,28,2,7.87041878616401,3.42047353958261,6.82012495935996,6.04155572276339,8.42903472747312,1,2
15,28,4,7.87041878616401,3.42047353958261,5.11721341146611,5.22405038399086,8.13868441598854,1,2
15,28,6,7.87041878616401,3.42047353958261,4.16056733056327,6.04933348834267,8.33783623164557,1,2
15,28,9,7.87041878616401,3.42047353958261,5.34855355552358,6.91484167822833,8.50314773970036,1,2
15,28,14,7.87041878616401,3.42047353958261,4.9609882986499,6.52589628664645,8.44791563943399,1,2
15,28,15,7.87041878616401,3.42047353958261,5.99112725536559,4.83426103363558,8.16499528191617,1,2
15,28,16,7.87041878616401,3.42047353958261,5.13539931511831,5.56551704172389,8.27652573434916,1,2
15,28,18,7.87041878616401,3.42047353958261,5.69204897662978,7.15222614361506,8.19105785452862,1,2
15,28,19,7.87041878616401,3.42047353958261,6.55640801530164,5.53188303697306,8.59311351214686,1,2
15,28,26,7.87041878616401,3.42047353958261,3.43811215810065,5.94087576043236,8.05023800841791,1,2
15,28,28,7.87041878616401,3.42047353958261,3.7990794997706,7.06782821721829,8.49656950379232,1,2
15,28,29,7.87041878616401,3.42047353958261,5.31928259116413,6.33239022286528,8.58541294278812,1,2
15,28,31,7.87041878616401,3.42047353958261,4.17031767082411,5.20753059300132,7.99999776178747,1,2
15,28,32,7.87041878616401,3.42047353958261,5.06439173794586,5.33363015507532,8.00331004566996,1,2
15,28,34,7.87041878616401,3.42047353958261,5.62822375300149,6.24505844894446,7.92541537589153,1,2
15,28,37,7.87041878616401,3.42047353958261,3.73611888020483,5.79048659026727,7.63664101370316,1,2
15,28,40,7.87041878616401,3.42047353958261,5.64972372362808,6.39375864516531,8.55272098834623,1,2
15,28,41,7.87041878616401,3.42047353958261,4.90811070536381,5.16918109126721,8.25640510497912,1,2
15,28,42,7.87041878616401,3.42047353958261,5.09663169223497,5.86386738730936,8.49343453552396,1,2
15,28,44,7.87041878616401,3.42047353958261,5.1012181167638,6.06056526275821,8.14946629629782,1,2
15,28,46,7.87041878616401,3.42047353958261,3.77855070958802,6.07535396847057,8.16989000746637,1,2
15,28,49,7.87041878616401,3.42047353958261,5.03707681014573,5.37943016674063,8.27980660067034,1,2
15,28,53,7.87041878616401,3.42047353958261,4.45892055563823,6.56795597451402,7.97383248666196,1,2
15,28,54,7.87041878616401,3.42047353958261,3.95064994581877,5.95185860939404,8.1645896439116,1,2
15,28,57,7.87041878616401,3.42047353958261,5.39765378260088,6.58555186912849,8.62249331654641,1,2
15,28,58,7.87041878616401,3.42047353958261,3.20334247375836,6.38948514167077,7.57218044461392,1,2
15,28,59,7.87041878616401,3.42047353958261,5.04826182891699,5.62354637665573,8.05765766448763,1,2
15,28,60,7.87041878616401,3.42047353958261,5.2722711610419,6.18432823396827,7.8475563240798,1,2
15,28,61,7.87041878616401,3.42047353958261,4.99416943902795,6.22829014444819,8.12622151743504,1,2
15,28,62,7.87041878616401,3.42047353958261,5.69611101785221,5.539212084713,8.35643800349858,1,2
15,28,63,7.87041878616401,3.42047353958261,6.06553377625132,5.7555834184067,8.45365629851755,1,2
15,28,66,7.87041878616401,3.42047353958261,7.13398179910726,6.11132089165983,8.24739550790694,1,2
15,28,68,7.87041878616401,3.42047353958261,4.48998892540984,6.64088143174548,8.51167987145033,1,2
15,29,1,7.87041878616401,3.42047353958261,5.93838597418994,5.90819980251046,8.26368470109197,1,2
15,29,2,7.87041878616401,3.42047353958261,4.78038446633981,5.88278679136777,8.42664834907206,1,2
15,29,6,7.87041878616401,3.42047353958261,4.67906609195833,5.91233974838578,8.3196926384604,1,2
15,29,9,7.87041878616401,3.42047353958261,5.13794392406113,5.79317527371051,8.38093351443043,1,2
15,29,10,7.87041878616401,3.42047353958261,4.90351598582506,6.33972706142777,8.50924153940326,1,2
15,29,11,7.87041878616401,3.42047353958261,4.68744730124094,6.18955478239459,8.79793931242996,1,2
15,29,12,7.87041878616401,3.42047353958261,4.57936764581601,5.33306083225598,8.22705978684425,1,2
15,29,13,7.87041878616401,3.42047353958261,4.27139991157319,5.3907930947237,8.33837389450276,1,2
15,29,15,7.87041878616401,3.42047353958261,5.76182605636122,4.94254710020391,8.31464611771202,1,2
15,29,18,7.87041878616401,3.42047353958261,5.73941908945142,6.42543500413384,8.92128777139301,1,2
15,29,19,7.87041878616401,3.42047353958261,6.40448977909654,6.69535709606647,8.46271855360293,1,2
15,29,22,7.87041878616401,3.42047353958261,5.67254192458423,5.94259441104763,8.23804589690521,1,2
15,29,24,7.87041878616401,3.42047353958261,4.61012989292983,7.21114311816974,8.46032298903508,1,2
15,29,25,7.87041878616401,3.42047353958261,5.61920558599623,5.3333748287502,8.98041145152534,1,2
15,29,27,7.87041878616401,3.42047353958261,3.76088886197132,6.90232013960515,8.65900662002006,1,2
15,29,28,7.87041878616401,3.42047353958261,4.60798266451066,5.6407791115039,8.25760541735525,1,2
15,29,29,7.87041878616401,3.42047353958261,3.16264604788283,5.51654357887519,7.75864807028317,1,2
15,29,30,7.87041878616401,3.42047353958261,4.06279731399221,5.75623149718135,8.25848674907684,1,2
15,29,32,7.87041878616401,3.42047353958261,4.99583178807313,6.12756547300986,8.88156708591561,1,2
15,29,33,7.87041878616401,3.42047353958261,4.09469610209899,5.81963234344442,8.23380084741101,1,2
15,29,35,7.87041878616401,3.42047353958261,5.09021391757544,6.34994363576511,8.31303799474025,1,2
15,29,36,7.87041878616401,3.42047353958261,5.76110761290244,5.7850108054281,8.42911682263325,1,2
15,29,40,7.87041878616401,3.42047353958261,3.40350246733405,5.85555379203258,8.50199526039805,1,2
15,29,41,7.87041878616401,3.42047353958261,5.30909493434111,6.56102510873328,8.31580469952717,1,2
15,29,42,7.87041878616401,3.42047353958261,3.77379178929138,6.43230376297036,8.2470883676206,1,2
15,29,43,7.87041878616401,3.42047353958261,5.16004551985471,6.24995826893314,8.39885780019919,1,2
15,29,44,7.87041878616401,3.42047353958261,4.78050331500998,6.2528109539836,8.2399242403905,1,2
15,29,45,7.87041878616401,3.42047353958261,4.0092748419326,6.13421356530026,8.28049627728468,1,2
15,29,46,7.87041878616401,3.42047353958261,6.01639944404178,5.64288261234961,8.14678176174259,1,2
15,29,48,7.87041878616401,3.42047353958261,4.784899892352,5.97982868902103,8.49654077152141,1,2
15,29,49,7.87041878616401,3.42047353958261,5.30547875207929,6.00584006892649,8.93151702654515,1,2
15,29,50,7.87041878616401,3.42047353958261,4.70786923301492,5.93330095394431,8.47970019487015,1,2
15,29,51,7.87041878616401,3.42047353958261,3.11000942411364,6.49864881618595,8.44441679063377,1,2
15,29,52,7.87041878616401,3.42047353958261,4.1930496069913,6.73547095465859,8.6865864383162,1,2
15,29,55,7.87041878616401,3.42047353958261,4.14758496433657,5.61063051330512,8.14695097713525,1,2
15,29,56,7.87041878616401,3.42047353958261,4.77451841727186,5.670974356378,8.77945719190835,1,2
15,29,58,7.87041878616401,3.42047353958261,3.85347225280061,5.92705975379372,8.41878740531777,1,2
15,29,61,7.87041878616401,3.42047353958261,6.6607550533549,5.69620650999758,9.1408467256701,1,2
15,29,62,7.87041878616401,3.42047353958261,4.8620962487261,6.91196046285497,8.79985409776524,1,2
15,29,64,7.87041878616401,3.42047353958261,5.02643621769265,5.68729858479084,8.82008083680265,1,2
15,29,66,7.87041878616401,3.42047353958261,5.34292378588876,5.43488294823982,8.1923335003247,1,2
15,29,67,7.87041878616401,3.42047353958261,6.26278349627714,5.71415661408943,8.30303294775432,1,2
15,29,70,7.87041878616401,3.42047353958261,4.42636861571671,5.33769447487684,8.29400915915955,1,2
15,29,71,7.87041878616401,3.42047353958261,5.58026060285078,5.41693446979496,8.524823897237,1,2
15,30,3,7.87041878616401,3.42047353958261,3.59083898843831,6.24727335967039,8.49964195578481,1,2
15,30,4,7.87041878616401,3.42047353958261,5.44541176660038,5.67962098302916,8.86157939572567,1,2
15,30,5,7.87041878616401,3.42047353958261,6.65473826942515,6.42838814650983,9.25708476525006,1,2
15,30,6,7.87041878616401,3.42047353958261,5.16651815600785,5.40035168164574,9.08800337930691,1,2
15,30,9,7.87041878616401,3.42047353958261,3.70126854471176,6.40803329446445,8.44347931675561,1,2
15,30,11,7.87041878616401,3.42047353958261,3.83946688285847,5.79741191510061,8.6109599258835,1,2
15,30,14,7.87041878616401,3.42047353958261,6.27361353552734,5.72963464733654,9.10633745754735,1,2
15,30,15,7.87041878616401,3.42047353958261,3.30521335728068,6.44459940019203,8.33681405878986,1,2
15,30,16,7.87041878616401,3.42047353958261,4.00154362232416,6.07527445207089,8.60688932378431,1,2
15,30,17,7.87041878616401,3.42047353958261,7.84116043524876,6.19622372569242,9.04461846881675,1,2
15,30,18,7.87041878616401,3.42047353958261,3.42411553996979,6.19773053159707,8.6432429606454,1,2
15,30,23,7.87041878616401,3.42047353958261,4.91375440915701,6.20675529122807,8.92957238995812,1,2
15,30,24,7.87041878616401,3.42047353958261,2.63293875325566,5.20979221332776,7.96412195749141,1,2
15,30,26,7.87041878616401,3.42047353958261,5.37637554610121,5.84756285450538,8.8549050714691,1,2
15,30,31,7.87041878616401,3.42047353958261,3.86798262309185,5.89830622936669,8.66907543377776,1,2
15,30,32,7.87041878616401,3.42047353958261,6.50608052764749,6.05715017093873,8.72391088544368,1,2
15,30,33,7.87041878616401,3.42047353958261,4.85239298070641,6.08285514807217,8.55390011092567,1,2
15,30,34,7.87041878616401,3.42047353958261,4.29640391805487,6.21915797471297,8.97889262158207,1,2
15,30,35,7.87041878616401,3.42047353958261,5.72625052463017,5.84828425515167,8.72799896145623,1,2
15,30,36,7.87041878616401,3.42047353958261,4.34938767027562,5.59006529151142,8.5618615098967,1,2
15,30,37,7.87041878616401,3.42047353958261,5.08739993801315,5.723434941041,8.51784922186379,1,2
15,30,46,7.87041878616401,3.42047353958261,6.53893202319759,6.40701464473669,8.95052297117798,1,2
15,30,47,7.87041878616401,3.42047353958261,4.35062983825038,5.71822541403954,8.74322764620123,1,2
15,30,49,7.87041878616401,3.42047353958261,4.33284016407571,6.35095048373531,8.62050242171991,1,2
15,30,53,7.87041878616401,3.42047353958261,3.81088476746598,5.89325411144638,8.81791761384738,1,2
15,30,55,7.87041878616401,3.42047353958261,3.33752824235211,6.54285575432982,9.10711176309798,1,2
15,30,59,7.87041878616401,3.42047353958261,5.25543068176602,6.52014346079943,8.49598485795141,1,2
15,30,61,7.87041878616401,3.42047353958261,6.02545760248001,6.14128161385171,8.71777048271976,1,2
15,30,64,7.87041878616401,3.42047353958261,6.03841773024525,6.87721295659522,8.8880352257718,1,2
15,30,65,7.87041878616401,3.42047353958261,6.45676020562822,5.74280246884779,9.07685686023765,1,2
15,30,66,7.87041878616401,3.42047353958261,3.02748079521325,5.50042486326458,8.65126635725323,1,2
15,30,68,7.87041878616401,3.42047353958261,5.54015328280819,6.30044658456783,8.64446608325416,1,2
15,30,71,7.87041878616401,3.42047353958261,4.3892070960544,5.56066076044473,9.05898027513226,1,2
15,30,75,7.87041878616401,3.42047353958261,4.84818826560628,5.90070414843301,8.80776703256042,1,2
15,30,76,7.87041878616401,3.42047353958261,4.85564452123435,6.03919984966298,8.61865247773501,1,2
15,30,77,7.87041878616401,3.42047353958261,5.54324478102537,5.27760185559337,8.57060017835206,1,2
15,30,78,7.87041878616401,3.42047353958261,4.56971146669782,6.32533864520521,9.052391642178,1,2
15,30,79,7.87041878616401,3.42047353958261,4.949917734502,5.68631204930675,8.78147173841707,1,2
15,30,81,7.87041878616401,3.42047353958261,4.39394750657557,6.12773435490375,8.43036707094654,1,2
15,30,84,7.87041878616401,3.42047353958261,5.90281302376068,5.69800463769533,8.85947351773295,1,2
15,31,2,7.87041878616401,3.42047353958261,6.15777649262231,5.96478554877604,8.56963623133266,1,2
15,31,6,7.87041878616401,3.42047353958261,5.14157443984962,5.96818363934745,8.78286611378167,1,2
15,31,7,7.87041878616401,3.42047353958261,5.17166531170049,6.35858546097177,9.00478125525769,1,2
15,31,8,7.87041878616401,3.42047353958261,5.02107917640596,6.24143565210842,8.87413264978353,1,2
15,31,9,7.87041878616401,3.42047353958261,5.46255989393419,5.23302776518321,8.99297709663744,1,2
15,31,12,7.87041878616401,3.42047353958261,4.31387879543009,5.68247749885591,8.77355253124575,1,2
15,31,13,7.87041878616401,3.42047353958261,3.70521912102243,6.45168219238059,8.53773765271742,1,2
15,31,14,7.87041878616401,3.42047353958261,5.88800677897348,6.07451677210571,8.72117788659356,1,2
15,31,15,7.87041878616401,3.42047353958261,8.08598245273678,6.52991533841849,9.33423264451895,1,2
15,31,16,7.87041878616401,3.42047353958261,4.47756895440813,6.42496388310004,8.45992590859331,1,2
15,31,20,7.87041878616401,3.42047353958261,4.58411178530425,5.51286269886496,9.26273609591021,1,2
15,31,21,7.87041878616401,3.42047353958261,4.70404513330436,4.73837164261963,8.46216628318661,1,2
15,31,25,7.87041878616401,3.42047353958261,4.45166962485627,5.58199956098165,9.21920438171513,1,2
15,31,26,7.87041878616401,3.42047353958261,5.65598122964209,5.77206134140477,9.00377893004665,1,2
15,31,28,7.87041878616401,3.42047353958261,6.03164555564923,5.41107742556176,8.7206256665915,1,2
15,31,29,7.87041878616401,3.42047353958261,3.46285486361567,5.15345481207126,8.55841898070393,1,2
15,31,32,7.87041878616401,3.42047353958261,5.22180227285347,5.92177413276393,8.94278360393558,1,2
15,31,35,7.87041878616401,3.42047353958261,6.82799356074065,6.37784468572636,9.32086512380629,1,2
15,31,36,7.87041878616401,3.42047353958261,5.5595059980313,7.0088798387762,9.52649307131384,1,2
15,31,37,7.87041878616401,3.42047353958261,4.61830161241571,5.72334036114769,8.81435472323595,1,2
15,31,40,7.87041878616401,3.42047353958261,3.96528237826517,6.6958709407276,8.97893190769484,1,2
15,31,42,7.87041878616401,3.42047353958261,5.18082932774895,5.44394429095152,8.88331798823545,1,2
15,31,45,7.87041878616401,3.42047353958261,3.43039931833854,6.45639440521009,8.63790170008995,1,2
15,31,47,7.87041878616401,3.42047353958261,3.00101998012596,7.22486508210219,8.67091449643405,1,2
15,31,48,7.87041878616401,3.42047353958261,4.01493786142442,6.34720117024306,8.57071157319499,1,2
15,31,50,7.87041878616401,3.42047353958261,6.92023147544161,5.57578531543932,9.04496102437124,1,2
15,31,53,7.87041878616401,3.42047353958261,5.13071971380205,5.90512538688932,8.88024485395603,1,2
15,31,55,7.87041878616401,3.42047353958261,5.12926118541252,5.14759001292789,9.17741166261326,1,2
15,31,56,7.87041878616401,3.42047353958261,5.36289082042342,6.4242790321283,8.91238677469278,1,2
15,31,57,7.87041878616401,3.42047353958261,6.46226947072338,5.96456285954752,9.10654213700067,1,2
15,31,65,7.87041878616401,3.42047353958261,4.79239251654336,6.08369962940422,8.69112219599358,1,2
15,31,66,7.87041878616401,3.42047353958261,6.63303220237198,5.75825858598305,9.11752630802654,1,2
15,31,68,7.87041878616401,3.42047353958261,4.48545402524753,6.99508377160264,8.56172938586804,1,2
15,31,73,7.87041878616401,3.42047353958261,3.46435231861259,6.64154269120071,8.80929338400878,1,2
15,31,76,7.87041878616401,3.42047353958261,5.96546812335104,6.05079484353871,8.62032982437416,1,2
15,32,4,7.87041878616401,3.42047353958261,5.24076041947815,6.81257409551122,9.0645410520118,1,2
15,32,8,7.87041878616401,3.42047353958261,6.06637259402497,5.93778068911604,8.90829241848814,1,2
15,32,9,7.87041878616401,3.42047353958261,6.62577358710124,6.08055852990811,8.69747365193535,1,2
15,32,10,7.87041878616401,3.42047353958261,4.65513526314169,5.54708773327008,8.56561809482265,1,2
15,32,11,7.87041878616401,3.42047353958261,5.23793022587881,5.47247632456247,8.4565986969837,1,2
15,32,12,7.87041878616401,3.42047353958261,4.53865280061701,5.42826819945306,8.45248976904686,1,2
15,32,13,7.87041878616401,3.42047353958261,4.534431709457,6.74523547412352,8.57939485446342,1,2
15,32,15,7.87041878616401,3.42047353958261,4.98528569958294,6.26921006955993,8.34808445325258,1,2
15,32,16,7.87041878616401,3.42047353958261,5.76780653581622,6.87578348511983,9.20230651094936,1,2
15,32,18,7.87041878616401,3.42047353958261,5.47897731557287,6.12545575343876,8.90264163614529,1,2
15,32,19,7.87041878616401,3.42047353958261,5.52122935431503,5.7109419610834,8.46667268500801,1,2
15,32,20,7.87041878616401,3.42047353958261,3.74113611008555,6.18126007631772,8.46878426554659,1,2
15,32,21,7.87041878616401,3.42047353958261,5.36975954517465,5.89385193183537,8.70392299803204,1,2
15,32,22,7.87041878616401,3.42047353958261,4.15228223102975,5.5200141310383,8.17267843096099,1,2
15,32,24,7.87041878616401,3.42047353958261,4.68546548956289,6.89582000922929,8.74286473972665,1,2
15,32,28,7.87041878616401,3.42047353958261,4.25423977938202,5.65157998567673,8.68382366802825,1,2
15,32,30,7.87041878616401,3.42047353958261,4.70213331648565,5.7782550246791,8.55878676035562,1,2
15,32,31,7.87041878616401,3.42047353958261,7.26299055263848,5.75716592768141,8.5349520864759,1,2
15,32,36,7.87041878616401,3.42047353958261,3.85555587202437,5.43184739801707,8.57530118084281,1,2
15,32,39,7.87041878616401,3.42047353958261,5.87794285409268,6.69970478253868,8.76493681100434,1,2
15,32,40,7.87041878616401,3.42047353958261,3.80502578540856,6.26866426597523,8.81907765878662,1,2
15,32,41,7.87041878616401,3.42047353958261,4.76526340394011,6.29084670548702,8.6324245600278,1,2
15,32,43,7.87041878616401,3.42047353958261,5.08619103308427,6.61993355718314,9.01601486361606,1,2
15,32,45,7.87041878616401,3.42047353958261,6.52082635689434,6.44318600000139,8.81591415513222,1,2
15,32,49,7.87041878616401,3.42047353958261,5.30771985129104,5.89837936678582,8.51682744883843,1,2
15,32,50,7.87041878616401,3.42047353958261,4.61706744106765,6.13869389379112,8.96898707781253,1,2
15,32,51,7.87041878616401,3.42047353958261,5.40939799679387,6.58355606374177,9.18290102138064,1,2
15,32,53,7.87041878616401,3.42047353958261,5.85296436185957,5.56342072442496,8.65906300132855,1,2
15,32,54,7.87041878616401,3.42047353958261,3.51634379220125,6.43928279954412,8.97765064809074,1,2
15,32,55,7.87041878616401,3.42047353958261,5.38519113720544,6.05874049344902,8.66774690744494,1,2
15,32,57,7.87041878616401,3.42047353958261,5.65758660962841,6.00273943337146,8.7500878383064,1,2
15,32,60,7.87041878616401,3.42047353958261,5.52740891982336,6.25323684729065,8.71589671293902,1,2
15,32,63,7.87041878616401,3.42047353958261,5.75628357344825,6.07507819241587,8.618426273369,1,2
15,32,65,7.87041878616401,3.42047353958261,4.87671521960378,5.85361080157102,8.74741189262493,1,2
15,33,2,7.87041878616401,3.42047353958261,4.10270683094588,6.0163844707832,8.58831433972578,1,2
15,33,3,7.87041878616401,3.42047353958261,4.56743045953888,4.89125169429708,8.89482238866257,1,2
15,33,4,7.87041878616401,3.42047353958261,5.67768553115502,5.62297271170022,8.74165825065024,1,2
15,33,6,7.87041878616401,3.42047353958261,4.26355511059775,6.35479727932132,8.97897237265575,1,2
15,33,9,7.87041878616401,3.42047353958261,4.79233527628049,5.76579189906681,9.24601398703398,1,2
15,33,11,7.87041878616401,3.42047353958261,6.45114730891824,6.12535168379549,9.29143431713195,1,2
15,33,14,7.87041878616401,3.42047353958261,4.44154241542924,6.56075698810172,9.02180817682014,1,2
15,33,15,7.87041878616401,3.42047353958261,5.32913851154619,5.91994769325225,8.91428577916678,1,2
15,33,18,7.87041878616401,3.42047353958261,6.35246813210012,5.95670490731359,9.29221273517533,1,2
15,33,19,7.87041878616401,3.42047353958261,4.78616785308067,5.98048586687529,8.9034940644034,1,2
15,33,21,7.87041878616401,3.42047353958261,5.41272148917333,6.48466195700127,9.04056576275091,1,2
15,33,25,7.87041878616401,3.42047353958261,5.26368195028205,6.46362311162911,9.00544329210097,1,2
15,33,26,7.87041878616401,3.42047353958261,5.51441407808616,5.60423542585353,9.15934982235411,1,2
15,33,27,7.87041878616401,3.42047353958261,5.49391373862602,6.72402730603802,9.22523721882624,1,2
15,33,29,7.87041878616401,3.42047353958261,4.33720362566705,5.71614387395734,9.1016817980254,1,2
15,33,31,7.87041878616401,3.42047353958261,6.61530709694146,6.27439372763254,8.6933773769687,1,2
15,33,32,7.87041878616401,3.42047353958261,6.19130688730997,5.82208287521978,9.43009285310693,1,2
15,33,34,7.87041878616401,3.42047353958261,5.055411348452,5.86475421498187,9.06339602937795,1,2
15,33,36,7.87041878616401,3.42047353958261,3.33567323505056,5.71563310498836,8.36602291682215,1,2
15,33,41,7.87041878616401,3.42047353958261,4.70552886278945,6.70255337571982,8.99719241221137,1,2
15,33,43,7.87041878616401,3.42047353958261,5.20719373490022,6.46392898762524,9.18449292588317,1,2
15,33,49,7.87041878616401,3.42047353958261,5.78912348174239,5.33112898072932,8.63435515753842,1,2
15,33,51,7.87041878616401,3.42047353958261,6.13427094183983,6.59844665880277,8.78472494603795,1,2
15,33,52,7.87041878616401,3.42047353958261,6.01766951588818,6.02026336545259,9.14582730889186,1,2
15,33,53,7.87041878616401,3.42047353958261,5.20391356224724,6.23741347863761,9.10947357734459,1,2
15,33,54,7.87041878616401,3.42047353958261,4.44037776647833,6.16328273167845,8.69036650156007,1,2
15,33,56,7.87041878616401,3.42047353958261,5.33448207383858,6.4232428816285,9.02081084648705,1,2
15,33,57,7.87041878616401,3.42047353958261,4.73917226054606,5.86869639022127,9.26710092101278,1,2
15,33,58,7.87041878616401,3.42047353958261,5.4548931974373,6.29006574259691,9.22118785719907,1,2
15,33,59,7.87041878616401,3.42047353958261,4.62015563250895,5.53480948500635,9.0578548008567,1,2
15,33,60,7.87041878616401,3.42047353958261,3.37547387932604,6.19904843552415,9.23486935253672,1,2
15,33,61,7.87041878616401,3.42047353958261,3.18534845728925,5.97878357167711,8.87716227474057,1,2
15,33,63,7.87041878616401,3.42047353958261,3.67325038888206,5.48423006136815,8.74561480962794,1,2
15,33,64,7.87041878616401,3.42047353958261,5.27049948080812,5.88928748472579,8.75410019500563,1,2
15,33,67,7.87041878616401,3.42047353958261,5.13489819774585,7.00667539343446,8.86190952431964,1,2
15,33,68,7.87041878616401,3.42047353958261,3.69605340998658,6.1060928685327,8.6192244990098,1,2
15,33,69,7.87041878616401,3.42047353958261,3.89987874562031,5.28380876960599,9.03247207851016,1,2
15,33,70,7.87041878616401,3.42047353958261,4.25592827514143,6.7994117477167,9.19021528131669,1,2
15,33,71,7.87041878616401,3.42047353958261,5.23063513751751,6.24194689573346,9.07766560649929,1,2
15,33,72,7.87041878616401,3.42047353958261,4.72292770924339,6.07171666736984,8.79797402635655,1,2
15,33,73,7.87041878616401,3.42047353958261,4.51055787975103,7.02828364308174,8.81083671593554,1,2
15,33,74,7.87041878616401,3.42047353958261,3.66400398915974,5.33844164469077,8.66420796672806,1,2
15,33,77,7.87041878616401,3.42047353958261,5.20311128725506,5.97993487569153,8.83181258747665,1,2
15,33,80,7.87041878616401,3.42047353958261,6.32895779645717,5.87379941402635,9.18141788452883,1,2
15,33,81,7.87041878616401,3.42047353958261,4.09534161277081,5.87957409947874,9.00570102242406,1,2
15,33,82,7.87041878616401,3.42047353958261,3.59817219954317,6.63794013917105,9.30875699933477,1,2
15,33,87,7.87041878616401,3.42047353958261,4.79518687303641,5.87947123674088,8.90733424868751,1,2
15,34,2,7.87041878616401,3.42047353958261,5.24086689586173,6.02615361406742,8.87845313843065,1,2
15,34,3,7.87041878616401,3.42047353958261,6.10793426156959,5.65662295375167,9.09737259063919,1,2
15,34,6,7.87041878616401,3.42047353958261,5.33302185122926,5.5199188354614,8.8799166630934,1,2
15,34,7,7.87041878616401,3.42047353958261,5.85862416904627,6.10889923941124,9.31282379564311,1,2
15,34,9,7.87041878616401,3.42047353958261,5.48281982851775,5.97604893690159,8.83172156683302,1,2
15,34,10,7.87041878616401,3.42047353958261,7.43091170994818,5.68127706964997,9.13042986463025,1,2
15,34,12,7.87041878616401,3.42047353958261,5.58357882876682,6.38226799071568,9.40770774498867,1,2
15,34,13,7.87041878616401,3.42047353958261,4.71811288362431,6.05646973512782,9.27478320814039,1,2
15,34,17,7.87041878616401,3.42047353958261,3.76714272906705,6.54531402875765,9.21425279020103,1,2
15,34,18,7.87041878616401,3.42047353958261,4.03237557373672,6.20884340514502,9.23454916075265,1,2
15,34,19,7.87041878616401,3.42047353958261,5.16262491676706,5.14884952359323,9.0196310420272,1,2
15,34,21,7.87041878616401,3.42047353958261,5.08892359639956,5.74028503585373,9.09303673710985,1,2
15,34,22,7.87041878616401,3.42047353958261,4.78419459283611,5.34510829124122,8.52867092655294,1,2
15,34,23,7.87041878616401,3.42047353958261,3.37766165330685,7.09785068281537,8.70887233945888,1,2
15,34,24,7.87041878616401,3.42047353958261,2.36447873177162,6.11725442326624,8.7351386894418,1,2
15,34,25,7.87041878616401,3.42047353958261,4.36792648972197,5.91157075662532,8.7278293347729,1,2
15,34,26,7.87041878616401,3.42047353958261,3.9178255800385,5.69823278682661,8.70657126207085,1,2
15,34,27,7.87041878616401,3.42047353958261,4.29053892496719,6.79078312786273,8.43741329784455,1,2
15,34,32,7.87041878616401,3.42047353958261,3.88679681046645,5.27172000961754,8.76966516091508,1,2
15,34,33,7.87041878616401,3.42047353958261,5.11032671114583,5.70856306833932,9.08303186596612,1,2
15,34,34,7.87041878616401,3.42047353958261,5.27562619416146,5.26937164345111,9.18108203548864,1,2
15,34,37,7.87041878616401,3.42047353958261,4.01852159518628,5.83608195178367,8.96425126858073,1,2
15,34,38,7.87041878616401,3.42047353958261,4.45595536816241,5.4583254546414,8.76413470593676,1,2
15,34,41,7.87041878616401,3.42047353958261,6.74439212331713,5.71714388478423,9.1001011710663,1,2
15,34,42,7.87041878616401,3.42047353958261,5.68583803495967,5.92205574965078,9.50662850131468,1,2
15,34,48,7.87041878616401,3.42047353958261,4.15488752266226,6.61296007808398,8.90232142199865,1,2
15,34,50,7.87041878616401,3.42047353958261,5.60348656184801,6.97825774792181,9.27474909000535,1,2
15,34,55,7.87041878616401,3.42047353958261,4.36367637712909,6.33144483613805,9.29803120670633,1,2
15,34,57,7.87041878616401,3.42047353958261,3.24648795476657,5.07409494706817,8.5205943961907,1,2
15,34,58,7.87041878616401,3.42047353958261,6.0935734674159,6.39727716493775,9.06247728318028,1,2
15,34,60,7.87041878616401,3.42047353958261,3.59809355766712,6.43544465783554,8.48413433348497,1,2
15,34,62,7.87041878616401,3.42047353958261,4.25247408136313,6.20122682387549,9.06712200598352,1,2
15,34,67,7.87041878616401,3.42047353958261,5.14947082325675,6.59100491350716,9.18597108643746,1,2
15,34,69,7.87041878616401,3.42047353958261,5.37066008076433,6.75813647980685,9.16234311298131,1,2
15,34,70,7.87041878616401,3.42047353958261,4.6304246334663,5.82154434783903,9.28032688763194,1,2
15,34,73,7.87041878616401,3.42047353958261,3.40983394670079,6.45067627845653,8.57805597549688,1,2
15,34,74,7.87041878616401,3.42047353958261,5.33279963939749,6.66300377118209,9.19639771906642,1,2
15,34,75,7.87041878616401,3.42047353958261,5.90444861656786,5.78835400449808,8.89238796374881,1,2
15,34,76,7.87041878616401,3.42047353958261,4.97876846247094,5.89880705148384,9.11182107392991,1,2
15,34,77,7.87041878616401,3.42047353958261,3.70718615004972,6.20007750648408,8.64640314281651,1,2
15,34,78,7.87041878616401,3.42047353958261,4.7384905165683,6.35637556872893,9.1645656086032,1,2
15,34,82,7.87041878616401,3.42047353958261,5.12441099181597,6.82605736543356,9.03404539582083,1,2
15,34,87,7.87041878616401,3.42047353958261,5.63936490623362,5.55988122387959,8.97797457931961,1,2
15,34,89,7.87041878616401,3.42047353958261,4.70171857551448,6.0053219685248,9.23256470733207,1,2
15,34,91,7.87041878616401,3.42047353958261,5.1045829994064,5.91093292550418,9.42672281236237,1,2
15,34,92,7.87041878616401,3.42047353958261,5.47489798617091,5.91180417129282,8.92425637712865,1,2
15,34,93,7.87041878616401,3.42047353958261,5.28545721789927,6.41153598430477,8.81216332163448,1,2
15,34,94,7.87041878616401,3.42047353958261,5.15959583763445,5.82150338205196,8.77060511588519,1,2
15,34,95,7.87041878616401,3.42047353958261,6.54429502881351,6.13463757166213,9.55620250991028,1,2
15,34,96,7.87041878616401,3.42047353958261,4.5904275868944,5.63223440156017,8.98188875108348,1,2
15,34,97,7.87041878616401,3.42047353958261,5.56109693995874,5.6923145689165,9.44815249035716,1,2
15,34,98,7.87041878616401,3.42047353958261,5.8787111539741,4.96930446205331,8.66028514177486,1,2
15,35,1,7.87041878616401,3.42047353958261,5.77625457948192,6.34578506233312,8.63331511352017,1,2
15,35,2,7.87041878616401,3.42047353958261,5.8168327717516,6.06856098368365,8.75789125719799,1,2
15,35,6,7.87041878616401,3.42047353958261,4.28263532141462,5.93968672789518,9.06739664408859,1,2
15,35,8,7.87041878616401,3.42047353958261,5.58692540270492,6.51942176599434,8.84125646124737,1,2
15,35,10,7.87041878616401,3.42047353958261,3.73612999612845,5.4799780062783,8.79983260135641,1,2
15,35,12,7.87041878616401,3.42047353958261,5.17818899693592,6.42844819912465,9.37498990899764,1,2
15,35,13,7.87041878616401,3.42047353958261,3.60204352401875,6.05318402146305,8.89824720488215,1,2
15,35,14,7.87041878616401,3.42047353958261,3.77388113749704,5.91093720268566,8.95535402777285,1,2
15,35,16,7.87041878616401,3.42047353958261,5.47476659180711,5.51076929331147,9.28920490651806,1,2
15,35,19,7.87041878616401,3.42047353958261,4.55908278521196,5.75080317701958,8.65651787689042,1,2
15,35,23,7.87041878616401,3.42047353958261,5.74291891032486,6.03432017635487,8.80139111660258,1,2
15,35,27,7.87041878616401,3.42047353958261,5.81597279834046,6.06376175294241,9.62677647473487,1,2
15,35,31,7.87041878616401,3.42047353958261,5.15305138764539,6.94292893030505,9.67271450494451,1,2
15,35,32,7.87041878616401,3.42047353958261,5.47674699336526,5.65936860811434,8.94593320824181,1,2
15,35,33,7.87041878616401,3.42047353958261,4.58902400716502,5.57322494883638,8.63372195538832,1,2
15,35,34,7.87041878616401,3.42047353958261,4.31242420639371,5.58094731800722,9.43179490195365,1,2
15,35,37,7.87041878616401,3.42047353958261,4.69020895318577,5.82469019492307,8.7442490217433,1,2
15,35,38,7.87041878616401,3.42047353958261,4.25299872790534,5.26371603294853,9.05882884208571,1,2
15,35,47,7.87041878616401,3.42047353958261,3.61053414246044,5.96832679823825,8.65107929494545,1,2
15,35,48,7.87041878616401,3.42047353958261,4.6206245064559,4.95198331874189,8.59442571185264,1,2
15,35,50,7.87041878616401,3.42047353958261,6.39942901303203,5.24018028356531,9.45400312898703,1,2
15,35,52,7.87041878616401,3.42047353958261,6.19500027560773,6.40749653219381,9.45087857972077,1,2
15,35,53,7.87041878616401,3.42047353958261,6.95576004643382,5.30060835268408,9.7438487798303,1,2
15,35,55,7.87041878616401,3.42047353958261,4.65559980020439,6.31301015246588,9.36086571694193,1,2
15,35,56,7.87041878616401,3.42047353958261,4.38187137095497,6.91385595271237,9.01121948960977,1,2
15,35,57,7.87041878616401,3.42047353958261,6.29637034864454,6.23234456000576,9.27284067930277,1,2
15,35,58,7.87041878616401,3.42047353958261,4.95672751078139,5.76658038149396,9.0468011096279,1,2
15,35,59,7.87041878616401,3.42047353958261,5.07631779291561,6.10370119468796,9.10185810294306,1,2
15,35,64,7.87041878616401,3.42047353958261,3.8278946220351,5.38192620646722,8.7189338073445,1,2
15,35,68,7.87041878616401,3.42047353958261,3.0910627633815,5.70493092673049,9.02147045353,1,2
15,35,69,7.87041878616401,3.42047353958261,6.3206838042954,5.98165585261439,9.10655402314945,1,2
15,35,71,7.87041878616401,3.42047353958261,5.34919445523209,6.03349369818872,9.21322977536334,1,2
15,35,72,7.87041878616401,3.42047353958261,5.47695034504819,6.4695659279584,8.69657189028161,1,2
15,35,74,7.87041878616401,3.42047353958261,5.98068696099163,6.1319826484908,9.46004196042126,1,2
15,36,2,7.87041878616401,3.42047353958261,4.83454530666174,5.87283581622017,9.42861256374523,1,2
15,36,4,7.87041878616401,3.42047353958261,5.42351643515467,6.2528648617052,9.57576077641805,1,2
15,36,5,7.87041878616401,3.42047353958261,5.1411643118078,5.9780367092525,9.65459581402952,1,2
15,36,9,7.87041878616401,3.42047353958261,4.73414134462708,6.28286004150375,9.12684516609984,1,2
15,36,10,7.87041878616401,3.42047353958261,4.02900783898627,6.46869055317595,9.35806970095831,1,2
15,36,11,7.87041878616401,3.42047353958261,4.69606348105298,5.17499404673516,9.1844893280075,1,2
15,36,12,7.87041878616401,3.42047353958261,5.72822251052929,5.53419419785942,9.05842818428902,1,2
15,36,15,7.87041878616401,3.42047353958261,4.39844752970473,5.64358548668248,9.11013194860958,1,2
15,36,16,7.87041878616401,3.42047353958261,4.33616148781937,5.40160973498137,9.19647079988265,1,2
15,36,18,7.87041878616401,3.42047353958261,4.09754989810214,6.68162058993698,8.97763191572903,1,2
15,36,23,7.87041878616401,3.42047353958261,5.54622499481409,6.51813103481265,8.69188252211237,1,2
15,36,28,7.87041878616401,3.42047353958261,4.74680540610718,5.93889676030014,9.40515436228668,1,2
15,36,31,7.87041878616401,3.42047353958261,4.89388415217763,6.57535383078175,9.3657639471935,1,2
15,36,32,7.87041878616401,3.42047353958261,5.0676905419351,5.74035661954868,9.13422293814857,1,2
15,36,33,7.87041878616401,3.42047353958261,4.06479551949265,5.82501386820799,8.83631118733601,1,2
15,36,34,7.87041878616401,3.42047353958261,3.94910146758376,6.35870492850525,9.56704793998177,1,2
15,36,35,7.87041878616401,3.42047353958261,4.57180612641043,5.12570177995717,8.42250116032813,1,2
15,36,39,7.87041878616401,3.42047353958261,4.64595702512727,5.16945496028571,8.77968089371225,1,2
15,36,40,7.87041878616401,3.42047353958261,4.97155799782449,5.81868483819878,9.03625510175289,1,2
15,36,41,7.87041878616401,3.42047353958261,4.86217552277376,6.25221578277864,9.26543924342054,1,2
15,36,44,7.87041878616401,3.42047353958261,4.54589224731011,5.8706819524696,9.26735928347833,1,2
15,36,45,7.87041878616401,3.42047353958261,7.01766338548688,6.15516544229223,9.87283496282371,1,2
15,36,46,7.87041878616401,3.42047353958261,5.13782643976913,5.54599962295167,9.50517788432214,1,2
15,36,48,7.87041878616401,3.42047353958261,4.92516631023832,6.15406679739569,9.18860613851356,1,2
15,36,50,7.87041878616401,3.42047353958261,3.51620164867414,5.63074988708413,9.42308287039947,1,2
15,36,53,7.87041878616401,3.42047353958261,5.21087644262046,5.84963000611222,9.48305566386621,1,2
15,36,56,7.87041878616401,3.42047353958261,2.22028627995398,5.7636163166293,8.2305859717398,1,2
15,36,61,7.87041878616401,3.42047353958261,4.75507432586144,6.13264715555694,9.21743542951905,1,2
15,36,62,7.87041878616401,3.42047353958261,5.06763515332816,5.85350941792649,9.7496775227084,1,2
15,36,63,7.87041878616401,3.42047353958261,4.18532190427853,5.80039109788262,9.56661716509535,1,2
15,36,65,7.87041878616401,3.42047353958261,5.0083725883786,6.07725050366319,9.05836033632353,1,2
15,36,66,7.87041878616401,3.42047353958261,5.6944053839809,6.11404949693658,9.5427170327854,1,2
15,36,68,7.87041878616401,3.42047353958261,6.05446235133398,6.53845650908023,9.3168727785085,1,2
15,36,70,7.87041878616401,3.42047353958261,5.96564600349718,6.2914637271634,8.82924656226031,1,2
15,36,72,7.87041878616401,3.42047353958261,4.04161624780329,5.96682505572338,8.74296440716331,1,2
15,36,75,7.87041878616401,3.42047353958261,5.97584361575756,5.68269880760846,9.56167908972036,1,2
15,36,76,7.87041878616401,3.42047353958261,6.4012919833234,6.1799553146988,9.27687480076886,1,2
15,36,77,7.87041878616401,3.42047353958261,4.372307763974,5.84557663816938,9.09074656042045,1,2
15,36,79,7.87041878616401,3.42047353958261,3.63679521796442,5.88084767051284,8.61415792749705,1,2
15,36,82,7.87041878616401,3.42047353958261,5.53506836449292,6.37412713599759,9.6499053893819,1,2
15,36,84,7.87041878616401,3.42047353958261,6.24813672555006,5.69271313881439,9.08413253826706,1,2
15,36,85,7.87041878616401,3.42047353958261,4.0459348355382,6.20118205844204,9.1900593476133,1,2
15,36,86,7.87041878616401,3.42047353958261,5.91334068096505,5.82539580314826,9.34808387974577,1,2
15,36,87,7.87041878616401,3.42047353958261,5.65473062150723,6.56268354747057,9.12815524958578,1,2
15,36,88,7.87041878616401,3.42047353958261,4.98848300713129,5.47691130183351,8.62238773693583,1,2
15,36,89,7.87041878616401,3.42047353958261,5.3649606934822,6.40816143377205,10.0804704809862,1,2
15,36,90,7.87041878616401,3.42047353958261,4.66650505796391,6.06832865312695,9.47930283110671,1,2
15,36,94,7.87041878616401,3.42047353958261,4.44830423606118,6.34255432952042,9.31271143320017,1,2
15,36,95,7.87041878616401,3.42047353958261,5.56793427500384,5.86602545325018,9.67381308396852,1,2
15,36,96,7.87041878616401,3.42047353958261,5.39677793548121,6.57683226300571,9.38417602172114,1,2
15,37,1,7.87041878616401,3.42047353958261,7.02619416836655,6.5675569930436,9.13445439388119,1,2
15,37,2,7.87041878616401,3.42047353958261,7.63378343890086,5.67979588614971,9.55361443497425,1,2
15,37,4,7.87041878616401,3.42047353958261,4.99488916707686,6.66011386588713,9.0991209809802,1,2
15,37,6,7.87041878616401,3.42047353958261,6.17949142108314,5.78145946269486,9.00236472626881,1,2
15,37,9,7.87041878616401,3.42047353958261,4.78353766696543,6.17978855699861,9.43225386241355,1,2
15,37,12,7.87041878616401,3.42047353958261,3.99912715958967,5.3514420509933,8.9304551476388,1,2
15,37,17,7.87041878616401,3.42047353958261,4.65557854583184,5.72344971300853,9.47380682905386,1,2
15,37,19,7.87041878616401,3.42047353958261,6.02196304317223,6.60144937571661,9.01798653602375,1,2
15,37,20,7.87041878616401,3.42047353958261,5.48470385796534,5.37801596942569,9.35630927661594,1,2
15,37,22,7.87041878616401,3.42047353958261,3.69687815846718,6.02980226811552,9.27848758858131,1,2
15,37,23,7.87041878616401,3.42047353958261,5.56329308343897,6.72763737185837,9.38729140345351,1,2
15,37,25,7.87041878616401,3.42047353958261,4.9077225115401,5.63854373472705,9.1922232565339,1,2
15,37,26,7.87041878616401,3.42047353958261,5.26234032315227,5.4170440064102,9.50720610424736,1,2
15,37,27,7.87041878616401,3.42047353958261,4.6835052614771,5.7850540939326,8.81399985668687,1,2
15,37,30,7.87041878616401,3.42047353958261,4.44726408233302,5.95526093759249,8.93317104491518,1,2
15,37,36,7.87041878616401,3.42047353958261,6.03344725035156,5.32019679603886,9.40095471989275,1,2
15,37,38,7.87041878616401,3.42047353958261,4.24398093921909,5.77504537308698,9.40580739110196,1,2
15,37,39,7.87041878616401,3.42047353958261,4.61037420730519,6.40132125017007,9.55867493194604,1,2
15,37,43,7.87041878616401,3.42047353958261,6.03297966158697,6.91604248460695,9.22586786060644,1,2
15,37,44,7.87041878616401,3.42047353958261,4.83926584080891,6.5735763547376,9.55523469560861,1,2
15,37,46,7.87041878616401,3.42047353958261,4.5772103223526,4.60495680201078,8.89018678034461,1,2
15,37,47,7.87041878616401,3.42047353958261,6.24472892649067,5.50969324125732,9.55324786442713,1,2
15,37,48,7.87041878616401,3.42047353958261,5.18006623946101,6.00543213461405,9.03588749877914,1,2
15,37,49,7.87041878616401,3.42047353958261,6.19125666328009,5.00651277592525,9.25525146404013,1,2
15,37,50,7.87041878616401,3.42047353958261,5.51691827432341,6.16756375820129,9.07238045312173,1,2
15,37,51,7.87041878616401,3.42047353958261,5.06080413837889,5.90379478123865,9.10329523340485,1,2
15,37,52,7.87041878616401,3.42047353958261,4.88067897900571,6.15243506267702,8.99128030177481,1,2
15,37,53,7.87041878616401,3.42047353958261,6.61779081895714,6.56041959339316,8.97143250722179,1,2
15,37,54,7.87041878616401,3.42047353958261,4.91627707104875,5.67112948251988,8.9515365982621,1,2
15,37,55,7.87041878616401,3.42047353958261,4.14341007403251,6.01571569228369,8.99497514108753,1,2
15,37,56,7.87041878616401,3.42047353958261,4.58372328505071,6.05203457115476,9.4119814305734,1,2
15,37,57,7.87041878616401,3.42047353958261,4.79447394794396,5.85251432568393,8.8699697693566,1,2
15,37,58,7.87041878616401,3.42047353958261,6.54355020731569,6.49309784197673,9.63404758687521,1,2
15,37,60,7.87041878616401,3.42047353958261,5.13633446199932,5.54122295058591,9.31059908268001,1,2
15,37,63,7.87041878616401,3.42047353958261,5.97013015417342,6.20023523502426,9.27905367029599,1,2
15,37,64,7.87041878616401,3.42047353958261,4.84744501622915,6.62352828103626,9.36586872737723,1,2
15,37,67,7.87041878616401,3.42047353958261,5.60224827017102,6.21292155888287,8.82839982893048,1,2
15,37,69,7.87041878616401,3.42047353958261,6.72600943329722,5.48304634813532,9.55499666342026,1,2
15,38,1,7.87041878616401,3.42047353958261,2.7255040768356,5.67575953121513,9.04770752244816,1,2
15,38,3,7.87041878616401,3.42047353958261,5.80039410613294,6.11180199898073,9.42805885793244,1,2
15,38,4,7.87041878616401,3.42047353958261,4.81330535936723,5.31875305800799,9.08946261840001,1,2
15,38,6,7.87041878616401,3.42047353958261,4.40789759468701,6.20024673890959,9.45493646809962,1,2
15,38,8,7.87041878616401,3.42047353958261,6.16019803375331,6.49139090598663,9.1754243825885,1,2
15,38,10,7.87041878616401,3.42047353958261,6.24563370256124,7.06419363511649,9.85572861408106,1,2
15,38,11,7.87041878616401,3.42047353958261,6.20204917525037,5.25666055322019,9.01893140045378,1,2
15,38,12,7.87041878616401,3.42047353958261,5.59117208185201,5.41603101960354,9.24804421035531,1,2
15,38,14,7.87041878616401,3.42047353958261,5.25747238976963,5.96155193719927,9.1250014498702,1,2
15,38,15,7.87041878616401,3.42047353958261,4.63116712282648,5.5631714324254,9.1938310985743,1,2
15,38,16,7.87041878616401,3.42047353958261,5.82892061962305,7.21991740241241,9.67154077343129,1,2
15,38,17,7.87041878616401,3.42047353958261,5.45688607295498,5.78814197995448,8.81363407447199,1,2
15,38,18,7.87041878616401,3.42047353958261,2.48870976247176,6.03816012039657,9.34992989812588,1,2
15,38,21,7.87041878616401,3.42047353958261,2.30296752467863,6.11765111849552,8.45352629812884,1,2
15,38,23,7.87041878616401,3.42047353958261,5.66478142374734,6.10178813115062,9.3981920243424,1,2
15,38,24,7.87041878616401,3.42047353958261,6.71402897286964,5.42870064700264,9.48414751596848,1,2
15,38,25,7.87041878616401,3.42047353958261,6.43008961825703,5.38647510886568,9.14453860370542,1,2
15,38,26,7.87041878616401,3.42047353958261,3.8523057850728,6.09808082903458,9.17245134558135,1,2
15,38,29,7.87041878616401,3.42047353958261,4.23696821960046,5.50744927424031,9.22246440068103,1,2
15,38,31,7.87041878616401,3.42047353958261,6.07568472321534,5.15571273318953,9.32170164915445,1,2
15,38,32,7.87041878616401,3.42047353958261,5.00554221638642,5.84508946843263,9.13765298996064,1,2
15,38,33,7.87041878616401,3.42047353958261,5.4734719387718,5.80946487695301,8.84888747331942,1,2
15,38,35,7.87041878616401,3.42047353958261,5.04412097707742,5.77237423447276,9.1657702954789,1,2
15,38,37,7.87041878616401,3.42047353958261,5.28415772568393,5.99589359806009,9.22844720936224,1,2
15,38,38,7.87041878616401,3.42047353958261,6.62094547941995,5.67521701767048,9.38429579352149,1,2
15,38,47,7.87041878616401,3.42047353958261,4.33815746170048,6.47899632040214,9.49755794202119,1,2
15,38,50,7.87041878616401,3.42047353958261,2.98275577175039,5.7817150352283,8.87513016925002,1,2
15,38,51,7.87041878616401,3.42047353958261,6.79680226835149,6.0156864295555,9.57091100951103,1,2
15,38,52,7.87041878616401,3.42047353958261,3.91981522769416,6.13559593376071,9.31236799666646,1,2
15,38,57,7.87041878616401,3.42047353958261,6.90816795251763,6.0112417532884,9.51926597070915,1,2
15,38,58,7.87041878616401,3.42047353958261,2.80273216346545,6.17786180449978,8.95962266895787,1,2
15,38,60,7.87041878616401,3.42047353958261,4.82520694220994,6.04132246240696,9.22963947471997,1,2
15,38,62,7.87041878616401,3.42047353958261,4.50352232760291,6.05852065444133,9.38140971807362,1,2
15,38,63,7.87041878616401,3.42047353958261,2.89335576457142,6.08387204131192,9.49181410935926,1,2
15,38,67,7.87041878616401,3.42047353958261,6.98969239017996,5.13238521361451,9.60926660681733,1,2
15,38,70,7.87041878616401,3.42047353958261,4.42837809311793,5.6718759651314,9.237665816431,1,2
15,38,71,7.87041878616401,3.42047353958261,7.68960868745799,5.71870563573999,9.25215122886563,1,2
15,38,74,7.87041878616401,3.42047353958261,5.98972437139228,6.21191878806906,9.48317817743297,1,2
15,38,75,7.87041878616401,3.42047353958261,4.30085453564778,6.11692750819618,9.05207267206488,1,2
15,39,1,7.87041878616401,3.42047353958261,3.82177575058709,5.70592174360881,9.36390599025185,1,2
15,39,2,7.87041878616401,3.42047353958261,3.99744092521809,5.44500060344295,9.35184369916817,1,2
15,39,4,7.87041878616401,3.42047353958261,4.67963553471861,6.95771344953838,9.46475785446142,1,2
15,39,6,7.87041878616401,3.42047353958261,5.25775536582123,6.68202567921271,9.68425347099952,1,2
15,39,9,7.87041878616401,3.42047353958261,5.76568514860751,6.11465320506494,9.16766444894983,1,2
15,39,10,7.87041878616401,3.42047353958261,4.92046819224472,6.25598954523405,8.7362960472277,1,2
15,39,16,7.87041878616401,3.42047353958261,3.73206136363296,5.73834093715053,9.15108013058647,1,2
15,39,17,7.87041878616401,3.42047353958261,5.67022768610039,6.54925158938809,9.42173562190546,1,2
15,39,20,7.87041878616401,3.42047353958261,6.14388226459662,6.05324618274332,9.77375231821676,1,2
15,39,25,7.87041878616401,3.42047353958261,4.13243484060291,5.58088539842844,9.6869599351298,1,2
15,39,26,7.87041878616401,3.42047353958261,3.30989388800099,5.81006000329647,9.1482513889338,1,2
15,39,27,7.87041878616401,3.42047353958261,4.14035937106347,6.35554361687661,9.84034071443916,1,2
15,39,28,7.87041878616401,3.42047353958261,5.24962513867966,5.74441442212215,9.25605262332683,1,2
15,39,31,7.87041878616401,3.42047353958261,3.71795945584379,5.57289759036789,9.36510411698555,1,2
15,39,35,7.87041878616401,3.42047353958261,3.88462059676368,6.20399198627678,9.33459711158333,1,2
15,39,37,7.87041878616401,3.42047353958261,6.1959727844214,6.12596229783704,9.76663590903672,1,2
15,39,39,7.87041878616401,3.42047353958261,4.97375934906251,5.03218636152057,9.0120099154876,1,2
15,39,44,7.87041878616401,3.42047353958261,5.67894951861405,6.57654646289555,9.74196375380896,1,2
15,39,48,7.87041878616401,3.42047353958261,5.20007033576402,6.01838146844685,9.53505941222347,1,2
15,39,50,7.87041878616401,3.42047353958261,5.44786021142251,6.44671324513959,10.0433780235058,1,2
15,39,51,7.87041878616401,3.42047353958261,4.28962008026066,5.2434795031824,8.92632171602731,1,2
15,39,52,7.87041878616401,3.42047353958261,3.7335316887755,5.60952695207416,9.33465523520889,1,2
15,39,54,7.87041878616401,3.42047353958261,3.79235033875314,6.38655098265649,9.65152927055214,1,2
15,39,56,7.87041878616401,3.42047353958261,3.47621615703834,5.55165415950816,9.16082918332486,1,2
15,39,57,7.87041878616401,3.42047353958261,5.94502929970653,6.64839425134285,9.69163430976058,1,2
15,39,60,7.87041878616401,3.42047353958261,5.6953184329443,6.31462960605356,9.7301737208822,1,2
15,39,61,7.87041878616401,3.42047353958261,5.23201544886114,6.83733859416012,9.46791380489448,1,2
15,39,64,7.87041878616401,3.42047353958261,4.07916006930393,6.12324207413589,9.40240035743504,1,2
15,39,66,7.87041878616401,3.42047353958261,3.666096906002,6.40265240297386,9.22303639164411,1,2
15,39,70,7.87041878616401,3.42047353958261,3.57312310119012,6.60783519653587,9.45937285898575,1,2
15,39,71,7.87041878616401,3.42047353958261,6.19918234129991,6.06987463215928,9.9219681166835,1,2
15,39,75,7.87041878616401,3.42047353958261,4.71594685215273,6.77744971530977,9.5401281539072,1,2
15,39,76,7.87041878616401,3.42047353958261,3.83268218216175,6.75574698532682,9.13864495975071,1,2
15,39,77,7.87041878616401,3.42047353958261,4.796752588694,6.56389118207102,9.37115268549071,1,2
15,39,78,7.87041878616401,3.42047353958261,3.98520386599941,5.73357680288022,8.93865918020105,1,2
15,39,79,7.87041878616401,3.42047353958261,4.53324558591056,5.90197321639959,9.43028450317406,1,2
15,39,80,7.87041878616401,3.42047353958261,5.39522957900769,6.94220683638351,9.87772091654418,1,2
15,40,8,7.87041878616401,3.42047353958261,4.31678415168471,5.59244836081326,9.60572657344872,1,2
15,40,11,7.87041878616401,3.42047353958261,6.64680426812638,6.21815996562424,9.65130673247,1,2
15,40,12,7.87041878616401,3.42047353958261,4.72079147451302,5.33702353222402,9.55004907476353,1,2
15,40,13,7.87041878616401,3.42047353958261,5.65287154187298,5.1409346860047,9.79948380163881,1,2
15,40,14,7.87041878616401,3.42047353958261,4.55147339892956,6.06488085087571,9.2437843039131,1,2
15,40,15,7.87041878616401,3.42047353958261,4.66500354850977,6.21469669056139,9.45163744264653,1,2
15,40,19,7.87041878616401,3.42047353958261,4.16594518892939,6.02353053809857,9.97190371567123,1,2
15,40,20,7.87041878616401,3.42047353958261,6.19367928794693,6.65077733842187,9.38378801742016,1,2
15,40,21,7.87041878616401,3.42047353958261,4.77430392348325,6.13410037404934,9.87267944564526,1,2
15,40,23,7.87041878616401,3.42047353958261,4.63841625858454,5.43049124514688,9.79011251170011,1,2
15,40,24,7.87041878616401,3.42047353958261,5.03363600822595,6.35104471859755,9.4112618678246,1,2
15,40,25,7.87041878616401,3.42047353958261,4.38172472106056,5.72308617098383,9.4572983803094,1,2
15,40,26,7.87041878616401,3.42047353958261,4.7286305340474,6.46422544749128,9.67069619260926,1,2
15,40,28,7.87041878616401,3.42047353958261,3.32034847048067,5.94907168901424,9.93812907583932,1,2
15,40,31,7.87041878616401,3.42047353958261,4.30650318012919,6.48602047571584,9.52805270099025,1,2
15,40,33,7.87041878616401,3.42047353958261,4.05067469703863,6.16469196743825,9.74382688776575,1,2
15,40,34,7.87041878616401,3.42047353958261,5.27403311762886,6.10955640272844,9.25607342818288,1,2
15,40,35,7.87041878616401,3.42047353958261,5.79281588077511,6.91281089558122,9.2772288632575,1,2
15,40,36,7.87041878616401,3.42047353958261,4.7969653861439,5.97265429260757,9.442884508749,1,2
15,40,37,7.87041878616401,3.42047353958261,4.61183861887988,6.35539921306122,8.85373413055622,1,2
15,40,38,7.87041878616401,3.42047353958261,3.86915950181996,5.62673928930314,9.8504029363222,1,2
15,40,39,7.87041878616401,3.42047353958261,5.23452435093454,5.26700972380652,10.035191461938,1,2
15,40,41,7.87041878616401,3.42047353958261,5.83600361909664,5.37529115032783,9.21998408678661,1,2
15,40,42,7.87041878616401,3.42047353958261,4.44211004670468,6.64929892371069,9.17718760614968,1,2
15,40,43,7.87041878616401,3.42047353958261,4.34542020309096,6.55145064430356,9.57899657283926,1,2
15,40,47,7.87041878616401,3.42047353958261,5.94666192986069,5.0082104181448,9.64787061897415,1,2
15,40,49,7.87041878616401,3.42047353958261,4.79888911785901,6.40494671029018,9.65616095052531,1,2
15,40,51,7.87041878616401,3.42047353958261,5.39617242144821,6.79195815820722,9.82524404386161,1,2
15,40,52,7.87041878616401,3.42047353958261,5.43525992439102,7.07443960643901,9.39987759144223,1,2
15,40,53,7.87041878616401,3.42047353958261,5.85275528930096,6.78953218246455,9.449734708571,1,2
15,40,55,7.87041878616401,3.42047353958261,5.2092827632781,5.38850442344192,9.46169580405151,1,2
15,40,57,7.87041878616401,3.42047353958261,6.88814650199242,6.60694022832638,10.3081776363466,1,2
15,40,58,7.87041878616401,3.42047353958261,7.88892460207322,5.49734451482542,10.0764547270181,1,2
15,40,59,7.87041878616401,3.42047353958261,4.42178933484898,6.15135442246368,9.76433346568561,1,2
15,40,60,7.87041878616401,3.42047353958261,4.08362209639961,6.06466843248042,9.48055100579819,1,2
15,40,61,7.87041878616401,3.42047353958261,6.35445028090042,6.46181022411962,10.255042092414,1,2
15,40,65,7.87041878616401,3.42047353958261,5.05749557624672,5.53967975387368,9.72876938908128,1,2
15,40,68,7.87041878616401,3.42047353958261,3.52133516456119,5.44855937758827,9.07911556354805,1,2
15,40,71,7.87041878616401,3.42047353958261,4.80365038615387,5.34646326430276,9.76165958631363,1,2
15,40,73,7.87041878616401,3.42047353958261,4.15646888675749,6.77872426065724,9.5575612096257,1,2
15,40,74,7.87041878616401,3.42047353958261,3.42248557928327,6.2392834919871,9.35386155102867,1,2
15,40,75,7.87041878616401,3.42047353958261,4.88623223941351,6.27298985371011,9.89535193808577,1,2
15,40,76,7.87041878616401,3.42047353958261,5.13414725107951,6.62511863671871,9.56006385767785,1,2
15,40,77,7.87041878616401,3.42047353958261,3.7492473325944,6.2206512124766,9.30507393145576,1,2
15,41,1,7.87041878616401,3.42047353958261,5.02148044882638,6.64045292900524,9.66257973458031,1,2
15,41,3,7.87041878616401,3.42047353958261,5.09191476843757,5.40575792953563,9.93739934924716,1,2
15,41,4,7.87041878616401,3.42047353958261,4.99423892535902,5.27412336564651,9.8166578976809,1,2
15,41,5,7.87041878616401,3.42047353958261,3.02683032251975,5.52154365776782,9.35333394922333,1,2
15,41,6,7.87041878616401,3.42047353958261,4.82297096711445,6.62389501621867,10.106855759495,1,2
15,41,7,7.87041878616401,3.42047353958261,5.01051997448036,6.61372006511966,9.97242016527298,1,2
15,41,8,7.87041878616401,3.42047353958261,4.003239758819,6.36127495247433,9.30563802440037,1,2
15,41,9,7.87041878616401,3.42047353958261,5.66893658774819,6.53555622253928,9.60879667142711,1,2
15,41,12,7.87041878616401,3.42047353958261,4.12892416684779,6.15281167749242,9.92685541887059,1,2
15,41,14,7.87041878616401,3.42047353958261,5.25125102982763,5.72739911060759,9.60026400737967,1,2
15,41,15,7.87041878616401,3.42047353958261,6.44351674418723,5.20548162766014,9.87852391750554,1,2
15,41,18,7.87041878616401,3.42047353958261,5.10740409826498,5.75454209463191,9.68075782356947,1,2
15,41,19,7.87041878616401,3.42047353958261,5.53874158352186,4.94191688881514,10.3955272009035,1,2
15,41,20,7.87041878616401,3.42047353958261,4.60707019520588,6.54641496338969,10.330007429383,1,2
15,41,24,7.87041878616401,3.42047353958261,3.93163885092873,6.58784253851732,9.7349628797934,1,2
15,41,25,7.87041878616401,3.42047353958261,3.0146816804067,7.14015727681498,9.6579294775657,1,2
15,41,27,7.87041878616401,3.42047353958261,5.28404906322978,5.37455983868651,9.89344191514704,1,2
15,41,30,7.87041878616401,3.42047353958261,7.11564928301983,5.81802799112114,10.0152995106364,1,2
15,41,33,7.87041878616401,3.42047353958261,6.02300616589331,5.68039925625374,9.12859618489109,1,2
15,41,36,7.87041878616401,3.42047353958261,4.83091027692403,6.36928172802288,10.1929701880717,1,2
15,41,37,7.87041878616401,3.42047353958261,4.94651475175728,5.65744039980832,9.64295061991931,1,2
15,41,40,7.87041878616401,3.42047353958261,5.69861221303965,6.09697642368588,10.0350244585209,1,2
15,41,45,7.87041878616401,3.42047353958261,3.10367015989258,4.89137254442205,9.81143341012264,1,2
15,41,46,7.87041878616401,3.42047353958261,5.19959616325672,6.00896674433279,9.81984548578256,1,2
15,41,48,7.87041878616401,3.42047353958261,5.80008652555543,6.46119790242807,10.0008274051678,1,2
15,41,49,7.87041878616401,3.42047353958261,5.29038556873675,5.6451546636582,9.72164006527715,1,2
15,41,50,7.87041878616401,3.42047353958261,5.46417383771549,5.9867208830189,9.52047286127404,1,2
15,41,51,7.87041878616401,3.42047353958261,4.34508080891905,5.91489766858817,9.61370347941916,1,2
15,41,53,7.87041878616401,3.42047353958261,5.80848757344293,6.52719887670912,10.0471400029331,1,2
15,41,54,7.87041878616401,3.42047353958261,4.67646665097654,5.76891956298684,9.60507067286474,1,2
15,41,55,7.87041878616401,3.42047353958261,5.01439841004489,5.86905680139978,10.2603457922058,1,2
15,41,58,7.87041878616401,3.42047353958261,4.97803218590834,6.31028698989731,9.9054422073656,1,2
15,41,60,7.87041878616401,3.42047353958261,6.02324409638557,6.30729259838755,10.1646306190707,1,2
15,41,61,7.87041878616401,3.42047353958261,4.91336175157554,6.89746051654471,10.1679251362777,1,2
15,41,62,7.87041878616401,3.42047353958261,2.56376700284146,5.2251402717758,9.14007587866079,1,2
16,1,2,7.3744004840295,2.06886632487988,5.32723026685868,6.0482033208082,2.62841385608425,1,2
16,1,4,7.3744004840295,2.06886632487988,6.0010561615587,5.89729695112027,2.54471394594157,1,2
16,1,5,7.3744004840295,2.06886632487988,5.60608508226513,5.72202899870967,2.42376675629853,1,2
16,1,9,7.3744004840295,2.06886632487988,5.37851860479706,6.81608493034782,2.91173642087985,1,2
16,1,11,7.3744004840295,2.06886632487988,5.85864474404269,6.54484121780358,2.72494689090891,1,2
16,1,12,7.3744004840295,2.06886632487988,5.36739402732165,5.50775346970398,2.32503143204465,1,2
16,1,13,7.3744004840295,2.06886632487988,5.55046084496892,6.0585117106918,2.44996988521888,1,2
16,1,14,7.3744004840295,2.06886632487988,5.55684721257869,5.04671908401802,2.14195720448848,1,2
16,1,15,7.3744004840295,2.06886632487988,6.26598423259137,6.00563805721407,2.71086962276101,1,2
16,1,16,7.3744004840295,2.06886632487988,4.05542800606704,5.07020519943974,2.3235679318283,1,2
16,1,20,7.3744004840295,2.06886632487988,6.82052435108835,6.3770175375222,2.7683467446194,1,2
16,1,21,7.3744004840295,2.06886632487988,4.68118573611412,4.85320393049417,2.19030907255445,1,2
16,1,22,7.3744004840295,2.06886632487988,4.98264706924882,5.16361978555073,1.94817962926253,1,2
16,1,25,7.3744004840295,2.06886632487988,5.0673614101536,5.67396904708512,2.41861152026311,1,2
16,1,26,7.3744004840295,2.06886632487988,6.96439958574322,6.20186524796643,2.73038374100445,1,2
16,1,27,7.3744004840295,2.06886632487988,6.19828617876812,6.60753589313997,2.8417343814446,1,2
16,1,30,7.3744004840295,2.06886632487988,5.59759290623434,6.7199650747453,2.75299141253931,1,2
16,1,32,7.3744004840295,2.06886632487988,5.05195352044345,6.03024119992719,2.4764408193156,1,2
16,1,33,7.3744004840295,2.06886632487988,4.58889793991574,6.0304644225583,2.60669216992606,1,2
16,1,35,7.3744004840295,2.06886632487988,5.01458236681389,6.21050877133189,2.60733618214127,1,2
16,1,40,7.3744004840295,2.06886632487988,6.78128819033115,5.65297738997658,2.52578142847022,1,2
16,1,42,7.3744004840295,2.06886632487988,5.39370256753186,5.86667145775059,2.40289233989007,1,2
16,1,43,7.3744004840295,2.06886632487988,5.2605933198137,5.81196465129298,2.6131413837711,1,2
16,1,44,7.3744004840295,2.06886632487988,5.49415367741727,5.97928652446001,2.52043337794087,1,2
16,1,45,7.3744004840295,2.06886632487988,4.70578590034237,5.87872533056798,2.41268118038337,1,2
16,1,46,7.3744004840295,2.06886632487988,5.15619042826615,6.29862234502175,2.6443149424143,1,2
16,1,49,7.3744004840295,2.06886632487988,6.21956825608714,6.40931943819626,2.79690268179562,1,2
16,1,50,7.3744004840295,2.06886632487988,4.15451411198306,6.95702787823961,2.98731982315394,1,2
16,1,51,7.3744004840295,2.06886632487988,4.24674760177661,6.67519155999073,2.6298479458146,1,2
16,1,55,7.3744004840295,2.06886632487988,3.57593645420636,6.5387256165932,2.92653962786893,1,2
16,1,57,7.3744004840295,2.06886632487988,4.82363608624729,6.34117656340334,2.75809203142355,1,2
16,1,58,7.3744004840295,2.06886632487988,5.58123997865191,6.68622119313966,2.86507203683917,1,2
16,1,59,7.3744004840295,2.06886632487988,3.76868695913919,5.39606506201471,2.33962734211605,1,2
16,1,62,7.3744004840295,2.06886632487988,7.19910200628374,5.88692676677304,2.61917266730902,1,2
16,1,64,7.3744004840295,2.06886632487988,5.78463861513952,5.34347384700268,2.07553751282678,1,2
16,1,65,7.3744004840295,2.06886632487988,4.46150461354558,6.45724472021318,2.78114453289401,1,2
16,1,67,7.3744004840295,2.06886632487988,5.73153964900512,5.78305567078169,2.40045196336619,1,2
16,1,70,7.3744004840295,2.06886632487988,4.58059769647381,5.92073985390625,2.59998405377154,1,2
16,1,71,7.3744004840295,2.06886632487988,4.23516572570651,5.87889835401674,2.65518236270187,1,2
16,1,74,7.3744004840295,2.06886632487988,5.74745399532139,5.68564923198319,2.49004182994634,1,2
16,2,3,7.3744004840295,2.06886632487988,5.50826211915236,6.06954394821681,3.68904313114308,1,2
16,2,7,7.3744004840295,2.06886632487988,5.54098410516861,6.84903936412655,4.22018725385705,1,2
16,2,8,7.3744004840295,2.06886632487988,3.57980574272673,5.50127304748072,3.47572983449401,1,2
16,2,9,7.3744004840295,2.06886632487988,5.05178346038675,6.11485070744022,3.69441979895801,1,2
16,2,10,7.3744004840295,2.06886632487988,5.07634255056718,6.47369914150012,3.90599416095663,1,2
16,2,11,7.3744004840295,2.06886632487988,4.08571239637196,5.59010069986629,3.50385236660561,1,2
16,2,12,7.3744004840295,2.06886632487988,3.47043834881125,5.50584500896943,3.57178730889267,1,2
16,2,13,7.3744004840295,2.06886632487988,6.20949942367066,6.19664367392662,3.69856989529081,1,2
16,2,16,7.3744004840295,2.06886632487988,4.8939069656371,5.93492574324385,3.57898082603313,1,2
16,2,18,7.3744004840295,2.06886632487988,5.81506851560254,5.86130549242873,3.65265627213666,1,2
16,2,20,7.3744004840295,2.06886632487988,5.22152146784456,5.58435281998653,3.34142374863631,1,2
16,2,22,7.3744004840295,2.06886632487988,3.65959949838895,4.79511529598082,3.01889704972807,1,2
16,2,25,7.3744004840295,2.06886632487988,4.11519474889319,6.20979668205317,3.83519232052942,1,2
16,2,26,7.3744004840295,2.06886632487988,4.50938644437177,6.76239978105764,3.92756291902038,1,2
16,2,28,7.3744004840295,2.06886632487988,5.83616592388605,6.97746426083829,3.95927070533284,1,2
16,2,29,7.3744004840295,2.06886632487988,4.59046281783946,5.74895144262327,3.4837857435854,1,2
16,2,30,7.3744004840295,2.06886632487988,5.76680645285288,5.81004525476799,3.6730041032745,1,2
16,2,31,7.3744004840295,2.06886632487988,5.26913512591786,4.66865279266885,3.13258935912776,1,2
16,2,32,7.3744004840295,2.06886632487988,4.48859632390242,5.88800323395531,3.61330140830579,1,2
16,2,33,7.3744004840295,2.06886632487988,4.99196360308675,6.67755256488974,3.98287663370237,1,2
16,2,35,7.3744004840295,2.06886632487988,5.47730243853094,6.35303106854337,3.64270282103045,1,2
16,2,41,7.3744004840295,2.06886632487988,4.33485529268078,5.99150681752628,3.67595768369159,1,2
16,2,43,7.3744004840295,2.06886632487988,4.33500640768773,6.31734176466841,3.7085375809781,1,2
16,2,45,7.3744004840295,2.06886632487988,6.01269067339851,6.89645069525284,3.9934718412234,1,2
16,2,46,7.3744004840295,2.06886632487988,4.69872949653081,6.35868465404642,3.85681138211341,1,2
16,2,47,7.3744004840295,2.06886632487988,4.94516671515767,5.96798972122445,3.6960247139458,1,2
16,2,48,7.3744004840295,2.06886632487988,5.98495283529271,6.2583701106333,3.84327428460158,1,2
16,2,52,7.3744004840295,2.06886632487988,4.14889268998249,6.25397276776102,3.62347674863496,1,2
16,2,54,7.3744004840295,2.06886632487988,5.55799943420692,5.7807785578907,3.43983139184556,1,2
16,2,55,7.3744004840295,2.06886632487988,4.39289418354794,5.53277756196179,3.45616901120597,1,2
16,2,57,7.3744004840295,2.06886632487988,3.81897438448775,5.36713469305265,3.35799511665863,1,2
16,2,58,7.3744004840295,2.06886632487988,6.08499627357575,5.36922962417644,3.41826856716874,1,2
16,2,68,7.3744004840295,2.06886632487988,5.23320585505942,6.09161050696327,3.76636225795603,1,2
16,2,69,7.3744004840295,2.06886632487988,5.57013463921711,5.64327446752888,3.5009416592334,1,2
16,2,70,7.3744004840295,2.06886632487988,4.4010433793504,5.69881953593387,3.50922802912108,1,2
16,2,72,7.3744004840295,2.06886632487988,6.96777129812729,6.12475181544605,4.01443498990909,1,2
16,2,75,7.3744004840295,2.06886632487988,4.77142129592899,6.78364793544633,3.96977807500364,1,2
16,3,1,7.3744004840295,2.06886632487988,5.03619883584731,6.38818074674735,4.60123709438693,1,2
16,3,2,7.3744004840295,2.06886632487988,5.68065655979719,6.27940977910098,4.32736328543678,1,2
16,3,4,7.3744004840295,2.06886632487988,6.57124129582655,6.06057348537845,4.61025904746214,1,2
16,3,5,7.3744004840295,2.06886632487988,4.26079023837207,6.17817777917525,4.44760613410476,1,2
16,3,7,7.3744004840295,2.06886632487988,4.2666870484721,5.72122129028173,4.49296276085367,1,2
16,3,8,7.3744004840295,2.06886632487988,4.47509554874815,5.90547818027397,4.3907423763665,1,2
16,3,9,7.3744004840295,2.06886632487988,4.10014478004859,4.83391346404443,3.95171729895603,1,2
16,3,10,7.3744004840295,2.06886632487988,6.8869155321613,6.00122597737296,4.43682878965054,1,2
16,3,14,7.3744004840295,2.06886632487988,5.63499537728879,6.17546028268181,4.61647524685829,1,2
16,3,16,7.3744004840295,2.06886632487988,5.1526246324969,6.03060265332186,4.47329389598964,1,2
16,3,18,7.3744004840295,2.06886632487988,5.8624510434272,6.90429917121374,4.85595576201894,1,2
16,3,19,7.3744004840295,2.06886632487988,4.53655326540241,5.72857626620512,4.34974607825859,1,2
16,3,20,7.3744004840295,2.06886632487988,5.18590618626052,6.4590740300871,4.60385745436783,1,2
16,3,21,7.3744004840295,2.06886632487988,4.20610894126158,4.91954047715464,3.97764886039359,1,2
16,3,23,7.3744004840295,2.06886632487988,6.31910521850741,6.05978524891008,4.48808762867285,1,2
16,3,26,7.3744004840295,2.06886632487988,5.79540824339665,6.15028579878056,4.46763762670983,1,2
16,3,27,7.3744004840295,2.06886632487988,4.821433206236,5.89708024769256,4.40434368560023,1,2
16,3,29,7.3744004840295,2.06886632487988,5.73128428655343,5.12733922460802,4.06725734290546,1,2
16,3,32,7.3744004840295,2.06886632487988,6.64978758761266,5.51785291512461,4.36237469454194,1,2
16,3,34,7.3744004840295,2.06886632487988,5.47562185368869,5.29350459973801,4.12119104611889,1,2
16,3,35,7.3744004840295,2.06886632487988,4.56674995829169,5.79408361798366,4.39657991779888,1,2
16,3,37,7.3744004840295,2.06886632487988,4.09391912763821,5.73698262753502,4.49064360049644,1,2
16,3,42,7.3744004840295,2.06886632487988,7.08062410611944,5.5605875557367,4.32271677467115,1,2
16,3,43,7.3744004840295,2.06886632487988,3.53945617662478,6.5834506647836,4.60935320123002,1,2
16,3,44,7.3744004840295,2.06886632487988,5.58848245211638,5.86719787736067,4.5514845427056,1,2
16,3,45,7.3744004840295,2.06886632487988,6.09558926043967,6.77392261528612,4.8372883000773,1,2
16,3,52,7.3744004840295,2.06886632487988,5.67026312840046,5.95998326571435,4.3562921344804,1,2
16,3,53,7.3744004840295,2.06886632487988,2.9072902887778,6.83301193318217,4.89427630927244,1,2
16,3,57,7.3744004840295,2.06886632487988,4.08327277963769,6.24025612267433,4.75937909706389,1,2
16,3,59,7.3744004840295,2.06886632487988,4.89785832572627,6.52325597180046,4.54436935654223,1,2
16,3,61,7.3744004840295,2.06886632487988,5.01902605279096,6.95424184066452,4.90059175409394,1,2
16,3,66,7.3744004840295,2.06886632487988,4.53643083373243,6.56450207404426,4.76772588166518,1,2
16,4,1,7.3744004840295,2.06886632487988,5.82396573364408,5.91041089524304,4.65274799528447,1,2
16,4,2,7.3744004840295,2.06886632487988,5.68881343767963,6.35957212561616,4.94516263654335,1,2
16,4,3,7.3744004840295,2.06886632487988,5.47940903213037,5.50980658679749,4.64307581325791,1,2
16,4,4,7.3744004840295,2.06886632487988,5.12004283904023,6.37316575647547,4.7352165430611,1,2
16,4,5,7.3744004840295,2.06886632487988,5.69755162083633,6.21797971218677,4.85349239877978,1,2
16,4,6,7.3744004840295,2.06886632487988,2.93478995277351,6.50209980371324,4.91666969980238,1,2
16,4,8,7.3744004840295,2.06886632487988,5.82264015840154,5.70167954188601,4.63095543450696,1,2
16,4,9,7.3744004840295,2.06886632487988,4.44382794306732,5.87186292377743,4.71253803948899,1,2
16,4,10,7.3744004840295,2.06886632487988,4.26570092926617,5.96518620114371,4.7931003844504,1,2
16,4,13,7.3744004840295,2.06886632487988,5.8199152279675,5.55224147368981,4.62029783039258,1,2
16,4,17,7.3744004840295,2.06886632487988,6.08159870901208,6.39392608765357,4.86700371674481,1,2
16,4,19,7.3744004840295,2.06886632487988,5.77586028391747,6.34556642268726,4.94356219709115,1,2
16,4,20,7.3744004840295,2.06886632487988,4.15259893446183,5.73171052791467,4.57377216407821,1,2
16,4,24,7.3744004840295,2.06886632487988,4.36074110946779,6.06601968140615,4.38909495926204,1,2
16,4,26,7.3744004840295,2.06886632487988,5.63486018413246,5.97040622713966,4.6949204693772,1,2
16,4,28,7.3744004840295,2.06886632487988,3.79097071636587,6.31310552608857,4.6146659859055,1,2
16,4,31,7.3744004840295,2.06886632487988,4.45063437584035,5.61986869019226,4.68276907879401,1,2
16,4,36,7.3744004840295,2.06886632487988,4.62055842394589,6.27505409420333,4.86367699974823,1,2
16,4,37,7.3744004840295,2.06886632487988,4.78998940018296,6.03890149254586,4.77322941006783,1,2
16,4,39,7.3744004840295,2.06886632487988,4.51989537818838,6.77229466495206,4.92400112259533,1,2
16,4,40,7.3744004840295,2.06886632487988,5.7689620398079,5.69996779101765,4.63677100089543,1,2
16,4,41,7.3744004840295,2.06886632487988,4.30412165124235,5.93607002621337,4.47297983651284,1,2
16,4,46,7.3744004840295,2.06886632487988,5.14804470179359,6.17636785168518,4.69616739785677,1,2
16,4,47,7.3744004840295,2.06886632487988,4.44406118860861,6.60294284626593,4.8277123118543,1,2
16,4,51,7.3744004840295,2.06886632487988,5.49377550914247,5.81749480625617,4.64688887577457,1,2
16,4,56,7.3744004840295,2.06886632487988,5.03789613379506,6.48175149805399,4.80073393004809,1,2
16,4,57,7.3744004840295,2.06886632487988,3.65043880241148,4.75257941759067,4.29670775140619,1,2
16,4,58,7.3744004840295,2.06886632487988,4.04380963771475,5.55274245407781,4.47840700218933,1,2
16,4,59,7.3744004840295,2.06886632487988,3.77127567810217,6.16688265514671,4.63649175915955,1,2
16,5,2,7.3744004840295,2.06886632487988,2.83991711821632,5.82310508930236,4.96499106851007,1,2
16,5,5,7.3744004840295,2.06886632487988,4.35083145397326,5.76404894774405,5.15437430072658,1,2
16,5,6,7.3744004840295,2.06886632487988,4.40436519306521,5.65851361687397,4.88174823813682,1,2
16,5,10,7.3744004840295,2.06886632487988,4.44919153825376,5.69508636229142,4.95797673149199,1,2
16,5,12,7.3744004840295,2.06886632487988,6.48401479828115,5.52256878699421,5.00806148981144,1,2
16,5,13,7.3744004840295,2.06886632487988,7.34540977594281,6.9306586714357,5.32016737437634,1,2
16,5,16,7.3744004840295,2.06886632487988,6.3825157796191,6.78645862347416,5.4789901455871,1,2
16,5,17,7.3744004840295,2.06886632487988,4.50986178767984,6.12399573524055,5.13029772846408,1,2
16,5,21,7.3744004840295,2.06886632487988,4.30687961823464,5.99552293249729,5.26036557364215,1,2
16,5,28,7.3744004840295,2.06886632487988,6.49157561390742,5.98273786320118,4.91770951444719,1,2
16,5,30,7.3744004840295,2.06886632487988,6.08061824577725,6.00099378807759,5.19711091568118,1,2
16,5,33,7.3744004840295,2.06886632487988,6.0289495531234,5.97361522186537,5.08490626466396,1,2
16,5,35,7.3744004840295,2.06886632487988,4.25008737842469,5.47443176570606,4.96073574467642,1,2
16,5,37,7.3744004840295,2.06886632487988,3.03629714853996,5.57902489564492,4.9178153991301,1,2
16,5,39,7.3744004840295,2.06886632487988,4.18062616757544,5.99528504205359,5.195056412215,1,2
16,5,40,7.3744004840295,2.06886632487988,4.98004615829028,6.99990411948678,5.60334760793514,1,2
16,5,41,7.3744004840295,2.06886632487988,4.15789779620846,6.29087267421766,5.15487055824729,1,2
16,5,42,7.3744004840295,2.06886632487988,4.7021010897128,6.13420520835116,5.14154241729312,1,2
16,5,43,7.3744004840295,2.06886632487988,4.00989685899819,6.11029426643085,5.19499925377138,1,2
16,5,44,7.3744004840295,2.06886632487988,5.79738198092013,5.46207024511813,4.90886059914017,1,2
16,5,45,7.3744004840295,2.06886632487988,6.21327745541038,5.03684522291901,5.03714127539523,1,2
16,5,47,7.3744004840295,2.06886632487988,2.74990501404022,6.36623916325546,4.96245470707684,1,2
16,5,49,7.3744004840295,2.06886632487988,4.59366980184889,6.84859563982098,5.58370960234764,1,2
16,5,51,7.3744004840295,2.06886632487988,6.56570063724001,6.14069896525732,5.07979566507723,1,2
16,5,53,7.3744004840295,2.06886632487988,4.75319719452071,6.59169901044899,5.32110724633723,1,2
16,5,55,7.3744004840295,2.06886632487988,5.35463146075041,6.46225959778289,5.39277543172234,1,2
16,5,56,7.3744004840295,2.06886632487988,4.52229690792342,6.10766572481622,5.25185737530249,1,2
16,5,59,7.3744004840295,2.06886632487988,6.08044141698214,5.79155578735491,4.81319255766159,1,2
16,5,60,7.3744004840295,2.06886632487988,5.73716303441839,6.41056011815363,5.18366723294427,1,2
16,5,62,7.3744004840295,2.06886632487988,5.98587476519635,5.9431684991715,4.97582358104421,1,2
16,5,66,7.3744004840295,2.06886632487988,3.93101174032775,6.57718164162654,5.34879089541528,1,2
16,5,67,7.3744004840295,2.06886632487988,6.55313673437019,6.04495035738097,5.25850267331143,1,2
16,5,68,7.3744004840295,2.06886632487988,5.11459158869176,5.64151191949583,4.9800318386641,1,2
16,5,70,7.3744004840295,2.06886632487988,4.52443963715374,6.20051487171713,5.10557402115741,1,2
16,5,71,7.3744004840295,2.06886632487988,5.36534302091459,6.52223751498914,5.26760385067341,1,2
16,5,73,7.3744004840295,2.06886632487988,5.35450445377132,6.39425234478783,5.33207186110534,1,2
16,5,74,7.3744004840295,2.06886632487988,5.76151070928975,5.73617326496783,5.11602609180886,1,2
16,5,75,7.3744004840295,2.06886632487988,4.81549081951005,6.73858447197003,5.31099592681329,1,2
16,5,77,7.3744004840295,2.06886632487988,6.11863673764669,7.50871345976479,5.62456957999845,1,2
16,5,78,7.3744004840295,2.06886632487988,6.74596036623661,6.25085142091529,5.14439142474224,1,2
16,5,80,7.3744004840295,2.06886632487988,4.16267796080385,6.19335302330652,5.24263278715561,1,2
16,5,84,7.3744004840295,2.06886632487988,5.02548219948908,6.47933337496438,5.29785037591596,1,2
16,5,87,7.3744004840295,2.06886632487988,3.78319564801831,5.87477237379158,5.1609340855024,1,2
16,5,90,7.3744004840295,2.06886632487988,4.79350191567844,6.26650695437689,5.19020328078746,1,2
16,6,2,7.3744004840295,2.06886632487988,4.77624054073376,6.72913181378252,5.44540471828693,1,2
16,6,5,7.3744004840295,2.06886632487988,5.86883953656252,5.17030422888737,4.78872888879966,1,2
16,6,7,7.3744004840295,2.06886632487988,4.75409826905837,5.74773589355757,5.07936813464935,1,2
16,6,11,7.3744004840295,2.06886632487988,6.3087817991587,6.30570483383057,5.22462964656901,1,2
16,6,14,7.3744004840295,2.06886632487988,3.9774192337882,6.90741505493039,5.46818270843054,1,2
16,6,15,7.3744004840295,2.06886632487988,5.25072959199353,6.64805396957328,5.34153011150049,1,2
16,6,19,7.3744004840295,2.06886632487988,5.48821778354385,5.48281406340862,5.03238751500428,1,2
16,6,20,7.3744004840295,2.06886632487988,3.81240859034948,6.91983934514328,5.41930762080606,1,2
16,6,21,7.3744004840295,2.06886632487988,6.00482033174703,4.85529286357606,4.66384462546756,1,2
16,6,23,7.3744004840295,2.06886632487988,4.19349364652631,6.64259025178759,5.41555266606388,1,2
16,6,25,7.3744004840295,2.06886632487988,6.20463935824042,6.8440629787357,5.39475133154618,1,2
16,6,27,7.3744004840295,2.06886632487988,6.11977129786102,5.94528891257932,5.05562207196261,1,2
16,6,28,7.3744004840295,2.06886632487988,4.73638355006866,4.41413065064953,4.78025255647622,1,2
16,6,29,7.3744004840295,2.06886632487988,5.53602602422044,6.37692146017397,5.31715948886613,1,2
16,6,30,7.3744004840295,2.06886632487988,4.90369540946493,6.32926974799182,5.49244387504456,1,2
16,6,31,7.3744004840295,2.06886632487988,4.2503459859867,6.52415910654318,5.47770458366743,1,2
16,6,32,7.3744004840295,2.06886632487988,4.27144177634358,6.87125942322567,5.48367561914097,1,2
16,6,35,7.3744004840295,2.06886632487988,5.24906149948885,5.67352838684503,5.00573610139795,1,2
16,6,36,7.3744004840295,2.06886632487988,4.74153705625757,6.96225427949484,5.54176282038603,1,2
16,6,37,7.3744004840295,2.06886632487988,5.82489318954651,6.39050930918957,5.34630831134118,1,2
16,6,38,7.3744004840295,2.06886632487988,5.73053700428328,6.3353079398343,5.26718432840058,1,2
16,6,39,7.3744004840295,2.06886632487988,4.95066682155728,6.23793470733591,5.08336550753694,1,2
16,6,40,7.3744004840295,2.06886632487988,6.0945752028523,6.00646540315436,5.02484591700535,1,2
16,6,41,7.3744004840295,2.06886632487988,6.86037301603576,6.24042805065959,5.23704066499938,1,2
16,6,43,7.3744004840295,2.06886632487988,6.32426757186288,5.76248644465562,5.15422793138944,1,2
16,6,44,7.3744004840295,2.06886632487988,5.84445028652488,5.65149876686851,4.90214117618628,1,2
16,6,45,7.3744004840295,2.06886632487988,3.181710416502,5.64652817422586,4.95364382029857,1,2
16,6,46,7.3744004840295,2.06886632487988,5.30399060777789,4.8104852003368,4.65076548757776,1,2
16,6,47,7.3744004840295,2.06886632487988,4.75009431943982,6.45035848674845,5.19128829690613,1,2
16,6,49,7.3744004840295,2.06886632487988,3.00671154802865,5.05649153001081,4.75474589392738,1,2
16,6,51,7.3744004840295,2.06886632487988,5.23524497708333,6.14314242138104,5.09920526279349,1,2
16,6,52,7.3744004840295,2.06886632487988,5.12722986355207,5.75921675232874,5.14036849152468,1,2
16,6,53,7.3744004840295,2.06886632487988,4.51742071854112,6.31983542331815,5.30449071931839,1,2
16,6,56,7.3744004840295,2.06886632487988,5.93157741447894,6.85791910435979,5.54572051703125,1,2
16,6,57,7.3744004840295,2.06886632487988,3.41612986097435,5.55372038479707,5.02792346761654,1,2
16,6,58,7.3744004840295,2.06886632487988,3.40516171679112,6.73247257062035,5.48491458875454,1,2
16,6,60,7.3744004840295,2.06886632487988,5.30629854083828,5.8385854138997,5.0938676530263,1,2
16,6,62,7.3744004840295,2.06886632487988,3.69603373923959,5.47526250797838,5.09594132821665,1,2
16,6,66,7.3744004840295,2.06886632487988,3.97553175453421,6.28898148975752,5.12897437909155,1,2
16,6,69,7.3744004840295,2.06886632487988,4.24307236507026,6.19691959752876,4.90892912287461,1,2
16,6,71,7.3744004840295,2.06886632487988,5.40974467588709,5.34756422853848,5.03416138178842,1,2
16,6,72,7.3744004840295,2.06886632487988,5.23705627249514,5.88010211148575,5.10337085990384,1,2
16,6,74,7.3744004840295,2.06886632487988,3.71789223423651,6.87825459234919,5.26779035057994,1,2
16,6,79,7.3744004840295,2.06886632487988,4.22851761567576,5.54137631114462,4.83116511091953,1,2
16,6,81,7.3744004840295,2.06886632487988,6.52939203970855,6.87564560393979,5.39364776782786,1,2
16,6,85,7.3744004840295,2.06886632487988,3.82051372920728,7.35476377659229,5.53832608986924,1,2
16,6,88,7.3744004840295,2.06886632487988,4.72389577665146,5.49840544877628,5.14041365737366,1,2
16,6,89,7.3744004840295,2.06886632487988,5.46621976577501,6.18657599168389,5.34498025533576,1,2
16,6,90,7.3744004840295,2.06886632487988,6.03954148794336,5.39798930693108,5.09925219587879,1,2
16,7,2,7.3744004840295,2.06886632487988,4.64418589808446,6.92052191602254,5.69057440784157,1,2
16,7,3,7.3744004840295,2.06886632487988,4.06903502646563,5.80486103746874,5.49300274798509,1,2
16,7,5,7.3744004840295,2.06886632487988,6.07590960737897,6.33940793145844,5.50010131929602,1,2
16,7,7,7.3744004840295,2.06886632487988,4.98797982814016,6.03909709666333,5.4220219334401,1,2
16,7,9,7.3744004840295,2.06886632487988,3.0029376754404,5.75919018350968,5.22218148744619,1,2
16,7,10,7.3744004840295,2.06886632487988,7.51036455886931,5.3723303384098,5.3507122945166,1,2
16,7,11,7.3744004840295,2.06886632487988,4.67377328099713,7.33707236170787,5.80119812333891,1,2
16,7,12,7.3744004840295,2.06886632487988,4.93029967704798,5.85164140927197,5.41818368686628,1,2
16,7,13,7.3744004840295,2.06886632487988,5.44643233035711,6.50254423184414,5.67879820345985,1,2
16,7,15,7.3744004840295,2.06886632487988,4.65045050461711,5.5427339204849,5.29476953053936,1,2
16,7,17,7.3744004840295,2.06886632487988,8.28606576556653,5.78110051960229,5.40252194078406,1,2
16,7,20,7.3744004840295,2.06886632487988,6.13875747725243,6.2325285594007,5.43891517871228,1,2
16,7,22,7.3744004840295,2.06886632487988,4.58382543728749,6.71762380690633,5.72198781403481,1,2
16,7,23,7.3744004840295,2.06886632487988,4.06122956138532,5.56532113773427,5.29540851755329,1,2
16,7,27,7.3744004840295,2.06886632487988,4.92145880878607,6.24534184653414,5.44703727916956,1,2
16,7,28,7.3744004840295,2.06886632487988,4.33354624019448,6.05809109669512,5.48876852142138,1,2
16,7,29,7.3744004840295,2.06886632487988,4.53016505680487,5.88929638847921,5.30198943776983,1,2
16,7,32,7.3744004840295,2.06886632487988,4.81279327334908,6.01362646954236,5.29694156094344,1,2
16,7,34,7.3744004840295,2.06886632487988,4.24966244535684,6.76475306113546,5.70186708930116,1,2
16,7,35,7.3744004840295,2.06886632487988,6.94613739831648,6.17145316618312,5.56937905042372,1,2
16,7,36,7.3744004840295,2.06886632487988,4.64403799913982,6.64188277895003,5.64084743234002,1,2
16,7,39,7.3744004840295,2.06886632487988,6.384132929584,6.49868554281201,5.63644632836765,1,2
16,7,40,7.3744004840295,2.06886632487988,4.65632329229191,5.76983676960081,5.39314948022151,1,2
16,7,42,7.3744004840295,2.06886632487988,5.00266110555111,5.42922428772762,5.22406638590498,1,2
16,7,44,7.3744004840295,2.06886632487988,5.49532069873674,6.47277574968163,5.53704606173049,1,2
16,7,45,7.3744004840295,2.06886632487988,6.13105996312617,6.21068571325297,5.57618082442819,1,2
16,7,46,7.3744004840295,2.06886632487988,5.55673380543621,6.3649930271739,5.42928064783968,1,2
16,7,47,7.3744004840295,2.06886632487988,4.76511836845559,6.10556478011902,5.50980046144676,1,2
16,7,48,7.3744004840295,2.06886632487988,6.07254444882146,5.87889417227562,5.46204678895322,1,2
16,7,50,7.3744004840295,2.06886632487988,3.88546882470006,6.33226475534965,5.70326063472728,1,2
16,7,51,7.3744004840295,2.06886632487988,3.01158445882173,6.1656784445657,5.39532490747496,1,2
16,7,52,7.3744004840295,2.06886632487988,4.52566498253444,6.59543455253371,5.68012738866108,1,2
16,7,53,7.3744004840295,2.06886632487988,5.97922274885242,6.15712775064254,5.52123722599566,1,2
16,7,55,7.3744004840295,2.06886632487988,3.51744358396156,6.00252874148761,5.40926142395031,1,2
16,7,59,7.3744004840295,2.06886632487988,2.78232460058387,6.04445956080029,5.23865996554031,1,2
16,7,60,7.3744004840295,2.06886632487988,5.31068142352093,5.46575834017607,5.32903207310977,1,2
16,7,63,7.3744004840295,2.06886632487988,4.82475360182575,5.28528261800854,5.43414085701398,1,2
16,7,64,7.3744004840295,2.06886632487988,5.43523239088268,6.34791746706035,5.54884928584907,1,2
16,7,66,7.3744004840295,2.06886632487988,3.7966962396301,6.15132866610441,5.66051480600004,1,2
16,7,71,7.3744004840295,2.06886632487988,3.40715964267799,6.59871115975146,5.69567860334009,1,2
16,7,73,7.3744004840295,2.06886632487988,3.56903575767165,6.15740945493917,5.53150071590882,1,2
16,7,74,7.3744004840295,2.06886632487988,3.93644562994829,7.28666054546754,5.86276795447913,1,2
16,7,75,7.3744004840295,2.06886632487988,5.70875887483242,6.0517511843425,5.3193219513178,1,2
16,7,76,7.3744004840295,2.06886632487988,4.0553684538662,5.78868586990128,5.36187343011067,1,2
16,7,78,7.3744004840295,2.06886632487988,5.3626354132586,5.43694229530679,5.22970096601115,1,2
16,7,80,7.3744004840295,2.06886632487988,4.5382752979332,5.33077321720112,5.33224184432938,1,2
16,7,82,7.3744004840295,2.06886632487988,3.33120533877399,5.65573519902434,5.32851857016982,1,2
16,7,85,7.3744004840295,2.06886632487988,5.64275775366471,6.45286184533916,5.75292210429895,1,2
16,7,86,7.3744004840295,2.06886632487988,4.1278696249541,6.04365673176693,5.57609030513201,1,2
16,7,90,7.3744004840295,2.06886632487988,5.04312709150097,6.21189247490848,5.56440502108081,1,2
16,7,92,7.3744004840295,2.06886632487988,3.36189906851431,6.35226121499078,5.58445779657567,1,2
16,7,93,7.3744004840295,2.06886632487988,4.06746972785741,5.8707090669196,5.4478551525623,1,2
16,7,94,7.3744004840295,2.06886632487988,5.05913831373818,5.54420273528279,5.48631070662131,1,2
16,7,96,7.3744004840295,2.06886632487988,4.54943165860915,6.21903444432982,5.51841707622213,1,2
16,7,97,7.3744004840295,2.06886632487988,5.09604907881539,5.19958569496489,5.07751262837883,1,2
16,8,3,7.3744004840295,2.06886632487988,4.46507814544139,5.69466419294889,5.47521678459958,1,2
16,8,4,7.3744004840295,2.06886632487988,4.46410229454269,7.04738346495127,6.02522187328045,1,2
16,8,7,7.3744004840295,2.06886632487988,4.96580661459826,5.5236121976894,5.59035134409808,1,2
16,8,9,7.3744004840295,2.06886632487988,4.47929014162193,5.16294712185257,5.40411074571803,1,2
16,8,10,7.3744004840295,2.06886632487988,4.83504571014952,6.27237640433257,5.93985712107528,1,2
16,8,11,7.3744004840295,2.06886632487988,4.29878406162083,6.21588852821857,5.66210419675796,1,2
16,8,13,7.3744004840295,2.06886632487988,6.19815587235545,6.71256857488347,5.91264460922801,1,2
16,8,14,7.3744004840295,2.06886632487988,6.86401943988538,6.21742352413942,5.82180190017143,1,2
16,8,16,7.3744004840295,2.06886632487988,5.56803487025826,6.17144270692453,5.82749742808017,1,2
16,8,17,7.3744004840295,2.06886632487988,3.89598864900117,6.4157981462634,5.81006015580796,1,2
16,8,18,7.3744004840295,2.06886632487988,3.93526874398075,6.6386100197115,5.95365327267277,1,2
16,8,19,7.3744004840295,2.06886632487988,3.24057680310097,6.26875727249371,5.85634678209524,1,2
16,8,20,7.3744004840295,2.06886632487988,4.06934301360343,5.9495674916898,5.57274793211986,1,2
16,8,22,7.3744004840295,2.06886632487988,6.11609415683717,5.54375957279525,5.61311832186417,1,2
16,8,25,7.3744004840295,2.06886632487988,5.09343666604494,6.34814923667776,5.93189155635302,1,2
16,8,26,7.3744004840295,2.06886632487988,4.12616280749378,5.23982173757173,5.53594429448279,1,2
16,8,27,7.3744004840295,2.06886632487988,6.38441334900868,6.15475867368157,5.70791067070476,1,2
16,8,28,7.3744004840295,2.06886632487988,4.38458083151653,6.02527078031373,5.71844091755237,1,2
16,8,29,7.3744004840295,2.06886632487988,5.32435576935879,5.85148693083121,5.45112571290911,1,2
16,8,33,7.3744004840295,2.06886632487988,5.52696481593888,6.0648398157903,5.81712605809734,1,2
16,8,37,7.3744004840295,2.06886632487988,4.91911207375915,6.18373253815244,5.60120053470113,1,2
16,8,38,7.3744004840295,2.06886632487988,3.77998375215209,6.29206641461195,5.96081735239469,1,2
16,8,39,7.3744004840295,2.06886632487988,5.7248450371141,5.94746989739871,5.70672351803138,1,2
16,8,41,7.3744004840295,2.06886632487988,3.29081694076691,6.45713983382644,5.9750275692879,1,2
16,8,42,7.3744004840295,2.06886632487988,5.79969473738545,5.61204050172197,5.60292153245835,1,2
16,8,43,7.3744004840295,2.06886632487988,6.41367534084349,5.98132014611131,5.7133660528441,1,2
16,8,46,7.3744004840295,2.06886632487988,4.16891063198997,5.67424273248259,5.54608246557049,1,2
16,8,49,7.3744004840295,2.06886632487988,4.92874576450401,6.94382317216085,6.20953008084791,1,2
16,8,50,7.3744004840295,2.06886632487988,3.62774037321667,5.92376998670561,5.60149412446448,1,2
16,8,51,7.3744004840295,2.06886632487988,5.22187563763623,5.54908561476699,5.35863640042543,1,2
16,8,54,7.3744004840295,2.06886632487988,5.40538327016321,6.02915863826236,5.6153253035282,1,2
16,8,55,7.3744004840295,2.06886632487988,6.2975866146319,6.40221943879304,5.93270172310756,1,2
16,8,56,7.3744004840295,2.06886632487988,2.83984900188087,6.04186932602942,5.75561922905644,1,2
16,8,57,7.3744004840295,2.06886632487988,4.93845420289184,5.87920611361157,5.67494213044278,1,2
16,8,58,7.3744004840295,2.06886632487988,3.89912752727241,6.05684225509787,5.644516193724,1,2
16,8,59,7.3744004840295,2.06886632487988,6.51499024759338,6.91785541137807,6.11070557845327,1,2
16,8,60,7.3744004840295,2.06886632487988,5.63397348188792,5.85620476155678,5.6365650995988,1,2
16,8,62,7.3744004840295,2.06886632487988,5.32264101881582,6.539812940626,5.95003875199536,1,2
16,8,63,7.3744004840295,2.06886632487988,4.8064575430805,6.01488214161968,5.75158396630507,1,2
16,8,64,7.3744004840295,2.06886632487988,4.98356432282354,5.92218566547606,5.66483272313553,1,2
16,8,69,7.3744004840295,2.06886632487988,3.76894954707821,5.60734219272419,5.50151921153131,1,2
16,8,70,7.3744004840295,2.06886632487988,5.42830428282887,5.84138617107757,5.61930440276838,1,2
16,8,72,7.3744004840295,2.06886632487988,3.60312243913134,6.37504562878994,6.08393559829701,1,2
16,8,74,7.3744004840295,2.06886632487988,5.63021978176677,5.57248140175387,5.47337635332099,1,2
16,8,76,7.3744004840295,2.06886632487988,3.41448432398322,5.45568858673153,5.59443070304603,1,2
16,8,77,7.3744004840295,2.06886632487988,6.64418073952958,6.21335661067647,6.08129250721077,1,2
16,8,79,7.3744004840295,2.06886632487988,4.5559187776346,5.37772130181086,5.61587738783311,1,2
16,8,81,7.3744004840295,2.06886632487988,5.20982579149576,6.3437212143408,5.81213964257996,1,2
16,8,83,7.3744004840295,2.06886632487988,5.0906328229399,5.77299647313221,5.51587920902586,1,2
16,8,85,7.3744004840295,2.06886632487988,3.58074578278389,6.29299026050722,5.75012961104697,1,2
16,8,86,7.3744004840295,2.06886632487988,5.65028268149273,5.90451464341955,5.84398995875536,1,2
16,8,87,7.3744004840295,2.06886632487988,4.1575462291707,6.10611527680719,5.7605064968874,1,2
16,9,2,7.3744004840295,2.06886632487988,5.12115925787705,6.42298904164192,6.33567351468964,1,2
16,9,3,7.3744004840295,2.06886632487988,4.3824548299352,5.57232164076064,5.82155816802557,1,2
16,9,4,7.3744004840295,2.06886632487988,4.22568613110697,5.35796773937241,5.83682434158693,1,2
16,9,5,7.3744004840295,2.06886632487988,4.77711274267693,6.98948674077641,6.27490364190877,1,2
16,9,7,7.3744004840295,2.06886632487988,4.68454704100593,5.68522211539332,5.7387006469662,1,2
16,9,9,7.3744004840295,2.06886632487988,4.71906270808286,6.15067141132593,5.95010938459627,1,2
16,9,10,7.3744004840295,2.06886632487988,4.43422140174447,6.08512174812508,5.97168263911138,1,2
16,9,12,7.3744004840295,2.06886632487988,5.85828729226779,5.98492845518872,6.01145017778231,1,2
16,9,15,7.3744004840295,2.06886632487988,5.44002310591687,6.00792649121227,5.79700426724495,1,2
16,9,16,7.3744004840295,2.06886632487988,4.03390158752086,6.48903333852902,6.14919824899076,1,2
16,9,21,7.3744004840295,2.06886632487988,5.31756377698805,5.35328179328124,5.6538634296703,1,2
16,9,25,7.3744004840295,2.06886632487988,5.22821322124304,6.00338465447608,5.77008896040991,1,2
16,9,26,7.3744004840295,2.06886632487988,4.27668867342878,6.32984028179314,6.03047133327201,1,2
16,9,28,7.3744004840295,2.06886632487988,6.03252055439022,6.32726006314001,6.01890587300707,1,2
16,9,30,7.3744004840295,2.06886632487988,4.89661332900155,5.49765500804007,5.95896304607304,1,2
16,9,32,7.3744004840295,2.06886632487988,5.81099744230129,6.14243720456938,6.06207656751997,1,2
16,9,33,7.3744004840295,2.06886632487988,5.22339679908612,6.98328257136409,6.28898646517269,1,2
16,9,34,7.3744004840295,2.06886632487988,5.0316618225034,6.61064937363069,6.12054750286913,1,2
16,9,35,7.3744004840295,2.06886632487988,3.91298100648556,6.4132316878361,6.12506007869778,1,2
16,9,36,7.3744004840295,2.06886632487988,4.84489096170197,6.15506535128741,5.83520567666899,1,2
16,9,38,7.3744004840295,2.06886632487988,5.34870179778018,6.0801747357059,5.938009162119,1,2
16,9,39,7.3744004840295,2.06886632487988,3.19065603636032,6.20576429557927,6.10503889863715,1,2
16,9,41,7.3744004840295,2.06886632487988,5.2531870124262,6.18433227374856,5.93017399115102,1,2
16,9,42,7.3744004840295,2.06886632487988,5.75318953710697,6.58850351192894,6.25309058156913,1,2
16,9,45,7.3744004840295,2.06886632487988,3.63626748468062,6.94473369167216,6.22498090229342,1,2
16,9,46,7.3744004840295,2.06886632487988,5.66141895682304,5.74295119027458,5.97295006629992,1,2
16,9,50,7.3744004840295,2.06886632487988,3.89426489763077,5.79107604609315,5.75487574808825,1,2
16,9,52,7.3744004840295,2.06886632487988,6.73575409136458,5.63947448745879,6.12265987725377,1,2
16,9,56,7.3744004840295,2.06886632487988,5.95498164867537,5.96139280809601,5.86612026015208,1,2
16,9,57,7.3744004840295,2.06886632487988,4.78966412103226,7.45836620536491,6.61901851243187,1,2
16,9,58,7.3744004840295,2.06886632487988,3.92921847643128,5.99337274852342,5.74213690353705,1,2
16,9,59,7.3744004840295,2.06886632487988,6.23968377052457,6.46983696954073,6.14503803755652,1,2
16,9,62,7.3744004840295,2.06886632487988,5.30799298643131,5.30570030600441,5.81944873609217,1,2
16,9,65,7.3744004840295,2.06886632487988,2.88699805008742,6.25225653876337,5.88987162233264,1,2
16,9,71,7.3744004840295,2.06886632487988,5.64873422516338,5.99162090692056,5.86667401422586,1,2
16,9,75,7.3744004840295,2.06886632487988,5.44088427104338,6.5566908388143,6.13005979657817,1,2
16,9,79,7.3744004840295,2.06886632487988,5.72890464284714,5.56361036387861,5.81405284922101,1,2
16,9,83,7.3744004840295,2.06886632487988,4.012240755068,5.77108255464142,6.09583676582713,1,2
16,9,84,7.3744004840295,2.06886632487988,5.3956192500778,5.42332173460935,5.84659013020012,1,2
16,10,1,7.3744004840295,2.06886632487988,4.94225193196277,6.14375875007354,5.79022345397292,1,2
16,10,3,7.3744004840295,2.06886632487988,3.48178568365216,6.32017629665301,5.878878985383,1,2
16,10,6,7.3744004840295,2.06886632487988,3.15955262381522,6.1408244471888,5.75808522076939,1,2
16,10,8,7.3744004840295,2.06886632487988,4.42950801824377,5.78705630718619,5.83076126345829,1,2
16,10,10,7.3744004840295,2.06886632487988,5.28383667768818,6.08778801345763,5.80081471143191,1,2
16,10,12,7.3744004840295,2.06886632487988,3.90445303779265,6.52655042788792,5.80690177336326,1,2
16,10,13,7.3744004840295,2.06886632487988,6.31492875799957,6.99095023517504,6.24805118836507,1,2
16,10,16,7.3744004840295,2.06886632487988,6.1080290902774,6.83484908546163,6.28416641648743,1,2
16,10,18,7.3744004840295,2.06886632487988,4.87404235474949,5.96839860824873,5.9674356527374,1,2
16,10,19,7.3744004840295,2.06886632487988,6.00680526364557,6.26245271134271,5.9344051929204,1,2
16,10,20,7.3744004840295,2.06886632487988,3.72533572639072,5.39525443870868,5.82650359302525,1,2
16,10,21,7.3744004840295,2.06886632487988,5.51297304504345,5.57082671481271,5.9132449478492,1,2
16,10,23,7.3744004840295,2.06886632487988,4.17030684008989,5.83113017501875,5.75559362504915,1,2
16,10,26,7.3744004840295,2.06886632487988,5.42086641310675,5.91104419064489,5.75855748155722,1,2
16,10,28,7.3744004840295,2.06886632487988,2.51891581151197,5.70445854741951,5.68553164403597,1,2
16,10,32,7.3744004840295,2.06886632487988,4.6713604670468,6.41221064837098,5.92074036808876,1,2
16,10,33,7.3744004840295,2.06886632487988,4.00701011971561,7.02981971117416,6.13084626967065,1,2
16,10,37,7.3744004840295,2.06886632487988,4.30139196107937,7.26768852012315,6.13871579656854,1,2
16,10,39,7.3744004840295,2.06886632487988,7.66041646876378,6.21690427232691,6.2710864476814,1,2
16,10,44,7.3744004840295,2.06886632487988,4.29562862037096,6.11702375975518,5.82923564297453,1,2
16,10,46,7.3744004840295,2.06886632487988,4.93160432751347,6.21436859959642,6.05124296826942,1,2
16,10,47,7.3744004840295,2.06886632487988,5.4051915039796,5.56484197663328,5.77749378045369,1,2
16,10,48,7.3744004840295,2.06886632487988,4.5372347645154,6.67600034845003,6.07737105087318,1,2
16,10,50,7.3744004840295,2.06886632487988,4.92530583948147,6.54655390705907,6.12991962215732,1,2
16,10,53,7.3744004840295,2.06886632487988,5.36053868662355,5.93438634803818,5.5857882506268,1,2
16,10,56,7.3744004840295,2.06886632487988,5.28081173616683,5.56095527456795,5.78577577317183,1,2
16,10,58,7.3744004840295,2.06886632487988,6.26886129846198,5.78491453667791,6.03350261318011,1,2
16,10,61,7.3744004840295,2.06886632487988,4.9738415927117,6.17025693143022,5.97770262984348,1,2
16,10,62,7.3744004840295,2.06886632487988,2.99750293417121,5.95314465127191,5.79791586413393,1,2
16,10,63,7.3744004840295,2.06886632487988,6.14676445270404,5.55109846333124,5.54591495284458,1,2
16,10,65,7.3744004840295,2.06886632487988,6.05095678004223,6.24074335426349,5.91498592943611,1,2
16,10,66,7.3744004840295,2.06886632487988,3.97735258635497,6.53236651541617,6.06889537043971,1,2
16,10,68,7.3744004840295,2.06886632487988,5.85076923479574,5.77749371102985,6.10042139064523,1,2
16,10,71,7.3744004840295,2.06886632487988,6.26270294184802,6.00041896377449,5.6789552351361,1,2
16,10,72,7.3744004840295,2.06886632487988,4.40866136296983,5.95161706914363,5.85181527751444,1,2
16,10,73,7.3744004840295,2.06886632487988,4.88195507349657,6.40696086352125,5.96739799097201,1,2
16,11,6,7.3744004840295,2.06886632487988,4.40904234157325,4.98104258469447,5.94174842393894,1,2
16,11,7,7.3744004840295,2.06886632487988,4.86422546482735,6.47814944124902,6.46371790639198,1,2
16,11,10,7.3744004840295,2.06886632487988,4.66423521525712,5.62974986323913,6.10908058491943,1,2
16,11,17,7.3744004840295,2.06886632487988,6.99483986357579,6.86391440689475,6.28325606722138,1,2
16,11,23,7.3744004840295,2.06886632487988,6.12229335366721,6.56723461756767,6.60874238112963,1,2
16,11,24,7.3744004840295,2.06886632487988,5.2492594862395,5.40675170181238,6.14733453871675,1,2
16,11,25,7.3744004840295,2.06886632487988,4.3218401200883,6.19696328047092,6.37724776372512,1,2
16,11,26,7.3744004840295,2.06886632487988,5.40303864195683,6.5505249531128,6.53337358485323,1,2
16,11,27,7.3744004840295,2.06886632487988,5.86500984890203,5.37671956630873,5.95496580623841,1,2
16,11,28,7.3744004840295,2.06886632487988,6.72336002002985,7.06643781336992,6.64206920930013,1,2
16,11,29,7.3744004840295,2.06886632487988,4.66782295928748,5.35201315838229,5.92786493011033,1,2
16,11,30,7.3744004840295,2.06886632487988,4.55045306201328,5.56794250393381,6.00657129955691,1,2
16,11,31,7.3744004840295,2.06886632487988,4.21799606201245,5.53940979260686,5.90237777118716,1,2
16,11,32,7.3744004840295,2.06886632487988,4.23706441195969,6.17930275910146,6.11218020305614,1,2
16,11,33,7.3744004840295,2.06886632487988,6.68796853972792,6.41852452545022,6.43025296823562,1,2
16,11,35,7.3744004840295,2.06886632487988,6.12605162801975,5.04662145437237,5.99861251014,1,2
16,11,37,7.3744004840295,2.06886632487988,5.02370471698476,6.36841378369582,6.30482808598266,1,2
16,11,38,7.3744004840295,2.06886632487988,4.24466529872131,5.44666991183878,6.08679940726194,1,2
16,11,39,7.3744004840295,2.06886632487988,3.88981486709847,6.36159838563919,6.00733518713192,1,2
16,11,40,7.3744004840295,2.06886632487988,5.22809956895895,5.19433292580072,5.86708440646577,1,2
16,11,41,7.3744004840295,2.06886632487988,4.28607915701467,5.56110872817451,6.30162574205948,1,2
16,11,43,7.3744004840295,2.06886632487988,3.71081068127666,6.06833076523692,6.32914122343522,1,2
16,11,45,7.3744004840295,2.06886632487988,5.78564973410045,5.70503310496561,6.25027796783598,1,2
16,11,47,7.3744004840295,2.06886632487988,6.04590063512429,7.3221352441681,6.56883659781981,1,2
16,11,49,7.3744004840295,2.06886632487988,4.24100083583013,5.82564696966138,6.26589746414618,1,2
16,11,52,7.3744004840295,2.06886632487988,3.89841309842,6.21794277797864,6.3033386831335,1,2
16,11,54,7.3744004840295,2.06886632487988,3.44115186611263,5.86933734453209,6.25527822734707,1,2
16,11,57,7.3744004840295,2.06886632487988,3.90980997697546,6.13733835246433,6.16996326164766,1,2
16,11,58,7.3744004840295,2.06886632487988,4.68455846391755,5.51097768565318,6.1362502841584,1,2
16,11,59,7.3744004840295,2.06886632487988,5.12448448849285,5.19870356112385,6.06930462497795,1,2
16,11,61,7.3744004840295,2.06886632487988,3.91946334303539,5.70834600280544,5.96658747544107,1,2
16,11,62,7.3744004840295,2.06886632487988,4.21683748917883,5.35034967101595,6.04934258741466,1,2
16,11,63,7.3744004840295,2.06886632487988,6.92136970332901,6.61130536779307,6.42892734210932,1,2
16,11,67,7.3744004840295,2.06886632487988,4.3724651296868,6.25391878365871,6.29787359000073,1,2
16,11,69,7.3744004840295,2.06886632487988,4.83539948188784,5.42677377256648,6.13510189256771,1,2
16,11,71,7.3744004840295,2.06886632487988,5.83138885459654,6.18772865406207,6.39319938398541,1,2
16,11,73,7.3744004840295,2.06886632487988,5.42154680567905,6.16258357755977,6.21151222090253,1,2
16,11,76,7.3744004840295,2.06886632487988,5.64036997250222,5.05363776573263,5.86164379310074,1,2
16,11,79,7.3744004840295,2.06886632487988,7.43766089279241,5.46232893007215,6.04872388973263,1,2
16,11,81,7.3744004840295,2.06886632487988,4.62994750182744,6.39318665818877,6.18024107868704,1,2
16,11,82,7.3744004840295,2.06886632487988,7.1666688054459,6.04098600948235,6.25571707473151,1,2
16,11,83,7.3744004840295,2.06886632487988,5.19822533158755,6.81529505390479,6.60377641564026,1,2
16,11,84,7.3744004840295,2.06886632487988,5.68244839378395,5.47569056009808,6.273005894167,1,2
16,11,85,7.3744004840295,2.06886632487988,6.50396308930646,6.2376423600387,6.09733709565882,1,2
16,11,86,7.3744004840295,2.06886632487988,5.15578238418109,5.88821278735265,6.24214994224656,1,2
16,11,87,7.3744004840295,2.06886632487988,3.24080886377632,5.94833357009188,6.23828408936392,1,2
16,12,6,7.3744004840295,2.06886632487988,6.11960452327617,6.30886656090097,6.14486476752909,1,2
16,12,8,7.3744004840295,2.06886632487988,5.42621217466946,6.43743261902167,6.10709956044382,1,2
16,12,9,7.3744004840295,2.06886632487988,4.61537162504643,6.21995983849711,6.17200102616245,1,2
16,12,10,7.3744004840295,2.06886632487988,4.61719760147453,6.36461386495225,6.20451398878335,1,2
16,12,13,7.3744004840295,2.06886632487988,5.82359727496934,5.34627407896228,5.85250137545465,1,2
16,12,15,7.3744004840295,2.06886632487988,3.8702215794266,6.17734808351038,6.27294986934843,1,2
16,12,16,7.3744004840295,2.06886632487988,5.31384055079716,6.40510481325674,6.36489205189171,1,2
16,12,17,7.3744004840295,2.06886632487988,4.19731776023425,6.38924914946749,6.09103436968438,1,2
16,12,20,7.3744004840295,2.06886632487988,4.5734568465983,7.10867057567366,6.60615904377159,1,2
16,12,22,7.3744004840295,2.06886632487988,6.44107531001596,7.10120095495941,6.42556050245822,1,2
16,12,23,7.3744004840295,2.06886632487988,3.84017733934982,6.25348313139909,5.99647897289895,1,2
16,12,24,7.3744004840295,2.06886632487988,2.32837307080957,6.07247832974156,6.26076784274216,1,2
16,12,25,7.3744004840295,2.06886632487988,3.74158251472207,6.20093976566172,6.06802611014757,1,2
16,12,27,7.3744004840295,2.06886632487988,4.97518067254921,6.28820274078492,6.32623726550806,1,2
16,12,28,7.3744004840295,2.06886632487988,4.07408423907207,5.12192979733443,6.09383597157152,1,2
16,12,30,7.3744004840295,2.06886632487988,5.57560341212776,5.49206096377729,6.134499229363,1,2
16,12,34,7.3744004840295,2.06886632487988,6.51984255270827,5.73615268279984,6.181815046511,1,2
16,12,35,7.3744004840295,2.06886632487988,6.14196628633799,6.40112725972237,6.5457034577063,1,2
16,12,36,7.3744004840295,2.06886632487988,5.30506622841607,5.37689281356954,6.03655009168308,1,2
16,12,37,7.3744004840295,2.06886632487988,6.02820977451239,5.68921205924888,6.24022976396031,1,2
16,12,42,7.3744004840295,2.06886632487988,4.87500115094055,6.97635159855487,6.31232135631044,1,2
16,12,43,7.3744004840295,2.06886632487988,4.41119378526155,5.63309484816476,6.11438809716344,1,2
16,12,44,7.3744004840295,2.06886632487988,5.06038550529248,5.8566960737825,6.28663461305687,1,2
16,12,47,7.3744004840295,2.06886632487988,4.76959563837294,6.11429544538969,6.23345229923415,1,2
16,12,48,7.3744004840295,2.06886632487988,3.43851229546604,5.68538699347547,5.89008099628271,1,2
16,12,50,7.3744004840295,2.06886632487988,4.38437710064891,6.36928927724776,6.24522182752992,1,2
16,12,51,7.3744004840295,2.06886632487988,6.19855162866029,6.08203412704238,6.12178741839019,1,2
16,12,52,7.3744004840295,2.06886632487988,5.04433286406776,5.82805762443039,6.18960323466644,1,2
16,12,55,7.3744004840295,2.06886632487988,3.87736667065365,6.80596940122011,6.41659750666575,1,2
16,12,56,7.3744004840295,2.06886632487988,7.88404357914248,6.4132488403721,6.3241281782111,1,2
16,12,58,7.3744004840295,2.06886632487988,5.66165057318898,6.52406253852013,6.36140641676534,1,2
16,13,2,7.3744004840295,2.06886632487988,4.52328082364983,7.00774579728733,6.8199615060078,1,2
16,13,5,7.3744004840295,2.06886632487988,3.89147702185384,6.19274093445074,6.17028645705744,1,2
16,13,7,7.3744004840295,2.06886632487988,6.0191553219197,5.89418710950098,6.41535246200475,1,2
16,13,9,7.3744004840295,2.06886632487988,4.70361911912084,6.1180135779164,5.97520862541795,1,2
16,13,10,7.3744004840295,2.06886632487988,6.10888227667363,6.13057120745603,6.14688362269703,1,2
16,13,12,7.3744004840295,2.06886632487988,3.50951700943005,5.28348308918865,6.00637792852443,1,2
16,13,13,7.3744004840295,2.06886632487988,6.33584624285462,5.98690968436964,6.28742414270172,1,2
16,13,18,7.3744004840295,2.06886632487988,3.88582264537654,6.04144232968795,6.04643072575031,1,2
16,13,19,7.3744004840295,2.06886632487988,4.55248235836688,4.9683543335247,5.88934511313787,1,2
16,13,20,7.3744004840295,2.06886632487988,3.75507492441831,6.00914643296288,5.92606081637126,1,2
16,13,21,7.3744004840295,2.06886632487988,6.03059357932535,5.48996109365169,6.07735574586984,1,2
16,13,22,7.3744004840295,2.06886632487988,4.05781008139894,6.34941871043013,6.36203383249588,1,2
16,13,23,7.3744004840295,2.06886632487988,4.53870345623398,6.30193714740953,6.60092883169238,1,2
16,13,24,7.3744004840295,2.06886632487988,5.96453538873686,5.79499153686413,6.17682787631735,1,2
16,13,26,7.3744004840295,2.06886632487988,4.96482163685293,5.51208258442187,6.05857155832819,1,2
16,13,30,7.3744004840295,2.06886632487988,4.48189581105562,5.63185392517307,6.16165342045559,1,2
16,13,31,7.3744004840295,2.06886632487988,3.65829123618981,6.71550642439729,6.23647942160002,1,2
16,13,32,7.3744004840295,2.06886632487988,2.52689901526538,7.05721211672484,6.36925487989637,1,2
16,13,35,7.3744004840295,2.06886632487988,4.1363756233586,6.71729398796434,6.53971425877042,1,2
16,13,40,7.3744004840295,2.06886632487988,5.63770422316769,5.79586396610468,6.24299069756425,1,2
16,13,44,7.3744004840295,2.06886632487988,6.0895763234028,5.18051984998579,6.09827880394081,1,2
16,13,45,7.3744004840295,2.06886632487988,6.08247500251867,5.14677789435881,5.96514247591975,1,2
16,13,46,7.3744004840295,2.06886632487988,4.76833452122035,6.00125676212542,6.26040667108117,1,2
16,13,50,7.3744004840295,2.06886632487988,3.61308620585452,6.42343646516889,6.34658409593565,1,2
16,13,51,7.3744004840295,2.06886632487988,6.52966442939704,5.26001503229092,6.14906357791771,1,2
16,13,52,7.3744004840295,2.06886632487988,4.16672152282156,5.79861621793816,6.11203167110033,1,2
16,13,53,7.3744004840295,2.06886632487988,5.38429871498818,4.99347397103963,5.94658143611456,1,2
16,13,55,7.3744004840295,2.06886632487988,4.60864707422108,6.24631617796893,6.20924485407338,1,2
16,13,56,7.3744004840295,2.06886632487988,7.09608153447501,5.06265193317199,5.80138297811313,1,2
16,13,62,7.3744004840295,2.06886632487988,5.4837118491981,5.82307093737942,6.14590205679368,1,2
16,13,63,7.3744004840295,2.06886632487988,5.49306937998935,6.0925652694351,6.24177278467571,1,2
16,13,64,7.3744004840295,2.06886632487988,4.81196646016068,7.34416487143344,6.60513179427182,1,2
16,13,69,7.3744004840295,2.06886632487988,5.72154798769641,5.88896982846517,6.27752722770081,1,2
16,14,1,7.3744004840295,2.06886632487988,5.79587662217651,6.05501860447337,6.42526673563667,1,2
16,14,2,7.3744004840295,2.06886632487988,5.06889383097498,5.49466288483057,6.38134810485474,1,2
16,14,7,7.3744004840295,2.06886632487988,4.95727745480373,6.08074046823445,6.65837573378762,1,2
16,14,9,7.3744004840295,2.06886632487988,4.87540212210667,6.35681115393902,6.30274811082363,1,2
16,14,10,7.3744004840295,2.06886632487988,4.11719484889459,6.50324925228462,6.64673363593916,1,2
16,14,11,7.3744004840295,2.06886632487988,5.07772519718776,6.26824380489194,6.62810919428834,1,2
16,14,14,7.3744004840295,2.06886632487988,4.63492791572088,5.8683747387643,6.36381548125479,1,2
16,14,15,7.3744004840295,2.06886632487988,7.1980727478274,5.60683992250931,6.47347486325139,1,2
16,14,17,7.3744004840295,2.06886632487988,4.19376377864211,5.14627650778595,6.21526260056388,1,2
16,14,18,7.3744004840295,2.06886632487988,2.94439969078531,6.97317878694406,6.62100028082215,1,2
16,14,19,7.3744004840295,2.06886632487988,4.26733791791501,5.97701944813259,6.50498244160876,1,2
16,14,31,7.3744004840295,2.06886632487988,4.12049258721371,5.92148795868425,6.36374740783712,1,2
16,14,34,7.3744004840295,2.06886632487988,4.07621099734766,6.31836301003422,6.52627931938201,1,2
16,14,37,7.3744004840295,2.06886632487988,3.90361248295037,5.75970013310769,6.47750025140666,1,2
16,14,38,7.3744004840295,2.06886632487988,4.33819449135038,6.8007681462853,6.76330558597875,1,2
16,14,39,7.3744004840295,2.06886632487988,5.92949673610815,6.46966851377968,6.81029427643125,1,2
16,14,41,7.3744004840295,2.06886632487988,5.99283184982361,6.33074473561049,6.57425818587516,1,2
16,14,43,7.3744004840295,2.06886632487988,4.56550534731291,5.35913697090056,6.12109966011892,1,2
16,14,44,7.3744004840295,2.06886632487988,4.76128037453628,5.32094012266049,6.13347885383899,1,2
16,14,46,7.3744004840295,2.06886632487988,4.57639048412783,6.25077903428129,6.28609285815555,1,2
16,14,47,7.3744004840295,2.06886632487988,6.35776546246314,6.05462297514328,6.57109930990122,1,2
16,14,48,7.3744004840295,2.06886632487988,7.69552257073509,4.83844167982018,6.1509584837861,1,2
16,14,50,7.3744004840295,2.06886632487988,5.40128262870534,5.84340232117248,6.57755752308358,1,2
16,14,52,7.3744004840295,2.06886632487988,4.13699260628183,5.39123215967372,6.24343437339357,1,2
16,14,54,7.3744004840295,2.06886632487988,4.78228573376802,4.82766825710036,5.83201544773876,1,2
16,14,56,7.3744004840295,2.06886632487988,5.14865262172053,6.02301975083403,6.4138877108571,1,2
16,14,57,7.3744004840295,2.06886632487988,5.74404441152136,6.00332942610464,6.38403387477927,1,2
16,14,58,7.3744004840295,2.06886632487988,5.21385041878996,5.91967552590364,6.48315784949396,1,2
16,14,59,7.3744004840295,2.06886632487988,5.43985264378369,6.79054070586907,6.88704004683467,1,2
16,14,60,7.3744004840295,2.06886632487988,6.59144218647788,5.890768650716,6.42269315759045,1,2
16,14,63,7.3744004840295,2.06886632487988,5.68974767093914,6.38581656207809,6.53248879600569,1,2
16,14,64,7.3744004840295,2.06886632487988,4.99084184484311,5.96892268307393,6.78509248293844,1,2
16,14,66,7.3744004840295,2.06886632487988,3.76886997461784,5.77834266217788,6.49218541001891,1,2
16,15,1,7.3744004840295,2.06886632487988,4.51779593875705,6.13583591722402,6.89799962541723,1,2
16,15,3,7.3744004840295,2.06886632487988,5.24048839751571,5.40168118419438,6.68342975458231,1,2
16,15,4,7.3744004840295,2.06886632487988,3.7871567755808,5.98070987130543,6.50770222037344,1,2
16,15,7,7.3744004840295,2.06886632487988,3.25650717313722,5.59712282456707,6.62823886594345,1,2
16,15,8,7.3744004840295,2.06886632487988,5.48657590367182,6.7546755269918,6.9801663648393,1,2
16,15,13,7.3744004840295,2.06886632487988,5.42529753100659,6.66448643185641,6.93741454186867,1,2
16,15,14,7.3744004840295,2.06886632487988,5.09122054102849,5.53793141188879,6.48954096919116,1,2
16,15,15,7.3744004840295,2.06886632487988,4.58226157455711,6.18584426451848,7.0801750998171,1,2
16,15,16,7.3744004840295,2.06886632487988,3.98432533774349,6.01643882567826,6.65462609413955,1,2
16,15,17,7.3744004840295,2.06886632487988,5.42114028210918,6.02325908005981,6.62829580655951,1,2
16,15,20,7.3744004840295,2.06886632487988,4.87725974483614,6.27826444155292,6.88013701743418,1,2
16,15,22,7.3744004840295,2.06886632487988,6.16598485749469,5.53952346782922,6.61205632678921,1,2
16,15,26,7.3744004840295,2.06886632487988,5.12784486794568,6.00243108324919,6.92966577608425,1,2
16,15,29,7.3744004840295,2.06886632487988,4.61114859173995,6.48196710873656,6.94059268393289,1,2
16,15,30,7.3744004840295,2.06886632487988,4.07205781514292,4.88478634941614,6.25333241883883,1,2
16,15,31,7.3744004840295,2.06886632487988,5.3190970074235,6.44156345268129,6.8595131887049,1,2
16,15,33,7.3744004840295,2.06886632487988,5.56855828905816,5.77526701515987,6.51514255915019,1,2
16,15,35,7.3744004840295,2.06886632487988,3.49366618091361,5.64874997054104,6.51197966698036,1,2
16,15,37,7.3744004840295,2.06886632487988,3.50294160866546,6.12001221707398,6.62605382923433,1,2
16,15,38,7.3744004840295,2.06886632487988,4.40443778186439,6.15036949169085,6.83213817750003,1,2
16,15,39,7.3744004840295,2.06886632487988,3.4989658065148,6.51759599647928,6.90003384637937,1,2
16,15,42,7.3744004840295,2.06886632487988,5.23042330877866,5.60326194012267,6.63274343782131,1,2
16,15,44,7.3744004840295,2.06886632487988,5.79030082942057,6.23839571973809,6.66503805129137,1,2
16,15,47,7.3744004840295,2.06886632487988,4.96728767914164,6.39135529091595,6.65850720882868,1,2
16,15,48,7.3744004840295,2.06886632487988,5.26453191813183,6.62999495388156,6.67456449651945,1,2
16,15,49,7.3744004840295,2.06886632487988,5.55058529088428,6.29657590018642,7.06970920787293,1,2
16,15,50,7.3744004840295,2.06886632487988,3.35762805480671,6.293372336804,6.83582528582017,1,2
16,15,51,7.3744004840295,2.06886632487988,3.33000454633376,5.94049952364069,6.87730469969175,1,2
16,15,52,7.3744004840295,2.06886632487988,4.84423408065145,6.84960809622178,6.9064422642607,1,2
16,15,54,7.3744004840295,2.06886632487988,3.1780282134497,5.45006862819027,6.29071550357285,1,2
16,15,55,7.3744004840295,2.06886632487988,6.27309083506503,6.37697509197613,6.90541296310814,1,2
16,15,58,7.3744004840295,2.06886632487988,4.28018499608771,5.56071542800137,6.7238774915607,1,2
16,15,59,7.3744004840295,2.06886632487988,5.90111899438915,6.3315879618853,7.01609068289936,1,2
16,15,63,7.3744004840295,2.06886632487988,6.25226629887047,5.62365189119008,6.69439723346218,1,2
16,16,4,7.3744004840295,2.06886632487988,5.30629140263784,5.54066821901121,6.83211950565533,1,2
16,16,8,7.3744004840295,2.06886632487988,3.00270620426568,6.43872680310785,7.1115677523922,1,2
16,16,11,7.3744004840295,2.06886632487988,3.92782857796055,6.66535879488149,7.11428571557154,1,2
16,16,13,7.3744004840295,2.06886632487988,4.70172237411697,5.69261156920437,6.90479333949368,1,2
16,16,16,7.3744004840295,2.06886632487988,6.12286274509987,6.25689629834629,7.1981944704211,1,2
16,16,17,7.3744004840295,2.06886632487988,4.8098895619766,6.22137266650132,6.67412081910198,1,2
16,16,23,7.3744004840295,2.06886632487988,3.39727026843561,5.57966710384975,6.85752824458912,1,2
16,16,25,7.3744004840295,2.06886632487988,4.54862933893104,6.70809131936186,6.92980087470738,1,2
16,16,26,7.3744004840295,2.06886632487988,5.32979081270308,6.963515031502,7.09496588222147,1,2
16,16,28,7.3744004840295,2.06886632487988,5.67521553079093,6.36612998728091,7.20108443442151,1,2
16,16,30,7.3744004840295,2.06886632487988,3.8625490152129,5.74331881163373,6.75313642729682,1,2
16,16,31,7.3744004840295,2.06886632487988,5.35674469093466,5.50459160379578,6.80519759231262,1,2
16,16,33,7.3744004840295,2.06886632487988,4.91306604766191,6.85825890186067,7.32673175026504,1,2
16,16,36,7.3744004840295,2.06886632487988,5.22319955306564,5.97340237395512,7.07919967365776,1,2
16,16,37,7.3744004840295,2.06886632487988,3.4534127438042,6.05622979416485,7.13772658858646,1,2
16,16,39,7.3744004840295,2.06886632487988,5.35521260154955,6.3389933832829,7.00248789776934,1,2
16,16,40,7.3744004840295,2.06886632487988,4.82234696389366,6.05857157181509,7.07338139991841,1,2
16,16,41,7.3744004840295,2.06886632487988,4.26818139129479,5.78186003320152,6.89168984983444,1,2
16,16,43,7.3744004840295,2.06886632487988,5.20930386642327,6.3369069607346,6.95734030257387,1,2
16,16,44,7.3744004840295,2.06886632487988,5.48479980366636,5.91115411515824,7.01699686892514,1,2
16,16,46,7.3744004840295,2.06886632487988,3.52105683697581,5.1988879726158,6.66135270567275,1,2
16,16,50,7.3744004840295,2.06886632487988,4.13209835237037,5.72518174558714,6.82778214958543,1,2
16,16,51,7.3744004840295,2.06886632487988,4.88054687908506,6.20922228231786,6.94491913029397,1,2
16,16,53,7.3744004840295,2.06886632487988,4.30718683468952,5.31900875920162,6.78721802343198,1,2
16,16,57,7.3744004840295,2.06886632487988,5.63316972245286,5.67655206763429,6.91209703843305,1,2
16,16,62,7.3744004840295,2.06886632487988,5.09938728863422,6.06317896149572,7.05466943754549,1,2
16,16,63,7.3744004840295,2.06886632487988,3.03379730714279,6.46886424619578,7.04449396661963,1,2
16,16,66,7.3744004840295,2.06886632487988,2.97398557116007,4.94081890148469,6.38668352934973,1,2
16,16,68,7.3744004840295,2.06886632487988,4.75469334872847,5.74211080384781,6.76678724431207,1,2
16,16,69,7.3744004840295,2.06886632487988,5.55262357018681,6.38131371239812,7.18949834378539,1,2
16,16,70,7.3744004840295,2.06886632487988,3.73498853357361,6.066220150035,6.98074786550883,1,2
16,17,1,7.3744004840295,2.06886632487988,5.51886635990551,6.72048489907749,6.99005103822645,1,2
16,17,2,7.3744004840295,2.06886632487988,5.78621071742352,6.42206666065022,6.89316053139972,1,2
16,17,3,7.3744004840295,2.06886632487988,6.08621892830221,6.53184530627322,6.77751384009182,1,2
16,17,6,7.3744004840295,2.06886632487988,6.97321683177655,6.31136485312919,7.11348827872028,1,2
16,17,7,7.3744004840295,2.06886632487988,6.03074272827761,6.60958872311514,6.87436867840128,1,2
16,17,8,7.3744004840295,2.06886632487988,5.67170560205509,6.6228783175368,7.09736617338182,1,2
16,17,11,7.3744004840295,2.06886632487988,5.54769633365758,6.60905196176785,6.90228431458197,1,2
16,17,12,7.3744004840295,2.06886632487988,3.55220744518934,6.1683494252724,6.7232869965992,1,2
16,17,14,7.3744004840295,2.06886632487988,4.53939687546722,5.36433914822835,6.53068172491595,1,2
16,17,16,7.3744004840295,2.06886632487988,6.21489412458687,5.55072608729072,6.7243806607214,1,2
16,17,17,7.3744004840295,2.06886632487988,4.4200370806117,5.54178169096558,6.57276035546863,1,2
16,17,21,7.3744004840295,2.06886632487988,3.89929567289233,6.35721884842591,6.84720033288448,1,2
16,17,22,7.3744004840295,2.06886632487988,4.27792357745563,6.89586575838817,7.06239465683517,1,2
16,17,23,7.3744004840295,2.06886632487988,5.4799462510252,5.7433834818,6.84601087802225,1,2
16,17,25,7.3744004840295,2.06886632487988,3.19086490160584,5.81689599978061,6.49291258099518,1,2
16,17,26,7.3744004840295,2.06886632487988,4.64016508099274,6.33981746368164,6.83273007205695,1,2
16,17,27,7.3744004840295,2.06886632487988,5.37762827995166,4.64682486211975,6.27427300614609,1,2
16,17,28,7.3744004840295,2.06886632487988,8.27245979816427,6.27402743991216,7.06899386320927,1,2
16,17,29,7.3744004840295,2.06886632487988,5.71151428734316,5.29942642465196,6.58869664590118,1,2
16,17,31,7.3744004840295,2.06886632487988,4.93375973229307,6.3577200866525,6.77973216071048,1,2
16,17,33,7.3744004840295,2.06886632487988,4.64410339297704,5.97225542885995,6.91757092266604,1,2
16,17,34,7.3744004840295,2.06886632487988,3.9745941426408,5.27334590757045,6.70350787070983,1,2
16,17,36,7.3744004840295,2.06886632487988,4.96684264357628,6.57171682661075,6.97658412412941,1,2
16,17,37,7.3744004840295,2.06886632487988,4.81600457548377,5.37279904540906,6.3615703949779,1,2
16,17,38,7.3744004840295,2.06886632487988,6.07540890575263,6.11154117004225,6.72680442663625,1,2
16,17,42,7.3744004840295,2.06886632487988,4.87512683097076,4.86161930985415,6.48556340019551,1,2
16,17,43,7.3744004840295,2.06886632487988,4.26059247059754,5.36681567214022,6.54161250129268,1,2
16,17,45,7.3744004840295,2.06886632487988,5.81267467280089,6.31734930737317,6.93794077136538,1,2
16,17,46,7.3744004840295,2.06886632487988,6.5826362442113,5.39775798990209,6.64001175644043,1,2
16,17,47,7.3744004840295,2.06886632487988,3.96132410145544,5.460374283725,6.40629967145632,1,2
16,17,48,7.3744004840295,2.06886632487988,5.7793413493508,5.20221493137792,6.33562128692107,1,2
16,17,52,7.3744004840295,2.06886632487988,5.88091108991018,4.38250227819944,6.62213277524932,1,2
16,17,54,7.3744004840295,2.06886632487988,5.33779177502392,6.27857244272643,6.80151031082891,1,2
16,17,55,7.3744004840295,2.06886632487988,4.95149531500679,5.15317225934174,6.45993665363037,1,2
16,17,58,7.3744004840295,2.06886632487988,5.28967443036929,6.34442950384454,6.84825208227158,1,2
16,17,63,7.3744004840295,2.06886632487988,5.50513417216266,5.48072060155313,6.53650891056722,1,2
16,17,64,7.3744004840295,2.06886632487988,3.64065626313072,6.26311895097571,6.8104095312081,1,2
16,17,74,7.3744004840295,2.06886632487988,4.43709742768207,5.60069340016923,6.71471888320839,1,2
16,17,77,7.3744004840295,2.06886632487988,5.06919110990763,4.63002856511132,6.27396894030665,1,2
16,17,82,7.3744004840295,2.06886632487988,6.61206741154501,6.42218892467965,7.17172334679526,1,2
16,17,83,7.3744004840295,2.06886632487988,5.41024247621501,5.55143383656772,6.65617429537892,1,2
16,17,84,7.3744004840295,2.06886632487988,4.10252432886186,5.28693210900217,6.34257275120101,1,2
16,17,85,7.3744004840295,2.06886632487988,4.79286822050779,5.52396023831781,6.75195815948987,1,2
16,17,87,7.3744004840295,2.06886632487988,6.71582908962937,5.40748650224404,6.53141619900185,1,2
16,17,88,7.3744004840295,2.06886632487988,6.15165793784299,6.0078131644433,6.84681514530837,1,2
16,17,90,7.3744004840295,2.06886632487988,6.26760717117021,6.30634254488876,6.89895405104367,1,2
16,17,92,7.3744004840295,2.06886632487988,5.93496924724216,6.63186344012659,7.08342811427349,1,2
16,17,97,7.3744004840295,2.06886632487988,5.31344704008733,5.59908266259519,6.9446130872141,1,2
16,17,99,7.3744004840295,2.06886632487988,5.25202449582916,5.3350103078365,6.41337346924428,1,2
16,18,1,7.3744004840295,2.06886632487988,6.13140780921585,5.87490337272792,7.14473153489346,1,2
16,18,2,7.3744004840295,2.06886632487988,4.55238453211736,5.14795980112521,7.0586377268608,1,2
16,18,6,7.3744004840295,2.06886632487988,4.97891163924096,5.63369262362253,7.14048475665094,1,2
16,18,12,7.3744004840295,2.06886632487988,4.69436300439996,5.97958293038259,7.34819204739285,1,2
16,18,18,7.3744004840295,2.06886632487988,3.94928850925733,5.82905704246113,6.82334467687332,1,2
16,18,22,7.3744004840295,2.06886632487988,5.6902169125241,5.51666083909817,6.72218601695321,1,2
16,18,25,7.3744004840295,2.06886632487988,4.80341647662881,5.5948572209321,7.06679239894378,1,2
16,18,27,7.3744004840295,2.06886632487988,5.8433005584549,6.17422673852673,7.19125384573445,1,2
16,18,30,7.3744004840295,2.06886632487988,4.37205599533281,6.22627071003662,6.8336293787012,1,2
16,18,31,7.3744004840295,2.06886632487988,4.95389184043541,7.44487562407309,7.08192335059911,1,2
16,18,32,7.3744004840295,2.06886632487988,4.63512174475767,6.4797472228991,7.13187204166184,1,2
16,18,33,7.3744004840295,2.06886632487988,4.61561173086598,6.27679326305005,7.1774713502621,1,2
16,18,35,7.3744004840295,2.06886632487988,4.67940902537359,6.4006289691917,7.30991619722862,1,2
16,18,36,7.3744004840295,2.06886632487988,4.39719252065293,5.8708442451351,6.76970488501092,1,2
16,18,39,7.3744004840295,2.06886632487988,4.41090459072288,5.66577735684044,6.90653920163138,1,2
16,18,42,7.3744004840295,2.06886632487988,6.1199123833587,6.07617411971378,7.12938114345585,1,2
16,18,44,7.3744004840295,2.06886632487988,5.73121865148693,5.94235961020737,6.96882595167155,1,2
16,18,46,7.3744004840295,2.06886632487988,5.52438621196317,5.9407729274583,6.67708085367276,1,2
16,18,47,7.3744004840295,2.06886632487988,5.8427852598002,5.96551895117447,6.90087835241137,1,2
16,18,48,7.3744004840295,2.06886632487988,5.15332967789397,6.02350245477036,7.00819604512822,1,2
16,18,50,7.3744004840295,2.06886632487988,3.39606210663472,5.62211920271339,6.54212119533401,1,2
16,18,51,7.3744004840295,2.06886632487988,4.83302657142948,5.56690836328051,7.07835793160864,1,2
16,18,53,7.3744004840295,2.06886632487988,6.16906562520453,6.27851277047837,6.98147247606083,1,2
16,18,55,7.3744004840295,2.06886632487988,3.25810033474267,6.12598470261119,6.9792829896769,1,2
16,18,56,7.3744004840295,2.06886632487988,3.10402246378715,6.11756578857321,7.38076458955259,1,2
16,18,59,7.3744004840295,2.06886632487988,4.39916505789362,5.70293369533619,6.81062434328718,1,2
16,18,60,7.3744004840295,2.06886632487988,5.02561057719465,6.15343013395907,7.13050729951145,1,2
16,18,61,7.3744004840295,2.06886632487988,4.84238658550289,6.02957191643934,6.8379348216094,1,2
16,18,62,7.3744004840295,2.06886632487988,5.12679907781198,5.33961559004104,6.6092943709907,1,2
16,18,63,7.3744004840295,2.06886632487988,3.42922432336716,6.14098065521222,6.99755401317827,1,2
16,18,64,7.3744004840295,2.06886632487988,5.43824890833226,5.38188647827316,6.9855855087303,1,2
16,18,65,7.3744004840295,2.06886632487988,4.91690230198365,6.04683191434326,7.04930507683856,1,2
16,19,1,7.3744004840295,2.06886632487988,4.17044271398558,6.21091001569624,6.85336246340093,1,2
16,19,4,7.3744004840295,2.06886632487988,4.29983316140564,5.8208183548846,6.79601246688442,1,2
16,19,5,7.3744004840295,2.06886632487988,5.9859165445076,5.60339699846999,6.60346139615702,1,2
16,19,6,7.3744004840295,2.06886632487988,6.35780553957584,5.75242432584018,7.36366404015297,1,2
16,19,8,7.3744004840295,2.06886632487988,5.02564125959995,6.65546740306642,7.27496250724109,1,2
16,19,10,7.3744004840295,2.06886632487988,4.33377217313368,6.11759492245601,6.49042609099408,1,2
16,19,14,7.3744004840295,2.06886632487988,5.47279799001622,5.52669958188689,6.98990744833239,1,2
16,19,15,7.3744004840295,2.06886632487988,6.47346102363237,5.94282526434644,6.90372460689636,1,2
16,19,18,7.3744004840295,2.06886632487988,5.18561474337502,6.32799315790009,7.00961000728259,1,2
16,19,22,7.3744004840295,2.06886632487988,7.43346987383952,6.38883108695884,7.04752878044335,1,2
16,19,25,7.3744004840295,2.06886632487988,4.71750055991145,6.73182222972032,6.84342358776415,1,2
16,19,26,7.3744004840295,2.06886632487988,3.78868993260415,6.55209927919676,7.06219004459861,1,2
16,19,27,7.3744004840295,2.06886632487988,5.11227029270852,5.29830184435059,6.99572736518214,1,2
16,19,28,7.3744004840295,2.06886632487988,4.10738856581226,6.34668505227156,7.27095104250702,1,2
16,19,31,7.3744004840295,2.06886632487988,6.12886386119174,5.87158156223171,6.99258713053384,1,2
16,19,37,7.3744004840295,2.06886632487988,4.11177272892316,5.85375188131039,6.9194519544067,1,2
16,19,40,7.3744004840295,2.06886632487988,5.30936704339881,5.78610553935781,7.12028161661737,1,2
16,19,41,7.3744004840295,2.06886632487988,3.77885269364003,5.94114858403225,7.03269293870357,1,2
16,19,42,7.3744004840295,2.06886632487988,4.91151230461862,5.82690306114775,6.90969779843912,1,2
16,19,44,7.3744004840295,2.06886632487988,3.43128145269,5.6973059129467,6.86544413117669,1,2
16,19,45,7.3744004840295,2.06886632487988,4.82728637504558,5.76050650740427,6.93083589212589,1,2
16,19,46,7.3744004840295,2.06886632487988,3.34815803686481,6.06933959746075,6.98927590200325,1,2
16,19,47,7.3744004840295,2.06886632487988,4.84052887017482,7.64737191786279,7.031258376188,1,2
16,19,49,7.3744004840295,2.06886632487988,2.22966381276951,5.94285544180815,6.56329774820279,1,2
16,19,50,7.3744004840295,2.06886632487988,5.16271460198643,5.39090410893704,7.26625963315449,1,2
16,19,53,7.3744004840295,2.06886632487988,4.59871253541568,5.47018604479652,6.98203152067008,1,2
16,19,54,7.3744004840295,2.06886632487988,3.10192507855341,5.52804444508371,6.65402433128498,1,2
16,19,55,7.3744004840295,2.06886632487988,4.92327555479326,6.84005303152737,7.28624382011429,1,2
16,19,57,7.3744004840295,2.06886632487988,6.09993446351141,5.63246907921755,6.98770667492468,1,2
16,19,61,7.3744004840295,2.06886632487988,6.77620613080778,6.30030426741455,6.8281903039812,1,2
16,20,3,7.3744004840295,2.06886632487988,6.13716006199812,5.71054164240856,7.35621924999854,1,2
16,20,5,7.3744004840295,2.06886632487988,4.7110561057989,5.60778393033516,7.08144857879497,1,2
16,20,6,7.3744004840295,2.06886632487988,4.78552036863312,6.23181389677043,7.0556371603474,1,2
16,20,8,7.3744004840295,2.06886632487988,5.54122514326663,5.8267633816529,7.4335448173497,1,2
16,20,9,7.3744004840295,2.06886632487988,4.57606555342651,6.08317555905794,7.12767514166314,1,2
16,20,10,7.3744004840295,2.06886632487988,3.85795047615334,5.33394135676511,7.09503416415916,1,2
16,20,12,7.3744004840295,2.06886632487988,5.70995491493739,5.89211711655633,7.34281143878605,1,2
16,20,14,7.3744004840295,2.06886632487988,4.00237827396502,6.37995563747358,6.93313561121272,1,2
16,20,22,7.3744004840295,2.06886632487988,3.37431339287062,6.1715386578742,7.47659672945536,1,2
16,20,23,7.3744004840295,2.06886632487988,4.79706149462686,5.53660854573956,7.28932623462675,1,2
16,20,24,7.3744004840295,2.06886632487988,4.92544964821988,6.86563955206325,7.55889010873604,1,2
16,20,26,7.3744004840295,2.06886632487988,3.8063063199895,5.75311180675949,7.04933783116074,1,2
16,20,31,7.3744004840295,2.06886632487988,4.89833034738308,6.58992621825115,7.57617404989388,1,2
16,20,38,7.3744004840295,2.06886632487988,4.25050921228348,5.4894922176059,7.00073085832037,1,2
16,20,41,7.3744004840295,2.06886632487988,5.19498894925314,5.28312578233772,7.01587539932032,1,2
16,20,42,7.3744004840295,2.06886632487988,5.19782762202598,5.67075954338531,7.10424807353896,1,2
16,20,45,7.3744004840295,2.06886632487988,4.10871664580025,6.03024158452689,7.47947968723871,1,2
16,20,48,7.3744004840295,2.06886632487988,5.00377396268546,6.53929239937596,7.40227619799661,1,2
16,20,49,7.3744004840295,2.06886632487988,3.24015375968426,5.50049378534362,7.22859270466231,1,2
16,20,50,7.3744004840295,2.06886632487988,4.98062836748716,5.62377956554814,7.04192478867657,1,2
16,20,56,7.3744004840295,2.06886632487988,4.84304184734805,5.50318175610972,6.84800529730619,1,2
16,20,57,7.3744004840295,2.06886632487988,4.98653492251594,5.37903857968842,7.35112884355397,1,2
16,20,61,7.3744004840295,2.06886632487988,4.60717166559377,5.79831855489757,7.49704604861795,1,2
16,20,63,7.3744004840295,2.06886632487988,3.75272111556127,6.27676907913013,7.27954769571509,1,2
16,20,64,7.3744004840295,2.06886632487988,4.21249354044836,5.5311863914439,6.94700849452232,1,2
16,20,66,7.3744004840295,2.06886632487988,3.79323662014566,6.1119427284979,7.26224912198618,1,2
16,20,68,7.3744004840295,2.06886632487988,5.3090007574974,5.80983660897973,7.36875307895426,1,2
16,20,69,7.3744004840295,2.06886632487988,4.96103396201355,6.47835075514273,6.98437297145593,1,2
16,21,2,7.3744004840295,2.06886632487988,3.62619100064825,5.63609850448143,6.96484576034284,1,2
16,21,3,7.3744004840295,2.06886632487988,6.33837499379288,5.41911215243645,7.12767929815799,1,2
16,21,7,7.3744004840295,2.06886632487988,6.02959763531104,6.11147400003802,6.88500337636047,1,2
16,21,9,7.3744004840295,2.06886632487988,5.431299444637,5.85215445306666,7.4002237791952,1,2
16,21,11,7.3744004840295,2.06886632487988,4.42875475084922,5.79994691198293,6.66385230649488,1,2
16,21,13,7.3744004840295,2.06886632487988,6.77041844527595,6.28676796400689,7.08993678706975,1,2
16,21,15,7.3744004840295,2.06886632487988,4.00729379613006,6.90744986028673,7.44591746214214,1,2
16,21,16,7.3744004840295,2.06886632487988,4.49136405197702,5.52004230572826,7.10495541390033,1,2
16,21,20,7.3744004840295,2.06886632487988,4.82052524353031,5.84993884766668,6.94903676501376,1,2
16,21,22,7.3744004840295,2.06886632487988,4.77926812132832,6.27851800566951,7.17298405407458,1,2
16,21,23,7.3744004840295,2.06886632487988,3.9258014258722,6.44514887180597,7.2915283494195,1,2
16,21,27,7.3744004840295,2.06886632487988,5.16461646657444,5.95386749710088,7.28037296175533,1,2
16,21,33,7.3744004840295,2.06886632487988,4.74448698465307,5.67460474686229,7.11343033413055,1,2
16,21,34,7.3744004840295,2.06886632487988,6.26216204826085,6.03738304483105,7.39988196390802,1,2
16,21,38,7.3744004840295,2.06886632487988,4.55517287161897,6.23909851896974,6.95367046611535,1,2
16,21,39,7.3744004840295,2.06886632487988,5.51516964369439,6.13904413680232,7.02408829535438,1,2
16,21,41,7.3744004840295,2.06886632487988,5.17083013273848,5.38178630326607,7.19542782021457,1,2
16,21,42,7.3744004840295,2.06886632487988,5.44376845437867,6.01821963193738,6.98750119885033,1,2
16,21,43,7.3744004840295,2.06886632487988,2.75348637238892,6.32828381190358,6.89635331661244,1,2
16,21,44,7.3744004840295,2.06886632487988,4.20376214951474,5.33128643396261,7.10757688461027,1,2
16,21,46,7.3744004840295,2.06886632487988,5.59154228169097,6.3230888942753,7.02303340047246,1,2
16,21,47,7.3744004840295,2.06886632487988,4.50801610394851,6.52120146706089,7.22413371292017,1,2
16,21,48,7.3744004840295,2.06886632487988,3.62629706857129,5.81222538877079,7.0746137568004,1,2
16,21,49,7.3744004840295,2.06886632487988,3.88902886214263,6.47140211141137,7.41568475961125,1,2
16,21,50,7.3744004840295,2.06886632487988,4.36407053191213,5.65257436245776,7.00104225751102,1,2
16,21,54,7.3744004840295,2.06886632487988,5.27483611515041,6.09352792411195,6.66070433395118,1,2
16,21,55,7.3744004840295,2.06886632487988,4.51989318520055,6.49418131797719,7.10860077029193,1,2
16,21,56,7.3744004840295,2.06886632487988,5.25513039075338,6.75088300724167,7.12292242731678,1,2
16,21,60,7.3744004840295,2.06886632487988,4.41589792323262,6.56732589944995,7.05043420126735,1,2
16,21,61,7.3744004840295,2.06886632487988,7.34491248496447,5.89524517073759,7.44931085599748,1,2
16,21,62,7.3744004840295,2.06886632487988,4.86484653482002,6.16478606022991,6.9859606772297,1,2
16,21,63,7.3744004840295,2.06886632487988,6.84882297640874,5.94546512115444,7.37297408487887,1,2
16,21,67,7.3744004840295,2.06886632487988,6.57380610872087,6.17930402570928,7.20303987340225,1,2
16,21,68,7.3744004840295,2.06886632487988,4.96429738160771,4.41948669658514,6.91556833980259,1,2
16,21,71,7.3744004840295,2.06886632487988,4.95333406984838,6.69222049954677,7.26054965797955,1,2
16,21,72,7.3744004840295,2.06886632487988,6.49239468634165,6.00114709229926,6.90591495832961,1,2
16,21,75,7.3744004840295,2.06886632487988,4.55795593435083,5.63977361281244,6.85663421482608,1,2
16,21,76,7.3744004840295,2.06886632487988,7.43063112489256,5.12188110972457,7.36352417581804,1,2
16,21,77,7.3744004840295,2.06886632487988,4.11646357208015,5.69640974691114,7.20585800216693,1,2
16,21,79,7.3744004840295,2.06886632487988,5.08915996983359,5.75601253439075,6.97348946271503,1,2
16,21,80,7.3744004840295,2.06886632487988,6.69703385974036,5.86759988443361,7.20475263770111,1,2
16,21,81,7.3744004840295,2.06886632487988,5.53270540737552,5.86524293833285,7.22037944998566,1,2
16,22,3,7.3744004840295,2.06886632487988,3.97054968115076,6.06901227222652,7.3740281230635,1,2
16,22,6,7.3744004840295,2.06886632487988,3.42918909161465,4.8378914287981,6.9692655939611,1,2
16,22,7,7.3744004840295,2.06886632487988,4.38854574671625,5.76721324545929,6.91566012700611,1,2
16,22,8,7.3744004840295,2.06886632487988,5.74770999002701,6.33164015216372,7.06373110165829,1,2
16,22,11,7.3744004840295,2.06886632487988,4.70702956326285,6.6062235116928,7.62822798946027,1,2
16,22,18,7.3744004840295,2.06886632487988,6.02645502740154,6.8542011285222,7.64920217977606,1,2
16,22,20,7.3744004840295,2.06886632487988,4.64072171482252,6.24978520383066,7.18717776279444,1,2
16,22,22,7.3744004840295,2.06886632487988,5.38999361816075,6.58831931255375,7.24475933293433,1,2
16,22,23,7.3744004840295,2.06886632487988,5.98652754231616,5.77795422133083,7.29500566946899,1,2
16,22,24,7.3744004840295,2.06886632487988,4.31688970001986,5.47560955959615,7.23569756533994,1,2
16,22,34,7.3744004840295,2.06886632487988,6.15241739867313,7.07973807380455,7.54481512869214,1,2
16,22,37,7.3744004840295,2.06886632487988,6.35049122071764,6.11451060655841,7.53951350939459,1,2
16,22,38,7.3744004840295,2.06886632487988,3.7304146752993,6.50700490629644,7.32475005701152,1,2
16,22,39,7.3744004840295,2.06886632487988,5.86880104815421,5.36113594858757,7.17769484912817,1,2
16,22,40,7.3744004840295,2.06886632487988,6.16075270084734,6.25274545640421,7.14444762511499,1,2
16,22,42,7.3744004840295,2.06886632487988,5.37000896655315,5.79915130776189,7.10034416320304,1,2
16,22,43,7.3744004840295,2.06886632487988,4.11673504121297,5.86251625435986,7.03443260982553,1,2
16,22,44,7.3744004840295,2.06886632487988,5.80483479438077,5.55669233450475,7.33325772300538,1,2
16,22,46,7.3744004840295,2.06886632487988,6.28364522148304,5.54349919667786,7.49170104947377,1,2
16,22,47,7.3744004840295,2.06886632487988,4.71569565089001,5.98524981252558,7.37972519893946,1,2
16,22,49,7.3744004840295,2.06886632487988,6.20547864434672,6.4269204598088,7.46684878914063,1,2
16,22,51,7.3744004840295,2.06886632487988,5.86632474374289,6.67635653876585,7.77928127477984,1,2
16,22,53,7.3744004840295,2.06886632487988,4.52053485047206,6.67980135224713,7.44080553074661,1,2
16,22,54,7.3744004840295,2.06886632487988,6.13197374168171,6.89528539618492,7.55487468823094,1,2
16,22,55,7.3744004840295,2.06886632487988,6.0195426196736,5.10959494035287,7.24259412549327,1,2
16,22,56,7.3744004840295,2.06886632487988,3.85729535958108,6.1667871129288,7.45092508145715,1,2
16,22,58,7.3744004840295,2.06886632487988,5.98549771883279,6.24979158949799,7.40436996086493,1,2
16,22,59,7.3744004840295,2.06886632487988,6.80922270874035,5.5185083123141,7.36068995414258,1,2
16,22,60,7.3744004840295,2.06886632487988,5.41192148397072,6.23439938881281,7.42897457224373,1,2
16,22,61,7.3744004840295,2.06886632487988,4.0064839662037,5.93504367644054,7.42321107515759,1,2
16,22,64,7.3744004840295,2.06886632487988,4.06157687249694,5.59328990392032,7.35086922033348,1,2
16,22,65,7.3744004840295,2.06886632487988,5.85090275769376,4.92501295808414,7.47704628269153,1,2
16,22,70,7.3744004840295,2.06886632487988,2.9695873799495,6.73709708697159,7.1627842233297,1,2
16,22,71,7.3744004840295,2.06886632487988,2.73078557846643,5.61013690440756,7.30875417735762,1,2
16,22,76,7.3744004840295,2.06886632487988,4.50892513879458,5.76572370292789,7.1773537504043,1,2
16,22,77,7.3744004840295,2.06886632487988,5.8381506275474,5.31358737838889,7.2504588573799,1,2
16,22,81,7.3744004840295,2.06886632487988,5.85065067202753,5.77218215778463,7.05431648302204,1,2
16,22,83,7.3744004840295,2.06886632487988,6.05901421704135,5.52813471178214,7.09545670580891,1,2
16,23,1,7.3744004840295,2.06886632487988,4.43491340344093,7.22736763456757,7.44776885656257,1,2
16,23,2,7.3744004840295,2.06886632487988,5.24267674703288,6.05170815899588,7.06171145994687,1,2
16,23,3,7.3744004840295,2.06886632487988,7.07709946872181,6.33111253237258,7.46168889134107,1,2
16,23,4,7.3744004840295,2.06886632487988,5.51227867457497,6.01953020210123,7.25195387371055,1,2
16,23,7,7.3744004840295,2.06886632487988,4.78387972150479,5.09686514778877,6.56314070000021,1,2
16,23,8,7.3744004840295,2.06886632487988,5.88938799251518,6.19085461242629,6.8895082658966,1,2
16,23,10,7.3744004840295,2.06886632487988,6.78079548650003,6.27441403634845,7.56848302599711,1,2
16,23,11,7.3744004840295,2.06886632487988,5.07051455691178,6.4503780857611,7.20888181512663,1,2
16,23,14,7.3744004840295,2.06886632487988,5.89349066453759,5.85504170028854,7.35075383819751,1,2
16,23,16,7.3744004840295,2.06886632487988,4.56575077797662,6.90315321295753,7.51766502672581,1,2
16,23,18,7.3744004840295,2.06886632487988,3.83730665691636,6.33417581298194,7.17855260038857,1,2
16,23,19,7.3744004840295,2.06886632487988,4.61068940758716,6.29574962959966,7.13621827350771,1,2
16,23,21,7.3744004840295,2.06886632487988,6.22203767515605,6.80014643271193,7.30599591125428,1,2
16,23,23,7.3744004840295,2.06886632487988,6.11631274876259,5.55836650025705,6.98570020488732,1,2
16,23,24,7.3744004840295,2.06886632487988,4.32756054575723,5.6004188817067,7.12162071313153,1,2
16,23,25,7.3744004840295,2.06886632487988,3.9297378774583,6.38753688935649,7.03635216452463,1,2
16,23,27,7.3744004840295,2.06886632487988,4.53352368647533,6.0596709202061,7.1925284047315,1,2
16,23,28,7.3744004840295,2.06886632487988,6.93159447593659,6.42680965383661,7.2366757360044,1,2
16,23,30,7.3744004840295,2.06886632487988,3.43150951000067,5.673824108759,6.97788079878784,1,2
16,23,31,7.3744004840295,2.06886632487988,5.20581997467357,5.9648576625324,7.48140126239593,1,2
16,23,32,7.3744004840295,2.06886632487988,5.02520416904909,5.63573332531788,7.2542086196583,1,2
16,23,33,7.3744004840295,2.06886632487988,4.39667980681448,5.91806832915915,6.92489071063927,1,2
16,23,34,7.3744004840295,2.06886632487988,5.0780786215532,6.38963366647658,7.6170304781739,1,2
16,23,35,7.3744004840295,2.06886632487988,3.94967248326778,5.36144303876875,6.96043327710272,1,2
16,23,37,7.3744004840295,2.06886632487988,4.4441273325968,6.42532864155302,7.35837265481667,1,2
16,23,38,7.3744004840295,2.06886632487988,3.51347758303726,6.3567965290166,7.1340307945105,1,2
16,23,40,7.3744004840295,2.06886632487988,4.63304791862868,5.3322822866075,7.15298463890666,1,2
16,23,41,7.3744004840295,2.06886632487988,5.35451602857653,5.54927179377469,7.17076561282119,1,2
16,23,42,7.3744004840295,2.06886632487988,4.09705009701749,6.5447762153847,7.05805313263214,1,2
16,23,43,7.3744004840295,2.06886632487988,5.06624305566823,6.47580099955997,7.43177462708606,1,2
16,23,44,7.3744004840295,2.06886632487988,4.76876026070475,6.17604350076145,7.09533248272221,1,2
16,23,45,7.3744004840295,2.06886632487988,5.87064676684561,5.91518070241604,7.1380107052185,1,2
16,23,46,7.3744004840295,2.06886632487988,3.58347734559807,5.81170285444126,6.97354438891033,1,2
16,23,48,7.3744004840295,2.06886632487988,4.40065236500466,5.53300184297728,7.25387858198239,1,2
16,23,50,7.3744004840295,2.06886632487988,4.76632895656361,5.97027240780446,6.9358782367762,1,2
16,23,52,7.3744004840295,2.06886632487988,4.73148216608791,5.88195418186916,7.2741090788579,1,2
16,23,53,7.3744004840295,2.06886632487988,4.87841644406395,6.30226509970172,7.16893607913479,1,2
16,23,57,7.3744004840295,2.06886632487988,4.77298104430072,6.36935060738087,7.06574804338168,1,2
16,23,58,7.3744004840295,2.06886632487988,4.67649962406712,6.2485687006078,6.98271705678849,1,2
16,23,60,7.3744004840295,2.06886632487988,3.55918262122254,5.74335287952998,6.86075080855794,1,2
16,23,61,7.3744004840295,2.06886632487988,4.53601697450898,5.16724946176799,6.90825082797259,1,2
16,23,62,7.3744004840295,2.06886632487988,6.36186162677255,6.35264276015832,7.09013507796967,1,2
16,24,1,7.3744004840295,2.06886632487988,5.25517060188911,6.19983781529292,7.41894501999049,1,2
16,24,2,7.3744004840295,2.06886632487988,3.99648292320212,5.96187183460959,7.51328481857256,1,2
16,24,4,7.3744004840295,2.06886632487988,6.46838235752306,5.64702197649032,7.74706145246659,1,2
16,24,8,7.3744004840295,2.06886632487988,5.06175139312428,5.20452076753827,7.49338965667295,1,2
16,24,9,7.3744004840295,2.06886632487988,4.19705956000136,6.15265082454306,7.38871997010893,1,2
16,24,14,7.3744004840295,2.06886632487988,3.56277272424872,6.98393352547786,7.90631898344601,1,2
16,24,15,7.3744004840295,2.06886632487988,3.96714186490019,6.52004897446487,7.51259080911877,1,2
16,24,16,7.3744004840295,2.06886632487988,4.2844182860396,5.2029115812465,7.34412018468136,1,2
16,24,17,7.3744004840295,2.06886632487988,5.69998724671673,5.31875509732806,8.0145620026943,1,2
16,24,19,7.3744004840295,2.06886632487988,3.11894466396231,5.08534520686981,6.81192686786887,1,2
16,24,20,7.3744004840295,2.06886632487988,4.77884567702504,6.81236650353921,7.8928234303651,1,2
16,24,21,7.3744004840295,2.06886632487988,6.41308628376792,5.67886958365201,7.17986907740228,1,2
16,24,22,7.3744004840295,2.06886632487988,5.67194680647414,6.56205157136465,7.63692393865115,1,2
16,24,23,7.3744004840295,2.06886632487988,2.86765026163386,5.74654040504475,7.13704363483796,1,2
16,24,24,7.3744004840295,2.06886632487988,5.29758194847606,6.00055672515729,7.59302414512985,1,2
16,24,25,7.3744004840295,2.06886632487988,5.16984679884599,5.85521006096726,7.77171356600814,1,2
16,24,29,7.3744004840295,2.06886632487988,4.8128593235511,6.43694289984297,7.52794094764713,1,2
16,24,31,7.3744004840295,2.06886632487988,4.53357290326948,5.91747294460347,7.52447699341577,1,2
16,24,33,7.3744004840295,2.06886632487988,4.98150866230141,5.76663621170159,7.57220965787806,1,2
16,24,36,7.3744004840295,2.06886632487988,4.24384078630464,6.84517002871703,7.70932943754906,1,2
16,24,41,7.3744004840295,2.06886632487988,3.8470409120293,6.70950565339584,7.45628517393362,1,2
16,24,43,7.3744004840295,2.06886632487988,5.13980204926506,6.30143743109395,7.90023730069894,1,2
16,24,44,7.3744004840295,2.06886632487988,4.28174549761442,7.34621082639752,7.58035678565171,1,2
16,24,48,7.3744004840295,2.06886632487988,2.81306157098173,5.67209260021448,7.29536460640783,1,2
16,24,49,7.3744004840295,2.06886632487988,4.89583304755663,6.63892963881957,7.79900833910753,1,2
16,24,50,7.3744004840295,2.06886632487988,4.65535922377995,6.50100442185604,7.37895710270296,1,2
16,24,51,7.3744004840295,2.06886632487988,4.98566828608732,6.2486895245992,7.58758289033645,1,2
16,24,53,7.3744004840295,2.06886632487988,5.1714320338822,6.28738441501842,7.5176727060171,1,2
16,24,54,7.3744004840295,2.06886632487988,4.45307942762965,5.94939640793092,7.72157100923086,1,2
16,24,55,7.3744004840295,2.06886632487988,5.25476855266435,6.35285451528797,7.69324859153365,1,2
16,24,56,7.3744004840295,2.06886632487988,5.88977178880751,5.83361211023142,7.70311025141933,1,2
16,24,58,7.3744004840295,2.06886632487988,5.4642770963595,5.82874676484404,7.49170174624955,1,2
16,24,60,7.3744004840295,2.06886632487988,5.75309502788128,6.19887002797784,7.32080021927408,1,2
16,24,61,7.3744004840295,2.06886632487988,6.53704933237317,5.74258550593549,7.50129424724903,1,2
16,24,63,7.3744004840295,2.06886632487988,4.2310934480722,4.88568697168934,7.04559133933808,1,2
16,24,66,7.3744004840295,2.06886632487988,4.23344204607613,6.60315323295282,7.57436073627648,1,2
16,24,69,7.3744004840295,2.06886632487988,6.09132502237926,7.36219214883799,7.75426519081463,1,2
16,24,71,7.3744004840295,2.06886632487988,5.89937577340845,5.82289269031694,7.66380868730855,1,2
16,24,73,7.3744004840295,2.06886632487988,5.15962609907467,5.93678636417285,7.16531083372634,1,2
16,24,74,7.3744004840295,2.06886632487988,2.90320203309665,6.19061158722633,7.31425179682408,1,2
16,24,76,7.3744004840295,2.06886632487988,3.45437237796689,6.08918749778885,7.25477607307503,1,2
16,24,78,7.3744004840295,2.06886632487988,4.85939494864944,6.07270023787629,6.76963861086038,1,2
16,24,79,7.3744004840295,2.06886632487988,3.78259953959854,5.26851145487919,7.51932197950442,1,2
16,24,80,7.3744004840295,2.06886632487988,5.00891693540241,5.98287882677751,7.44916710712832,1,2
16,24,81,7.3744004840295,2.06886632487988,3.71728523990608,5.98703649904724,7.18915053484749,1,2
16,24,83,7.3744004840295,2.06886632487988,5.08870058066685,5.53306525718679,7.4888501066833,1,2
16,24,86,7.3744004840295,2.06886632487988,4.60586636709684,5.26377189271332,7.42273543726816,1,2
16,24,88,7.3744004840295,2.06886632487988,4.3612478182938,6.75339112720113,7.47521952474604,1,2
16,25,1,7.3744004840295,2.06886632487988,6.19733837960639,5.8781261329198,7.62806529171621,1,2
16,25,2,7.3744004840295,2.06886632487988,5.11305968737137,5.56846173975268,7.29742153587723,1,2
16,25,6,7.3744004840295,2.06886632487988,6.29672090009389,5.4360201715123,7.57498901730497,1,2
16,25,8,7.3744004840295,2.06886632487988,3.09629729919634,5.09515201128286,7.10388045286892,1,2
16,25,9,7.3744004840295,2.06886632487988,5.84838911796196,5.74205112933588,7.15647295499268,1,2
16,25,10,7.3744004840295,2.06886632487988,5.58084918838987,5.46256877247217,7.39682220972191,1,2
16,25,11,7.3744004840295,2.06886632487988,2.3596521067834,6.31882592667557,7.22844322261367,1,2
16,25,12,7.3744004840295,2.06886632487988,4.97102938608686,6.53980859469066,7.20850807998938,1,2
16,25,15,7.3744004840295,2.06886632487988,7.50925415210897,5.9771702174391,7.72620189253741,1,2
16,25,16,7.3744004840295,2.06886632487988,6.05421222673545,5.25558282341583,7.21610756454356,1,2
16,25,17,7.3744004840295,2.06886632487988,6.64644065128851,6.43814734580936,7.32265629890471,1,2
16,25,24,7.3744004840295,2.06886632487988,5.11024460782711,5.80912231718134,7.33695841855205,1,2
16,25,25,7.3744004840295,2.06886632487988,4.44435189804541,6.11065337495985,7.45313486579094,1,2
16,25,28,7.3744004840295,2.06886632487988,6.36542322507494,7.08374562028394,7.61568554007855,1,2
16,25,29,7.3744004840295,2.06886632487988,4.42431989192273,6.02684578841937,7.27645270345082,1,2
16,25,30,7.3744004840295,2.06886632487988,3.7592515780361,5.646757931858,7.2148911080293,1,2
16,25,31,7.3744004840295,2.06886632487988,4.8345502512658,5.98460691002723,7.57972038775633,1,2
16,25,32,7.3744004840295,2.06886632487988,3.70268172686018,6.2136356059358,7.54031859543699,1,2
16,25,34,7.3744004840295,2.06886632487988,5.84997609295524,5.99281499151758,7.43381034671758,1,2
16,25,36,7.3744004840295,2.06886632487988,6.81197827180171,6.30735808952366,7.43563681439768,1,2
16,25,38,7.3744004840295,2.06886632487988,6.16906994710328,5.73430969659867,7.579638375924,1,2
16,25,39,7.3744004840295,2.06886632487988,4.76551795682622,6.16526820972371,7.41685546660259,1,2
16,25,40,7.3744004840295,2.06886632487988,5.56788970953608,5.49264164655802,7.15369214902752,1,2
16,25,44,7.3744004840295,2.06886632487988,6.18643660369993,6.6946349972907,7.51459857052834,1,2
16,25,46,7.3744004840295,2.06886632487988,4.10299042612378,5.46508465561064,7.14817076613484,1,2
16,25,47,7.3744004840295,2.06886632487988,4.68612773529496,5.9673962947726,7.03069220464387,1,2
16,25,48,7.3744004840295,2.06886632487988,5.39840650065866,6.28930107107803,7.69946462400289,1,2
16,25,51,7.3744004840295,2.06886632487988,4.89077964797531,5.49624991255716,7.32483947176391,1,2
16,25,53,7.3744004840295,2.06886632487988,6.10580776861652,5.79552017431996,7.33980248398636,1,2
16,25,54,7.3744004840295,2.06886632487988,4.2239194719729,6.11012476401829,7.54229159169417,1,2
16,25,55,7.3744004840295,2.06886632487988,3.98129956223089,5.65115743441016,7.22048904529887,1,2
16,25,57,7.3744004840295,2.06886632487988,4.52330773784149,5.79249114271178,7.33160273636209,1,2
16,25,58,7.3744004840295,2.06886632487988,5.76228926350327,6.1537685308091,7.6191172844846,1,2
16,26,2,7.3744004840295,2.06886632487988,4.54727701538273,7.00786293959175,7.86931346050834,1,2
16,26,4,7.3744004840295,2.06886632487988,5.21036392268612,6.30798834945952,7.91521949819926,1,2
16,26,5,7.3744004840295,2.06886632487988,4.27221317592019,5.38993918067948,7.63167000640299,1,2
16,26,7,7.3744004840295,2.06886632487988,3.59076916460933,5.98918841173807,7.61539505392058,1,2
16,26,8,7.3744004840295,2.06886632487988,5.06282326897881,5.65245993059653,7.67450431120809,1,2
16,26,10,7.3744004840295,2.06886632487988,6.19732900530321,5.85571448217098,7.62290602075221,1,2
16,26,12,7.3744004840295,2.06886632487988,4.46407955814115,6.05951498054034,7.38645298900028,1,2
16,26,13,7.3744004840295,2.06886632487988,5.12128459533605,6.59331911423939,7.59829881991495,1,2
16,26,14,7.3744004840295,2.06886632487988,4.69525393376036,5.88575085269097,7.57593361307223,1,2
16,26,15,7.3744004840295,2.06886632487988,5.2461892797397,6.3491303865201,7.79868880972855,1,2
16,26,16,7.3744004840295,2.06886632487988,7.00096535059707,4.96699374884015,7.75370836063122,1,2
16,26,20,7.3744004840295,2.06886632487988,5.57235641669545,6.37062875570349,7.28197404678784,1,2
16,26,21,7.3744004840295,2.06886632487988,5.11309968928275,6.40637673577168,7.78591152435365,1,2
16,26,22,7.3744004840295,2.06886632487988,5.50033276150274,5.52831458929958,8.27101507598252,1,2
16,26,24,7.3744004840295,2.06886632487988,5.70615541403888,6.69422380699761,7.98113479546248,1,2
16,26,26,7.3744004840295,2.06886632487988,3.99887878134131,5.87487676805127,7.45261907216952,1,2
16,26,28,7.3744004840295,2.06886632487988,4.89345374479885,5.83032895852559,7.76453731218438,1,2
16,26,29,7.3744004840295,2.06886632487988,3.87910527724546,6.11370406303653,7.73080831482453,1,2
16,26,30,7.3744004840295,2.06886632487988,5.34247517248585,6.65965473322221,7.81790030703527,1,2
16,26,31,7.3744004840295,2.06886632487988,4.77637301751123,5.01771781141145,7.8075957064739,1,2
16,26,32,7.3744004840295,2.06886632487988,5.43251850280688,5.44982155013015,8.073946453468,1,2
16,26,33,7.3744004840295,2.06886632487988,6.77138536634647,6.22205191490352,7.98369555358634,1,2
16,26,34,7.3744004840295,2.06886632487988,4.52668310140772,6.54022007642586,7.85173695134176,1,2
16,26,35,7.3744004840295,2.06886632487988,6.41336373369677,6.08114296423718,8.03352256183586,1,2
16,26,40,7.3744004840295,2.06886632487988,5.82320184586115,5.69869622302764,7.33456684924278,1,2
16,26,41,7.3744004840295,2.06886632487988,6.22301264428966,5.77118627263935,7.75202494312064,1,2
16,26,43,7.3744004840295,2.06886632487988,5.74409445400942,5.18916910351565,7.35494834073078,1,2
16,26,46,7.3744004840295,2.06886632487988,4.59772379396723,6.72982099143851,7.98942082903765,1,2
16,26,48,7.3744004840295,2.06886632487988,4.45232073600558,5.71107944341986,7.82035957557126,1,2
16,26,50,7.3744004840295,2.06886632487988,3.31304765898615,5.78214137649543,7.48387459898125,1,2
16,26,52,7.3744004840295,2.06886632487988,5.07837899412537,6.24586901173814,7.68828686800454,1,2
16,26,53,7.3744004840295,2.06886632487988,6.1992105243978,5.70876148653737,7.97662647166463,1,2
16,26,55,7.3744004840295,2.06886632487988,3.52401639023063,4.44669787164227,7.22945668349945,1,2
16,26,56,7.3744004840295,2.06886632487988,4.19292771412351,6.10662244713141,8.03318062765315,1,2
16,26,59,7.3744004840295,2.06886632487988,4.87244092674703,5.63410859579909,7.68507304238764,1,2
16,26,60,7.3744004840295,2.06886632487988,3.10438737947109,5.22065712239422,7.67146524614674,1,2
16,26,61,7.3744004840295,2.06886632487988,5.67079423160403,5.47493248694845,7.77103533589326,1,2
16,26,62,7.3744004840295,2.06886632487988,4.27488504480721,5.48403769376677,7.47545253306671,1,2
16,26,63,7.3744004840295,2.06886632487988,5.78210304111178,5.25215470877125,7.80641798935589,1,2
16,26,66,7.3744004840295,2.06886632487988,5.67196073642984,6.48035031816513,7.74631942299673,1,2
16,26,68,7.3744004840295,2.06886632487988,4.95192066601112,5.6463772013424,7.99692662225162,1,2
16,26,69,7.3744004840295,2.06886632487988,5.75742879143895,6.04874697531789,7.64351823731848,1,2
16,26,71,7.3744004840295,2.06886632487988,4.57791656593562,5.64569819069229,7.68115570237832,1,2
16,26,72,7.3744004840295,2.06886632487988,3.86616618280598,5.53174327082095,8.02792412290837,1,2
16,26,77,7.3744004840295,2.06886632487988,4.24067889488469,6.44706274388431,7.85006936331085,1,2
16,26,78,7.3744004840295,2.06886632487988,4.67879684995717,6.06713858015701,7.80899345552939,1,2
16,26,82,7.3744004840295,2.06886632487988,4.36202817499368,6.19899491832692,7.9722775905691,1,2
16,26,83,7.3744004840295,2.06886632487988,6.73838526860808,6.03395318562778,7.81669120340473,1,2
16,26,85,7.3744004840295,2.06886632487988,4.89988610783612,5.46844083896146,7.50004701754667,1,2
16,26,89,7.3744004840295,2.06886632487988,4.52034291340292,6.4675732339499,7.72527908924744,1,2
16,26,92,7.3744004840295,2.06886632487988,5.77629005513909,6.0250573206808,7.87270066497637,1,2
16,27,1,7.3744004840295,2.06886632487988,5.03569297526014,6.73928331963379,7.57706472838627,1,2
16,27,3,7.3744004840295,2.06886632487988,5.15334976703191,6.23537889521153,8.16886939746288,1,2
16,27,4,7.3744004840295,2.06886632487988,5.66699872885435,5.99022686494162,7.6301102185971,1,2
16,27,6,7.3744004840295,2.06886632487988,4.18418373467425,5.67890944152268,7.38803202614985,1,2
16,27,9,7.3744004840295,2.06886632487988,5.62327305271739,6.63493497184553,7.7503506116288,1,2
16,27,11,7.3744004840295,2.06886632487988,6.89946408504954,5.99246093611716,7.68065749554273,1,2
16,27,12,7.3744004840295,2.06886632487988,5.46503143596125,6.26823778484346,7.46205104247485,1,2
16,27,13,7.3744004840295,2.06886632487988,4.36195696206559,7.70351291781755,7.64029621441842,1,2
16,27,14,7.3744004840295,2.06886632487988,4.90156492789062,6.27346942247552,7.86525124907519,1,2
16,27,15,7.3744004840295,2.06886632487988,6.27475625398213,6.18421274400151,7.73424845334617,1,2
16,27,16,7.3744004840295,2.06886632487988,5.71532523869923,5.43322424896379,8.04475181749284,1,2
16,27,17,7.3744004840295,2.06886632487988,7.25059443700738,5.37116797907642,7.59492086965936,1,2
16,27,19,7.3744004840295,2.06886632487988,5.39095993019245,6.39248355637468,8.14489606086148,1,2
16,27,21,7.3744004840295,2.06886632487988,5.72124197024391,5.14002226585999,6.96313033379876,1,2
16,27,22,7.3744004840295,2.06886632487988,6.49609249058308,5.36987275683986,7.55739166690983,1,2
16,27,23,7.3744004840295,2.06886632487988,4.07434568743095,5.90947509052105,7.60052523466502,1,2
16,27,24,7.3744004840295,2.06886632487988,4.85025131056302,5.89843982305873,7.77903559810328,1,2
16,27,25,7.3744004840295,2.06886632487988,5.16559052958771,5.80385889537985,7.77825242581937,1,2
16,27,27,7.3744004840295,2.06886632487988,4.12960153542364,6.32606424484134,7.60060851895266,1,2
16,27,28,7.3744004840295,2.06886632487988,4.49664261486596,6.4672205428755,7.48368582813166,1,2
16,27,34,7.3744004840295,2.06886632487988,5.81612416167487,6.04913261833066,7.40825045749896,1,2
16,27,36,7.3744004840295,2.06886632487988,4.40391100040539,6.97510416900723,7.68665556261577,1,2
16,27,38,7.3744004840295,2.06886632487988,5.38680928188611,6.08274348516618,7.60890929493066,1,2
16,27,39,7.3744004840295,2.06886632487988,5.26103331385452,5.34266434870955,7.14326173274401,1,2
16,27,42,7.3744004840295,2.06886632487988,5.92887735167658,5.50196954667449,7.27716227546054,1,2
16,27,44,7.3744004840295,2.06886632487988,5.26381728298863,6.36877028277444,7.80612137786753,1,2
16,27,45,7.3744004840295,2.06886632487988,4.25896967741964,6.69653563176929,7.70969855850885,1,2
16,27,47,7.3744004840295,2.06886632487988,3.83124315978931,5.6719465079374,7.56963642244032,1,2
16,27,48,7.3744004840295,2.06886632487988,6.18615447381106,5.41662752764953,7.91221039599573,1,2
16,27,49,7.3744004840295,2.06886632487988,4.73001874089442,4.95886175749401,7.45107860966274,1,2
16,27,50,7.3744004840295,2.06886632487988,4.67594890047648,5.69872302266636,7.66433302656617,1,2
16,27,51,7.3744004840295,2.06886632487988,4.48618338600091,6.70343548638141,7.87146919535795,1,2
16,27,52,7.3744004840295,2.06886632487988,5.20895635364875,5.23725489835802,7.69837441631866,1,2
16,27,54,7.3744004840295,2.06886632487988,5.50250621735706,5.32050007676212,7.65703405610882,1,2
16,27,55,7.3744004840295,2.06886632487988,4.36419650776388,6.11708932577941,7.31591760424687,1,2
16,27,58,7.3744004840295,2.06886632487988,5.00712062319065,6.43357894123144,7.74419757244444,1,2
16,27,60,7.3744004840295,2.06886632487988,4.37831787544756,6.13195209889353,7.20355784673935,1,2
16,27,62,7.3744004840295,2.06886632487988,5.56260747273578,6.80882082162522,8.16504303184291,1,2
16,27,67,7.3744004840295,2.06886632487988,6.13149740851517,5.60973061337802,7.47222576090239,1,2
16,27,69,7.3744004840295,2.06886632487988,5.39817397503409,6.68273104658786,7.82558282045118,1,2
16,27,70,7.3744004840295,2.06886632487988,5.46327726672444,5.74846155913505,7.52652944942737,1,2
16,27,73,7.3744004840295,2.06886632487988,3.37742839708705,5.7513507920661,7.27076881625328,1,2
16,28,6,7.3744004840295,2.06886632487988,6.26119891730928,5.99270628767929,7.71304935226919,1,2
16,28,7,7.3744004840295,2.06886632487988,4.30045920762844,6.18685785366864,8.06763853783723,1,2
16,28,8,7.3744004840295,2.06886632487988,3.21777911285446,6.12589062656635,7.54466330183842,1,2
16,28,9,7.3744004840295,2.06886632487988,3.78371835778507,5.65156295825716,7.37096643393936,1,2
16,28,10,7.3744004840295,2.06886632487988,5.18270284006648,6.28486784493874,7.98635679731817,1,2
16,28,11,7.3744004840295,2.06886632487988,7.16817153051069,6.71160367047075,8.12531142707057,1,2
16,28,12,7.3744004840295,2.06886632487988,6.56538645988753,5.84836866886323,8.30265139922415,1,2
16,28,13,7.3744004840295,2.06886632487988,6.09473895558789,5.93176247845589,7.65512713686209,1,2
16,28,16,7.3744004840295,2.06886632487988,5.07850891050945,5.60282406017941,7.64869779615903,1,2
16,28,17,7.3744004840295,2.06886632487988,3.04506992562707,5.88713942914901,7.655004290963,1,2
16,28,18,7.3744004840295,2.06886632487988,6.28951298354456,5.59998416940493,8.12959617637425,1,2
16,28,20,7.3744004840295,2.06886632487988,3.77598654855503,5.63283277414989,7.56967653264614,1,2
16,28,21,7.3744004840295,2.06886632487988,6.53451332354886,5.85179680712658,7.93885795332625,1,2
16,28,22,7.3744004840295,2.06886632487988,6.01955627528012,6.14000949848716,8.0879538957825,1,2
16,28,24,7.3744004840295,2.06886632487988,5.0506440805183,5.59344303473392,7.51008016838983,1,2
16,28,26,7.3744004840295,2.06886632487988,4.31316618659045,5.64411264832064,7.93872088095008,1,2
16,28,30,7.3744004840295,2.06886632487988,5.30621003202793,6.05074669748172,7.91231309575085,1,2
16,28,31,7.3744004840295,2.06886632487988,3.63551861437154,5.81239662739009,7.76236468122209,1,2
16,28,32,7.3744004840295,2.06886632487988,5.13231988154334,5.95968803102617,7.66096579258532,1,2
16,28,36,7.3744004840295,2.06886632487988,6.26625614756281,6.24345459995988,7.80799294145803,1,2
16,28,37,7.3744004840295,2.06886632487988,5.39530741694135,5.39350031857869,8.01412321490987,1,2
16,28,39,7.3744004840295,2.06886632487988,6.55305946966155,5.93003137801736,8.29915749921906,1,2
16,28,40,7.3744004840295,2.06886632487988,5.69823252488552,6.8151330381994,8.13295103695814,1,2
16,28,41,7.3744004840295,2.06886632487988,4.30783662042004,6.35505068283923,7.87706953596693,1,2
16,28,44,7.3744004840295,2.06886632487988,3.75133002623458,6.51365257168738,7.85469951323854,1,2
16,28,47,7.3744004840295,2.06886632487988,3.59547848379896,6.39009277574976,7.90188841133365,1,2
16,28,50,7.3744004840295,2.06886632487988,4.53396673869012,6.21156195101779,7.89054444983014,1,2
16,28,51,7.3744004840295,2.06886632487988,3.52414853759073,6.28101330701486,7.81141365724296,1,2
16,28,53,7.3744004840295,2.06886632487988,5.29219466571944,5.42032100145679,8.16147707716695,1,2
16,28,55,7.3744004840295,2.06886632487988,5.96272215538417,5.8299169152072,7.80474204018653,1,2
16,28,57,7.3744004840295,2.06886632487988,5.74655827091899,5.89996801244626,7.43332013096823,1,2
16,28,58,7.3744004840295,2.06886632487988,6.0707764175157,5.80574572384231,7.61573993244649,1,2
16,28,59,7.3744004840295,2.06886632487988,5.63528425735771,5.51245489248399,7.99713416491081,1,2
16,28,60,7.3744004840295,2.06886632487988,5.29747401373928,6.1557263194909,7.84449930230442,1,2
16,28,62,7.3744004840295,2.06886632487988,5.57199172795701,6.14305158061609,8.016289704149,1,2
16,28,63,7.3744004840295,2.06886632487988,4.71434127625527,6.14572608563636,7.799169315866,1,2
16,29,1,7.3744004840295,2.06886632487988,5.47327598890672,6.07123596777645,7.9833738609886,1,2
16,29,2,7.3744004840295,2.06886632487988,6.41295723787637,6.16944872828696,8.0036232466342,1,2
16,29,3,7.3744004840295,2.06886632487988,5.71207101274631,6.51033681851173,7.96257610124793,1,2
16,29,4,7.3744004840295,2.06886632487988,5.78942681993768,7.27955353450851,7.93220836161941,1,2
16,29,5,7.3744004840295,2.06886632487988,6.03650897328251,5.79007288864759,7.41712443074867,1,2
16,29,7,7.3744004840295,2.06886632487988,4.97204835242047,6.39229022591715,7.84295389312699,1,2
16,29,8,7.3744004840295,2.06886632487988,4.13697778139077,6.52524212708488,7.98329709255685,1,2
16,29,9,7.3744004840295,2.06886632487988,6.59943731592017,6.17664312457483,8.06737793422436,1,2
16,29,11,7.3744004840295,2.06886632487988,4.98304557858371,6.62691342501319,8.01295041437223,1,2
16,29,17,7.3744004840295,2.06886632487988,4.59593040920911,6.11170002414384,7.87541411645215,1,2
16,29,18,7.3744004840295,2.06886632487988,4.37675967096601,6.73943608055379,8.19161903343178,1,2
16,29,19,7.3744004840295,2.06886632487988,5.93530819221376,6.12908261183415,7.97953900485053,1,2
16,29,21,7.3744004840295,2.06886632487988,5.98596978034871,5.78347205210405,7.79463623711688,1,2
16,29,25,7.3744004840295,2.06886632487988,4.7894658714063,5.30863484082983,7.62414412093746,1,2
16,29,26,7.3744004840295,2.06886632487988,2.45287870960602,6.24284136910452,7.77972105941461,1,2
16,29,27,7.3744004840295,2.06886632487988,5.19294730903892,6.50600635507481,7.77404212322122,1,2
16,29,29,7.3744004840295,2.06886632487988,5.17342107261303,6.67524855141194,8.45038420176149,1,2
16,29,30,7.3744004840295,2.06886632487988,6.60603890126623,5.71906465688722,7.86452048799354,1,2
16,29,31,7.3744004840295,2.06886632487988,4.84334554950009,5.22398495912491,7.86945160919256,1,2
16,29,36,7.3744004840295,2.06886632487988,4.36433883225901,4.9181997471678,8.32365856360699,1,2
16,29,39,7.3744004840295,2.06886632487988,3.76814993550276,6.32531351682889,7.86373129791955,1,2
16,29,40,7.3744004840295,2.06886632487988,5.08441997714102,6.33490772539853,7.85332921264226,1,2
16,29,41,7.3744004840295,2.06886632487988,5.67042960698952,4.96563066095359,8.01893234492637,1,2
16,29,43,7.3744004840295,2.06886632487988,6.13901563485795,5.82723885010156,8.29717110326091,1,2
16,29,44,7.3744004840295,2.06886632487988,3.57976875898843,5.84569621870481,7.79730821041764,1,2
16,29,45,7.3744004840295,2.06886632487988,4.58748955530554,5.78090653629309,7.60499005021855,1,2
16,29,46,7.3744004840295,2.06886632487988,5.46173137370964,7.11171039112463,7.78523780853447,1,2
16,29,47,7.3744004840295,2.06886632487988,2.62397700346495,5.92599406339005,7.71469296543119,1,2
16,29,48,7.3744004840295,2.06886632487988,5.13334111603267,6.0928147361536,7.73915873723178,1,2
16,29,49,7.3744004840295,2.06886632487988,6.40835043591618,6.06976304545928,7.94879519565684,1,2
16,29,50,7.3744004840295,2.06886632487988,4.89386388342855,5.87248912545502,8.12377768470353,1,2
16,29,52,7.3744004840295,2.06886632487988,4.49617894178964,6.72513842114619,7.85740509331855,1,2
16,29,53,7.3744004840295,2.06886632487988,6.91921474404898,5.9719422464683,8.17001810333944,1,2
16,29,54,7.3744004840295,2.06886632487988,6.44766800534213,5.98071135586768,7.98780120714187,1,2
16,29,56,7.3744004840295,2.06886632487988,4.08639164485091,5.98781064855722,7.51302828117261,1,2
16,29,57,7.3744004840295,2.06886632487988,4.07248554065239,5.5482381737848,7.2876832856677,1,2
16,29,58,7.3744004840295,2.06886632487988,6.69502107066089,5.47916099376124,7.75027787917994,1,2
16,29,59,7.3744004840295,2.06886632487988,4.85298684161058,5.33970787079845,7.46272425684818,1,2
16,29,61,7.3744004840295,2.06886632487988,4.59448488974056,5.81418206172124,7.79423850128036,1,2
16,29,63,7.3744004840295,2.06886632487988,5.11258366063872,5.69820176404577,7.54437689729795,1,2
16,29,67,7.3744004840295,2.06886632487988,6.50871927354053,5.22256737495509,7.49788424029896,1,2
16,29,69,7.3744004840295,2.06886632487988,4.92303351706218,6.50871715870044,7.34946329717524,1,2
16,29,71,7.3744004840295,2.06886632487988,4.38986589556789,5.51498370951369,7.75733076452497,1,2
16,29,72,7.3744004840295,2.06886632487988,4.40141701211199,6.22996430908998,7.81452158647928,1,2
16,29,74,7.3744004840295,2.06886632487988,4.61342020702837,6.20650393927317,7.93173060748576,1,2
16,29,75,7.3744004840295,2.06886632487988,6.01910193939735,4.97382015133305,7.84782318873036,1,2
16,29,76,7.3744004840295,2.06886632487988,4.065974091703,6.94474435185758,7.86631811296628,1,2
16,29,79,7.3744004840295,2.06886632487988,4.45713394871824,6.32824035765609,7.55234352109204,1,2
16,29,80,7.3744004840295,2.06886632487988,5.15251433530378,6.16667242454619,7.51335069649815,1,2
16,29,82,7.3744004840295,2.06886632487988,4.81089915721555,6.46957769784076,8.05392618183413,1,2
16,29,83,7.3744004840295,2.06886632487988,6.10491045781666,5.10909320139122,7.43096729993509,1,2
16,29,84,7.3744004840295,2.06886632487988,4.64499641152001,5.91603384994727,7.83442255584147,1,2
16,29,87,7.3744004840295,2.06886632487988,3.48150916734877,6.78014938033721,7.60552964212234,1,2
16,30,2,7.3744004840295,2.06886632487988,4.26795977198803,5.27564813153554,7.90108684317182,1,2
16,30,3,7.3744004840295,2.06886632487988,4.4593434052923,6.83220979363111,8.03019856571472,1,2
16,30,4,7.3744004840295,2.06886632487988,5.85148748136161,5.70426567744475,7.82156193405631,1,2
16,30,5,7.3744004840295,2.06886632487988,4.21149680684419,6.61613316573879,7.65739101004607,1,2
16,30,6,7.3744004840295,2.06886632487988,4.63168095248072,5.47304306050054,7.69186548313379,1,2
16,30,9,7.3744004840295,2.06886632487988,6.16460148123335,7.05088876319892,7.83710947631263,1,2
16,30,10,7.3744004840295,2.06886632487988,4.48542874579938,6.21090946131367,7.61690636247403,1,2
16,30,11,7.3744004840295,2.06886632487988,4.13068131891755,6.16700746651287,7.69206656425467,1,2
16,30,12,7.3744004840295,2.06886632487988,6.63638525566897,5.89720952106584,8.09913723196231,1,2
16,30,13,7.3744004840295,2.06886632487988,3.24858421519819,5.75463612368163,7.86792615966879,1,2
16,30,15,7.3744004840295,2.06886632487988,5.18159358711883,6.15740696164663,7.53846157738161,1,2
16,30,18,7.3744004840295,2.06886632487988,6.01926228683056,6.11704160205246,7.65086119283205,1,2
16,30,20,7.3744004840295,2.06886632487988,4.5627588894396,6.71008766838893,7.870872648809,1,2
16,30,21,7.3744004840295,2.06886632487988,6.01228665045069,6.22343737895541,7.70899936397841,1,2
16,30,22,7.3744004840295,2.06886632487988,5.26543565272943,7.04996060423366,7.80457836475025,1,2
16,30,26,7.3744004840295,2.06886632487988,6.96766302613725,5.7677413545279,7.93826940524802,1,2
16,30,30,7.3744004840295,2.06886632487988,3.79843418429901,5.83370871227602,7.64117748303945,1,2
16,30,31,7.3744004840295,2.06886632487988,5.11634579141843,4.82970814460325,7.36860926686082,1,2
16,30,32,7.3744004840295,2.06886632487988,4.89535139871229,6.20561068121445,7.55602656605611,1,2
16,30,34,7.3744004840295,2.06886632487988,7.30701397535146,6.63199780356718,8.16639645030182,1,2
16,30,36,7.3744004840295,2.06886632487988,5.83733435124836,6.21488547751421,8.04232937789689,1,2
16,30,37,7.3744004840295,2.06886632487988,4.05784489814571,6.00535143749858,7.66108456216918,1,2
16,30,38,7.3744004840295,2.06886632487988,6.02203305091382,6.11419640449577,8.42512074176346,1,2
16,30,39,7.3744004840295,2.06886632487988,5.23979425995676,5.89021645572011,7.1213678203475,1,2
16,30,41,7.3744004840295,2.06886632487988,5.45998109356687,5.24225509759319,7.75667185529261,1,2
16,30,42,7.3744004840295,2.06886632487988,3.84871324647022,5.03891854373492,7.45230497237222,1,2
16,30,45,7.3744004840295,2.06886632487988,4.70276399708765,5.31384812042156,7.55002992579161,1,2
16,30,46,7.3744004840295,2.06886632487988,5.73288498922623,5.61759095844239,7.82825009412367,1,2
16,30,47,7.3744004840295,2.06886632487988,5.18237697133177,6.08948905030922,8.004503033062,1,2
16,30,49,7.3744004840295,2.06886632487988,4.64141897528504,5.7402730582591,7.77496895440036,1,2
16,30,50,7.3744004840295,2.06886632487988,3.62936407357387,6.23327481737715,7.63106187592436,1,2
16,30,51,7.3744004840295,2.06886632487988,5.52107657437422,6.63903897084891,7.87141956749749,1,2
16,30,52,7.3744004840295,2.06886632487988,6.00328751898793,6.19396835254124,7.79900451641554,1,2
16,30,53,7.3744004840295,2.06886632487988,4.78941183956858,6.14976886056622,8.2022822449127,1,2
16,30,55,7.3744004840295,2.06886632487988,4.66006649006552,5.27629062706289,7.34425991403034,1,2
16,30,57,7.3744004840295,2.06886632487988,5.92908815378948,5.00907512085472,7.27484436083852,1,2
16,30,58,7.3744004840295,2.06886632487988,3.23623303901555,5.75464116391667,7.85469148101883,1,2
16,30,61,7.3744004840295,2.06886632487988,5.36602698993918,5.9938427441578,7.98616935484375,1,2
16,31,8,7.3744004840295,2.06886632487988,4.91081731687795,6.14647020567019,7.45802476020948,1,2
16,31,14,7.3744004840295,2.06886632487988,5.7343159013305,5.91409687511167,8.35649989163705,1,2
16,31,15,7.3744004840295,2.06886632487988,4.9578276267762,7.07774587137621,8.179487537021,1,2
16,31,20,7.3744004840295,2.06886632487988,4.71613111174368,5.40994387197428,7.86013540852044,1,2
16,31,21,7.3744004840295,2.06886632487988,4.04159145633497,5.4080485381614,7.70075205550673,1,2
16,31,22,7.3744004840295,2.06886632487988,4.46796720238316,6.25859855691132,7.82851833191628,1,2
16,31,23,7.3744004840295,2.06886632487988,5.84974386682951,5.65590626224001,7.71568919822195,1,2
16,31,26,7.3744004840295,2.06886632487988,4.74637786243489,6.45063573537948,8.04909862958199,1,2
16,31,28,7.3744004840295,2.06886632487988,4.07686624561523,5.8669824646227,7.67960933502661,1,2
16,31,33,7.3744004840295,2.06886632487988,4.12626402907688,5.96273403615145,7.54261134820468,1,2
16,31,34,7.3744004840295,2.06886632487988,4.01166285747512,6.37090217190197,7.44882104311511,1,2
16,31,35,7.3744004840295,2.06886632487988,4.78146854683841,7.26842350699828,8.05555231475853,1,2
16,31,36,7.3744004840295,2.06886632487988,5.65309565107401,5.97998430185794,7.90115261422226,1,2
16,31,39,7.3744004840295,2.06886632487988,4.79392228091433,6.20507207447235,7.47131718519354,1,2
16,31,40,7.3744004840295,2.06886632487988,3.54466618375489,5.92748197526528,7.84955672653158,1,2
16,31,41,7.3744004840295,2.06886632487988,5.03806720426285,5.98932806833914,7.96284458689375,1,2
16,31,42,7.3744004840295,2.06886632487988,4.88976278403658,6.87609418602261,8.03673920968952,1,2
16,31,50,7.3744004840295,2.06886632487988,4.87496326868767,5.82459085736651,7.20579836791836,1,2
16,31,51,7.3744004840295,2.06886632487988,4.85784681136985,5.74496198925323,7.92547428747516,1,2
16,31,55,7.3744004840295,2.06886632487988,3.98975523691173,5.91249508866075,8.00415274970316,1,2
16,31,56,7.3744004840295,2.06886632487988,2.29153849108681,6.18901499666861,7.74551515105016,1,2
16,31,60,7.3744004840295,2.06886632487988,4.73051880397038,5.47916486140108,7.90656674765209,1,2
16,31,63,7.3744004840295,2.06886632487988,6.34300758638577,6.2872497753705,8.61333260359626,1,2
16,31,64,7.3744004840295,2.06886632487988,5.39824509322185,5.97538547917212,8.22869941217557,1,2
16,31,66,7.3744004840295,2.06886632487988,5.25678529115021,6.37327495654083,8.05301632673493,1,2
16,31,68,7.3744004840295,2.06886632487988,5.19507172683952,6.38958993560999,8.21013755860085,1,2
16,31,72,7.3744004840295,2.06886632487988,5.27282678719764,4.98964464257413,7.74835053705701,1,2
16,31,75,7.3744004840295,2.06886632487988,5.32343803781748,5.83587357737887,7.66863486753279,1,2
16,31,76,7.3744004840295,2.06886632487988,3.54262476284543,6.03789885502244,7.85110984253486,1,2
16,31,77,7.3744004840295,2.06886632487988,7.66345117849056,5.65387716504214,8.12807563879715,1,2
16,31,78,7.3744004840295,2.06886632487988,5.19530886326736,6.26183355039435,7.85567030913609,1,2
16,31,82,7.3744004840295,2.06886632487988,4.88960381673065,5.69404364352682,8.12650519529015,1,2
16,31,83,7.3744004840295,2.06886632487988,5.32454959922782,6.2300374227925,7.64177327942814,1,2
16,31,87,7.3744004840295,2.06886632487988,4.52717023808759,5.70902232098296,7.54446033470385,1,2
16,31,88,7.3744004840295,2.06886632487988,4.84364270453391,6.03559033301432,8.16729299355694,1,2
16,31,91,7.3744004840295,2.06886632487988,3.23244895278042,6.10947286627135,7.65075772583657,1,2
16,31,92,7.3744004840295,2.06886632487988,4.74244780428768,6.37211339010513,7.73952001449067,1,2
16,32,2,7.3744004840295,2.06886632487988,4.12659434591953,6.21460600409169,8.27200359967696,1,2
16,32,4,7.3744004840295,2.06886632487988,4.33844002025594,6.07044583430778,7.75744870856149,1,2
16,32,6,7.3744004840295,2.06886632487988,5.6492605044064,5.01726143040004,8.22629506767843,1,2
16,32,8,7.3744004840295,2.06886632487988,6.69297597060187,6.77932926787727,8.42935398379012,1,2
16,32,9,7.3744004840295,2.06886632487988,5.33999276867175,6.51732442024748,7.98141372992307,1,2
16,32,10,7.3744004840295,2.06886632487988,2.95485094153744,4.78492064403152,7.83272015844897,1,2
16,32,11,7.3744004840295,2.06886632487988,4.4417269242548,6.95252209137112,8.09218762914836,1,2
16,32,12,7.3744004840295,2.06886632487988,4.41431978147849,6.92818287561591,8.34990303494575,1,2
16,32,13,7.3744004840295,2.06886632487988,5.84401171653911,6.81838588486111,8.32673932749628,1,2
16,32,16,7.3744004840295,2.06886632487988,5.84149151570677,6.05085091068955,7.64587552718377,1,2
16,32,18,7.3744004840295,2.06886632487988,5.48530922587969,6.19384310001336,8.41891407098985,1,2
16,32,19,7.3744004840295,2.06886632487988,3.73646498292863,6.05799319956139,7.99590328897328,1,2
16,32,21,7.3744004840295,2.06886632487988,5.09457540060339,6.53315481665994,8.30069605945731,1,2
16,32,22,7.3744004840295,2.06886632487988,4.56466722464887,5.96153354485741,8.4203159277975,1,2
16,32,23,7.3744004840295,2.06886632487988,5.77376661080538,5.22943782453679,7.92177740554827,1,2
16,32,24,7.3744004840295,2.06886632487988,5.55263673229961,5.74934826438724,8.25917701735687,1,2
16,32,25,7.3744004840295,2.06886632487988,5.62479903367082,5.72032877389434,7.87621341160928,1,2
16,32,29,7.3744004840295,2.06886632487988,6.0279022199288,5.97667201371327,8.19122848424735,1,2
16,32,30,7.3744004840295,2.06886632487988,5.07020275808004,5.2772048295776,8.62924630052306,1,2
16,32,31,7.3744004840295,2.06886632487988,4.0806429888475,6.35544232204392,7.7887795083043,1,2
16,32,32,7.3744004840295,2.06886632487988,4.99843090977208,6.24147148584062,8.29412209280852,1,2
16,32,39,7.3744004840295,2.06886632487988,3.92950414733156,5.86144154786297,7.81910293983358,1,2
16,32,44,7.3744004840295,2.06886632487988,4.13851802780226,5.40699681636364,7.99731806229424,1,2
16,32,45,7.3744004840295,2.06886632487988,2.60572170626504,6.61527053130115,8.1726428296923,1,2
16,32,46,7.3744004840295,2.06886632487988,5.51022265120884,6.60920680436212,7.79981980404094,1,2
16,32,50,7.3744004840295,2.06886632487988,6.08263224105261,6.38786487619826,8.36730672385872,1,2
16,32,53,7.3744004840295,2.06886632487988,5.92618210990906,6.03064667013623,8.24603498268148,1,2
16,32,54,7.3744004840295,2.06886632487988,5.97498804476401,5.463285061599,7.95630147601472,1,2
16,32,55,7.3744004840295,2.06886632487988,3.71266799966736,6.31620094950868,7.89636992252899,1,2
16,32,57,7.3744004840295,2.06886632487988,5.12482807318632,6.8856142311883,8.2840636745685,1,2
16,32,59,7.3744004840295,2.06886632487988,6.13094144352542,6.40052005479087,8.27923418546568,1,2
16,32,60,7.3744004840295,2.06886632487988,4.09250335503896,7.3047744352176,7.90301855223485,1,2
16,32,63,7.3744004840295,2.06886632487988,5.97245120601774,5.77446498197979,7.46952819661923,1,2
16,32,71,7.3744004840295,2.06886632487988,3.25469377920888,6.17768800030503,8.11695460878299,1,2
16,32,72,7.3744004840295,2.06886632487988,4.79172939702101,4.72248818066013,7.79687610687944,1,2
16,32,74,7.3744004840295,2.06886632487988,4.57185667448024,6.27208902184222,8.30642881364089,1,2
16,32,75,7.3744004840295,2.06886632487988,4.35763233851103,6.22284043811667,7.97315555063439,1,2
16,32,76,7.3744004840295,2.06886632487988,4.84171167323273,6.58025032340702,8.81161292116147,1,2
16,32,77,7.3744004840295,2.06886632487988,4.0863537368787,5.55428140690764,7.80062470812333,1,2
16,32,78,7.3744004840295,2.06886632487988,7.67418444898295,6.33658218663735,8.69481981816208,1,2
16,32,79,7.3744004840295,2.06886632487988,5.36310352246418,6.04967812526559,8.23727741600631,1,2
16,32,84,7.3744004840295,2.06886632487988,5.0279825183471,6.04498008032808,8.15212799505548,1,2
16,32,86,7.3744004840295,2.06886632487988,6.65003109518662,5.56785012717972,8.33978683943852,1,2
16,32,90,7.3744004840295,2.06886632487988,5.84350956123291,6.73320559985854,8.34774237268998,1,2
16,32,91,7.3744004840295,2.06886632487988,4.4250220547482,6.24243625183662,7.95023188779168,1,2
16,32,92,7.3744004840295,2.06886632487988,5.18679758081656,5.42741863859115,7.92079035482951,1,2
16,33,2,7.3744004840295,2.06886632487988,4.83882714096234,5.51636135476017,7.83749884810073,1,2
16,33,6,7.3744004840295,2.06886632487988,5.47515114379098,6.39205327443135,7.79037741439337,1,2
16,33,7,7.3744004840295,2.06886632487988,3.70904947380559,6.65241995341596,7.90082907084831,1,2
16,33,10,7.3744004840295,2.06886632487988,5.48479274678141,5.3777060622383,8.10576946190859,1,2
16,33,12,7.3744004840295,2.06886632487988,5.56164965379485,6.0187338935729,7.89506639109689,1,2
16,33,13,7.3744004840295,2.06886632487988,3.02349256519327,6.46716107600632,7.92126001218927,1,2
16,33,14,7.3744004840295,2.06886632487988,5.01746675885542,5.28696889990606,7.93548054353823,1,2
16,33,15,7.3744004840295,2.06886632487988,3.69006820364893,6.54370010634244,7.86992247544358,1,2
16,33,17,7.3744004840295,2.06886632487988,4.16852476062005,5.21359941306583,7.73613362855071,1,2
16,33,18,7.3744004840295,2.06886632487988,6.25783942188545,5.46108078259363,8.03530503763315,1,2
16,33,19,7.3744004840295,2.06886632487988,6.7708183959904,6.90350460548265,8.30095670697752,1,2
16,33,23,7.3744004840295,2.06886632487988,2.95375858269144,5.74583556346055,7.83807251211981,1,2
16,33,25,7.3744004840295,2.06886632487988,3.51910486017098,6.27606705691466,7.97443059014564,1,2
16,33,30,7.3744004840295,2.06886632487988,6.71004890415948,5.22220793232602,8.1331080325259,1,2
16,33,31,7.3744004840295,2.06886632487988,5.13827686448921,6.41293010821217,7.68192793915763,1,2
16,33,33,7.3744004840295,2.06886632487988,2.7917925956138,5.9537558729212,7.57020466563925,1,2
16,33,36,7.3744004840295,2.06886632487988,6.21768253738969,5.64808946936024,8.10092641618748,1,2
16,33,40,7.3744004840295,2.06886632487988,5.64636063759913,6.39905931538693,7.78352457041138,1,2
16,33,43,7.3744004840295,2.06886632487988,4.38049527769617,6.33771025898428,8.19117222405856,1,2
16,33,44,7.3744004840295,2.06886632487988,4.62975996189799,5.51204643716239,7.57778459433449,1,2
16,33,45,7.3744004840295,2.06886632487988,5.29642803320901,5.43978254756775,7.96545879669596,1,2
16,33,46,7.3744004840295,2.06886632487988,5.01309824178696,5.0379877501081,7.97049595466805,1,2
16,33,47,7.3744004840295,2.06886632487988,4.55023117208947,7.27288535132805,7.83420524110581,1,2
16,33,49,7.3744004840295,2.06886632487988,3.73254355477214,5.93668449791737,8.25325103998157,1,2
16,33,50,7.3744004840295,2.06886632487988,3.82964714848348,5.63214128871894,7.95226078911192,1,2
16,33,51,7.3744004840295,2.06886632487988,4.92244415943109,6.22742910141204,8.06736986350561,1,2
16,33,52,7.3744004840295,2.06886632487988,5.05035032187412,5.82345177262305,8.03751714049992,1,2
16,33,60,7.3744004840295,2.06886632487988,5.3492406729497,5.59816618923839,8.39812265051458,1,2
16,34,1,7.3744004840295,2.06886632487988,3.80223157342712,6.01662257882946,7.83156852060586,1,2
16,34,2,7.3744004840295,2.06886632487988,4.78774216674306,5.78508770494641,7.66981002276747,1,2
16,34,4,7.3744004840295,2.06886632487988,5.51595620010126,5.93714873041266,7.87748376763366,1,2
16,34,7,7.3744004840295,2.06886632487988,5.74697909428247,5.66840752571955,7.91124747292444,1,2
16,34,8,7.3744004840295,2.06886632487988,3.02557912810556,5.55337894822079,7.80253759867261,1,2
16,34,11,7.3744004840295,2.06886632487988,5.03169308075029,6.02514053021814,8.12786785315142,1,2
16,34,14,7.3744004840295,2.06886632487988,5.83702587833673,5.47468352140771,8.01210933713457,1,2
16,34,15,7.3744004840295,2.06886632487988,4.39073266265905,6.15079219673989,8.0725384040382,1,2
16,34,17,7.3744004840295,2.06886632487988,6.30423124998102,5.78249899861519,7.28784889067728,1,2
16,34,19,7.3744004840295,2.06886632487988,4.44473434662434,6.00394979511564,7.73296277212359,1,2
16,34,21,7.3744004840295,2.06886632487988,4.35880752917172,5.86271952892834,7.59346934324885,1,2
16,34,22,7.3744004840295,2.06886632487988,4.77897037600338,5.87158284117946,7.7376335472655,1,2
16,34,24,7.3744004840295,2.06886632487988,4.65915891456086,7.28430525248032,7.43428354796365,1,2
16,34,25,7.3744004840295,2.06886632487988,4.41863314682683,5.73354135939592,7.4512303928712,1,2
16,34,28,7.3744004840295,2.06886632487988,4.44179292346427,6.33978500047461,7.9108165533691,1,2
16,34,30,7.3744004840295,2.06886632487988,4.05982526096344,5.26612612721368,7.55275556554178,1,2
16,34,31,7.3744004840295,2.06886632487988,5.93113377560605,6.65528984089971,7.38473753938809,1,2
16,34,32,7.3744004840295,2.06886632487988,5.10477517970239,6.23437288490968,8.26931118401921,1,2
16,34,35,7.3744004840295,2.06886632487988,5.14635271103237,5.79549870232172,7.35588643880011,1,2
16,34,37,7.3744004840295,2.06886632487988,4.53230341173762,5.86473676129505,7.37338828328476,1,2
16,34,38,7.3744004840295,2.06886632487988,6.0556844401144,6.5696883675387,8.34132799496782,1,2
16,34,39,7.3744004840295,2.06886632487988,5.42784958983435,5.40273541500237,8.21493357010666,1,2
16,34,40,7.3744004840295,2.06886632487988,3.75800290118794,5.76688905057954,7.68496761084699,1,2
16,34,42,7.3744004840295,2.06886632487988,5.27014254372935,5.56129037992728,7.20546427368292,1,2
16,34,43,7.3744004840295,2.06886632487988,7.05471252983523,6.31795328940833,8.24591054069111,1,2
16,34,47,7.3744004840295,2.06886632487988,5.95681331812412,5.63747832824814,7.72595544169527,1,2
16,34,52,7.3744004840295,2.06886632487988,4.61460544030329,6.47310923199473,7.91093697762783,1,2
16,34,53,7.3744004840295,2.06886632487988,3.99831684780123,5.99209079586087,7.38056961183313,1,2
16,34,56,7.3744004840295,2.06886632487988,6.15215787888786,5.55014024103975,7.46183260393066,1,2
16,34,58,7.3744004840295,2.06886632487988,4.43208911184281,6.20817634745712,8.04633986557136,1,2
16,34,59,7.3744004840295,2.06886632487988,6.24579648988044,6.7297989228904,7.75581843735374,1,2
16,34,63,7.3744004840295,2.06886632487988,4.05385072080663,5.64542887769633,7.38845841139466,1,2
16,34,64,7.3744004840295,2.06886632487988,5.35527688509694,6.68731565898935,7.65632327748837,1,2
16,34,65,7.3744004840295,2.06886632487988,6.81274652159332,6.41662998792335,7.72941085132477,1,2
16,34,66,7.3744004840295,2.06886632487988,5.43802607282031,5.8639265967925,7.59434773949015,1,2
16,34,67,7.3744004840295,2.06886632487988,5.4210268176164,6.04620602840589,7.73556305860389,1,2
16,34,70,7.3744004840295,2.06886632487988,2.68851856513802,6.02156493563493,7.63935747466648,1,2
16,34,74,7.3744004840295,2.06886632487988,4.14585459579049,5.72013410497244,7.69479533838475,1,2
16,34,76,7.3744004840295,2.06886632487988,5.06070227132379,6.15124093690442,7.58514282769521,1,2
16,34,77,7.3744004840295,2.06886632487988,2.02802740434474,6.10564468004531,7.43937123257828,1,2
16,34,78,7.3744004840295,2.06886632487988,3.62529819822071,5.77016011640933,7.88109776534661,1,2
16,34,79,7.3744004840295,2.06886632487988,5.9801644298904,6.29237173162172,8.34242212268401,1,2
16,34,81,7.3744004840295,2.06886632487988,5.88045697218292,6.08870854366681,7.86577671601873,1,2
16,34,83,7.3744004840295,2.06886632487988,5.34046304524581,5.48755668748135,7.74772595117323,1,2
16,34,85,7.3744004840295,2.06886632487988,4.16790030208365,5.43732454283617,7.6044634929602,1,2
16,34,86,7.3744004840295,2.06886632487988,4.07772606206682,5.66184019103659,7.04780249202071,1,2
16,34,90,7.3744004840295,2.06886632487988,3.93588920710242,6.61716795316885,7.98016211648895,1,2
16,34,93,7.3744004840295,2.06886632487988,4.74367010677546,6.43613312516047,8.00515276162636,1,2
16,34,94,7.3744004840295,2.06886632487988,3.77251656889734,5.14828772819666,7.68219060066644,1,2
16,34,95,7.3744004840295,2.06886632487988,3.77447638241764,5.73437284888745,8.01443099904683,1,2
16,34,96,7.3744004840295,2.06886632487988,3.81961314276232,5.55974414521602,7.16245960647438,1,2
16,34,98,7.3744004840295,2.06886632487988,5.01225956996765,6.11566391897738,7.56483296719559,1,2
16,35,3,7.3744004840295,2.06886632487988,5.36515284460246,5.67084095607585,8.10496476964622,1,2
16,35,5,7.3744004840295,2.06886632487988,4.99402412142929,5.62309204961365,7.55591675494923,1,2
16,35,6,7.3744004840295,2.06886632487988,3.60333862310487,6.66217862349622,8.06207907622596,1,2
16,35,7,7.3744004840295,2.06886632487988,5.00982573989052,6.50575091992244,7.93370037474806,1,2
16,35,8,7.3744004840295,2.06886632487988,4.39668488948761,6.31244513844365,7.9260848359396,1,2
16,35,9,7.3744004840295,2.06886632487988,4.61104519610624,5.02194227499972,8.03379532410654,1,2
16,35,12,7.3744004840295,2.06886632487988,4.63133185317183,6.5228170107441,8.42703844622146,1,2
16,35,17,7.3744004840295,2.06886632487988,3.8440084668383,5.6128140932057,7.62290105534058,1,2
16,35,18,7.3744004840295,2.06886632487988,7.4188362688957,5.84691462041874,8.60341162315458,1,2
16,35,21,7.3744004840295,2.06886632487988,5.7050089940251,4.96770534323648,7.94022532075522,1,2
16,35,24,7.3744004840295,2.06886632487988,4.89901560990986,6.2718210914653,8.32613940549949,1,2
16,35,26,7.3744004840295,2.06886632487988,6.79132196018863,6.37520392902313,8.38321897934617,1,2
16,35,29,7.3744004840295,2.06886632487988,6.48331721684884,6.17603390416178,8.0757481446265,1,2
16,35,30,7.3744004840295,2.06886632487988,5.46431674545144,6.16446115814547,8.07298504456223,1,2
16,35,36,7.3744004840295,2.06886632487988,5.59058157245731,5.62838019334887,8.64586784612979,1,2
16,35,37,7.3744004840295,2.06886632487988,2.98605935503647,6.56160412080366,7.62202040957223,1,2
16,35,47,7.3744004840295,2.06886632487988,5.80182651154784,6.16367821975176,8.00803745729892,1,2
16,35,48,7.3744004840295,2.06886632487988,5.62729028756978,5.44821865674251,7.98246941242898,1,2
16,35,51,7.3744004840295,2.06886632487988,4.57057290621313,5.85027371607291,8.01304141445852,1,2
16,35,52,7.3744004840295,2.06886632487988,4.8190072998952,6.14322383869184,7.57948186020567,1,2
16,35,53,7.3744004840295,2.06886632487988,4.75331919915557,6.48474989565341,7.66020664523546,1,2
16,35,54,7.3744004840295,2.06886632487988,4.74658189866391,6.11707423233466,7.72769013494087,1,2
16,35,55,7.3744004840295,2.06886632487988,5.28185238205702,5.81782412266077,7.92006857691345,1,2
16,35,57,7.3744004840295,2.06886632487988,4.60339925271131,5.55628875694882,7.99576728704447,1,2
16,35,59,7.3744004840295,2.06886632487988,3.63302889650676,6.23861011404555,7.75313073857108,1,2
16,35,61,7.3744004840295,2.06886632487988,3.09272360716853,6.22159669482303,7.87945178460907,1,2
16,35,63,7.3744004840295,2.06886632487988,4.34335248523775,6.23875618999327,7.76845708522332,1,2
16,35,65,7.3744004840295,2.06886632487988,5.44971848074441,6.65256451548819,7.51872595123857,1,2
16,35,66,7.3744004840295,2.06886632487988,4.21107486761863,6.16480771108271,7.80359036751485,1,2
16,35,67,7.3744004840295,2.06886632487988,4.17155814637179,7.63969412972397,7.90106043368955,1,2
16,35,68,7.3744004840295,2.06886632487988,7.07723683390584,5.49442323143061,8.40727326771538,1,2
16,35,70,7.3744004840295,2.06886632487988,4.15662940752039,6.77117460953089,7.4849062989694,1,2
16,35,71,7.3744004840295,2.06886632487988,5.96309448667198,5.62583721901109,8.35228144375673,1,2
16,35,72,7.3744004840295,2.06886632487988,5.85442899232627,5.91178136143666,8.2352214392139,1,2
16,35,74,7.3744004840295,2.06886632487988,4.57582898299587,6.69519052042615,8.08592074790825,1,2
16,35,77,7.3744004840295,2.06886632487988,5.10375240665224,6.28681886004337,8.05767995701918,1,2
16,35,79,7.3744004840295,2.06886632487988,4.6611750669963,4.51406550926498,7.30061968907399,1,2
16,35,80,7.3744004840295,2.06886632487988,3.39444490323772,6.61389327102743,8.03777518319615,1,2
16,35,82,7.3744004840295,2.06886632487988,6.16084490715428,6.09411828663445,7.75330276843896,1,2
16,35,86,7.3744004840295,2.06886632487988,3.6314356613378,6.02510143635048,7.66911846314195,1,2
16,35,87,7.3744004840295,2.06886632487988,7.20392041193018,6.71934539924728,8.1424502747935,1,2
16,35,89,7.3744004840295,2.06886632487988,7.13911728692235,5.35162146567794,7.90424749227434,1,2
16,35,90,7.3744004840295,2.06886632487988,4.92088119441334,6.26141803391194,8.25673292199253,1,2
16,35,91,7.3744004840295,2.06886632487988,6.39177686550875,5.64647546935399,7.56091555877175,1,2
16,35,93,7.3744004840295,2.06886632487988,4.85621073395407,5.19210084739642,7.50754558349054,1,2
16,35,94,7.3744004840295,2.06886632487988,6.32082314414397,6.13298359930673,7.5765224735597,1,2
16,36,3,7.3744004840295,2.06886632487988,3.79897509704034,6.3264458739185,8.06574719699811,1,2
16,36,5,7.3744004840295,2.06886632487988,2.27194017914445,5.40396916831762,7.98992833819285,1,2
16,36,7,7.3744004840295,2.06886632487988,5.80893319689413,5.83143228494909,8.1841178854908,1,2
16,36,9,7.3744004840295,2.06886632487988,5.70340790450235,6.20984768076339,8.32301808717606,1,2
16,36,10,7.3744004840295,2.06886632487988,6.0417539370338,6.6493361663474,8.49257966116371,1,2
16,36,11,7.3744004840295,2.06886632487988,5.32053884609896,6.31044426684449,8.02416888446343,1,2
16,36,12,7.3744004840295,2.06886632487988,4.83394558674991,5.86790924012773,8.20968281275444,1,2
16,36,13,7.3744004840295,2.06886632487988,4.93180885610554,6.57634646901331,8.33262863300164,1,2
16,36,17,7.3744004840295,2.06886632487988,2.91889041755095,5.98781884930603,7.9095828651584,1,2
16,36,18,7.3744004840295,2.06886632487988,3.90391115930767,5.97749298209029,7.82541271125211,1,2
16,36,19,7.3744004840295,2.06886632487988,4.27992432201616,5.79523323996922,7.91562597933613,1,2
16,36,21,7.3744004840295,2.06886632487988,4.16471919270647,5.33492989296154,8.2519366135718,1,2
16,36,23,7.3744004840295,2.06886632487988,7.203786812181,5.35861068132052,8.37048045429215,1,2
16,36,25,7.3744004840295,2.06886632487988,4.92234175210341,5.12824961136526,7.99448191661757,1,2
16,36,26,7.3744004840295,2.06886632487988,3.88430726301167,6.62318251683938,8.07987170023854,1,2
16,36,28,7.3744004840295,2.06886632487988,4.72196346580508,6.47957769939811,7.97104303995833,1,2
16,36,30,7.3744004840295,2.06886632487988,6.57821676178032,5.99472968403491,7.47409503503081,1,2
16,36,32,7.3744004840295,2.06886632487988,5.12305167171256,5.87728390227561,7.80463910349968,1,2
16,36,34,7.3744004840295,2.06886632487988,4.45347171280918,5.71396205169063,7.69808253975465,1,2
16,36,38,7.3744004840295,2.06886632487988,6.05013952742598,5.92797090376,8.62531631602446,1,2
16,36,39,7.3744004840295,2.06886632487988,3.73228788878112,5.42229387166507,7.93406803942569,1,2
16,36,40,7.3744004840295,2.06886632487988,7.23930696681462,5.7213017016724,8.22885090206891,1,2
16,36,41,7.3744004840295,2.06886632487988,4.58022688233668,6.90100132369668,8.53928821671908,1,2
16,36,43,7.3744004840295,2.06886632487988,4.40009148213509,6.21663630713766,7.83359700256262,1,2
16,36,46,7.3744004840295,2.06886632487988,3.8494970484668,5.97222500489543,8.39822325806405,1,2
16,36,48,7.3744004840295,2.06886632487988,5.1566861061368,6.1043846966539,8.32565295541278,1,2
16,36,55,7.3744004840295,2.06886632487988,6.20066736279861,5.94073768809864,8.28280975556604,1,2
16,36,56,7.3744004840295,2.06886632487988,5.62520976179553,5.72976830415636,7.8801960480668,1,2
16,36,58,7.3744004840295,2.06886632487988,4.59668675794387,6.73798036986664,8.19265556371933,1,2
16,36,59,7.3744004840295,2.06886632487988,2.73333033259613,5.50222253281486,8.07148126863752,1,2
16,36,61,7.3744004840295,2.06886632487988,4.54508242203639,5.83139443325989,8.48033554150309,1,2
16,36,62,7.3744004840295,2.06886632487988,4.59327888122985,5.83416062371518,8.10849350528115,1,2
16,36,63,7.3744004840295,2.06886632487988,3.61987320880695,6.30134347722467,7.57254035297247,1,2
16,36,65,7.3744004840295,2.06886632487988,4.91341330409524,6.01633266961205,8.15318255267751,1,2
16,36,66,7.3744004840295,2.06886632487988,4.81330566156074,6.46109110506693,8.36828079301682,1,2
16,36,67,7.3744004840295,2.06886632487988,4.29995312254041,5.75483132838142,8.02369370843516,1,2
16,36,68,7.3744004840295,2.06886632487988,4.50458878596565,6.32594302840654,7.42328021318361,1,2
16,36,70,7.3744004840295,2.06886632487988,5.00804544136852,6.39956820854052,8.0853218390595,1,2
16,36,73,7.3744004840295,2.06886632487988,4.03421627723603,6.46531155523412,8.20320625069579,1,2
16,36,74,7.3744004840295,2.06886632487988,4.00565419125104,5.88624031512326,8.31800778791066,1,2
16,36,75,7.3744004840295,2.06886632487988,5.30373694158296,6.97775269643034,8.36732524999865,1,2
16,36,76,7.3744004840295,2.06886632487988,4.72928846348272,5.77728215987592,8.20833173904444,1,2
16,36,79,7.3744004840295,2.06886632487988,3.13208972887444,6.59740895833446,8.09140175743037,1,2
16,36,80,7.3744004840295,2.06886632487988,5.64424429348957,4.68455831793284,8.39935161500806,1,2
16,36,81,7.3744004840295,2.06886632487988,3.99757653705481,5.88256956817564,7.51304253783452,1,2
16,37,1,7.3744004840295,2.06886632487988,4.11176473565232,5.66569187647262,8.38129955109956,1,2
16,37,2,7.3744004840295,2.06886632487988,6.31289065077592,5.67434108873004,8.34749406901665,1,2
16,37,13,7.3744004840295,2.06886632487988,6.71391955895879,5.98989456862257,8.63473710174476,1,2
16,37,14,7.3744004840295,2.06886632487988,5.49200910976064,5.65066543565281,8.03205078681364,1,2
16,37,15,7.3744004840295,2.06886632487988,5.59193153145402,6.34164339536989,8.87463704765595,1,2
16,37,16,7.3744004840295,2.06886632487988,5.5155276583858,5.37260208982703,8.10645955670159,1,2
16,37,17,7.3744004840295,2.06886632487988,4.24553213104059,6.41340755749591,7.81893170384552,1,2
16,37,21,7.3744004840295,2.06886632487988,4.53231730785844,6.90147755270065,8.12568696529301,1,2
16,37,24,7.3744004840295,2.06886632487988,5.16058387560395,6.87995456235763,8.46661076488105,1,2
16,37,26,7.3744004840295,2.06886632487988,2.8705114266955,5.2517124095447,7.77197271082187,1,2
16,37,27,7.3744004840295,2.06886632487988,5.12624252645908,6.55206125290039,8.14298263307848,1,2
16,37,28,7.3744004840295,2.06886632487988,5.57685240806385,5.34569897031358,8.07218218112833,1,2
16,37,30,7.3744004840295,2.06886632487988,4.03294260896758,6.14384941929774,8.38908778782087,1,2
16,37,31,7.3744004840295,2.06886632487988,5.33530926353604,5.25770886562902,8.69136225589084,1,2
16,37,35,7.3744004840295,2.06886632487988,4.9751716227202,6.14895631377405,8.40694344878205,1,2
16,37,37,7.3744004840295,2.06886632487988,5.9958614397329,6.14541046801423,8.24191065449435,1,2
16,37,38,7.3744004840295,2.06886632487988,6.0928716028563,6.277228794642,8.20944609157358,1,2
16,37,39,7.3744004840295,2.06886632487988,6.7840581216068,5.73309834857332,8.55553646599174,1,2
16,37,43,7.3744004840295,2.06886632487988,4.67933343669361,5.32216320656705,7.87625761928586,1,2
16,37,44,7.3744004840295,2.06886632487988,3.68313731796493,6.59067423586112,8.15284289902061,1,2
16,37,45,7.3744004840295,2.06886632487988,4.14239228068638,5.90285849318455,8.41517906229956,1,2
16,37,46,7.3744004840295,2.06886632487988,3.26081438468215,5.5271675584334,7.96269324417671,1,2
16,37,47,7.3744004840295,2.06886632487988,3.70538668475482,6.15177422227305,7.50941001852314,1,2
16,37,48,7.3744004840295,2.06886632487988,3.83612286090344,5.47066874041138,8.10541547319596,1,2
16,37,49,7.3744004840295,2.06886632487988,4.08041818375108,5.26886045506178,8.28886681696819,1,2
16,37,50,7.3744004840295,2.06886632487988,5.98086242401948,6.07566447452024,8.7762762138971,1,2
16,37,51,7.3744004840295,2.06886632487988,4.73817080504295,6.17055069533874,7.87794692609027,1,2
16,37,52,7.3744004840295,2.06886632487988,5.71638037884938,6.5629362557203,8.47203691607252,1,2
16,37,53,7.3744004840295,2.06886632487988,4.34744398304571,5.94066135249801,8.14675797671991,1,2
16,37,54,7.3744004840295,2.06886632487988,5.12451243004866,5.05509570745799,7.7974384836675,1,2
16,37,57,7.3744004840295,2.06886632487988,4.52127142529672,5.87484339860048,8.60187611638165,1,2
16,37,58,7.3744004840295,2.06886632487988,5.28276060693306,5.47990379467515,8.17567139439116,1,2
16,37,61,7.3744004840295,2.06886632487988,4.2720323206455,5.96735375764163,8.01599856070735,1,2
16,37,62,7.3744004840295,2.06886632487988,4.35808096162661,6.01130363553242,8.42622295972962,1,2
16,37,64,7.3744004840295,2.06886632487988,5.20180335236705,6.5789274547178,8.40265774914687,1,2
16,37,65,7.3744004840295,2.06886632487988,5.87366257955014,6.48861324461568,8.6964401387807,1,2
16,37,66,7.3744004840295,2.06886632487988,5.29200750188455,5.61840351248107,8.00417576198451,1,2
16,37,67,7.3744004840295,2.06886632487988,6.16725828948724,5.98374835557918,8.30502989559811,1,2
16,37,71,7.3744004840295,2.06886632487988,4.00445146543964,5.93708580310195,7.86057382865646,1,2
16,37,74,7.3744004840295,2.06886632487988,4.17902602220413,6.36433982923307,8.04535366290672,1,2
16,38,7,7.3744004840295,2.06886632487988,4.9124334743616,6.85835025494546,8.28553800114175,1,2
16,38,9,7.3744004840295,2.06886632487988,5.00337058188085,5.8258246391092,8.38177364931984,1,2
16,38,10,7.3744004840295,2.06886632487988,5.3692519158606,6.91240661557756,8.7655500240784,1,2
16,38,11,7.3744004840295,2.06886632487988,3.63493603296428,6.06068294218877,8.18760194086916,1,2
16,38,12,7.3744004840295,2.06886632487988,5.14263200083193,5.15997566364642,8.61284168342882,1,2
16,38,14,7.3744004840295,2.06886632487988,4.95589805223159,5.92686962611777,8.84798636951766,1,2
16,38,15,7.3744004840295,2.06886632487988,5.09884557381274,6.47720041619732,8.23615772665761,1,2
16,38,18,7.3744004840295,2.06886632487988,5.1363382363833,6.51640358563242,8.59871923063339,1,2
16,38,19,7.3744004840295,2.06886632487988,5.14000702253895,5.67966486323848,8.97766826215982,1,2
16,38,20,7.3744004840295,2.06886632487988,4.62298153406976,6.06558013461814,8.45129786304843,1,2
16,38,22,7.3744004840295,2.06886632487988,4.75075621018723,7.250319058233,8.27814126107939,1,2
16,38,24,7.3744004840295,2.06886632487988,5.18579915628017,5.8826121195319,8.15661315426596,1,2
16,38,25,7.3744004840295,2.06886632487988,5.2467883580928,5.94902903272594,8.85189439756942,1,2
16,38,29,7.3744004840295,2.06886632487988,3.7234988347805,5.51476849588561,8.53325261960877,1,2
16,38,30,7.3744004840295,2.06886632487988,3.88367724873063,6.85646179679573,8.07241622259054,1,2
16,38,33,7.3744004840295,2.06886632487988,4.7844418941442,5.5212538273365,8.41086913938121,1,2
16,38,34,7.3744004840295,2.06886632487988,5.40248477572288,6.52555610912417,9.34402244236422,1,2
16,38,39,7.3744004840295,2.06886632487988,5.53074811234493,6.43930332383855,8.3302261986648,1,2
16,38,40,7.3744004840295,2.06886632487988,5.40286708001431,5.95128954560169,8.80288269361958,1,2
16,38,43,7.3744004840295,2.06886632487988,5.16032609104302,5.61835199688459,8.6817211640637,1,2
16,38,45,7.3744004840295,2.06886632487988,5.94125066232827,6.68412967764883,8.56504193740703,1,2
16,38,46,7.3744004840295,2.06886632487988,4.20780048202823,6.92558886970611,8.49489532891857,1,2
16,38,47,7.3744004840295,2.06886632487988,3.88424313534793,6.51619734631631,8.15580523188266,1,2
16,38,48,7.3744004840295,2.06886632487988,3.92868314358857,5.81157313269904,8.257718029332,1,2
16,38,49,7.3744004840295,2.06886632487988,4.75281776557256,5.15349956021759,8.43440734962118,1,2
16,38,52,7.3744004840295,2.06886632487988,4.93162554408166,5.95555239820792,8.47477443265135,1,2
16,38,55,7.3744004840295,2.06886632487988,5.04164777751267,6.43606533310537,8.69755323530887,1,2
16,38,56,7.3744004840295,2.06886632487988,7.24641531854151,5.03977101729979,8.60816585469277,1,2
16,38,59,7.3744004840295,2.06886632487988,5.80772963192047,6.32738335627837,8.47185098228122,1,2
16,38,61,7.3744004840295,2.06886632487988,5.83294182728713,6.69848595644987,8.42818856551456,1,2
16,39,4,7.3744004840295,2.06886632487988,4.88156039235663,6.02543261230965,8.55512861996483,1,2
16,39,5,7.3744004840295,2.06886632487988,6.46040877194796,6.02658930175421,8.58761817711035,1,2
16,39,6,7.3744004840295,2.06886632487988,5.47055255677186,6.70129532971025,8.4005634906815,1,2
16,39,9,7.3744004840295,2.06886632487988,6.05172860331255,6.44845688424949,8.14023328682927,1,2
16,39,10,7.3744004840295,2.06886632487988,3.29072701757586,5.89368580842345,8.05614820759704,1,2
16,39,11,7.3744004840295,2.06886632487988,4.14822310505669,5.94278483498374,8.12189303102462,1,2
16,39,12,7.3744004840295,2.06886632487988,5.86512979419348,6.17258461691549,8.64944932281322,1,2
16,39,13,7.3744004840295,2.06886632487988,5.55633917972891,6.86831878990734,8.46530020682287,1,2
16,39,14,7.3744004840295,2.06886632487988,5.89570032719462,6.71176264551015,8.64507126240268,1,2
16,39,15,7.3744004840295,2.06886632487988,4.16239877318033,6.05810167591779,7.80305603656954,1,2
16,39,18,7.3744004840295,2.06886632487988,5.96386103400286,5.83547181219651,8.03982596500047,1,2
16,39,19,7.3744004840295,2.06886632487988,4.00897663467382,7.18258347379021,8.33945041740414,1,2
16,39,21,7.3744004840295,2.06886632487988,4.58634371597449,6.36516619251564,8.22649843384499,1,2
16,39,24,7.3744004840295,2.06886632487988,3.90092235553479,6.50498185853602,8.49397405504497,1,2
16,39,26,7.3744004840295,2.06886632487988,4.71085105636046,6.40407411973098,8.47630688664638,1,2
16,39,27,7.3744004840295,2.06886632487988,4.41325063998059,6.44495246658893,8.08328345818359,1,2
16,39,29,7.3744004840295,2.06886632487988,3.87872992217518,6.26538183311191,7.73076453018815,1,2
16,39,30,7.3744004840295,2.06886632487988,5.39526796396248,5.72102657622107,8.79464940085032,1,2
16,39,32,7.3744004840295,2.06886632487988,5.90504291564444,4.69718210955689,8.34711304928244,1,2
16,39,35,7.3744004840295,2.06886632487988,4.87692658828862,6.66181138275262,8.18539429620782,1,2
16,39,37,7.3744004840295,2.06886632487988,6.12001204862157,6.09915674936875,8.06809174230703,1,2
16,39,42,7.3744004840295,2.06886632487988,5.41092365843924,6.75366337133787,8.37548662386257,1,2
16,39,44,7.3744004840295,2.06886632487988,5.28491533302737,5.38152960673602,8.82517914095002,1,2
16,39,48,7.3744004840295,2.06886632487988,3.88424215726107,6.59523186481374,7.94333837411323,1,2
16,39,50,7.3744004840295,2.06886632487988,6.37242969992055,6.16207794800918,8.75677014020497,1,2
16,39,51,7.3744004840295,2.06886632487988,5.5112567296854,5.84964498348884,8.3389183350233,1,2
16,39,52,7.3744004840295,2.06886632487988,4.43032796912692,5.32854170958213,8.14915736697725,1,2
16,39,55,7.3744004840295,2.06886632487988,4.9565944570861,4.93590760108941,8.45170626602581,1,2
16,39,56,7.3744004840295,2.06886632487988,5.43293596207383,5.6826650092856,8.20000806694152,1,2
16,39,57,7.3744004840295,2.06886632487988,3.74847710230348,6.10617200065941,8.20939185874961,1,2
16,39,61,7.3744004840295,2.06886632487988,3.57565226168716,5.92924926743852,8.11511610758921,1,2
16,39,62,7.3744004840295,2.06886632487988,6.15705347343394,5.53655542287572,8.32961451678423,1,2
16,39,64,7.3744004840295,2.06886632487988,5.04264023930973,5.84862244851866,8.24481091121834,1,2
16,39,65,7.3744004840295,2.06886632487988,3.8919612720652,6.36451691379559,8.39830917840309,1,2
16,39,66,7.3744004840295,2.06886632487988,4.87180165678103,5.94596720263298,8.15090396581306,1,2
16,39,67,7.3744004840295,2.06886632487988,4.15499430604453,6.30971024557078,8.17072939603261,1,2
16,39,68,7.3744004840295,2.06886632487988,4.98059873855386,6.20549500843816,8.79294430785167,1,2
16,39,69,7.3744004840295,2.06886632487988,5.41919151227196,5.75450122719222,8.14071437762872,1,2
16,39,71,7.3744004840295,2.06886632487988,4.78462977123837,6.1748160107435,7.92878248578337,1,2
16,40,2,7.3744004840295,2.06886632487988,4.40565009980901,6.33680563771463,8.79343716263342,1,2
16,40,5,7.3744004840295,2.06886632487988,5.22238544901995,4.95406515919098,8.32566005597352,1,2
16,40,6,7.3744004840295,2.06886632487988,3.57162455906496,6.51295476390275,7.91292852853944,1,2
16,40,10,7.3744004840295,2.06886632487988,4.76983484187495,6.25816909848593,8.45040639021222,1,2
16,40,16,7.3744004840295,2.06886632487988,4.02159314474382,5.27776895929758,8.28892899783087,1,2
16,40,17,7.3744004840295,2.06886632487988,5.37261589069634,5.63168477427321,8.7377514967392,1,2
16,40,19,7.3744004840295,2.06886632487988,5.75740938672843,6.19568763115725,8.58101001397401,1,2
16,40,20,7.3744004840295,2.06886632487988,4.05849165712001,6.08348748243216,8.33042277593457,1,2
16,40,21,7.3744004840295,2.06886632487988,4.82991246668809,6.12449488447864,8.94964770642782,1,2
16,40,24,7.3744004840295,2.06886632487988,6.0523604753805,5.53799325190732,9.1151595976503,1,2
16,40,26,7.3744004840295,2.06886632487988,5.20690155058416,5.85092473990659,8.17515872140001,1,2
16,40,31,7.3744004840295,2.06886632487988,5.41856188629307,5.34331158874086,8.2406796365594,1,2
16,40,33,7.3744004840295,2.06886632487988,5.38916862337756,5.91384835938466,8.01239628960233,1,2
16,40,36,7.3744004840295,2.06886632487988,5.34500212790222,5.39303174135403,8.65668496462056,1,2
16,40,37,7.3744004840295,2.06886632487988,5.84206035048978,7.38017611685096,8.70830469428842,1,2
16,40,38,7.3744004840295,2.06886632487988,5.86006665546223,6.87769969663252,8.69242444282684,1,2
16,40,40,7.3744004840295,2.06886632487988,4.42128475008561,6.30092997608044,7.81574661506091,1,2
16,40,41,7.3744004840295,2.06886632487988,5.5817046504729,6.41596558007171,8.01071379765027,1,2
16,40,42,7.3744004840295,2.06886632487988,5.67762941838276,5.76833337720781,8.78240363200495,1,2
16,40,47,7.3744004840295,2.06886632487988,5.88108274178752,5.20335636345127,8.73175658344492,1,2
16,40,48,7.3744004840295,2.06886632487988,5.77268569583005,6.112466203651,8.62525851461105,1,2
16,40,49,7.3744004840295,2.06886632487988,6.16521675650323,7.10293579850236,8.77262522038615,1,2
16,40,50,7.3744004840295,2.06886632487988,6.96547668142432,5.61230664565978,9.04870140607315,1,2
16,40,51,7.3744004840295,2.06886632487988,5.42522821159689,5.77227438964343,7.99393455129608,1,2
16,40,52,7.3744004840295,2.06886632487988,4.83607405307856,6.30560475462614,8.14304405947562,1,2
16,40,53,7.3744004840295,2.06886632487988,4.02858148851211,6.58959642999147,8.306364302224,1,2
16,40,55,7.3744004840295,2.06886632487988,5.60204071022101,4.54682890547039,8.49066495665356,1,2
16,40,57,7.3744004840295,2.06886632487988,3.85016809976773,6.15981415929982,8.15626550782888,1,2
16,40,58,7.3744004840295,2.06886632487988,4.22879852326548,6.67933684137727,8.25293072597389,1,2
16,40,60,7.3744004840295,2.06886632487988,4.80698681539152,5.4898734724357,8.10579140404275,1,2
16,41,3,7.3744004840295,2.06886632487988,4.9140777700897,6.33724538514987,8.62686843710858,1,2
16,41,6,7.3744004840295,2.06886632487988,3.41776783675959,7.34441539648729,7.85662888048232,1,2
16,41,8,7.3744004840295,2.06886632487988,6.69685924103825,5.6787472125779,8.53426809447282,1,2
16,41,9,7.3744004840295,2.06886632487988,6.47812714570978,5.80003179316795,8.02793969512389,1,2
16,41,11,7.3744004840295,2.06886632487988,5.12903595211406,5.78410209724492,8.76652546005118,1,2
16,41,15,7.3744004840295,2.06886632487988,6.35312979865073,5.72003418755813,8.78844537961259,1,2
16,41,16,7.3744004840295,2.06886632487988,5.18037847299657,5.9377160753672,8.25110442299722,1,2
16,41,20,7.3744004840295,2.06886632487988,4.68449740457718,5.69040432615979,8.633231397452,1,2
16,41,21,7.3744004840295,2.06886632487988,5.41725083683048,6.53615572014203,7.55915992621938,1,2
16,41,23,7.3744004840295,2.06886632487988,4.8649619099203,5.82713574035661,8.32040113774196,1,2
16,41,25,7.3744004840295,2.06886632487988,5.82291161345343,5.78597080236681,7.96930619093521,1,2
16,41,26,7.3744004840295,2.06886632487988,5.35139284001281,5.32104176737164,8.12636140703792,1,2
16,41,27,7.3744004840295,2.06886632487988,4.33548773704461,6.1842043439117,8.45783612408579,1,2
16,41,30,7.3744004840295,2.06886632487988,5.5198704760753,5.20310770619505,8.5655370249712,1,2
16,41,33,7.3744004840295,2.06886632487988,6.02151089080076,6.0303320035707,8.05206706146498,1,2
16,41,35,7.3744004840295,2.06886632487988,3.49513198825619,5.95387705966174,8.68937256636863,1,2
16,41,38,7.3744004840295,2.06886632487988,4.9670223569446,6.53583626737009,8.98767701330027,1,2
16,41,40,7.3744004840295,2.06886632487988,6.96235690861409,6.37211315030534,8.65633913672544,1,2
16,41,41,7.3744004840295,2.06886632487988,2.82682246961082,6.51841205775426,7.91151171492913,1,2
16,41,46,7.3744004840295,2.06886632487988,4.92530222666505,5.52180496992889,8.0521552376082,1,2
16,41,52,7.3744004840295,2.06886632487988,4.15059223462005,6.02757493304149,8.43138371107977,1,2
16,41,54,7.3744004840295,2.06886632487988,5.29980232078881,6.20706750641962,7.58500344518495,1,2
16,41,55,7.3744004840295,2.06886632487988,3.65183400778666,5.49971282145049,8.44215652584579,1,2
16,41,56,7.3744004840295,2.06886632487988,4.81872806688131,6.59947748639177,7.95203081464497,1,2
16,41,58,7.3744004840295,2.06886632487988,5.38890008917023,5.14004969204141,8.84706338783465,1,2
16,41,59,7.3744004840295,2.06886632487988,4.72440070322816,6.03425737516619,8.61791756666785,1,2
17,1,1,6.67075991571208,2.83689850860512,5.29968678399241,5.98176309082422,2.02736898477451,1,2
17,1,2,6.67075991571208,2.83689850860512,4.78493085092459,5.45636646052447,1.7795902120433,1,2
17,1,3,6.67075991571208,2.83689850860512,5.27510607289679,5.23353722354252,1.87965094977071,1,2
17,1,4,6.67075991571208,2.83689850860512,5.55165078402775,6.15636626030472,2.26525000559098,1,2
17,1,6,6.67075991571208,2.83689850860512,5.35690195903374,6.35492235428049,2.44548300039877,1,2
17,1,7,6.67075991571208,2.83689850860512,5.51631235740193,6.22844502683247,2.19232308265012,1,2
17,1,12,6.67075991571208,2.83689850860512,7.11777143275523,6.58630514281567,2.48070793774878,1,2
17,1,13,6.67075991571208,2.83689850860512,4.61947046979859,5.21773527648286,1.89707666872437,1,2
17,1,14,6.67075991571208,2.83689850860512,5.00300119278187,6.01605812263527,2.16499016536713,1,2
17,1,15,6.67075991571208,2.83689850860512,5.02637069084954,5.91870806460043,1.93429308360511,1,2
17,1,16,6.67075991571208,2.83689850860512,2.19409929366279,6.00997880151981,2.09408679007964,1,2
17,1,17,6.67075991571208,2.83689850860512,3.6564787475776,6.03261898278193,2.17067562418033,1,2
17,1,18,6.67075991571208,2.83689850860512,4.42625988842299,6.99357120195806,2.58186374221646,1,2
17,1,21,6.67075991571208,2.83689850860512,6.18625901780118,5.96002800290038,2.05296080037798,1,2
17,1,22,6.67075991571208,2.83689850860512,3.83500269068159,6.63175587750293,2.38514662106849,1,2
17,1,23,6.67075991571208,2.83689850860512,5.35498041522992,5.14058041387144,1.76302101649494,1,2
17,1,24,6.67075991571208,2.83689850860512,5.29520020344406,6.15002179541321,2.19076555637795,1,2
17,1,30,6.67075991571208,2.83689850860512,4.49796653034005,5.90667357482224,2.16948471297161,1,2
17,1,31,6.67075991571208,2.83689850860512,5.01154033484765,6.32804808157187,2.31619000144495,1,2
17,1,34,6.67075991571208,2.83689850860512,4.48836509281223,5.73552909622509,2.00805627677334,1,2
17,1,35,6.67075991571208,2.83689850860512,4.64040946643318,6.96156652904789,2.55832038867997,1,2
17,1,36,6.67075991571208,2.83689850860512,5.05701917225515,7.14920645026287,2.48955574487667,1,2
17,1,39,6.67075991571208,2.83689850860512,4.26811958875715,6.45119946775104,2.48816275720855,1,2
17,1,40,6.67075991571208,2.83689850860512,5.50296609433133,5.6492339979255,1.89343699144752,1,2
17,1,42,6.67075991571208,2.83689850860512,6.38111403774728,4.7434694523211,1.36324719555275,1,2
17,1,44,6.67075991571208,2.83689850860512,5.51623532301886,6.16795585782307,2.19083673400069,1,2
17,1,46,6.67075991571208,2.83689850860512,4.77725102947129,6.28306381324538,2.08372180915408,1,2
17,1,47,6.67075991571208,2.83689850860512,6.24453268153819,6.36070176933084,2.16025013520921,1,2
17,1,49,6.67075991571208,2.83689850860512,5.09177817368127,5.58634896754827,1.893644121433,1,2
17,1,50,6.67075991571208,2.83689850860512,3.62921991124756,5.82728149862265,1.93267467166889,1,2
17,1,51,6.67075991571208,2.83689850860512,2.68426801729769,5.51233466763776,2.2152648880641,1,2
17,1,53,6.67075991571208,2.83689850860512,5.48870324232773,5.84240124149599,1.93308754630854,1,2
17,1,54,6.67075991571208,2.83689850860512,4.66859911610563,6.29995043734399,2.13181488583192,1,2
17,1,56,6.67075991571208,2.83689850860512,4.33041239486372,6.51941849136706,2.37130823254743,1,2
17,1,57,6.67075991571208,2.83689850860512,5.91888563360022,6.46570122843238,2.26351174518664,1,2
17,1,59,6.67075991571208,2.83689850860512,4.26695829711284,7.10994758848774,2.62893802783151,1,2
17,1,61,6.67075991571208,2.83689850860512,5.18056804194251,6.8280035842028,2.48406094379935,1,2
17,1,64,6.67075991571208,2.83689850860512,5.24012119112118,6.7756405514413,2.39425063857759,1,2
17,1,65,6.67075991571208,2.83689850860512,5.5947637642079,5.56642845207693,1.9157317170003,1,2
17,1,71,6.67075991571208,2.83689850860512,5.68848952246973,5.37328715382188,1.91481229202585,1,2
17,1,72,6.67075991571208,2.83689850860512,5.15212984117552,4.67917724825626,1.49724940615714,1,2
17,1,74,6.67075991571208,2.83689850860512,5.77430196796073,7.35290669796266,2.71169828818236,1,2
17,1,75,6.67075991571208,2.83689850860512,4.75269085937823,6.58907354952483,2.36438932019921,1,2
17,1,76,6.67075991571208,2.83689850860512,5.94188793380557,5.51204665648763,1.94875314547889,1,2
17,1,77,6.67075991571208,2.83689850860512,5.55236562611409,5.30048306494296,1.79239432465311,1,2
17,1,78,6.67075991571208,2.83689850860512,5.40202777193233,5.87979740112258,1.99770021876534,1,2
17,1,83,6.67075991571208,2.83689850860512,4.19292282279596,6.32900817492198,2.24797734751918,1,2
17,1,84,6.67075991571208,2.83689850860512,6.52437490570146,6.22439376539582,2.38202839033134,1,2
17,1,85,6.67075991571208,2.83689850860512,4.19295976626545,6.69251390684573,2.55215033964183,1,2
17,1,86,6.67075991571208,2.83689850860512,5.45971249715989,5.75882468246532,2.06589279018789,1,2
17,1,87,6.67075991571208,2.83689850860512,4.69334520008967,6.14056961332366,2.02603907576554,1,2
17,1,90,6.67075991571208,2.83689850860512,5.31247506165081,5.34373977961827,1.88606372286432,1,2
17,2,1,6.67075991571208,2.83689850860512,4.24583739464319,5.67771943817909,3.1614393307235,1,2
17,2,2,6.67075991571208,2.83689850860512,4.79583516330145,6.37461678393953,3.57013451385741,1,2
17,2,4,6.67075991571208,2.83689850860512,4.48102853242262,6.39799068006227,3.36439288945339,1,2
17,2,6,6.67075991571208,2.83689850860512,5.60449670100105,6.73627054735528,3.67509285428588,1,2
17,2,7,6.67075991571208,2.83689850860512,4.16676383240808,5.74412500514213,3.16396848930534,1,2
17,2,9,6.67075991571208,2.83689850860512,6.56490643692732,5.76562501448452,2.89771130548656,1,2
17,2,10,6.67075991571208,2.83689850860512,5.33980254917981,5.23091367533229,3.0047559811295,1,2
17,2,11,6.67075991571208,2.83689850860512,4.67230638471104,6.35839861096124,3.44794480830966,1,2
17,2,21,6.67075991571208,2.83689850860512,5.22966145976776,5.80716712922246,3.27098067713445,1,2
17,2,22,6.67075991571208,2.83689850860512,3.37223902969744,5.95788438549574,3.26899684124866,1,2
17,2,23,6.67075991571208,2.83689850860512,5.31643434566447,6.2504481737445,3.19767783194086,1,2
17,2,25,6.67075991571208,2.83689850860512,6.42784054631619,6.7185458243839,3.57326443826828,1,2
17,2,26,6.67075991571208,2.83689850860512,4.47684683843683,6.23427933131623,3.39980200581299,1,2
17,2,27,6.67075991571208,2.83689850860512,6.48228242439272,5.34395239149947,3.1316867080075,1,2
17,2,28,6.67075991571208,2.83689850860512,5.05736670620254,5.37348881903855,3.17012337589663,1,2
17,2,29,6.67075991571208,2.83689850860512,4.74177816609593,6.01742765872975,3.40053386785362,1,2
17,2,30,6.67075991571208,2.83689850860512,4.95541337017434,5.79333627531414,3.06148778444215,1,2
17,2,31,6.67075991571208,2.83689850860512,5.37515981208376,6.08446135511193,3.45382543172542,1,2
17,2,33,6.67075991571208,2.83689850860512,5.13360199416297,5.67342755461932,3.25788700591962,1,2
17,2,41,6.67075991571208,2.83689850860512,5.4271420069575,5.20867385478841,3.11717218435074,1,2
17,2,42,6.67075991571208,2.83689850860512,5.84425863116413,5.81490991879581,3.20939665725702,1,2
17,2,44,6.67075991571208,2.83689850860512,3.03656509060356,6.11358766599118,3.18915758549418,1,2
17,2,50,6.67075991571208,2.83689850860512,4.34881595637346,5.88724367009278,3.16486727597636,1,2
17,2,51,6.67075991571208,2.83689850860512,6.48390402052657,6.30783097254518,3.53349250996655,1,2
17,2,52,6.67075991571208,2.83689850860512,4.19548073014282,6.10829401034951,3.37841768482669,1,2
17,2,55,6.67075991571208,2.83689850860512,4.9425662637299,4.86605130417772,2.77666029177025,1,2
17,2,56,6.67075991571208,2.83689850860512,3.57980769241654,6.22308008232684,3.43318961032946,1,2
17,2,57,6.67075991571208,2.83689850860512,6.03617676094713,5.82390137402752,3.22553778430453,1,2
17,2,59,6.67075991571208,2.83689850860512,5.05853122069787,5.93393162041819,3.4010797321885,1,2
17,2,62,6.67075991571208,2.83689850860512,4.46009773547397,6.64392307527027,3.69190323365649,1,2
17,2,63,6.67075991571208,2.83689850860512,5.46214557752155,6.41649041248885,3.63658242374915,1,2
17,3,2,6.67075991571208,2.83689850860512,4.98474602527256,5.5282839386022,3.65706535449238,1,2
17,3,3,6.67075991571208,2.83689850860512,4.7254423012312,6.06669050948677,3.70912254053614,1,2
17,3,4,6.67075991571208,2.83689850860512,5.93705555550819,6.5441657839093,4.19114039606773,1,2
17,3,5,6.67075991571208,2.83689850860512,5.69517707053227,6.35845105830448,4.18558018131812,1,2
17,3,6,6.67075991571208,2.83689850860512,7.2900317687906,5.18577588579993,3.55122776109814,1,2
17,3,8,6.67075991571208,2.83689850860512,6.67280979946525,5.02282962079233,3.56975729157122,1,2
17,3,10,6.67075991571208,2.83689850860512,4.85668093013538,5.73320652184191,3.71384032728989,1,2
17,3,11,6.67075991571208,2.83689850860512,5.3770298634336,7.00952387773173,4.23402899447743,1,2
17,3,13,6.67075991571208,2.83689850860512,5.1085233605041,5.36281469558913,3.40658491071997,1,2
17,3,16,6.67075991571208,2.83689850860512,3.1659854058059,5.96794463033595,3.74374661379877,1,2
17,3,17,6.67075991571208,2.83689850860512,4.07855310690476,6.1224558028548,3.86348436497298,1,2
17,3,18,6.67075991571208,2.83689850860512,4.26659450557982,5.84144527081366,3.51895452045024,1,2
17,3,20,6.67075991571208,2.83689850860512,6.09796861884831,5.74507288298313,3.64127474740069,1,2
17,3,22,6.67075991571208,2.83689850860512,6.18064179189165,5.41548266565514,3.53576101447882,1,2
17,3,24,6.67075991571208,2.83689850860512,4.40469136560443,5.33641023657278,3.53850573134748,1,2
17,3,25,6.67075991571208,2.83689850860512,4.14861069325269,6.53235508114646,3.96827350400761,1,2
17,3,28,6.67075991571208,2.83689850860512,5.23496222089703,5.70131486928989,3.74054103507347,1,2
17,3,29,6.67075991571208,2.83689850860512,6.63050964836413,6.38891207620676,4.00204266619545,1,2
17,3,32,6.67075991571208,2.83689850860512,5.44971561305988,5.82434436093269,3.85021838952623,1,2
17,3,33,6.67075991571208,2.83689850860512,4.49972089672017,5.82305187186538,3.94538865128368,1,2
17,3,35,6.67075991571208,2.83689850860512,4.76942068880398,5.26882613056851,3.45287020023828,1,2
17,3,36,6.67075991571208,2.83689850860512,4.97374399496376,5.31469286327306,3.42592771592079,1,2
17,3,37,6.67075991571208,2.83689850860512,4.68822752665646,6.52470487997941,3.96892652961223,1,2
17,3,40,6.67075991571208,2.83689850860512,5.68323659841678,5.66623297230233,3.65294055560977,1,2
17,3,41,6.67075991571208,2.83689850860512,4.25525586507424,6.06431189858938,3.86744773077483,1,2
17,3,44,6.67075991571208,2.83689850860512,6.08112448528037,6.32712859913448,3.98021801256378,1,2
17,3,52,6.67075991571208,2.83689850860512,4.26363432599796,4.51884326689929,3.2290704611985,1,2
17,3,57,6.67075991571208,2.83689850860512,6.47914415795086,5.29654648989536,3.42617119059994,1,2
17,3,59,6.67075991571208,2.83689850860512,3.86824619675162,6.18367666623559,3.88767010220122,1,2
17,4,3,6.67075991571208,2.83689850860512,5.3918509655329,6.81205811894653,4.67610647374961,1,2
17,4,4,6.67075991571208,2.83689850860512,4.45658084319472,5.93666796643876,4.25768354087187,1,2
17,4,5,6.67075991571208,2.83689850860512,4.09833538810141,6.2180781982324,4.27339811011134,1,2
17,4,14,6.67075991571208,2.83689850860512,5.4688518392312,5.76610283968712,4.18399366119711,1,2
17,4,15,6.67075991571208,2.83689850860512,7.04626780179838,5.40851423528888,4.06237455225965,1,2
17,4,21,6.67075991571208,2.83689850860512,4.91619814783944,5.8452021743191,4.06891483260451,1,2
17,4,22,6.67075991571208,2.83689850860512,5.05879075461369,6.02207234145779,4.20724112476482,1,2
17,4,23,6.67075991571208,2.83689850860512,3.73585654512167,5.79678842097239,4.18236096350493,1,2
17,4,24,6.67075991571208,2.83689850860512,2.66162859112131,6.32044784312041,4.3375466145552,1,2
17,4,28,6.67075991571208,2.83689850860512,5.54692438808357,5.45377586682493,4.15615424863296,1,2
17,4,29,6.67075991571208,2.83689850860512,4.90477206779684,5.74798070874178,4.04943504565785,1,2
17,4,30,6.67075991571208,2.83689850860512,3.64662934944421,7.05644469656359,4.63027985478411,1,2
17,4,31,6.67075991571208,2.83689850860512,5.13642823042495,5.72774818468892,3.988899656539,1,2
17,4,35,6.67075991571208,2.83689850860512,5.41882175493026,5.83279397385486,4.16011383146106,1,2
17,4,36,6.67075991571208,2.83689850860512,4.92292631080262,6.64577156626502,4.40611263602694,1,2
17,4,37,6.67075991571208,2.83689850860512,5.23535679826435,5.62169321458044,4.0435795109338,1,2
17,4,38,6.67075991571208,2.83689850860512,6.53067220365094,5.79600801421526,4.24820478420998,1,2
17,4,42,6.67075991571208,2.83689850860512,3.79730346614096,5.76528850899115,4.11027350631351,1,2
17,4,45,6.67075991571208,2.83689850860512,4.50200148307161,5.87575144608802,4.17821696313746,1,2
17,4,46,6.67075991571208,2.83689850860512,5.44539357909185,6.42355642772148,4.44076560908973,1,2
17,4,47,6.67075991571208,2.83689850860512,5.0410675174122,6.19591017480522,4.2524779829208,1,2
17,4,49,6.67075991571208,2.83689850860512,4.97758069830354,5.5936518207265,4.23144577157922,1,2
17,4,52,6.67075991571208,2.83689850860512,6.95399758802481,5.83134802193531,4.09970058515773,1,2
17,4,53,6.67075991571208,2.83689850860512,6.46271717609975,6.1310845306955,4.16288784672368,1,2
17,4,54,6.67075991571208,2.83689850860512,4.45481686866426,6.05326366079389,4.08052481048737,1,2
17,4,55,6.67075991571208,2.83689850860512,5.6124370244382,7.17356113766108,4.51180971244942,1,2
17,4,56,6.67075991571208,2.83689850860512,6.4987826454497,6.01277899801907,4.11346961579123,1,2
17,4,58,6.67075991571208,2.83689850860512,5.10409424199394,6.13648727872163,4.41964154552687,1,2
17,4,61,6.67075991571208,2.83689850860512,4.64217886543582,6.99839135654896,4.46760408532765,1,2
17,5,2,6.67075991571208,2.83689850860512,4.5366782615384,5.8021201586762,4.25367618349977,1,2
17,5,3,6.67075991571208,2.83689850860512,5.9728462831803,5.96464977616464,4.35222985382177,1,2
17,5,4,6.67075991571208,2.83689850860512,5.23460953382556,6.49960690651243,4.64072450869704,1,2
17,5,7,6.67075991571208,2.83689850860512,5.91543714689253,6.13978150996332,4.4256744752148,1,2
17,5,8,6.67075991571208,2.83689850860512,2.92929559934136,5.64012579001756,4.28708489540824,1,2
17,5,9,6.67075991571208,2.83689850860512,5.47216117690312,6.07920296041006,4.59166813319235,1,2
17,5,13,6.67075991571208,2.83689850860512,4.75896264439564,6.28891480753283,4.78066654785985,1,2
17,5,17,6.67075991571208,2.83689850860512,6.21544912463133,6.31181755781068,4.59244514357659,1,2
17,5,19,6.67075991571208,2.83689850860512,4.90190031738228,5.11625534074786,4.27922269364531,1,2
17,5,22,6.67075991571208,2.83689850860512,5.44015174157493,4.60934058656386,4.05058708212551,1,2
17,5,26,6.67075991571208,2.83689850860512,4.18222970849354,5.44078762892948,4.16441102597763,1,2
17,5,28,6.67075991571208,2.83689850860512,4.63004003110035,7.08326834379033,4.91935255773096,1,2
17,5,29,6.67075991571208,2.83689850860512,5.68359520739801,5.86989268695351,4.39417122306973,1,2
17,5,30,6.67075991571208,2.83689850860512,6.21228817877536,5.44346101609449,4.4064109888991,1,2
17,5,35,6.67075991571208,2.83689850860512,5.57236915609391,6.94110329558179,4.82579439296361,1,2
17,5,37,6.67075991571208,2.83689850860512,6.27595208184908,6.40599557927179,4.54467588155417,1,2
17,5,45,6.67075991571208,2.83689850860512,5.46567819089004,5.67088015591158,4.48518191599253,1,2
17,5,48,6.67075991571208,2.83689850860512,6.42769359746344,6.0729773657788,4.41296719319511,1,2
17,5,49,6.67075991571208,2.83689850860512,5.45856288570827,6.00390612577022,4.50326550959775,1,2
17,5,50,6.67075991571208,2.83689850860512,4.02200749350783,5.66813046984011,4.103886586087,1,2
17,5,58,6.67075991571208,2.83689850860512,5.99746879343174,6.03104679498749,4.69510953459411,1,2
17,5,62,6.67075991571208,2.83689850860512,5.51869620197917,6.28467981048576,4.62123103378579,1,2
17,5,63,6.67075991571208,2.83689850860512,5.43858228540841,6.30489234519629,4.57519890082388,1,2
17,5,64,6.67075991571208,2.83689850860512,6.05685348476124,6.11142785852699,4.5646686397189,1,2
17,5,65,6.67075991571208,2.83689850860512,4.14341764605095,6.61677286260118,4.55802191154364,1,2
17,5,66,6.67075991571208,2.83689850860512,4.13652751587859,6.21433983778021,4.59380676624988,1,2
17,5,67,6.67075991571208,2.83689850860512,5.03393345491347,5.26147620639585,4.18665752872287,1,2
17,5,69,6.67075991571208,2.83689850860512,4.71834205206219,5.56576641356582,4.50822185857662,1,2
17,5,74,6.67075991571208,2.83689850860512,6.02272370086248,6.63372246075979,4.6278307017341,1,2
17,5,76,6.67075991571208,2.83689850860512,2.28471211855336,5.67592638699965,4.50109194859023,1,2
17,5,77,6.67075991571208,2.83689850860512,5.09703574698248,5.11849827611185,4.21467808707994,1,2
17,5,78,6.67075991571208,2.83689850860512,4.47481156447437,5.44874073300624,4.29321597480978,1,2
17,5,79,6.67075991571208,2.83689850860512,2.81270283956889,6.29152774497753,4.50198675495091,1,2
17,5,80,6.67075991571208,2.83689850860512,4.09853748063538,6.02870017672027,4.47173825900808,1,2
17,6,2,6.67075991571208,2.83689850860512,4.1718419414948,5.74583465031147,4.91814340566334,1,2
17,6,5,6.67075991571208,2.83689850860512,5.39899518666651,6.46458100782678,5.02140875067454,1,2
17,6,6,6.67075991571208,2.83689850860512,3.38656151386307,6.46799138116083,5.14602871137087,1,2
17,6,7,6.67075991571208,2.83689850860512,6.60239444433588,5.61622170528119,4.71946316623812,1,2
17,6,14,6.67075991571208,2.83689850860512,6.68357281992645,6.32120333038863,5.13339243778266,1,2
17,6,15,6.67075991571208,2.83689850860512,3.19273140389461,5.83235565656756,4.83482499212373,1,2
17,6,16,6.67075991571208,2.83689850860512,3.66878115540586,5.94254585018423,4.92967712575879,1,2
17,6,18,6.67075991571208,2.83689850860512,4.48722247623324,5.2494307671853,4.81930048162087,1,2
17,6,19,6.67075991571208,2.83689850860512,4.63264281979525,5.75923407146589,4.7365215177692,1,2
17,6,23,6.67075991571208,2.83689850860512,5.13331956596234,5.98031558328301,4.90838478832722,1,2
17,6,25,6.67075991571208,2.83689850860512,4.50925583461177,6.28428214358727,5.06098923912406,1,2
17,6,26,6.67075991571208,2.83689850860512,5.18701314307856,6.64477909793855,5.26947102924757,1,2
17,6,28,6.67075991571208,2.83689850860512,6.29659031823744,6.39974959742005,5.17494689888929,1,2
17,6,29,6.67075991571208,2.83689850860512,4.24752301489304,5.80955601773637,4.97484292204897,1,2
17,6,30,6.67075991571208,2.83689850860512,5.94799881757248,6.61741956650757,5.27855688672606,1,2
17,6,31,6.67075991571208,2.83689850860512,2.61487423514866,5.86738904558819,4.80101650879169,1,2
17,6,32,6.67075991571208,2.83689850860512,5.04096686719493,6.09607074736721,4.83404961215302,1,2
17,6,35,6.67075991571208,2.83689850860512,6.73316989944986,5.91421693134892,5.1104023407256,1,2
17,6,38,6.67075991571208,2.83689850860512,4.47580523764465,6.10452260906933,4.93815750845773,1,2
17,6,39,6.67075991571208,2.83689850860512,5.54132618411413,5.93726206250971,4.69795631298319,1,2
17,6,40,6.67075991571208,2.83689850860512,4.38388609438374,6.23522491745655,5.04672334360788,1,2
17,6,41,6.67075991571208,2.83689850860512,5.29328749751475,6.05010714892375,5.17775293661017,1,2
17,6,42,6.67075991571208,2.83689850860512,4.52834187132197,6.51580348042406,5.0774769834073,1,2
17,6,44,6.67075991571208,2.83689850860512,5.27394923029605,4.73539563509013,4.35789225332246,1,2
17,6,45,6.67075991571208,2.83689850860512,5.61053782492055,5.83498469569341,4.88326690324981,1,2
17,6,46,6.67075991571208,2.83689850860512,3.44109432567661,6.00178748065658,4.88026760901142,1,2
17,6,47,6.67075991571208,2.83689850860512,4.24078458900778,5.75656597656583,5.03680373965553,1,2
17,6,49,6.67075991571208,2.83689850860512,5.09660659475835,5.32776461456588,4.7241092077723,1,2
17,6,50,6.67075991571208,2.83689850860512,5.46005021528339,6.06747757237891,4.87473019695249,1,2
17,6,54,6.67075991571208,2.83689850860512,4.40421311880544,5.52449919133192,4.83809321976058,1,2
17,6,57,6.67075991571208,2.83689850860512,4.97716588280609,5.63362548176472,4.79518189395565,1,2
17,6,63,6.67075991571208,2.83689850860512,3.87229402550812,6.11361213699388,4.91273655338955,1,2
17,6,64,6.67075991571208,2.83689850860512,5.11234868842031,6.5378604464145,5.24407447005049,1,2
17,6,65,6.67075991571208,2.83689850860512,5.14803938759308,5.76152114984839,4.769646613118,1,2
17,6,66,6.67075991571208,2.83689850860512,4.21656602239216,6.19498218656316,5.06873894798536,1,2
17,6,68,6.67075991571208,2.83689850860512,4.14430382758183,5.86293263685891,4.89852624731714,1,2
17,6,71,6.67075991571208,2.83689850860512,5.71205202861358,6.13871950959422,5.07192973489329,1,2
17,7,3,6.67075991571208,2.83689850860512,5.12667549503573,5.81242569462849,5.02314870136407,1,2
17,7,4,6.67075991571208,2.83689850860512,2.8798327301275,5.59167867906779,5.1138608710224,1,2
17,7,5,6.67075991571208,2.83689850860512,4.98325676241725,5.75614582399207,4.99051104722137,1,2
17,7,7,6.67075991571208,2.83689850860512,4.0584978694964,6.34453066163379,5.47127740145269,1,2
17,7,8,6.67075991571208,2.83689850860512,4.21620238799718,5.59959440446322,5.2319976536533,1,2
17,7,11,6.67075991571208,2.83689850860512,5.58857477190529,5.32234838272686,4.79387793460884,1,2
17,7,12,6.67075991571208,2.83689850860512,4.56911883513867,5.32247922607664,4.89612306159748,1,2
17,7,13,6.67075991571208,2.83689850860512,3.41528224493297,6.56660433152866,5.55567952429879,1,2
17,7,16,6.67075991571208,2.83689850860512,4.80942817896937,5.89959912177673,5.38452868260787,1,2
17,7,18,6.67075991571208,2.83689850860512,4.96142132985343,6.97632503608435,5.74835001044347,1,2
17,7,19,6.67075991571208,2.83689850860512,5.3095255119165,5.71214255832726,5.02635980605686,1,2
17,7,20,6.67075991571208,2.83689850860512,7.09708976962984,5.47264075214808,5.09464868979711,1,2
17,7,24,6.67075991571208,2.83689850860512,4.51229882061128,6.07051717210778,5.40111710276278,1,2
17,7,26,6.67075991571208,2.83689850860512,5.25792024241272,6.29210242480739,5.30740221525851,1,2
17,7,27,6.67075991571208,2.83689850860512,5.59593112162187,6.61778655653443,5.76872034129786,1,2
17,7,30,6.67075991571208,2.83689850860512,4.86440044676171,6.25179895765546,5.23847419793698,1,2
17,7,32,6.67075991571208,2.83689850860512,5.66448939659163,6.95785258264263,5.66172041339431,1,2
17,7,34,6.67075991571208,2.83689850860512,4.47276511857961,6.07567971278896,5.41669285007044,1,2
17,7,35,6.67075991571208,2.83689850860512,5.77238792090351,5.76361022607639,5.2019990413363,1,2
17,7,36,6.67075991571208,2.83689850860512,2.84480048993173,6.1726540105517,5.37016848685764,1,2
17,7,38,6.67075991571208,2.83689850860512,3.17367976951956,5.95697520393293,5.1135175649161,1,2
17,7,42,6.67075991571208,2.83689850860512,5.78736172181465,5.82633308780786,5.3458641219337,1,2
17,7,43,6.67075991571208,2.83689850860512,5.040182434952,6.44420364276308,5.50262450532348,1,2
17,7,46,6.67075991571208,2.83689850860512,6.05458925735993,6.17721063067081,5.48162067249422,1,2
17,7,49,6.67075991571208,2.83689850860512,6.33180658848055,6.12050144930705,5.21373505936327,1,2
17,7,50,6.67075991571208,2.83689850860512,5.48854888647539,5.67816620065356,5.09482038517704,1,2
17,7,51,6.67075991571208,2.83689850860512,5.59402091741233,5.92186811652778,5.36597767694779,1,2
17,7,53,6.67075991571208,2.83689850860512,5.77484354315556,7.21071412806613,5.73005719615339,1,2
17,7,55,6.67075991571208,2.83689850860512,5.089803148843,5.1066821263432,5.18178209207348,1,2
17,7,66,6.67075991571208,2.83689850860512,5.26270751368204,6.61916191366284,5.48951478448837,1,2
17,7,67,6.67075991571208,2.83689850860512,6.02436864818039,6.17502819588407,5.27478494338107,1,2
17,7,68,6.67075991571208,2.83689850860512,4.07498817988242,5.75719036069735,5.1237126565207,1,2
17,7,72,6.67075991571208,2.83689850860512,4.5768195811592,6.35223290215147,5.41395583332413,1,2
17,7,75,6.67075991571208,2.83689850860512,4.56685193537225,5.3851937974934,4.98971314344892,1,2
17,7,76,6.67075991571208,2.83689850860512,3.70683133140228,6.85896174211614,5.52734515173052,1,2
17,7,77,6.67075991571208,2.83689850860512,3.36646626231991,6.07963355658735,5.17100783500397,1,2
17,7,80,6.67075991571208,2.83689850860512,6.13505354290264,5.01770183884254,4.97424961268129,1,2
17,7,81,6.67075991571208,2.83689850860512,4.53535848496959,6.08539942634647,5.38513904809764,1,2
17,7,82,6.67075991571208,2.83689850860512,5.74679737028578,6.93360451729452,5.66055928252659,1,2
17,7,83,6.67075991571208,2.83689850860512,5.77561201355473,6.31317899679899,5.27124722819291,1,2
17,7,85,6.67075991571208,2.83689850860512,2.50401998237799,7.18693713271069,5.58849558299977,1,2
17,7,86,6.67075991571208,2.83689850860512,4.89348750813728,5.68565487076315,5.18290073124751,1,2
17,7,87,6.67075991571208,2.83689850860512,6.61593608276897,6.47649563979642,5.31430940123649,1,2
17,7,88,6.67075991571208,2.83689850860512,4.90016508980556,5.97885703944053,5.21515110500405,1,2
17,7,90,6.67075991571208,2.83689850860512,3.15735933521458,5.96443987438906,5.40190757391038,1,2
17,7,94,6.67075991571208,2.83689850860512,5.19554212375134,5.89619861137367,5.10087374156567,1,2
17,7,95,6.67075991571208,2.83689850860512,6.43802254468371,6.3224120163011,5.52352415234003,1,2
17,7,96,6.67075991571208,2.83689850860512,5.38489151172713,5.9499847834718,5.14857624724149,1,2
17,8,1,6.67075991571208,2.83689850860512,4.17988631860266,6.27130103770793,5.49587833634887,1,2
17,8,2,6.67075991571208,2.83689850860512,3.15305323491744,6.15698013513186,5.59218281264985,1,2
17,8,3,6.67075991571208,2.83689850860512,3.97429657594063,6.43534194201837,5.3621929664107,1,2
17,8,5,6.67075991571208,2.83689850860512,5.63768490099413,6.93448862016698,5.78430087969126,1,2
17,8,6,6.67075991571208,2.83689850860512,7.34299197104194,5.4756697186692,5.3306713291986,1,2
17,8,7,6.67075991571208,2.83689850860512,4.98286911209429,6.80218704028493,5.63858090438916,1,2
17,8,8,6.67075991571208,2.83689850860512,5.9901250634069,5.51716348601225,5.34422421201943,1,2
17,8,9,6.67075991571208,2.83689850860512,4.98619478285805,5.89405560122202,5.49957640812049,1,2
17,8,10,6.67075991571208,2.83689850860512,3.79336662518862,5.93202014985568,5.43155645753176,1,2
17,8,11,6.67075991571208,2.83689850860512,2.61088859655474,6.43439302198607,5.48400626798962,1,2
17,8,13,6.67075991571208,2.83689850860512,5.6650042901163,6.09741944121694,5.34946954418644,1,2
17,8,15,6.67075991571208,2.83689850860512,5.85803934948852,6.50596066470111,5.71923699761733,1,2
17,8,16,6.67075991571208,2.83689850860512,6.29990234798638,6.77907763399408,5.97456499327153,1,2
17,8,17,6.67075991571208,2.83689850860512,6.19974304112557,5.36477299240183,5.30682446074015,1,2
17,8,21,6.67075991571208,2.83689850860512,6.00503854096817,6.17312575593165,5.48644052069344,1,2
17,8,23,6.67075991571208,2.83689850860512,5.38209900543779,6.09455618685926,5.22578356121266,1,2
17,8,27,6.67075991571208,2.83689850860512,5.16717341904031,6.12592633964722,5.60159279637537,1,2
17,8,28,6.67075991571208,2.83689850860512,3.92527847852284,6.63205547136748,5.52511235538397,1,2
17,8,30,6.67075991571208,2.83689850860512,5.02700296753535,5.77195757866846,5.39115994285836,1,2
17,8,31,6.67075991571208,2.83689850860512,4.26547937488458,6.14429956398997,5.31579051081778,1,2
17,8,32,6.67075991571208,2.83689850860512,4.54125770197708,5.89458232128156,5.42449016856882,1,2
17,8,34,6.67075991571208,2.83689850860512,5.6880607102359,5.71734547637309,5.38845731684113,1,2
17,8,35,6.67075991571208,2.83689850860512,4.63207220713217,5.87430758782042,5.20899634997827,1,2
17,8,39,6.67075991571208,2.83689850860512,5.48116025194074,5.54240823588105,5.40199284012034,1,2
17,8,41,6.67075991571208,2.83689850860512,4.40449452441562,5.45590243364667,5.29836684990003,1,2
17,8,44,6.67075991571208,2.83689850860512,5.48719074170794,5.59756147587855,5.40909061314146,1,2
17,8,45,6.67075991571208,2.83689850860512,2.99134722182152,5.69036479032953,5.19391410025874,1,2
17,8,47,6.67075991571208,2.83689850860512,7.19356061895031,6.06566072841437,5.41424919570594,1,2
17,8,52,6.67075991571208,2.83689850860512,6.5370707336309,6.46358415399993,5.71770653500372,1,2
17,8,53,6.67075991571208,2.83689850860512,5.69771287009734,6.46544866000552,5.62510089964334,1,2
17,8,56,6.67075991571208,2.83689850860512,4.49437088136336,5.66553815536601,5.38648126177012,1,2
17,8,60,6.67075991571208,2.83689850860512,5.59407566164082,5.31756423524557,5.16172906405478,1,2
17,8,61,6.67075991571208,2.83689850860512,5.78994262946975,6.57637962144487,5.5509858385596,1,2
17,8,62,6.67075991571208,2.83689850860512,4.96404393182071,5.82863714578894,5.3147099374963,1,2
17,8,63,6.67075991571208,2.83689850860512,4.74408351681386,5.97531448398319,5.37091301640651,1,2
17,8,64,6.67075991571208,2.83689850860512,3.65318509146521,5.77595594052983,5.2798314037161,1,2
17,8,66,6.67075991571208,2.83689850860512,4.82946877695527,5.29499143529527,5.16448989721321,1,2
17,8,67,6.67075991571208,2.83689850860512,4.08146488724378,5.5165185225723,5.44614823262821,1,2
17,8,71,6.67075991571208,2.83689850860512,3.82678692948453,6.61829778295718,5.45462809807824,1,2
17,8,72,6.67075991571208,2.83689850860512,3.85940255648931,5.30320412492646,5.02520384015119,1,2
17,8,73,6.67075991571208,2.83689850860512,4.10257328242019,5.46927159743665,5.11418576705749,1,2
17,8,75,6.67075991571208,2.83689850860512,5.97361513008083,6.37923321680219,5.54073191916529,1,2
17,8,78,6.67075991571208,2.83689850860512,4.02316565590912,5.64898875019023,5.44872774500194,1,2
17,8,79,6.67075991571208,2.83689850860512,5.83726383612864,5.51489616645711,5.32143268602744,1,2
17,8,80,6.67075991571208,2.83689850860512,5.65255111740674,6.18340950448844,5.33062753104822,1,2
17,8,82,6.67075991571208,2.83689850860512,4.17361215889121,4.86662941630274,5.06244267384952,1,2
17,8,84,6.67075991571208,2.83689850860512,4.03264870376596,5.53889482966249,5.12471606693931,1,2
17,9,1,6.67075991571208,2.83689850860512,5.36430969510587,7.30809134592908,5.8566405862602,1,2
17,9,2,6.67075991571208,2.83689850860512,3.24653755019111,5.86357909792573,5.44041038872192,1,2
17,9,3,6.67075991571208,2.83689850860512,5.11283853042,5.92853792841355,5.80520235868106,1,2
17,9,8,6.67075991571208,2.83689850860512,5.96564067381871,6.28008236766742,5.66998596591632,1,2
17,9,11,6.67075991571208,2.83689850860512,5.95552157161965,5.36229238456562,5.40406516478455,1,2
17,9,12,6.67075991571208,2.83689850860512,2.65893314296456,5.59975762597728,5.4425646226803,1,2
17,9,13,6.67075991571208,2.83689850860512,4.75051401191916,6.31925471230756,5.52718372801977,1,2
17,9,15,6.67075991571208,2.83689850860512,5.14661618614511,6.35475326766131,5.93018173036016,1,2
17,9,16,6.67075991571208,2.83689850860512,3.46779292894002,6.7084325031807,5.69269347483078,1,2
17,9,18,6.67075991571208,2.83689850860512,3.47123647546219,5.72317625641332,5.46696295987598,1,2
17,9,19,6.67075991571208,2.83689850860512,3.78878151950079,5.90226579003696,5.55551444833119,1,2
17,9,20,6.67075991571208,2.83689850860512,4.81544205257341,6.6249877044703,5.87330893286342,1,2
17,9,22,6.67075991571208,2.83689850860512,3.41800731105073,5.8338928291422,5.66908649251996,1,2
17,9,23,6.67075991571208,2.83689850860512,4.48167488056952,6.34588213339912,5.68607460121909,1,2
17,9,26,6.67075991571208,2.83689850860512,4.89907806240233,6.054096824463,5.70144183903274,1,2
17,9,27,6.67075991571208,2.83689850860512,4.95612044740451,6.72837509228775,5.97492099010544,1,2
17,9,28,6.67075991571208,2.83689850860512,4.26707152322689,6.60890116996817,5.80943086097887,1,2
17,9,31,6.67075991571208,2.83689850860512,3.70028503099938,5.43857409827467,5.54519787556947,1,2
17,9,32,6.67075991571208,2.83689850860512,5.1167530333593,6.02881156779244,5.63388143825772,1,2
17,9,33,6.67075991571208,2.83689850860512,5.44801074077365,5.8058137189185,5.72285346014731,1,2
17,9,35,6.67075991571208,2.83689850860512,5.2682131526684,6.1430617237647,5.66368112784599,1,2
17,9,38,6.67075991571208,2.83689850860512,3.93940978369587,5.7859702034787,5.64202144468325,1,2
17,9,44,6.67075991571208,2.83689850860512,6.12432869639336,6.72536051421351,5.87290722028452,1,2
17,9,45,6.67075991571208,2.83689850860512,4.6841491407928,6.06420570268046,5.62189991081579,1,2
17,9,46,6.67075991571208,2.83689850860512,6.15961546848654,5.8953556424118,5.40032445775149,1,2
17,9,48,6.67075991571208,2.83689850860512,5.77468510007088,6.38235539048503,5.83252043166956,1,2
17,9,49,6.67075991571208,2.83689850860512,4.27054172355497,6.04819155721415,5.52323779795692,1,2
17,9,50,6.67075991571208,2.83689850860512,4.72006371448313,6.44079844738872,5.34863862827701,1,2
17,9,54,6.67075991571208,2.83689850860512,5.37923630616846,5.86606153386796,5.29470001150072,1,2
17,9,58,6.67075991571208,2.83689850860512,5.91650533583472,5.72333459675018,5.52537354687089,1,2
17,9,61,6.67075991571208,2.83689850860512,4.87447422501988,6.67187836214157,5.60435534709888,1,2
17,9,63,6.67075991571208,2.83689850860512,4.46147528781066,5.84584546429069,5.69507441937208,1,2
17,9,65,6.67075991571208,2.83689850860512,3.06851717477188,6.10789119944691,5.4874819420536,1,2
17,9,68,6.67075991571208,2.83689850860512,5.65232375697707,5.7166112285932,5.38551757118689,1,2
17,9,69,6.67075991571208,2.83689850860512,6.55447170603997,6.42585805421137,5.89949417718784,1,2
17,9,71,6.67075991571208,2.83689850860512,4.64871456819215,6.40075705499717,5.7659434514586,1,2
17,9,73,6.67075991571208,2.83689850860512,5.35296285208743,5.0007469155976,5.3284690930091,1,2
17,9,74,6.67075991571208,2.83689850860512,4.71469115100736,5.88751181080646,5.52232262509509,1,2
17,9,76,6.67075991571208,2.83689850860512,6.67325902181773,7.04714700975329,5.97313652775214,1,2
17,9,80,6.67075991571208,2.83689850860512,5.04431745175982,5.80676892442871,5.38120601418826,1,2
17,9,82,6.67075991571208,2.83689850860512,4.16386016453143,5.92648924831607,5.5109189515784,1,2
17,9,84,6.67075991571208,2.83689850860512,6.00389986297344,6.4696849801092,5.85794810188836,1,2
17,9,85,6.67075991571208,2.83689850860512,4.2667271885577,4.93644225985379,5.11573609344265,1,2
17,9,91,6.67075991571208,2.83689850860512,5.8470388987792,4.99506152178836,5.17556908121362,1,2
17,9,92,6.67075991571208,2.83689850860512,3.97873380162343,6.36391659216736,5.86277181127269,1,2
17,9,93,6.67075991571208,2.83689850860512,4.56060419671907,5.96919717668183,5.5649820939689,1,2
17,10,1,6.67075991571208,2.83689850860512,4.34368712993157,5.71315048439977,5.77258312050319,1,2
17,10,5,6.67075991571208,2.83689850860512,5.69117039371294,6.31068702832018,5.91363546667016,1,2
17,10,7,6.67075991571208,2.83689850860512,6.83922699502776,6.09958800934823,5.71109405512054,1,2
17,10,8,6.67075991571208,2.83689850860512,4.35359258932049,6.10192097077832,5.81033047554737,1,2
17,10,11,6.67075991571208,2.83689850860512,5.03045161205095,5.02815648118002,5.60964169541606,1,2
17,10,13,6.67075991571208,2.83689850860512,5.03389225583424,5.3407944593453,5.58137088320372,1,2
17,10,16,6.67075991571208,2.83689850860512,3.94266057712869,5.91025284142518,5.67013797760628,1,2
17,10,17,6.67075991571208,2.83689850860512,5.7751171745168,6.61363348151285,6.14555799422827,1,2
17,10,19,6.67075991571208,2.83689850860512,3.97174236282364,6.90344306861808,6.00617338046075,1,2
17,10,20,6.67075991571208,2.83689850860512,4.90985956239715,6.3219851561712,6.09803681378791,1,2
17,10,21,6.67075991571208,2.83689850860512,5.22177292251525,6.48749893167979,6.04042524086634,1,2
17,10,22,6.67075991571208,2.83689850860512,4.00206401533609,5.39609088630388,5.68551585064333,1,2
17,10,23,6.67075991571208,2.83689850860512,4.09940311419592,4.68870204192655,5.21677421700913,1,2
17,10,26,6.67075991571208,2.83689850860512,3.74642108060095,6.04072737003457,5.81093335524322,1,2
17,10,28,6.67075991571208,2.83689850860512,4.96753090955599,5.7111471481632,5.77994946131518,1,2
17,10,29,6.67075991571208,2.83689850860512,5.22544788836878,5.59269214666827,5.81257784715641,1,2
17,10,31,6.67075991571208,2.83689850860512,5.51292127624134,6.32209205973426,5.92462300989976,1,2
17,10,33,6.67075991571208,2.83689850860512,5.56621223253516,6.27293488820138,5.79528855741487,1,2
17,10,35,6.67075991571208,2.83689850860512,6.1300582492438,6.98309721596936,6.15635643158444,1,2
17,10,36,6.67075991571208,2.83689850860512,5.56064658927577,5.87689610810386,5.59042375935041,1,2
17,10,38,6.67075991571208,2.83689850860512,5.87672460531931,5.67464579187439,5.72169803272105,1,2
17,10,41,6.67075991571208,2.83689850860512,6.59972326731385,6.09268715921158,5.90589393320144,1,2
17,10,43,6.67075991571208,2.83689850860512,4.57181121591184,5.35293903410818,5.50111994235659,1,2
17,10,46,6.67075991571208,2.83689850860512,5.57425946813364,5.87164360413025,5.82746740645173,1,2
17,10,47,6.67075991571208,2.83689850860512,4.48210010110421,6.44082723744486,6.02693965284246,1,2
17,10,48,6.67075991571208,2.83689850860512,5.83679241747969,5.43678690704073,5.46580441467292,1,2
17,10,49,6.67075991571208,2.83689850860512,6.30382197948748,6.08655443850676,5.88661811494218,1,2
17,10,50,6.67075991571208,2.83689850860512,5.67254226431797,5.65915062431973,5.66678356983711,1,2
17,10,51,6.67075991571208,2.83689850860512,6.51353694404271,6.04702186757832,5.73987845057015,1,2
17,10,53,6.67075991571208,2.83689850860512,4.49683592874305,6.45330231926163,5.96957092090308,1,2
17,10,55,6.67075991571208,2.83689850860512,4.81478217669763,6.05276664369004,5.8852096965374,1,2
17,10,58,6.67075991571208,2.83689850860512,3.9102871650111,6.44256374178391,5.89942566901349,1,2
17,10,59,6.67075991571208,2.83689850860512,6.06475759710369,5.8245857431636,5.75095784048509,1,2
17,10,62,6.67075991571208,2.83689850860512,3.82835409654672,6.13860207901746,5.72521995530384,1,2
17,10,63,6.67075991571208,2.83689850860512,6.41239450004468,5.92157603399527,5.68105910000105,1,2
17,10,67,6.67075991571208,2.83689850860512,4.84692842737828,6.93196588576183,5.90353902887734,1,2
17,10,68,6.67075991571208,2.83689850860512,4.38782836545246,6.57715137819023,5.80202008144379,1,2
17,10,69,6.67075991571208,2.83689850860512,3.74464574481606,5.67715096847376,5.77112697589593,1,2
17,10,71,6.67075991571208,2.83689850860512,5.53922193861338,6.64102102147165,6.01795618818672,1,2
17,10,72,6.67075991571208,2.83689850860512,4.71179754374015,5.7603196037727,5.7018517788024,1,2
17,10,75,6.67075991571208,2.83689850860512,5.66231924361791,5.84954190762881,5.62022821133891,1,2
17,10,76,6.67075991571208,2.83689850860512,4.66326083703349,6.4209092356075,5.69443318424312,1,2
17,10,80,6.67075991571208,2.83689850860512,5.30444081278188,6.57122152411644,5.97352651978186,1,2
17,11,6,6.67075991571208,2.83689850860512,5.05846684332854,5.40814885225194,5.68212760378675,1,2
17,11,7,6.67075991571208,2.83689850860512,4.72766694612072,5.97047700055033,5.75678081938738,1,2
17,11,8,6.67075991571208,2.83689850860512,5.20357462689735,6.38423694210097,5.86832767306731,1,2
17,11,12,6.67075991571208,2.83689850860512,4.09312984365713,6.26374078805068,5.97050747655379,1,2
17,11,13,6.67075991571208,2.83689850860512,6.42924374639784,5.79607918798489,5.89697875459737,1,2
17,11,14,6.67075991571208,2.83689850860512,6.47882570533923,6.20892945401692,5.92481104258471,1,2
17,11,16,6.67075991571208,2.83689850860512,4.98805357466342,5.10104819232829,5.70576471193099,1,2
17,11,18,6.67075991571208,2.83689850860512,4.62529768151212,5.89818991460214,5.97093299305154,1,2
17,11,20,6.67075991571208,2.83689850860512,4.46555646109828,5.40075700168228,5.62981347537877,1,2
17,11,23,6.67075991571208,2.83689850860512,5.94201169471955,5.64974903520361,5.58680239984149,1,2
17,11,24,6.67075991571208,2.83689850860512,5.79760394147843,5.59872217955247,5.9750584385578,1,2
17,11,25,6.67075991571208,2.83689850860512,6.73444723491489,5.69517606874998,5.7893693472599,1,2
17,11,26,6.67075991571208,2.83689850860512,4.71296221076199,6.41189232019058,6.29784510109805,1,2
17,11,27,6.67075991571208,2.83689850860512,5.58913032763461,6.78662636240077,6.3230486546588,1,2
17,11,28,6.67075991571208,2.83689850860512,5.45973930244837,6.26092575648576,6.02601099723239,1,2
17,11,30,6.67075991571208,2.83689850860512,7.76938591594743,5.52172665730707,5.85063154649587,1,2
17,11,33,6.67075991571208,2.83689850860512,6.35497729611775,6.15888279564603,6.15566497010656,1,2
17,11,34,6.67075991571208,2.83689850860512,5.74872115389781,6.03945190684146,5.87361295765917,1,2
17,11,35,6.67075991571208,2.83689850860512,3.95839649852837,5.40391649655248,5.82065949057433,1,2
17,11,44,6.67075991571208,2.83689850860512,5.47325197089174,5.97955538465941,5.79916940499006,1,2
17,11,45,6.67075991571208,2.83689850860512,6.90419660253891,6.49576104576613,6.31272611052188,1,2
17,11,51,6.67075991571208,2.83689850860512,3.47766321450675,6.42387372379843,6.0262454642655,1,2
17,11,52,6.67075991571208,2.83689850860512,4.15995770063412,6.09915240167568,5.88963681406356,1,2
17,11,55,6.67075991571208,2.83689850860512,3.47849371591134,5.80335140394522,5.82796649624581,1,2
17,11,56,6.67075991571208,2.83689850860512,5.01935790884483,5.7407576858904,5.9373455788771,1,2
17,11,60,6.67075991571208,2.83689850860512,4.97375168242477,6.30204017798801,5.99375232106185,1,2
17,11,61,6.67075991571208,2.83689850860512,4.04821531076197,7.22596488876122,6.23969758549907,1,2
17,12,7,6.67075991571208,2.83689850860512,4.38994047817469,6.12638971790395,5.72367082313394,1,2
17,12,8,6.67075991571208,2.83689850860512,4.41118249389335,5.89311701672808,5.94888114479291,1,2
17,12,11,6.67075991571208,2.83689850860512,3.20693086428795,5.06515029379691,5.62556269329546,1,2
17,12,14,6.67075991571208,2.83689850860512,5.89619787022052,5.98528761543003,6.00238420891932,1,2
17,12,19,6.67075991571208,2.83689850860512,4.62830981390223,6.91304712145259,6.23093908610058,1,2
17,12,20,6.67075991571208,2.83689850860512,4.51483048703481,5.482586915263,5.81200090118069,1,2
17,12,23,6.67075991571208,2.83689850860512,4.45322698672538,5.7015795321371,5.68387155678862,1,2
17,12,24,6.67075991571208,2.83689850860512,5.91028474039025,6.28698287089192,6.18751486220787,1,2
17,12,25,6.67075991571208,2.83689850860512,5.36558016519121,5.41906163156409,5.90938692751923,1,2
17,12,26,6.67075991571208,2.83689850860512,5.58636877105961,5.95610650146815,5.84453235161504,1,2
17,12,29,6.67075991571208,2.83689850860512,5.8878256933569,5.77023955045985,6.01833192202221,1,2
17,12,31,6.67075991571208,2.83689850860512,4.38799178325442,6.46736849346544,6.14971961815953,1,2
17,12,32,6.67075991571208,2.83689850860512,3.82026975765237,6.48218040276115,6.05239568938369,1,2
17,12,33,6.67075991571208,2.83689850860512,6.08887805976001,6.49857711166568,6.13158195874787,1,2
17,12,34,6.67075991571208,2.83689850860512,4.16205823987176,6.13720421858798,6.06696422865424,1,2
17,12,38,6.67075991571208,2.83689850860512,3.74148993030683,6.75894501800026,6.0943752807603,1,2
17,12,40,6.67075991571208,2.83689850860512,6.23526009575687,5.893307787039,6.16058861525358,1,2
17,12,41,6.67075991571208,2.83689850860512,4.14736462543958,5.20288103387706,5.75203674642191,1,2
17,12,44,6.67075991571208,2.83689850860512,3.95130304489826,6.63874610067354,6.25911655227207,1,2
17,12,48,6.67075991571208,2.83689850860512,5.00674647873796,6.41620214506559,6.13793831993358,1,2
17,12,50,6.67075991571208,2.83689850860512,5.91423523548943,7.22416251411705,6.30000066702652,1,2
17,12,51,6.67075991571208,2.83689850860512,6.82151008205708,5.75325370662239,5.93064194359145,1,2
17,12,52,6.67075991571208,2.83689850860512,4.76560291593887,5.79615754208229,6.0304359013407,1,2
17,12,54,6.67075991571208,2.83689850860512,4.9979635930314,5.79160199414452,5.99901642291366,1,2
17,12,56,6.67075991571208,2.83689850860512,5.86624317332672,5.44633703984217,6.03837165401358,1,2
17,12,57,6.67075991571208,2.83689850860512,4.78186458689987,6.14864829334543,6.01870787661385,1,2
17,12,61,6.67075991571208,2.83689850860512,5.46698261753527,6.29818584096527,6.32739745918141,1,2
17,13,1,6.67075991571208,2.83689850860512,6.52128906339615,5.96467202583434,6.13535753061687,1,2
17,13,3,6.67075991571208,2.83689850860512,6.45452997118208,5.6586965427391,5.827907281177,1,2
17,13,4,6.67075991571208,2.83689850860512,4.57375337355629,5.87551496792216,6.07896536910027,1,2
17,13,5,6.67075991571208,2.83689850860512,5.71228936569293,6.75052692055292,6.30242622213579,1,2
17,13,6,6.67075991571208,2.83689850860512,5.04822640491295,6.34669198900545,6.26148447885188,1,2
17,13,9,6.67075991571208,2.83689850860512,4.66839105516802,6.36510771286504,6.24686302632068,1,2
17,13,10,6.67075991571208,2.83689850860512,5.5741323224409,5.86383618491143,6.2140682348743,1,2
17,13,11,6.67075991571208,2.83689850860512,5.70160686343237,5.67438000189386,6.03581724163115,1,2
17,13,12,6.67075991571208,2.83689850860512,5.24235269068732,5.91867066284339,6.15986389240428,1,2
17,13,13,6.67075991571208,2.83689850860512,4.5437100798715,4.56951803812944,5.64345406030129,1,2
17,13,19,6.67075991571208,2.83689850860512,5.29182962967288,5.71383435700679,5.95537484754877,1,2
17,13,20,6.67075991571208,2.83689850860512,6.96345751389611,5.64697520055215,6.1565852555752,1,2
17,13,23,6.67075991571208,2.83689850860512,4.96333856803044,5.70199262288001,5.8580944415146,1,2
17,13,25,6.67075991571208,2.83689850860512,5.58661302076285,6.06130296765723,6.14529516327455,1,2
17,13,27,6.67075991571208,2.83689850860512,4.68263168709538,6.11780610536097,6.15589877513473,1,2
17,13,29,6.67075991571208,2.83689850860512,3.85337970494794,6.1356294646609,6.11039970728942,1,2
17,13,30,6.67075991571208,2.83689850860512,4.87562944033089,6.26159100646116,6.23971086999271,1,2
17,13,34,6.67075991571208,2.83689850860512,5.47733037542673,5.23850626765685,5.77145012151922,1,2
17,13,36,6.67075991571208,2.83689850860512,4.09614807154534,5.6316942292792,5.90668001074106,1,2
17,13,37,6.67075991571208,2.83689850860512,3.04211231520225,6.57939515820116,6.25540588182623,1,2
17,13,40,6.67075991571208,2.83689850860512,5.10581774125776,6.77274717588639,6.50076317961279,1,2
17,13,44,6.67075991571208,2.83689850860512,5.51683158765143,6.12927364799606,6.2089239617841,1,2
17,13,46,6.67075991571208,2.83689850860512,5.7708771511881,6.6948529795282,6.42432790502454,1,2
17,13,47,6.67075991571208,2.83689850860512,5.53589658618513,7.37371695837806,6.71002107886725,1,2
17,13,50,6.67075991571208,2.83689850860512,5.8644389040701,6.3385829838556,6.30898901879946,1,2
17,13,51,6.67075991571208,2.83689850860512,5.45847331400759,6.50032412802675,6.20209191757695,1,2
17,13,52,6.67075991571208,2.83689850860512,4.34460764298521,5.72035512925388,5.84467312155536,1,2
17,13,53,6.67075991571208,2.83689850860512,5.93740351263754,6.59698852150239,6.39046392666894,1,2
17,13,56,6.67075991571208,2.83689850860512,3.04427889728034,5.95094244434418,6.14766981163509,1,2
17,13,57,6.67075991571208,2.83689850860512,4.37926056117353,5.89739609201509,5.94639694916181,1,2
17,13,59,6.67075991571208,2.83689850860512,5.93168994819537,6.55696920779703,6.27822545337028,1,2
17,13,61,6.67075991571208,2.83689850860512,5.34020743649186,5.95717453415101,6.2350419806169,1,2
17,13,63,6.67075991571208,2.83689850860512,5.58127561427945,6.67883722794665,6.46790068049022,1,2
17,13,65,6.67075991571208,2.83689850860512,4.07361801603639,6.17018839473119,6.06231795095164,1,2
17,13,67,6.67075991571208,2.83689850860512,4.39883709540846,6.58773600292192,6.46069868815514,1,2
17,13,71,6.67075991571208,2.83689850860512,6.26155748391461,5.49408694961983,6.06519306934167,1,2
17,13,72,6.67075991571208,2.83689850860512,3.18332181324642,4.83941021370619,5.88439612853732,1,2
17,13,78,6.67075991571208,2.83689850860512,5.7048835283878,5.95456137911141,6.13168720456475,1,2
17,13,79,6.67075991571208,2.83689850860512,4.68534394145062,5.88373461467399,6.10010506604183,1,2
17,13,81,6.67075991571208,2.83689850860512,6.42171229848983,5.67286112424856,6.35973163217441,1,2
17,14,3,6.67075991571208,2.83689850860512,4.64144252861984,5.93358384632539,6.36997037313808,1,2
17,14,4,6.67075991571208,2.83689850860512,4.89147553127875,6.0536477522866,6.3755571690577,1,2
17,14,5,6.67075991571208,2.83689850860512,4.29096476991992,5.48980942550522,6.2687811632758,1,2
17,14,8,6.67075991571208,2.83689850860512,4.21236827923716,5.46441013354292,6.15552480243856,1,2
17,14,9,6.67075991571208,2.83689850860512,4.86108000040272,7.04899085077672,6.59355932061879,1,2
17,14,13,6.67075991571208,2.83689850860512,4.62719833829433,6.20254186267849,6.48695254837957,1,2
17,14,14,6.67075991571208,2.83689850860512,5.23611030642781,6.3400758293016,6.38941995064095,1,2
17,14,15,6.67075991571208,2.83689850860512,4.0015568215197,5.62098731598039,6.13700251098001,1,2
17,14,16,6.67075991571208,2.83689850860512,4.24572661451275,6.13314517366418,6.30788909997322,1,2
17,14,18,6.67075991571208,2.83689850860512,4.36732924857211,6.07756620172738,6.05417084097562,1,2
17,14,22,6.67075991571208,2.83689850860512,5.59043626344655,5.99882213457633,6.37459341519122,1,2
17,14,26,6.67075991571208,2.83689850860512,4.97898386306005,5.85318502300124,6.26174576374783,1,2
17,14,27,6.67075991571208,2.83689850860512,4.16312746226722,6.01073521128811,6.21877261954847,1,2
17,14,29,6.67075991571208,2.83689850860512,5.5888299029818,6.53999744913728,6.3977480769639,1,2
17,14,30,6.67075991571208,2.83689850860512,4.91229764604552,5.76677991171171,6.40160358738476,1,2
17,14,31,6.67075991571208,2.83689850860512,5.30902711130205,5.01365689519232,6.15351933776788,1,2
17,14,32,6.67075991571208,2.83689850860512,7.01148103338547,6.12560066644906,6.65259185779781,1,2
17,14,35,6.67075991571208,2.83689850860512,5.69716473876791,6.93788938050176,6.36262810828557,1,2
17,14,36,6.67075991571208,2.83689850860512,4.73801649705464,6.21155961408821,6.22382527626903,1,2
17,14,37,6.67075991571208,2.83689850860512,4.70020220314914,5.63729790627366,6.38428390595588,1,2
17,14,40,6.67075991571208,2.83689850860512,6.59280804731206,6.14062818237164,6.33807360283543,1,2
17,14,41,6.67075991571208,2.83689850860512,3.77596643905909,5.43413376197467,6.05737424170115,1,2
17,14,42,6.67075991571208,2.83689850860512,4.87344752762698,5.91073719439567,6.23402193748008,1,2
17,14,43,6.67075991571208,2.83689850860512,5.06893089806858,4.80652295957633,5.736417052236,1,2
17,14,44,6.67075991571208,2.83689850860512,4.14384181870922,5.90673415059642,6.43400080410976,1,2
17,14,46,6.67075991571208,2.83689850860512,6.04601732604392,5.6396661764827,6.33080679273405,1,2
17,14,51,6.67075991571208,2.83689850860512,2.25423902870515,5.5524774618661,6.33418841033009,1,2
17,14,52,6.67075991571208,2.83689850860512,6.34631446503963,7.17733200909162,6.56527158382073,1,2
17,14,53,6.67075991571208,2.83689850860512,3.17975150134427,6.36938184462149,6.38213368993712,1,2
17,14,54,6.67075991571208,2.83689850860512,4.15476201615469,5.85965110426128,6.08030974691707,1,2
17,14,57,6.67075991571208,2.83689850860512,5.0561966611688,6.53301255986564,6.27910603002299,1,2
17,14,60,6.67075991571208,2.83689850860512,6.50586015356393,6.49693383623559,6.57235054015366,1,2
17,14,62,6.67075991571208,2.83689850860512,5.69761235273854,6.00833985027241,6.28065843445046,1,2
17,14,65,6.67075991571208,2.83689850860512,4.6001789346035,5.44246274314174,6.16223971348845,1,2
17,14,66,6.67075991571208,2.83689850860512,4.36788094270617,6.02691655071644,6.24538880150133,1,2
17,14,69,6.67075991571208,2.83689850860512,4.80595191504423,4.31262172252303,5.69425692645438,1,2
17,14,72,6.67075991571208,2.83689850860512,6.03614755677974,6.24021832814239,6.35626547439579,1,2
17,14,74,6.67075991571208,2.83689850860512,2.88160923107253,5.50520632980412,6.03961050986303,1,2
17,14,76,6.67075991571208,2.83689850860512,4.81025074275136,5.62357653793707,6.16868021337253,1,2
17,14,77,6.67075991571208,2.83689850860512,4.18793263712593,5.67368674086538,6.19817210484753,1,2
17,14,80,6.67075991571208,2.83689850860512,4.97813233467375,5.37856475187604,6.07888129105221,1,2
17,14,82,6.67075991571208,2.83689850860512,4.48566034695722,5.76499771541697,5.98493552573703,1,2
17,14,83,6.67075991571208,2.83689850860512,5.71578454711281,5.62624270378951,6.30618053202664,1,2
17,14,84,6.67075991571208,2.83689850860512,5.20760956644448,5.31334174801279,6.20816334623673,1,2
17,14,85,6.67075991571208,2.83689850860512,5.03767191150911,5.62744768116587,6.35033684245199,1,2
17,14,88,6.67075991571208,2.83689850860512,4.07223236998436,6.36134557822814,6.51777647061684,1,2
17,14,89,6.67075991571208,2.83689850860512,4.97692556881971,6.17004731094195,6.28155662316935,1,2
17,14,91,6.67075991571208,2.83689850860512,3.79925160072872,5.98961405754287,6.13337999584258,1,2
17,14,93,6.67075991571208,2.83689850860512,3.96661234186633,6.59910590731546,6.23696688958163,1,2
17,15,1,6.67075991571208,2.83689850860512,4.13920986095933,5.7227135690175,6.4761290394039,1,2
17,15,2,6.67075991571208,2.83689850860512,5.69651101686405,5.62170022832937,6.5731115634642,1,2
17,15,3,6.67075991571208,2.83689850860512,5.16411622104485,6.2916452535674,6.48836864821536,1,2
17,15,4,6.67075991571208,2.83689850860512,5.20701404288743,6.13600300828021,6.53516986217255,1,2
17,15,7,6.67075991571208,2.83689850860512,3.61699948523944,6.08368742137124,6.69505955126909,1,2
17,15,8,6.67075991571208,2.83689850860512,4.39973892088155,5.81353313600338,6.68764153664533,1,2
17,15,10,6.67075991571208,2.83689850860512,4.75141386504895,5.73925242532085,6.40236001846027,1,2
17,15,13,6.67075991571208,2.83689850860512,6.72461446799601,6.06871502208542,6.50799351978044,1,2
17,15,14,6.67075991571208,2.83689850860512,5.06439161149583,5.86528824087477,6.47870744947998,1,2
17,15,18,6.67075991571208,2.83689850860512,6.76852904738174,5.16676549966528,6.28946982462873,1,2
17,15,20,6.67075991571208,2.83689850860512,4.47063060717221,6.08160876614932,6.61713423794066,1,2
17,15,21,6.67075991571208,2.83689850860512,5.70576076819206,6.73415809499101,6.91338511501647,1,2
17,15,22,6.67075991571208,2.83689850860512,5.73219471210045,6.40052342729767,6.42214402159306,1,2
17,15,23,6.67075991571208,2.83689850860512,4.74923402509928,6.60252341912948,6.6725449009606,1,2
17,15,24,6.67075991571208,2.83689850860512,6.63192229419883,5.92310523759032,6.27691930117351,1,2
17,15,26,6.67075991571208,2.83689850860512,3.40988977105226,6.08250278059113,6.26991105276556,1,2
17,15,27,6.67075991571208,2.83689850860512,4.07686143433711,4.92908414915935,6.70159163938005,1,2
17,15,28,6.67075991571208,2.83689850860512,5.08305684262542,6.13276407694821,6.37110188429613,1,2
17,15,29,6.67075991571208,2.83689850860512,2.98213735675503,6.85637487412141,6.65165416373568,1,2
17,15,30,6.67075991571208,2.83689850860512,4.61707259206965,5.90699516769297,6.50142058933708,1,2
17,15,36,6.67075991571208,2.83689850860512,5.11668621395456,5.29034913257849,6.52541548979748,1,2
17,15,38,6.67075991571208,2.83689850860512,8.26449686263522,6.40982079121867,6.94680904483225,1,2
17,15,39,6.67075991571208,2.83689850860512,5.65302489827491,6.22683197511091,6.63535514608815,1,2
17,15,40,6.67075991571208,2.83689850860512,5.08748272581061,5.34975321894045,6.34518160583846,1,2
17,15,41,6.67075991571208,2.83689850860512,4.56760514017739,5.55660986419453,6.22378348827329,1,2
17,15,42,6.67075991571208,2.83689850860512,4.53050869340514,5.66087323793112,6.34541679975045,1,2
17,15,43,6.67075991571208,2.83689850860512,5.17204825300062,6.01420829502661,6.55520963187313,1,2
17,15,50,6.67075991571208,2.83689850860512,5.69407132331977,6.0017902130932,6.66750274607817,1,2
17,15,52,6.67075991571208,2.83689850860512,6.03208991161846,5.79427943485091,6.41149600336961,1,2
17,15,53,6.67075991571208,2.83689850860512,4.97882916127294,5.89729212035917,6.63020508134843,1,2
17,15,55,6.67075991571208,2.83689850860512,5.45868208638691,5.70306207868505,6.31495766497746,1,2
17,15,57,6.67075991571208,2.83689850860512,5.27936476029846,5.74046859499121,6.54853106953961,1,2
17,15,59,6.67075991571208,2.83689850860512,5.84721048257924,6.06385567929182,6.67734012987081,1,2
17,15,61,6.67075991571208,2.83689850860512,3.67123023193773,5.94706907607011,6.70632688481941,1,2
17,15,64,6.67075991571208,2.83689850860512,2.18909306722468,6.00813213362489,6.39581761967355,1,2
17,15,65,6.67075991571208,2.83689850860512,4.36258085318213,5.92083967986169,6.45409780555956,1,2
17,15,68,6.67075991571208,2.83689850860512,4.20741979242203,4.41911546243591,6.01851518924319,1,2
17,15,71,6.67075991571208,2.83689850860512,5.60118443953711,6.98522745800522,6.77336722749831,1,2
17,15,75,6.67075991571208,2.83689850860512,4.96196085118704,6.1640146346892,6.41630621319807,1,2
17,15,77,6.67075991571208,2.83689850860512,4.91841061746039,5.8491492156779,6.5597408725514,1,2
17,15,78,6.67075991571208,2.83689850860512,4.67235280723339,6.19866557803773,6.46312469488179,1,2
17,15,80,6.67075991571208,2.83689850860512,4.18158362941851,5.97089352362289,6.34493938097522,1,2
17,15,82,6.67075991571208,2.83689850860512,5.49384935126683,5.96770607729289,6.86461321015349,1,2
17,15,83,6.67075991571208,2.83689850860512,6.68237857144474,5.72953067208907,6.50321908393334,1,2
17,15,84,6.67075991571208,2.83689850860512,4.86939754225879,6.71664473193311,6.86973722475193,1,2
17,15,86,6.67075991571208,2.83689850860512,5.31165297018349,6.16928803190758,6.34446139583068,1,2
17,15,87,6.67075991571208,2.83689850860512,4.89342025454825,5.17499414267498,5.95268669949633,1,2
17,15,88,6.67075991571208,2.83689850860512,4.3827220992909,6.15169156343337,6.52321333088927,1,2
17,15,89,6.67075991571208,2.83689850860512,5.78768409752915,5.81498926529537,6.71322984872149,1,2
17,15,90,6.67075991571208,2.83689850860512,5.26778601578766,6.34614011334528,6.78973739354071,1,2
17,15,91,6.67075991571208,2.83689850860512,4.74192658789004,5.45879519996262,6.1574946343186,1,2
17,15,94,6.67075991571208,2.83689850860512,4.71741563497978,5.87678281951447,6.3376661232658,1,2
17,16,1,6.67075991571208,2.83689850860512,5.2433361455295,6.86257675097499,6.617071349507,1,2
17,16,5,6.67075991571208,2.83689850860512,5.04945710498715,5.78213801001949,6.58571000988766,1,2
17,16,6,6.67075991571208,2.83689850860512,6.15601789125404,6.16341078113866,6.75938513742823,1,2
17,16,8,6.67075991571208,2.83689850860512,6.83934716995815,5.43836225516533,6.4352085663106,1,2
17,16,9,6.67075991571208,2.83689850860512,4.54362700348012,6.47792708424683,6.29907517859741,1,2
17,16,10,6.67075991571208,2.83689850860512,5.24774004748275,7.0225972411349,7.0842978713393,1,2
17,16,12,6.67075991571208,2.83689850860512,3.73351820232103,6.45773332107071,6.40511171032967,1,2
17,16,17,6.67075991571208,2.83689850860512,3.20555571241308,5.51920572678193,6.42550907349383,1,2
17,16,21,6.67075991571208,2.83689850860512,4.63529957244172,6.33267787326389,6.44030175315691,1,2
17,16,22,6.67075991571208,2.83689850860512,5.95947927910552,6.31169782197645,6.87249448288523,1,2
17,16,23,6.67075991571208,2.83689850860512,5.02786848503757,6.22319245810538,6.89893276783672,1,2
17,16,24,6.67075991571208,2.83689850860512,3.63308619452254,5.37918467883368,6.27397558210602,1,2
17,16,25,6.67075991571208,2.83689850860512,4.38845087704158,5.66199193817875,6.53786682920626,1,2
17,16,26,6.67075991571208,2.83689850860512,5.03191282170487,6.42564987654903,6.4315433382514,1,2
17,16,28,6.67075991571208,2.83689850860512,3.5349606721533,5.64765263117721,6.45139190335632,1,2
17,16,30,6.67075991571208,2.83689850860512,4.62324965292706,6.36446782059675,6.74889268603313,1,2
17,16,31,6.67075991571208,2.83689850860512,6.20950337664475,5.54728659506377,6.48570536459504,1,2
17,16,33,6.67075991571208,2.83689850860512,4.22857568630626,6.52640496027533,6.44281436379181,1,2
17,16,34,6.67075991571208,2.83689850860512,5.03511149231438,6.73304585489868,6.96266021736676,1,2
17,16,35,6.67075991571208,2.83689850860512,6.14862911246672,7.18581674211342,6.95847367375403,1,2
17,16,36,6.67075991571208,2.83689850860512,5.33286098766035,5.54852959794581,6.57145046141321,1,2
17,16,37,6.67075991571208,2.83689850860512,5.32484110158087,6.16064954199308,6.45473259758968,1,2
17,16,38,6.67075991571208,2.83689850860512,4.33960605501388,6.00445119796525,6.83187624729605,1,2
17,16,43,6.67075991571208,2.83689850860512,5.54455900134632,7.09342700563645,6.82903298238293,1,2
17,16,44,6.67075991571208,2.83689850860512,5.66212495151242,6.16304621027803,6.61141889403145,1,2
17,16,46,6.67075991571208,2.83689850860512,5.63052167760318,6.39848016954769,6.9953094751897,1,2
17,16,47,6.67075991571208,2.83689850860512,4.6760629158959,5.66372589191029,6.6851093684548,1,2
17,16,48,6.67075991571208,2.83689850860512,5.25735157903884,5.71604196885272,6.43159361929024,1,2
17,16,49,6.67075991571208,2.83689850860512,4.82768164033834,6.09312256494162,6.58490843823152,1,2
17,16,51,6.67075991571208,2.83689850860512,5.20396666728658,6.23664477170566,6.61862584155313,1,2
17,16,52,6.67075991571208,2.83689850860512,5.662256368373,5.65378856023887,6.60368095568247,1,2
17,16,55,6.67075991571208,2.83689850860512,4.40226169710664,5.32062602077187,6.51397016193678,1,2
17,16,58,6.67075991571208,2.83689850860512,3.83968130234683,6.10493582146251,6.84195030202285,1,2
17,16,59,6.67075991571208,2.83689850860512,4.19408750019359,6.26169550225399,6.69312510052493,1,2
17,16,60,6.67075991571208,2.83689850860512,4.06863086878017,6.83840018825702,6.55415786711775,1,2
17,16,61,6.67075991571208,2.83689850860512,6.15623385420227,5.39980326637253,6.4474933617544,1,2
17,16,62,6.67075991571208,2.83689850860512,6.89597659512443,5.76845549323099,6.55214608954712,1,2
17,16,64,6.67075991571208,2.83689850860512,6.06232891145112,7.39428097603954,7.17625093165086,1,2
17,16,66,6.67075991571208,2.83689850860512,5.22925829420628,6.10194960154765,6.60978957398609,1,2
17,17,1,6.67075991571208,2.83689850860512,3.49449508853198,5.73531829979618,6.48083421593641,1,2
17,17,2,6.67075991571208,2.83689850860512,2.95740198136626,5.38543220246244,6.16901798129476,1,2
17,17,5,6.67075991571208,2.83689850860512,5.3764410016087,6.49183834299156,6.51927122274319,1,2
17,17,6,6.67075991571208,2.83689850860512,5.29686114404859,6.11149336920988,6.82499740803511,1,2
17,17,8,6.67075991571208,2.83689850860512,4.88360063017739,6.53202407868048,6.79886826971617,1,2
17,17,9,6.67075991571208,2.83689850860512,5.2905266394286,6.78154682013168,6.95900161955098,1,2
17,17,11,6.67075991571208,2.83689850860512,4.25588053087242,6.49202574595828,6.4789733961711,1,2
17,17,12,6.67075991571208,2.83689850860512,4.26657501631895,5.44272359176857,6.47206854494327,1,2
17,17,13,6.67075991571208,2.83689850860512,5.14256935404053,6.64771789687273,6.40235300106412,1,2
17,17,14,6.67075991571208,2.83689850860512,4.25079479798123,5.94371858946589,6.4024292600635,1,2
17,17,21,6.67075991571208,2.83689850860512,4.7348965689936,6.36786341694123,6.68699897255003,1,2
17,17,22,6.67075991571208,2.83689850860512,5.83650629891689,6.13911911017337,6.526613078478,1,2
17,17,23,6.67075991571208,2.83689850860512,6.55672050342967,6.61014303458093,6.65640675967802,1,2
17,17,26,6.67075991571208,2.83689850860512,5.88121552639422,5.95299764256471,6.42127671218382,1,2
17,17,27,6.67075991571208,2.83689850860512,4.38030466074069,6.38562100223198,6.41444771986652,1,2
17,17,30,6.67075991571208,2.83689850860512,7.35273197397687,5.8165329055188,6.71004380568028,1,2
17,17,31,6.67075991571208,2.83689850860512,3.25663358382191,5.01631694941945,6.30144112766569,1,2
17,17,32,6.67075991571208,2.83689850860512,5.48990235573138,6.04709585382807,6.29684976979845,1,2
17,17,37,6.67075991571208,2.83689850860512,4.75134595857323,6.53339267557961,6.2310802642117,1,2
17,17,39,6.67075991571208,2.83689850860512,4.66009753984747,5.18861515517523,6.48036937277757,1,2
17,17,40,6.67075991571208,2.83689850860512,4.29295956580592,5.51093979091342,6.20788124583678,1,2
17,17,41,6.67075991571208,2.83689850860512,5.08440621188884,6.4540349529635,6.7297382041157,1,2
17,17,43,6.67075991571208,2.83689850860512,4.74863199926274,6.14028824195135,6.78724027535141,1,2
17,17,46,6.67075991571208,2.83689850860512,3.88560049894965,6.87599486902067,6.63516677483273,1,2
17,17,48,6.67075991571208,2.83689850860512,5.12116490770222,5.32022369322431,6.49906794042563,1,2
17,17,50,6.67075991571208,2.83689850860512,3.30052240517674,5.84606868741953,6.69931636841087,1,2
17,17,51,6.67075991571208,2.83689850860512,1.66368543199562,5.7357860248758,6.24140675353779,1,2
17,17,52,6.67075991571208,2.83689850860512,4.76417725838124,5.56200404755592,6.73086943135841,1,2
17,17,53,6.67075991571208,2.83689850860512,5.47465226151123,6.37580106528377,6.79467188206066,1,2
17,17,55,6.67075991571208,2.83689850860512,4.29341972684406,5.47105147715514,6.33086322540647,1,2
17,17,56,6.67075991571208,2.83689850860512,5.34582154657724,5.76044748040787,6.31933861714568,1,2
17,17,57,6.67075991571208,2.83689850860512,5.69033931138217,5.67752466649924,6.52112780069551,1,2
17,17,59,6.67075991571208,2.83689850860512,5.71869896890747,5.69542501602937,6.58680509873075,1,2
17,17,60,6.67075991571208,2.83689850860512,5.27625030989304,5.70842465665354,6.41890018074057,1,2
17,17,61,6.67075991571208,2.83689850860512,3.78160537299964,6.63147322126836,6.50990153858933,1,2
17,17,63,6.67075991571208,2.83689850860512,4.05313475060783,6.69202019540549,6.7957489535733,1,2
17,17,65,6.67075991571208,2.83689850860512,5.66198009252873,6.46393733950041,6.54374747312463,1,2
17,17,66,6.67075991571208,2.83689850860512,6.05675022916832,6.01268835350524,6.61896938195028,1,2
17,17,67,6.67075991571208,2.83689850860512,5.4778270886004,5.82382351527823,6.62952703276227,1,2
17,17,68,6.67075991571208,2.83689850860512,3.22704806390103,5.296022161199,6.3208271172901,1,2
17,17,69,6.67075991571208,2.83689850860512,3.48105204841496,5.62670494850053,6.48825222359174,1,2
17,17,70,6.67075991571208,2.83689850860512,3.91635637490973,5.99229531440931,6.607754441397,1,2
17,17,72,6.67075991571208,2.83689850860512,2.84792220414722,5.50302477133309,6.33690084903817,1,2
17,17,74,6.67075991571208,2.83689850860512,5.05482126368587,6.49867832792474,6.41285387567542,1,2
17,17,76,6.67075991571208,2.83689850860512,5.86020213135103,5.22984173587053,6.50446585335917,1,2
17,17,80,6.67075991571208,2.83689850860512,8.1905052755266,5.8977997716968,6.57341615539975,1,2
17,17,81,6.67075991571208,2.83689850860512,4.06700477960516,5.59303434698073,6.47011329442255,1,2
17,17,83,6.67075991571208,2.83689850860512,5.05748046177569,6.50309617219291,6.66769585375811,1,2
17,18,1,6.67075991571208,2.83689850860512,3.21138941948349,6.04620813135328,6.5728166096674,1,2
17,18,3,6.67075991571208,2.83689850860512,4.88667113515164,5.66853432053644,6.62000832121754,1,2
17,18,4,6.67075991571208,2.83689850860512,5.8268907996329,5.92563289706659,6.46691112258995,1,2
17,18,8,6.67075991571208,2.83689850860512,6.75958682730906,6.32831696338103,7.04133770009303,1,2
17,18,9,6.67075991571208,2.83689850860512,4.06848718788456,6.01589868673965,6.49450464906148,1,2
17,18,12,6.67075991571208,2.83689850860512,4.74468990625975,6.24941657764909,6.44792586875075,1,2
17,18,16,6.67075991571208,2.83689850860512,2.47142644249395,5.87746645680304,6.47818167095768,1,2
17,18,21,6.67075991571208,2.83689850860512,5.52750163983234,5.61972845881231,6.89650988027259,1,2
17,18,22,6.67075991571208,2.83689850860512,5.14492406832547,6.05801191629105,6.64815630603551,1,2
17,18,24,6.67075991571208,2.83689850860512,5.28502231456943,5.47718858052306,6.6430608980372,1,2
17,18,27,6.67075991571208,2.83689850860512,4.58500906034321,5.88496067745004,6.61592276111288,1,2
17,18,29,6.67075991571208,2.83689850860512,6.36587979136931,6.09676825521387,6.96479399750044,1,2
17,18,37,6.67075991571208,2.83689850860512,3.8619887983985,5.53528641991702,6.67608772084104,1,2
17,18,39,6.67075991571208,2.83689850860512,4.30438452276569,5.5692014145994,6.6550189382504,1,2
17,18,40,6.67075991571208,2.83689850860512,5.92805909967171,6.59067908864582,7.22871863597006,1,2
17,18,42,6.67075991571208,2.83689850860512,4.04118795790805,5.43817747596897,6.48954734837682,1,2
17,18,44,6.67075991571208,2.83689850860512,3.90035410464298,5.82619618301974,6.62252032373555,1,2
17,18,45,6.67075991571208,2.83689850860512,5.43894698239818,5.87752763728579,6.54794880139277,1,2
17,18,49,6.67075991571208,2.83689850860512,3.44060917064286,5.99518428039435,6.5566814266779,1,2
17,18,51,6.67075991571208,2.83689850860512,5.38551905626415,6.15237355896242,6.91446583670373,1,2
17,18,52,6.67075991571208,2.83689850860512,5.08122824648762,5.64386658038487,6.38821752168215,1,2
17,18,53,6.67075991571208,2.83689850860512,3.5454102352383,5.78212909000452,6.67402186144232,1,2
17,18,55,6.67075991571208,2.83689850860512,5.68955389593375,5.11782914274379,6.19823353181911,1,2
17,18,56,6.67075991571208,2.83689850860512,4.50939549127561,4.8016356607148,6.69231354892764,1,2
17,18,60,6.67075991571208,2.83689850860512,4.10089623315768,5.93027809356578,6.59782178663215,1,2
17,18,62,6.67075991571208,2.83689850860512,4.9955895134223,5.1531933966687,6.62137020655486,1,2
17,18,65,6.67075991571208,2.83689850860512,5.83294379783661,6.19864163153413,6.89232556125878,1,2
17,18,69,6.67075991571208,2.83689850860512,5.05917341838059,5.26701290735098,6.46520686617206,1,2
17,18,71,6.67075991571208,2.83689850860512,2.60762734971508,6.10609379793507,6.53978647749915,1,2
17,18,72,6.67075991571208,2.83689850860512,5.33756564588724,6.51351693059253,6.93719234706368,1,2
17,18,73,6.67075991571208,2.83689850860512,5.34163573843514,5.92648633630779,6.70968360045921,1,2
17,18,74,6.67075991571208,2.83689850860512,6.75388714165295,5.07920073462621,6.83165899304352,1,2
17,18,75,6.67075991571208,2.83689850860512,4.85322173023896,5.84347509420889,6.32551963160161,1,2
17,18,76,6.67075991571208,2.83689850860512,5.64378110897304,6.59969168806962,7.01120929336436,1,2
17,18,77,6.67075991571208,2.83689850860512,4.99003664882581,5.92008664344169,6.79520241476464,1,2
17,18,78,6.67075991571208,2.83689850860512,6.17101049914624,6.03239065322187,6.71368780803451,1,2
17,18,80,6.67075991571208,2.83689850860512,5.46021050171425,6.68623442324404,6.8115742364861,1,2
17,18,82,6.67075991571208,2.83689850860512,5.07935703160516,6.06533575275225,6.92627099931839,1,2
17,18,83,6.67075991571208,2.83689850860512,3.4568960312803,6.09515604929869,6.61655991731403,1,2
17,18,90,6.67075991571208,2.83689850860512,4.2064338945625,6.41996165814011,6.64029021984997,1,2
17,18,91,6.67075991571208,2.83689850860512,3.66946777070868,5.96870526073711,6.58803574386306,1,2
17,18,93,6.67075991571208,2.83689850860512,5.75962621323788,5.89615972315893,6.94906106241405,1,2
17,19,1,6.67075991571208,2.83689850860512,3.89368141663705,6.42890867142361,6.98910552398457,1,2
17,19,2,6.67075991571208,2.83689850860512,4.9045198283511,6.09237058914481,7.308483615858,1,2
17,19,6,6.67075991571208,2.83689850860512,4.36314337243143,6.10043338618651,7.43788048937411,1,2
17,19,7,6.67075991571208,2.83689850860512,5.05726657841727,6.30484922405528,7.34567670764076,1,2
17,19,8,6.67075991571208,2.83689850860512,3.64947025172313,5.39720060660843,6.91652067189821,1,2
17,19,9,6.67075991571208,2.83689850860512,4.91807510924723,6.3994540723856,7.17935799519618,1,2
17,19,10,6.67075991571208,2.83689850860512,2.91821804611954,6.16627118314787,7.18831987437159,1,2
17,19,11,6.67075991571208,2.83689850860512,5.57938301069818,6.05467271428718,7.03189098863246,1,2
17,19,12,6.67075991571208,2.83689850860512,5.53133761855315,5.99416885483299,7.15414977902812,1,2
17,19,17,6.67075991571208,2.83689850860512,4.41797796818434,6.01229719092247,7.00799295259971,1,2
17,19,18,6.67075991571208,2.83689850860512,4.40959252572262,5.33900675060495,6.90156946062813,1,2
17,19,19,6.67075991571208,2.83689850860512,4.95902152667106,6.02352643928086,7.17109231844794,1,2
17,19,20,6.67075991571208,2.83689850860512,6.28602835096256,7.37244805272599,7.70264925145982,1,2
17,19,21,6.67075991571208,2.83689850860512,3.83091675841919,5.96918791772781,7.01137811938888,1,2
17,19,22,6.67075991571208,2.83689850860512,5.1161537673911,5.32352854347296,7.24529665734726,1,2
17,19,25,6.67075991571208,2.83689850860512,4.45400139631692,6.5949600645512,7.42741330797548,1,2
17,19,28,6.67075991571208,2.83689850860512,4.6471763484872,6.28174779825494,7.12483756362993,1,2
17,19,29,6.67075991571208,2.83689850860512,6.35200316595979,5.70569272937339,7.07630771532863,1,2
17,19,30,6.67075991571208,2.83689850860512,5.58509352628236,6.58793556547138,7.31317612537218,1,2
17,19,33,6.67075991571208,2.83689850860512,2.5060496282016,6.38820846748538,6.819819014128,1,2
17,19,35,6.67075991571208,2.83689850860512,3.80052121929861,4.6505894540474,6.51577714903473,1,2
17,19,37,6.67075991571208,2.83689850860512,6.05800633563039,6.08002364970647,7.05888928419662,1,2
17,19,38,6.67075991571208,2.83689850860512,6.16290185738011,6.83003650380319,7.34322398457463,1,2
17,19,42,6.67075991571208,2.83689850860512,5.36945617058535,5.88901966382482,6.92949947225359,1,2
17,19,43,6.67075991571208,2.83689850860512,6.00015140520702,6.42099623747036,7.33289376441058,1,2
17,19,44,6.67075991571208,2.83689850860512,4.96374380161343,5.72585792862384,7.10746096109241,1,2
17,19,48,6.67075991571208,2.83689850860512,5.41437027082464,6.32731716531856,7.26229911774027,1,2
17,19,49,6.67075991571208,2.83689850860512,3.98237388409868,5.43083243668591,6.59319748682183,1,2
17,19,51,6.67075991571208,2.83689850860512,6.21118244967373,6.2298707264195,7.57243260085546,1,2
17,19,52,6.67075991571208,2.83689850860512,3.60096862730948,5.80778409813146,7.05541592404063,1,2
17,19,54,6.67075991571208,2.83689850860512,4.69277893176343,5.29310241426727,6.97669716229558,1,2
17,19,58,6.67075991571208,2.83689850860512,5.33002267981382,6.20557386822986,7.2450592632097,1,2
17,19,59,6.67075991571208,2.83689850860512,6.08427918743964,6.37500197236619,7.26366011604261,1,2
17,19,64,6.67075991571208,2.83689850860512,5.31248178978061,6.65056839855076,7.6415676783345,1,2
17,19,65,6.67075991571208,2.83689850860512,4.69933338874954,5.35926441791594,7.01927743626261,1,2
17,19,70,6.67075991571208,2.83689850860512,5.4386914681418,5.99944326491939,7.26240451907552,1,2
17,19,71,6.67075991571208,2.83689850860512,5.48599228477686,6.08524190460858,6.92528335785181,1,2
17,19,72,6.67075991571208,2.83689850860512,4.65867518093683,5.85100301097374,7.2817263147268,1,2
17,19,73,6.67075991571208,2.83689850860512,2.40844558223678,6.01171081280534,7.13416255611349,1,2
17,19,74,6.67075991571208,2.83689850860512,6.36602204271554,6.12346502823353,7.27048210177032,1,2
17,19,76,6.67075991571208,2.83689850860512,4.80518374097687,5.83056725099522,7.05989198904504,1,2
17,19,78,6.67075991571208,2.83689850860512,4.94336577033348,6.80915804125324,7.46197961937447,1,2
17,20,1,6.67075991571208,2.83689850860512,4.14206542600627,6.74716599747543,6.99973070336568,1,2
17,20,2,6.67075991571208,2.83689850860512,5.91016260892105,5.2702183978283,6.74792638181402,1,2
17,20,4,6.67075991571208,2.83689850860512,6.22357786597105,6.17216991399236,7.52125632856276,1,2
17,20,6,6.67075991571208,2.83689850860512,4.44588078238928,6.07816597568182,7.17885596877431,1,2
17,20,8,6.67075991571208,2.83689850860512,4.03228081709859,5.82866242460892,6.88923295552658,1,2
17,20,10,6.67075991571208,2.83689850860512,5.90164469682715,6.61624279637267,7.02072552115964,1,2
17,20,11,6.67075991571208,2.83689850860512,3.39545939680534,6.08971109019807,6.68269635222412,1,2
17,20,17,6.67075991571208,2.83689850860512,1.58787318026345,5.6631460797731,6.58432573204315,1,2
17,20,22,6.67075991571208,2.83689850860512,5.98259924134344,5.65462551221878,7.38201667021361,1,2
17,20,23,6.67075991571208,2.83689850860512,4.66934221252688,5.54381467263341,6.95587452820766,1,2
17,20,24,6.67075991571208,2.83689850860512,4.69709295170692,5.57035497358188,6.94067995535023,1,2
17,20,29,6.67075991571208,2.83689850860512,3.67840612365147,5.85016500016741,6.89284903757873,1,2
17,20,30,6.67075991571208,2.83689850860512,5.20759956826952,5.68968709686282,6.89337744639332,1,2
17,20,31,6.67075991571208,2.83689850860512,6.05523126730066,5.76328861409534,6.91829482716222,1,2
17,20,32,6.67075991571208,2.83689850860512,6.89208636836242,6.19445936084667,7.21442387889389,1,2
17,20,35,6.67075991571208,2.83689850860512,5.13548931809993,6.92468134359705,7.09197981972172,1,2
17,20,36,6.67075991571208,2.83689850860512,4.75078710853592,5.51867059923474,6.93053686398599,1,2
17,20,37,6.67075991571208,2.83689850860512,4.3462605257828,6.32200576859803,7.15456438921285,1,2
17,20,40,6.67075991571208,2.83689850860512,4.59105580634531,6.01064987016644,6.69239055665567,1,2
17,20,41,6.67075991571208,2.83689850860512,6.22819744658939,5.69016072856579,6.90122044338779,1,2
17,20,43,6.67075991571208,2.83689850860512,3.51483212882406,5.68030193678451,6.43082533295135,1,2
17,20,47,6.67075991571208,2.83689850860512,5.17816370841101,6.62666171400531,7.3587721220784,1,2
17,20,50,6.67075991571208,2.83689850860512,5.8707369973802,5.73504536684062,7.18947114104326,1,2
17,20,52,6.67075991571208,2.83689850860512,6.23382946168757,5.08944890488275,7.04183336056786,1,2
17,20,55,6.67075991571208,2.83689850860512,4.58618834748265,6.48949102823603,7.05691071322987,1,2
17,20,58,6.67075991571208,2.83689850860512,5.52442222048283,6.4932782235208,7.25856687434785,1,2
17,20,59,6.67075991571208,2.83689850860512,4.07007650404602,5.0444843069306,6.76798047927308,1,2
17,20,62,6.67075991571208,2.83689850860512,3.3332800985986,6.13887870723958,7.00280751742065,1,2
17,21,4,6.67075991571208,2.83689850860512,6.8802096342167,6.28886189227234,7.14814079128222,1,2
17,21,5,6.67075991571208,2.83689850860512,6.27060551501156,5.74008911750519,7.22343211847206,1,2
17,21,6,6.67075991571208,2.83689850860512,5.10584230779455,6.88756030732986,7.42640408736468,1,2
17,21,11,6.67075991571208,2.83689850860512,4.71451992364265,5.25120001277401,6.98856516386151,1,2
17,21,12,6.67075991571208,2.83689850860512,5.12799031270262,6.16727821587745,6.8391172816687,1,2
17,21,14,6.67075991571208,2.83689850860512,6.86885593803867,6.95899702100335,7.45590740575161,1,2
17,21,15,6.67075991571208,2.83689850860512,3.87707103664014,5.93467571584619,6.75251855248052,1,2
17,21,17,6.67075991571208,2.83689850860512,4.02968517056155,6.05165192392416,7.21589700320619,1,2
17,21,18,6.67075991571208,2.83689850860512,3.9336594965869,6.02698831341334,7.12033515572191,1,2
17,21,20,6.67075991571208,2.83689850860512,4.84296302987362,5.64848249631419,6.84863850718695,1,2
17,21,27,6.67075991571208,2.83689850860512,3.75089157971972,6.0488624605374,6.87820802034409,1,2
17,21,28,6.67075991571208,2.83689850860512,6.22999345189587,6.15474147957051,7.50145048404904,1,2
17,21,29,6.67075991571208,2.83689850860512,4.58750759256428,5.87251762367685,7.20398575735163,1,2
17,21,31,6.67075991571208,2.83689850860512,5.12203494855448,6.43608791418994,7.18598296961265,1,2
17,21,32,6.67075991571208,2.83689850860512,3.55097240266805,6.75580825856798,7.08169734299454,1,2
17,21,35,6.67075991571208,2.83689850860512,4.77146126907418,6.07591003224616,7.5505323588293,1,2
17,21,37,6.67075991571208,2.83689850860512,4.94672253052781,6.37225610421725,6.97603802505129,1,2
17,21,42,6.67075991571208,2.83689850860512,7.04609685928935,5.81670272272312,7.1558856029132,1,2
17,21,43,6.67075991571208,2.83689850860512,6.11415676368787,5.98134425004029,7.11475158681775,1,2
17,21,50,6.67075991571208,2.83689850860512,4.33309456535041,5.51874158349987,6.90548902837225,1,2
17,21,54,6.67075991571208,2.83689850860512,4.74863978405213,5.40704553161778,7.00056979117401,1,2
17,21,56,6.67075991571208,2.83689850860512,5.89670197661887,5.86498589538705,7.15780062304339,1,2
17,21,59,6.67075991571208,2.83689850860512,3.31981188874034,6.38717756810855,7.19953696963481,1,2
17,22,1,6.67075991571208,2.83689850860512,5.22612313490121,6.17162569872523,7.27884172299258,1,2
17,22,4,6.67075991571208,2.83689850860512,5.43552629421445,6.3614284078198,7.63480745886282,1,2
17,22,7,6.67075991571208,2.83689850860512,4.80136409464378,5.04483803797903,7.2033803878891,1,2
17,22,12,6.67075991571208,2.83689850860512,5.54307715310525,5.85243205088394,7.12511990138487,1,2
17,22,15,6.67075991571208,2.83689850860512,4.86687813956976,5.76024019364995,7.57842810764397,1,2
17,22,17,6.67075991571208,2.83689850860512,5.14889509646307,5.807102953832,7.05643733772575,1,2
17,22,18,6.67075991571208,2.83689850860512,5.76139001767754,6.68705703687323,7.58699048303781,1,2
17,22,20,6.67075991571208,2.83689850860512,6.0812397060361,5.37319895835006,7.42273270355638,1,2
17,22,26,6.67075991571208,2.83689850860512,4.50986722866106,6.81650288961316,7.64308808786217,1,2
17,22,27,6.67075991571208,2.83689850860512,4.08972099943565,6.06153746192372,7.14667853239966,1,2
17,22,28,6.67075991571208,2.83689850860512,5.80971728121344,6.21607175672313,7.319795807994,1,2
17,22,31,6.67075991571208,2.83689850860512,5.19472495033231,6.10953137020463,7.23536860552514,1,2
17,22,35,6.67075991571208,2.83689850860512,3.99045858848347,6.56258047381583,7.43240309507143,1,2
17,22,38,6.67075991571208,2.83689850860512,5.14641221313953,5.3177616206754,7.33633415219708,1,2
17,22,40,6.67075991571208,2.83689850860512,4.45397929064172,5.09930387447618,7.12093058566857,1,2
17,22,42,6.67075991571208,2.83689850860512,5.5179250895937,5.48515760957042,7.21299605624289,1,2
17,22,46,6.67075991571208,2.83689850860512,5.94816863325643,6.22860984812097,7.2896587268799,1,2
17,22,47,6.67075991571208,2.83689850860512,4.74979652077325,5.26164135238022,7.06555850037918,1,2
17,22,50,6.67075991571208,2.83689850860512,6.0182594406649,6.06216407632456,7.67058690760457,1,2
17,22,51,6.67075991571208,2.83689850860512,5.05742727517108,5.73260117967302,7.49645140795095,1,2
17,22,56,6.67075991571208,2.83689850860512,5.58660503012017,6.59922726471772,7.65447365789724,1,2
17,22,57,6.67075991571208,2.83689850860512,4.34484103823031,5.48202644707592,6.77592087093063,1,2
17,22,58,6.67075991571208,2.83689850860512,4.87486828157904,5.7474445491981,7.69748207153021,1,2
17,22,63,6.67075991571208,2.83689850860512,5.1614539118135,6.18722455505271,7.43287451343894,1,2
17,22,64,6.67075991571208,2.83689850860512,4.39849426215538,6.36162364423655,7.71611247078622,1,2
17,22,67,6.67075991571208,2.83689850860512,4.21700480736605,4.88862737595703,6.90637269061863,1,2
17,22,71,6.67075991571208,2.83689850860512,5.76195035081971,5.45943792631106,6.9217399839838,1,2
17,22,74,6.67075991571208,2.83689850860512,3.61331953062285,6.24693368034092,7.06115791237747,1,2
17,22,76,6.67075991571208,2.83689850860512,4.35648488220714,6.79552406011707,7.59607329014055,1,2
17,22,80,6.67075991571208,2.83689850860512,5.93235349911466,5.42927413654221,7.32972899836316,1,2
17,22,81,6.67075991571208,2.83689850860512,4.39479604505466,5.52578592671839,7.2933219312814,1,2
17,22,82,6.67075991571208,2.83689850860512,2.20288675981276,6.08603402571037,7.05166512622061,1,2
17,22,85,6.67075991571208,2.83689850860512,5.34593825725565,5.90328279259876,7.32555408726663,1,2
17,22,86,6.67075991571208,2.83689850860512,5.43661015996296,5.76606481482746,7.27855627027657,1,2
17,22,87,6.67075991571208,2.83689850860512,3.62120204784619,6.88368146611093,7.37532351041064,1,2
17,22,88,6.67075991571208,2.83689850860512,6.4757427878232,5.43120946787074,7.76247579621077,1,2
17,22,94,6.67075991571208,2.83689850860512,4.19543713015494,6.29280176668955,7.47681098736482,1,2
17,22,96,6.67075991571208,2.83689850860512,5.50857023806204,6.08830244663141,7.49064147610574,1,2
17,23,2,6.67075991571208,2.83689850860512,4.55410569070187,6.52870308499257,7.34052111236697,1,2
17,23,5,6.67075991571208,2.83689850860512,6.53453759204484,5.84178278642823,7.54576814704987,1,2
17,23,6,6.67075991571208,2.83689850860512,5.93685479708748,6.09120559425991,7.54812235245732,1,2
17,23,7,6.67075991571208,2.83689850860512,4.15208043421299,5.64916930548703,7.28955955952352,1,2
17,23,8,6.67075991571208,2.83689850860512,5.55493621584156,5.64016892019975,7.41640989658952,1,2
17,23,12,6.67075991571208,2.83689850860512,5.25225630338782,5.29340717515825,7.30384000111202,1,2
17,23,14,6.67075991571208,2.83689850860512,6.07144495531559,5.67643475573531,7.51532716888248,1,2
17,23,18,6.67075991571208,2.83689850860512,5.14127914644008,4.70259228329818,7.29266745416753,1,2
17,23,24,6.67075991571208,2.83689850860512,4.6224917312454,5.81115812715976,7.79711778840109,1,2
17,23,29,6.67075991571208,2.83689850860512,3.48257943400769,6.25845055368174,7.73694173647692,1,2
17,23,30,6.67075991571208,2.83689850860512,5.51086836397882,5.98325731425289,7.67160866481538,1,2
17,23,31,6.67075991571208,2.83689850860512,6.25536303181629,5.77225434053226,7.87873574629336,1,2
17,23,33,6.67075991571208,2.83689850860512,3.60029736437974,6.45319265474523,7.68613866254581,1,2
17,23,34,6.67075991571208,2.83689850860512,4.43432378632767,5.59363092391946,7.48316333342837,1,2
17,23,35,6.67075991571208,2.83689850860512,4.16671742900558,6.28512144254786,7.22498738742189,1,2
17,23,37,6.67075991571208,2.83689850860512,6.41278888672206,5.56510198384266,7.57440384030907,1,2
17,23,38,6.67075991571208,2.83689850860512,3.92731944584516,6.4218200617897,7.30489621923258,1,2
17,23,39,6.67075991571208,2.83689850860512,6.12067392324448,5.13983306313357,7.34600445039376,1,2
17,23,42,6.67075991571208,2.83689850860512,6.36066931513961,6.06461398893159,7.63536828106846,1,2
17,23,43,6.67075991571208,2.83689850860512,3.92023519761838,5.68771042367325,7.36672300362153,1,2
17,23,46,6.67075991571208,2.83689850860512,6.30165686038679,5.17858663715803,7.33121732393455,1,2
17,23,47,6.67075991571208,2.83689850860512,3.88341153112497,5.67227765832801,7.44816220078908,1,2
17,23,49,6.67075991571208,2.83689850860512,6.23564628727388,5.61637306524652,7.83120923671699,1,2
17,23,51,6.67075991571208,2.83689850860512,5.06125782824867,6.34529681479988,7.45404854241767,1,2
17,23,53,6.67075991571208,2.83689850860512,4.15156606501429,6.12446140554487,7.49050123254441,1,2
17,23,54,6.67075991571208,2.83689850860512,5.68190107111116,5.61420988524282,7.18640091981291,1,2
17,23,56,6.67075991571208,2.83689850860512,6.82586137337325,5.35054434168883,7.30723621789393,1,2
17,23,57,6.67075991571208,2.83689850860512,4.45286958530028,5.69003693967738,7.31657753883128,1,2
17,23,58,6.67075991571208,2.83689850860512,3.96778118704746,6.02305948815576,7.35249000715878,1,2
17,23,60,6.67075991571208,2.83689850860512,5.16119646120601,6.46621805270699,7.28366299745108,1,2
17,23,63,6.67075991571208,2.83689850860512,4.48115778545676,6.2682405995247,7.38470000929906,1,2
17,23,64,6.67075991571208,2.83689850860512,5.84316825590088,6.17464808593394,7.41876958034788,1,2
17,23,65,6.67075991571208,2.83689850860512,4.26399754997984,6.31331645088926,7.3662187964993,1,2
17,23,66,6.67075991571208,2.83689850860512,6.5915433639334,6.52488088127324,7.65196633365586,1,2
17,23,67,6.67075991571208,2.83689850860512,4.16851652469104,6.59784932248917,7.76594523480141,1,2
17,23,70,6.67075991571208,2.83689850860512,2.58317126432212,5.86354048945341,7.37859224374699,1,2
17,24,2,6.67075991571208,2.83689850860512,4.26278216043238,6.5854403513184,7.35357029847466,1,2
17,24,3,6.67075991571208,2.83689850860512,4.39782698840228,6.07389819377875,7.34774068057728,1,2
17,24,4,6.67075991571208,2.83689850860512,5.32664780507294,6.79470284609683,7.78744709806082,1,2
17,24,8,6.67075991571208,2.83689850860512,4.43381856466164,5.62644801199843,7.20184636127721,1,2
17,24,9,6.67075991571208,2.83689850860512,4.02775869683233,6.44554111201104,7.75430708985113,1,2
17,24,11,6.67075991571208,2.83689850860512,4.76135843364043,6.18752104859388,7.6655718798241,1,2
17,24,14,6.67075991571208,2.83689850860512,4.53491018753332,6.61725836264853,7.59453523885171,1,2
17,24,19,6.67075991571208,2.83689850860512,4.35193176515769,5.5917884976976,7.71575374441829,1,2
17,24,21,6.67075991571208,2.83689850860512,5.56710889428908,6.31020012583079,7.4384101602306,1,2
17,24,23,6.67075991571208,2.83689850860512,4.31161594024698,5.99614424848522,7.67038949284794,1,2
17,24,25,6.67075991571208,2.83689850860512,4.11512617195612,6.33359563602492,7.70528707387535,1,2
17,24,26,6.67075991571208,2.83689850860512,3.66673902593231,5.60912796429348,7.20714009257724,1,2
17,24,29,6.67075991571208,2.83689850860512,5.76189101313044,5.03955912009393,7.35002571762313,1,2
17,24,32,6.67075991571208,2.83689850860512,4.26056681019625,5.9613653571082,7.39887420473964,1,2
17,24,33,6.67075991571208,2.83689850860512,4.74454376698886,5.53285421928886,7.54080716887128,1,2
17,24,35,6.67075991571208,2.83689850860512,4.72629199711691,6.99942908845528,7.6995151369879,1,2
17,24,37,6.67075991571208,2.83689850860512,4.08824712001702,6.43545769449699,7.68192456632779,1,2
17,24,38,6.67075991571208,2.83689850860512,5.46870905819682,6.46205584773409,7.66462056677147,1,2
17,24,39,6.67075991571208,2.83689850860512,4.27560170500036,5.85954237833277,7.53706636077882,1,2
17,24,40,6.67075991571208,2.83689850860512,6.09314193548856,6.7393967880077,7.93416479793848,1,2
17,24,41,6.67075991571208,2.83689850860512,5.07175613824591,6.14693011555616,7.70106912782984,1,2
17,24,42,6.67075991571208,2.83689850860512,5.36316652757495,5.73372503200634,7.38867850111455,1,2
17,24,43,6.67075991571208,2.83689850860512,6.2790024557925,5.64032304834636,7.7213538440857,1,2
17,24,46,6.67075991571208,2.83689850860512,4.23486219952452,5.51204460425292,7.26661890920181,1,2
17,24,47,6.67075991571208,2.83689850860512,4.09329714793809,5.98576305145554,7.59651446156956,1,2
17,24,52,6.67075991571208,2.83689850860512,6.56415410482211,6.47366368784041,7.86066846183574,1,2
17,24,55,6.67075991571208,2.83689850860512,4.21260070891407,6.82321424488184,7.68342025827109,1,2
17,24,57,6.67075991571208,2.83689850860512,6.56443752479096,5.87207959555399,7.63522969242717,1,2
17,24,58,6.67075991571208,2.83689850860512,6.1877784351633,6.92258237384783,7.6415975461222,1,2
17,24,61,6.67075991571208,2.83689850860512,6.52012417428651,6.01001250548912,7.82243762571235,1,2
17,24,62,6.67075991571208,2.83689850860512,5.38395192659498,6.09226465463864,7.41640001567824,1,2
17,24,64,6.67075991571208,2.83689850860512,4.14438965643688,5.65984781111945,7.4726434392497,1,2
17,25,1,6.67075991571208,2.83689850860512,4.03942030674136,6.11320737390791,7.8811528867587,1,2
17,25,3,6.67075991571208,2.83689850860512,2.74548513502839,6.08135271868768,7.14305981061904,1,2
17,25,4,6.67075991571208,2.83689850860512,4.5534401204533,6.36540055197573,7.80474080617288,1,2
17,25,7,6.67075991571208,2.83689850860512,4.91912790990835,6.51531290867716,7.6633377973811,1,2
17,25,8,6.67075991571208,2.83689850860512,4.01620617293244,5.07753547506496,7.42399922956716,1,2
17,25,9,6.67075991571208,2.83689850860512,2.85278096645779,6.47608449101723,7.3006013224407,1,2
17,25,10,6.67075991571208,2.83689850860512,4.98237982878618,5.57578022378963,7.21379061910045,1,2
17,25,11,6.67075991571208,2.83689850860512,5.33329262856023,5.60510235676602,7.91528846320092,1,2
17,25,12,6.67075991571208,2.83689850860512,5.94485733679136,5.80558859254105,7.79723882340719,1,2
17,25,13,6.67075991571208,2.83689850860512,6.48343082691028,5.39678969286375,7.70722377411766,1,2
17,25,15,6.67075991571208,2.83689850860512,4.29822034753174,5.94741678410509,7.56039017045132,1,2
17,25,21,6.67075991571208,2.83689850860512,4.06552108139134,6.62969577415678,8.13358114532137,1,2
17,25,22,6.67075991571208,2.83689850860512,4.34019939391408,5.40649590349973,7.68441096990227,1,2
17,25,24,6.67075991571208,2.83689850860512,4.41552603193764,5.86937712444446,7.53873740750217,1,2
17,25,26,6.67075991571208,2.83689850860512,5.33412935287231,5.88173632799373,7.40180606387238,1,2
17,25,29,6.67075991571208,2.83689850860512,5.32572723729301,6.48598878375656,7.45265676643623,1,2
17,25,30,6.67075991571208,2.83689850860512,4.59673075185072,5.82340745437226,7.39939719207369,1,2
17,25,31,6.67075991571208,2.83689850860512,3.87825141029609,5.48120839643453,7.77006260982791,1,2
17,25,33,6.67075991571208,2.83689850860512,4.96456119872371,6.17982934890542,7.74829145158541,1,2
17,25,34,6.67075991571208,2.83689850860512,4.6744037851737,6.76764533062686,7.48564079227844,1,2
17,25,36,6.67075991571208,2.83689850860512,5.24641827335422,5.93600125914287,7.59428367684575,1,2
17,25,39,6.67075991571208,2.83689850860512,3.78233798352249,6.07216057761009,7.4169999018694,1,2
17,25,40,6.67075991571208,2.83689850860512,6.01743379988643,6.58472107965561,7.75940633690691,1,2
17,25,42,6.67075991571208,2.83689850860512,4.17975599091819,6.9715478220084,7.7115863789322,1,2
17,25,43,6.67075991571208,2.83689850860512,5.74817488450632,5.06723125581419,7.28217697222447,1,2
17,25,45,6.67075991571208,2.83689850860512,5.89552642943931,6.05474249448073,7.30896525903877,1,2
17,25,50,6.67075991571208,2.83689850860512,4.58774322683419,5.98406414201466,7.57355070915369,1,2
17,25,51,6.67075991571208,2.83689850860512,6.04740644362003,6.09215894134959,7.75451798973573,1,2
17,25,54,6.67075991571208,2.83689850860512,3.17623321942524,5.94796616819926,7.39213603541367,1,2
17,25,55,6.67075991571208,2.83689850860512,6.52154971469973,6.22130857032081,8.24060545655636,1,2
17,25,60,6.67075991571208,2.83689850860512,4.96661662001604,6.65095542431644,7.76400097841408,1,2
17,25,62,6.67075991571208,2.83689850860512,6.82567213182464,6.13366948330908,7.82990558888154,1,2
17,25,63,6.67075991571208,2.83689850860512,4.81413323034223,6.37499499352145,7.84809039449618,1,2
17,25,64,6.67075991571208,2.83689850860512,4.10961974351205,5.78076236182783,7.36947167206041,1,2
17,25,65,6.67075991571208,2.83689850860512,4.84110100248079,5.52298082267903,7.08990595594901,1,2
17,25,66,6.67075991571208,2.83689850860512,7.21622077887297,6.4111573381941,7.93209565413399,1,2
17,25,68,6.67075991571208,2.83689850860512,4.91577066986107,5.62080444703239,7.27737284000658,1,2
17,25,69,6.67075991571208,2.83689850860512,4.41629918646841,5.75123801635747,7.51447436704418,1,2
17,25,72,6.67075991571208,2.83689850860512,5.13611876306545,5.84058231797992,7.88659086091352,1,2
17,25,73,6.67075991571208,2.83689850860512,3.33966963982299,5.54784451519421,7.54971212313934,1,2
17,25,74,6.67075991571208,2.83689850860512,3.5002993155061,6.48504485762897,7.71297857040222,1,2
17,25,76,6.67075991571208,2.83689850860512,5.12548129547238,5.51707081825639,7.12374465138834,1,2
17,25,78,6.67075991571208,2.83689850860512,4.98319226328282,5.95153645669385,7.58760233660419,1,2
17,25,80,6.67075991571208,2.83689850860512,5.94686980993075,6.09587786975222,7.63987365336839,1,2
17,25,81,6.67075991571208,2.83689850860512,6.88488850564963,6.32620540319047,7.88434530898284,1,2
17,25,82,6.67075991571208,2.83689850860512,4.21432909284246,6.3907530357437,7.59274579177282,1,2
17,25,83,6.67075991571208,2.83689850860512,4.1163402734443,6.30420707133183,7.61769467026995,1,2
17,25,84,6.67075991571208,2.83689850860512,6.19562761511416,6.06499702345232,7.98086233629276,1,2
17,25,85,6.67075991571208,2.83689850860512,5.17514471165176,5.3233317907731,7.60367251770471,1,2
17,26,1,6.67075991571208,2.83689850860512,7.50727373432207,6.12450659693241,7.843992530898,1,2
17,26,6,6.67075991571208,2.83689850860512,5.90571695232837,5.67368091979103,7.35299213540632,1,2
17,26,7,6.67075991571208,2.83689850860512,4.47586936958402,6.50259339068335,7.41576876956162,1,2
17,26,9,6.67075991571208,2.83689850860512,5.72140728712242,6.63373142180065,7.61613024739932,1,2
17,26,16,6.67075991571208,2.83689850860512,3.95887730765625,6.62266290726501,7.23077745776259,1,2
17,26,17,6.67075991571208,2.83689850860512,4.77281809186046,6.8429657998552,7.80630359129157,1,2
17,26,19,6.67075991571208,2.83689850860512,6.49174725718074,5.95925083176745,7.73956040215503,1,2
17,26,26,6.67075991571208,2.83689850860512,5.60438968146868,5.94726408702649,7.2586200569632,1,2
17,26,28,6.67075991571208,2.83689850860512,4.63524848407356,5.53864643326312,7.50514873560687,1,2
17,26,30,6.67075991571208,2.83689850860512,4.66846347215931,5.82273926532807,7.84192007290009,1,2
17,26,31,6.67075991571208,2.83689850860512,6.7499330360807,5.20078095022314,7.45763803180631,1,2
17,26,32,6.67075991571208,2.83689850860512,5.96576620466459,6.55203298204095,7.68788882047006,1,2
17,26,34,6.67075991571208,2.83689850860512,6.70745818300191,6.21826496907576,7.69462153441016,1,2
17,26,35,6.67075991571208,2.83689850860512,6.01098258088051,6.33940873382646,7.46454957926772,1,2
17,26,37,6.67075991571208,2.83689850860512,5.89164878387251,5.79398668800033,7.96226394574341,1,2
17,26,43,6.67075991571208,2.83689850860512,2.94431828106265,6.06453383469173,7.56795167718102,1,2
17,26,48,6.67075991571208,2.83689850860512,8.14272629936527,6.71627381098439,8.20149352190588,1,2
17,26,49,6.67075991571208,2.83689850860512,4.22153337868946,6.35173482917257,7.50134116856268,1,2
17,26,51,6.67075991571208,2.83689850860512,6.04038755243074,6.30028570583583,7.67567162570382,1,2
17,26,53,6.67075991571208,2.83689850860512,5.55349878302711,5.31636728205836,7.32689400789094,1,2
17,26,54,6.67075991571208,2.83689850860512,4.82464486620278,5.77357882744323,7.36361256462956,1,2
17,26,56,6.67075991571208,2.83689850860512,4.17075643629204,6.32124323090555,7.7317470654598,1,2
17,26,57,6.67075991571208,2.83689850860512,4.80433883445715,6.68464041361465,7.64987826227567,1,2
17,26,58,6.67075991571208,2.83689850860512,5.63271002049914,5.66003862678181,7.61709001424368,1,2
17,26,59,6.67075991571208,2.83689850860512,4.55752350559053,5.12817722266865,7.63362925471556,1,2
17,26,61,6.67075991571208,2.83689850860512,2.74371590982479,6.76646965335695,7.3127548422221,1,2
17,26,62,6.67075991571208,2.83689850860512,4.50494704241276,5.21997206721066,7.39123207724249,1,2
17,26,63,6.67075991571208,2.83689850860512,5.03612746290357,5.99335795702364,8.15485156589732,1,2
17,26,64,6.67075991571208,2.83689850860512,7.76894193067872,5.64544615707219,7.92672136611384,1,2
17,26,65,6.67075991571208,2.83689850860512,3.73061457072605,6.27007856670261,7.91976458028898,1,2
17,26,67,6.67075991571208,2.83689850860512,4.63882309279291,6.10349681462447,7.40137226156897,1,2
17,26,69,6.67075991571208,2.83689850860512,6.82292980773311,5.41796091146674,7.78340844166194,1,2
17,26,76,6.67075991571208,2.83689850860512,5.61656856653023,5.84273028651377,7.61160706702777,1,2
17,26,80,6.67075991571208,2.83689850860512,5.99096847169914,4.92860976441484,7.63731868837661,1,2
17,26,81,6.67075991571208,2.83689850860512,5.62339322679472,5.22339707372335,7.43097814012663,1,2
17,26,84,6.67075991571208,2.83689850860512,4.35751643236435,5.6195043738036,7.33528048331388,1,2
17,26,85,6.67075991571208,2.83689850860512,4.03958815077961,5.82290617290664,7.15761852622574,1,2
17,26,87,6.67075991571208,2.83689850860512,4.85255067451737,5.13598541533706,7.17097925988421,1,2
17,26,89,6.67075991571208,2.83689850860512,4.92700449951909,6.13787195130067,7.63693543542064,1,2
17,27,1,6.67075991571208,2.83689850860512,3.91538057389707,5.79431238586843,7.5494647258035,1,2
17,27,2,6.67075991571208,2.83689850860512,5.35374424188356,5.68481281996017,7.54285317205047,1,2
17,27,3,6.67075991571208,2.83689850860512,4.43949412265887,5.63096661136451,7.69921904977096,1,2
17,27,6,6.67075991571208,2.83689850860512,5.58835202716439,6.20905423459576,8.06529295730514,1,2
17,27,9,6.67075991571208,2.83689850860512,4.1035849969172,6.21548720090405,7.80434413984754,1,2
17,27,11,6.67075991571208,2.83689850860512,6.25728968896448,6.09228054278505,7.52270805336335,1,2
17,27,13,6.67075991571208,2.83689850860512,4.55303161423864,5.77549165075527,7.17935686012653,1,2
17,27,18,6.67075991571208,2.83689850860512,5.90480946370692,5.72955042753619,7.78550567253234,1,2
17,27,21,6.67075991571208,2.83689850860512,4.27790448725721,6.23481864448687,8.05412202801928,1,2
17,27,22,6.67075991571208,2.83689850860512,5.57941142622374,6.19734200913731,7.58865506382962,1,2
17,27,27,6.67075991571208,2.83689850860512,3.36424048028035,5.75340943682686,7.4657944579274,1,2
17,27,28,6.67075991571208,2.83689850860512,5.23297715840236,5.77798645090753,7.54322176491632,1,2
17,27,29,6.67075991571208,2.83689850860512,4.24473260501042,6.16465905686844,7.47710684365281,1,2
17,27,31,6.67075991571208,2.83689850860512,5.97801087020042,6.09552777828241,8.41285183013403,1,2
17,27,32,6.67075991571208,2.83689850860512,3.79731333208135,5.58284966705452,7.25762120182747,1,2
17,27,35,6.67075991571208,2.83689850860512,5.63667160308327,6.83358574856864,8.15111799211666,1,2
17,27,36,6.67075991571208,2.83689850860512,5.5971238452327,6.19816124236946,8.09354747014728,1,2
17,27,40,6.67075991571208,2.83689850860512,4.56814085369314,5.46774326372412,7.44006486901075,1,2
17,27,41,6.67075991571208,2.83689850860512,3.96386843378567,6.27892573930477,7.41148485140793,1,2
17,27,42,6.67075991571208,2.83689850860512,4.24188395418952,6.02500024556278,7.65077537721328,1,2
17,27,43,6.67075991571208,2.83689850860512,3.28411919114239,4.78880108448939,7.33136213392993,1,2
17,27,44,6.67075991571208,2.83689850860512,4.89178796020922,5.00143739771862,7.11590750455793,1,2
17,27,46,6.67075991571208,2.83689850860512,5.85916489842912,6.58607238210577,7.99080203715502,1,2
17,27,48,6.67075991571208,2.83689850860512,6.86312406806392,5.92850817905856,7.81348102928283,1,2
17,27,54,6.67075991571208,2.83689850860512,4.46429393082852,4.95698303379913,7.3844544836254,1,2
17,27,55,6.67075991571208,2.83689850860512,2.50210666811335,6.43331258909895,7.54426452553192,1,2
17,27,56,6.67075991571208,2.83689850860512,4.63461835756788,5.03554098875844,7.63859829438262,1,2
17,27,57,6.67075991571208,2.83689850860512,4.15836589144563,6.74896754279651,7.62436822143723,1,2
17,27,59,6.67075991571208,2.83689850860512,4.30285848739644,5.91679713226612,7.74432189573964,1,2
17,27,61,6.67075991571208,2.83689850860512,5.08711805137424,6.44798273854687,7.62094714093097,1,2
17,27,64,6.67075991571208,2.83689850860512,5.67319062214437,6.21218396730586,7.28786264537388,1,2
17,27,65,6.67075991571208,2.83689850860512,4.93451474780531,6.61334410523235,7.78934063843599,1,2
17,27,68,6.67075991571208,2.83689850860512,4.8094409537723,6.11225536894744,7.88056554220379,1,2
17,27,72,6.67075991571208,2.83689850860512,4.51565137735459,6.34096138346355,7.95657908697405,1,2
17,27,75,6.67075991571208,2.83689850860512,5.54012577793869,6.29440953984791,8.09680485048482,1,2
17,27,80,6.67075991571208,2.83689850860512,5.40820763962919,5.76616121042162,7.2489078597401,1,2
17,27,81,6.67075991571208,2.83689850860512,6.39129009824625,6.15756480080854,7.6002416397754,1,2
17,27,82,6.67075991571208,2.83689850860512,6.6385656609836,5.97033290122842,8.21219475214442,1,2
17,28,2,6.67075991571208,2.83689850860512,7.09747985339899,6.24330968517629,7.84194376070834,1,2
17,28,3,6.67075991571208,2.83689850860512,5.26432816314765,5.37658032547404,7.77151143777631,1,2
17,28,4,6.67075991571208,2.83689850860512,4.534381406421,5.84460712082068,8.02922332126362,1,2
17,28,5,6.67075991571208,2.83689850860512,5.55316570149105,7.20974518098382,8.3471272633876,1,2
17,28,6,6.67075991571208,2.83689850860512,4.93214055521404,5.78580579870242,7.62514759738614,1,2
17,28,10,6.67075991571208,2.83689850860512,5.0976283506471,6.62351900744269,7.85879328406253,1,2
17,28,12,6.67075991571208,2.83689850860512,3.66247643504638,5.69898025360976,7.78292213310395,1,2
17,28,13,6.67075991571208,2.83689850860512,3.8913862877203,6.36490993556844,8.42475985401133,1,2
17,28,15,6.67075991571208,2.83689850860512,5.10616444062869,6.05968393736143,7.81792190965964,1,2
17,28,17,6.67075991571208,2.83689850860512,3.68467636752087,5.91245354191501,7.93946270211974,1,2
17,28,19,6.67075991571208,2.83689850860512,5.01585668659922,5.74860364825238,8.24393562071413,1,2
17,28,20,6.67075991571208,2.83689850860512,4.60747242694537,5.93392270670834,8.17403227482825,1,2
17,28,21,6.67075991571208,2.83689850860512,4.63862807724249,6.25241369739564,7.71472177185333,1,2
17,28,23,6.67075991571208,2.83689850860512,3.20197355094061,5.70510318533159,7.38995297887477,1,2
17,28,24,6.67075991571208,2.83689850860512,6.06305754974418,5.85957487729045,7.95794144543516,1,2
17,28,29,6.67075991571208,2.83689850860512,6.26638751414546,6.35548945198394,7.89120612021289,1,2
17,28,31,6.67075991571208,2.83689850860512,4.23644041750356,5.91704917375274,7.82279332412674,1,2
17,28,34,6.67075991571208,2.83689850860512,4.31596611438535,6.33036022069931,7.73602525815174,1,2
17,28,36,6.67075991571208,2.83689850860512,5.4130758627722,5.58390257422268,7.51721966877154,1,2
17,28,37,6.67075991571208,2.83689850860512,4.55138630704793,5.11680888052843,7.85992496484727,1,2
17,28,38,6.67075991571208,2.83689850860512,5.06130212020075,5.99154912812796,7.9675397285982,1,2
17,28,39,6.67075991571208,2.83689850860512,6.06973923154065,5.59542655048877,7.91239502227395,1,2
17,28,40,6.67075991571208,2.83689850860512,5.78038175950433,6.17582722349727,8.05141234296177,1,2
17,28,43,6.67075991571208,2.83689850860512,6.46354134753037,6.05841928665998,8.16657884585963,1,2
17,28,44,6.67075991571208,2.83689850860512,5.43704466823228,6.33798888944512,8.04118364453596,1,2
17,28,46,6.67075991571208,2.83689850860512,3.92413993099585,6.37485772577839,8.31288643865394,1,2
17,28,47,6.67075991571208,2.83689850860512,4.89773798435127,6.77781878768454,7.96882848179297,1,2
17,28,49,6.67075991571208,2.83689850860512,5.85130117169403,6.30426682650035,7.94573771096333,1,2
17,28,50,6.67075991571208,2.83689850860512,6.53831011991772,7.24955232256834,8.29724029953457,1,2
17,28,54,6.67075991571208,2.83689850860512,5.22527042510233,5.95337330698657,7.76172879372788,1,2
17,28,57,6.67075991571208,2.83689850860512,3.97147785055292,5.85715121725045,7.75384502139451,1,2
17,28,62,6.67075991571208,2.83689850860512,5.66491558374516,6.30646538251038,8.14602687858596,1,2
17,28,63,6.67075991571208,2.83689850860512,4.57165932805258,5.78384528268791,7.79829949015806,1,2
17,28,65,6.67075991571208,2.83689850860512,3.92045863640656,5.54299345616239,7.87364938117881,1,2
17,28,72,6.67075991571208,2.83689850860512,4.71214953238662,5.92812015554852,7.6787325878966,1,2
17,28,73,6.67075991571208,2.83689850860512,4.93561599727143,5.68976134329445,8.04651845279843,1,2
17,28,74,6.67075991571208,2.83689850860512,4.95181279249333,5.77638964072189,7.81956363736991,1,2
17,29,3,6.67075991571208,2.83689850860512,4.81304912273035,6.21712214748602,8.07626238774788,1,2
17,29,6,6.67075991571208,2.83689850860512,6.10881619003534,5.58935366031237,8.19521615604807,1,2
17,29,7,6.67075991571208,2.83689850860512,2.67871936894225,5.96376402199763,8.26817041848863,1,2
17,29,10,6.67075991571208,2.83689850860512,4.59508441132454,5.6841707866477,7.63867269616446,1,2
17,29,12,6.67075991571208,2.83689850860512,4.79389554675074,5.63862399114934,7.95347629239397,1,2
17,29,13,6.67075991571208,2.83689850860512,5.38085947914545,5.27488647120943,7.98415360902436,1,2
17,29,14,6.67075991571208,2.83689850860512,5.03216706334606,6.26918075134046,7.99241615733459,1,2
17,29,16,6.67075991571208,2.83689850860512,3.99412192904409,5.80388414799845,7.91356199726047,1,2
17,29,18,6.67075991571208,2.83689850860512,5.1717883624243,5.8124299079136,7.56761741695304,1,2
17,29,22,6.67075991571208,2.83689850860512,4.38792768964371,6.62670622407731,8.19065010778478,1,2
17,29,24,6.67075991571208,2.83689850860512,6.77870431638097,6.71205280399386,7.81401752847724,1,2
17,29,25,6.67075991571208,2.83689850860512,2.05023673222675,5.4304548071646,7.7995329658298,1,2
17,29,27,6.67075991571208,2.83689850860512,5.5293171717884,5.45368925482013,7.77435943703219,1,2
17,29,30,6.67075991571208,2.83689850860512,3.85113545151153,6.39621119539769,7.70361131477528,1,2
17,29,35,6.67075991571208,2.83689850860512,4.35852739317647,6.27474175736827,7.96856665856924,1,2
17,29,37,6.67075991571208,2.83689850860512,4.42424776297502,5.76732009499629,7.41453467731766,1,2
17,29,38,6.67075991571208,2.83689850860512,4.11634871811937,6.38894302786941,7.98028683694668,1,2
17,29,42,6.67075991571208,2.83689850860512,3.95972270031033,5.82670887461965,7.44758137448659,1,2
17,29,43,6.67075991571208,2.83689850860512,5.3512952848623,6.04813703708043,8.02011716753385,1,2
17,29,44,6.67075991571208,2.83689850860512,4.22186034518744,6.28403991520671,7.58322974035289,1,2
17,29,46,6.67075991571208,2.83689850860512,4.46207598966015,6.25285112397036,7.91183790883543,1,2
17,29,47,6.67075991571208,2.83689850860512,5.53636721954513,5.50017870995315,7.72254327978564,1,2
17,29,50,6.67075991571208,2.83689850860512,5.25556772261899,5.61952723782785,8.37455629428539,1,2
17,29,51,6.67075991571208,2.83689850860512,4.1359804560601,6.4412760304483,7.87370566488275,1,2
17,29,53,6.67075991571208,2.83689850860512,2.38502786887988,6.01167333260684,8.03605153066021,1,2
17,29,54,6.67075991571208,2.83689850860512,3.6520745137157,6.03192625082909,7.91190208395365,1,2
17,29,56,6.67075991571208,2.83689850860512,4.5354302171205,6.15151808135647,7.81554798777078,1,2
17,29,57,6.67075991571208,2.83689850860512,5.14099254164519,5.66581778312621,7.57013153806465,1,2
17,29,58,6.67075991571208,2.83689850860512,5.07843707242609,5.82414611605397,8.12529192052626,1,2
17,29,60,6.67075991571208,2.83689850860512,4.51669494182029,6.78465540769337,8.1472327510206,1,2
17,29,64,6.67075991571208,2.83689850860512,4.54715947500713,6.19399012391776,8.09788880636201,1,2
17,29,65,6.67075991571208,2.83689850860512,3.46858102078911,6.59118387219319,7.94853670150858,1,2
17,29,68,6.67075991571208,2.83689850860512,5.91031484581528,6.70679597059935,8.17502232168021,1,2
17,29,72,6.67075991571208,2.83689850860512,3.50483487017784,6.74994008487559,7.8507616946798,1,2
17,29,75,6.67075991571208,2.83689850860512,5.19774313885251,6.80647617539114,8.01952094982337,1,2
17,29,76,6.67075991571208,2.83689850860512,5.21674354460776,6.28156897706381,8.28628229190698,1,2
17,29,77,6.67075991571208,2.83689850860512,6.41190839531244,5.97162852843856,7.88557536079345,1,2
17,29,79,6.67075991571208,2.83689850860512,4.13336869206108,6.10091367995272,7.94440129612804,1,2
17,29,80,6.67075991571208,2.83689850860512,5.7056677115048,6.12108469711727,8.29606056316368,1,2
17,29,81,6.67075991571208,2.83689850860512,3.91744869426363,6.64630530196827,8.34704804912553,1,2
17,29,82,6.67075991571208,2.83689850860512,5.6611036568187,5.74871746116924,7.55397871750391,1,2
17,29,83,6.67075991571208,2.83689850860512,5.82682877911463,5.68209673104439,7.76333863401252,1,2
17,30,3,6.67075991571208,2.83689850860512,4.23596376486294,4.68183639842058,7.70173732691875,1,2
17,30,5,6.67075991571208,2.83689850860512,5.14971344777266,6.46337079950293,8.23285233259153,1,2
17,30,14,6.67075991571208,2.83689850860512,5.16985810725456,5.39769589253859,7.73674060117185,1,2
17,30,16,6.67075991571208,2.83689850860512,4.34200554311461,6.20370759116393,7.91462053744867,1,2
17,30,18,6.67075991571208,2.83689850860512,5.22709032273558,5.88009471498731,7.57532092359868,1,2
17,30,21,6.67075991571208,2.83689850860512,4.35117684068968,4.87799734212696,7.5552352510939,1,2
17,30,22,6.67075991571208,2.83689850860512,6.27367004835137,6.21257908218755,8.00845658354169,1,2
17,30,25,6.67075991571208,2.83689850860512,5.02036406400734,5.78180815048113,7.83457367292778,1,2
17,30,28,6.67075991571208,2.83689850860512,3.96140071617952,6.14572746936248,8.22991358275815,1,2
17,30,30,6.67075991571208,2.83689850860512,4.1228827721822,7.50921187219395,8.20250321067605,1,2
17,30,32,6.67075991571208,2.83689850860512,4.20652244153964,6.9193423121822,7.7598306747735,1,2
17,30,34,6.67075991571208,2.83689850860512,4.64314361838334,5.90018136921084,7.80091625699262,1,2
17,30,37,6.67075991571208,2.83689850860512,6.42552730380441,6.33405630466293,8.22767984187304,1,2
17,30,38,6.67075991571208,2.83689850860512,4.32244433341528,5.73736922501873,7.81810594050555,1,2
17,30,39,6.67075991571208,2.83689850860512,4.23434621899571,6.04727965430243,8.23038643845872,1,2
17,30,44,6.67075991571208,2.83689850860512,5.03140800453854,7.20860662404217,7.71891597838384,1,2
17,30,48,6.67075991571208,2.83689850860512,5.96203019808166,5.23681168944886,7.97328789060366,1,2
17,30,52,6.67075991571208,2.83689850860512,5.04331137617153,6.64841541763659,7.85815961403124,1,2
17,30,53,6.67075991571208,2.83689850860512,5.46845259606035,5.31202445379846,8.18133315594288,1,2
17,30,54,6.67075991571208,2.83689850860512,4.96029824093877,6.01521150050624,8.22260273011194,1,2
17,30,55,6.67075991571208,2.83689850860512,6.29810895413889,5.50533015838817,8.26406876184307,1,2
17,30,58,6.67075991571208,2.83689850860512,6.5686068270648,5.67952070841803,8.23687473624687,1,2
17,30,59,6.67075991571208,2.83689850860512,4.6468135509004,5.52039870173905,8.01143979516285,1,2
17,30,62,6.67075991571208,2.83689850860512,5.00977107430861,6.3494768627406,8.20919431194188,1,2
17,30,63,6.67075991571208,2.83689850860512,4.27455891950966,6.29790803777463,7.69875196003321,1,2
17,30,64,6.67075991571208,2.83689850860512,4.52346090443438,5.64508138330799,7.67405213419101,1,2
17,30,66,6.67075991571208,2.83689850860512,5.12725198641154,6.07235114947452,7.97149393150604,1,2
17,30,67,6.67075991571208,2.83689850860512,5.38696953675796,5.95013557598684,8.00994098722497,1,2
17,30,68,6.67075991571208,2.83689850860512,4.14350335469814,6.60514761845701,7.70636438354896,1,2
17,30,69,6.67075991571208,2.83689850860512,3.88577448628932,6.24415196505422,8.05653437801882,1,2
17,30,70,6.67075991571208,2.83689850860512,6.45095438781977,6.03583941713876,7.71893146987943,1,2
17,30,71,6.67075991571208,2.83689850860512,3.66625089955225,6.08519569340192,7.75682077734958,1,2
17,30,73,6.67075991571208,2.83689850860512,5.88444801695027,6.05907808962079,8.03679301306793,1,2
17,30,79,6.67075991571208,2.83689850860512,4.66275735900983,5.70396114338218,7.99669283308379,1,2
17,30,82,6.67075991571208,2.83689850860512,4.45867361941785,4.89014783628742,7.40756345073076,1,2
17,30,83,6.67075991571208,2.83689850860512,5.25925678573333,6.31033900507602,7.71328404835372,1,2
17,30,84,6.67075991571208,2.83689850860512,4.83598411912021,6.8316873082764,8.03274751719235,1,2
17,30,86,6.67075991571208,2.83689850860512,3.8398395582399,6.11903512162377,7.71760191461807,1,2
17,30,88,6.67075991571208,2.83689850860512,4.81696369567554,6.66030587564798,7.88838962736323,1,2
17,30,91,6.67075991571208,2.83689850860512,4.13248974031582,5.39857568223686,7.69444811172636,1,2
17,30,93,6.67075991571208,2.83689850860512,6.8753263394153,7.09847987038116,8.42049111703479,1,2
17,30,94,6.67075991571208,2.83689850860512,5.79649614549303,6.16177254453716,7.82185533175809,1,2
17,31,1,6.67075991571208,2.83689850860512,5.44209777113118,5.68226337670302,8.18356353269073,1,2
17,31,2,6.67075991571208,2.83689850860512,3.80389812674798,5.66481310091161,7.78756669702554,1,2
17,31,4,6.67075991571208,2.83689850860512,7.40024795860204,6.29445631397061,8.03057900816266,1,2
17,31,5,6.67075991571208,2.83689850860512,6.59144986718631,5.97247699397927,8.14164017454586,1,2
17,31,6,6.67075991571208,2.83689850860512,5.20600549072899,7.00527596537005,7.50484579324661,1,2
17,31,7,6.67075991571208,2.83689850860512,4.12224364302152,6.11426414922767,7.39680285758171,1,2
17,31,9,6.67075991571208,2.83689850860512,3.96935457503266,6.32194808210408,7.64655292113926,1,2
17,31,10,6.67075991571208,2.83689850860512,5.33994868698733,5.28749332114479,8.05600586153647,1,2
17,31,11,6.67075991571208,2.83689850860512,6.87576445491987,5.56248314670318,8.21128017418428,1,2
17,31,12,6.67075991571208,2.83689850860512,4.94232645392404,6.64014910130873,8.80674889608191,1,2
17,31,14,6.67075991571208,2.83689850860512,3.74463951826535,6.49416978022587,8.19409993617697,1,2
17,31,17,6.67075991571208,2.83689850860512,5.7321648820122,6.57157096257428,8.19888429934217,1,2
17,31,18,6.67075991571208,2.83689850860512,3.9741721025006,6.35215972755769,7.90593533344678,1,2
17,31,19,6.67075991571208,2.83689850860512,5.18014069304371,5.02408030993498,7.90073057950604,1,2
17,31,20,6.67075991571208,2.83689850860512,4.07112869144272,6.26590045462771,7.7809348409609,1,2
17,31,21,6.67075991571208,2.83689850860512,3.9399738529596,5.65956686745363,7.9070056531962,1,2
17,31,22,6.67075991571208,2.83689850860512,5.46904206037695,5.70840044382571,7.58298219055576,1,2
17,31,27,6.67075991571208,2.83689850860512,6.96645827683381,5.48014508236174,8.36365658090223,1,2
17,31,28,6.67075991571208,2.83689850860512,6.10504731968888,5.99859054673061,8.29334138187168,1,2
17,31,29,6.67075991571208,2.83689850860512,3.94900647740852,6.39095420527477,8.06163212005175,1,2
17,31,35,6.67075991571208,2.83689850860512,6.87852666134718,6.77594754841435,8.33693668589223,1,2
17,31,36,6.67075991571208,2.83689850860512,4.92422304087268,6.10650399460811,8.32796505345884,1,2
17,31,40,6.67075991571208,2.83689850860512,5.68614518117193,5.69860203694055,7.72839820380019,1,2
17,31,41,6.67075991571208,2.83689850860512,4.25861787415431,7.10894146184546,8.22499315234035,1,2
17,31,42,6.67075991571208,2.83689850860512,5.5941720616516,6.06281655434423,7.83042865568732,1,2
17,31,45,6.67075991571208,2.83689850860512,5.367960065601,6.4187156803686,8.20957741465318,1,2
17,31,46,6.67075991571208,2.83689850860512,4.07045742281444,5.27450829039526,7.69822335987979,1,2
17,31,47,6.67075991571208,2.83689850860512,5.52989198358733,5.45861688605728,7.98114545836809,1,2
17,31,50,6.67075991571208,2.83689850860512,5.85404670703967,5.73795277937912,8.1996166641498,1,2
17,31,51,6.67075991571208,2.83689850860512,6.28452992924658,5.33817443006836,8.33682950078783,1,2
17,31,52,6.67075991571208,2.83689850860512,5.65076842762502,5.29809178499566,8.14031195888214,1,2
17,31,53,6.67075991571208,2.83689850860512,5.71720719626067,5.37471505000246,7.95946262852965,1,2
17,31,57,6.67075991571208,2.83689850860512,5.27735068988461,6.56232419765026,8.10221414368242,1,2
17,31,62,6.67075991571208,2.83689850860512,4.93465427850403,5.98205607340068,7.80496924272714,1,2
17,31,65,6.67075991571208,2.83689850860512,7.38574777342447,4.63452126225886,7.96448643092733,1,2
17,31,66,6.67075991571208,2.83689850860512,5.09602202639803,6.41110309725581,7.52296767103857,1,2
17,31,67,6.67075991571208,2.83689850860512,5.08485673301558,6.06272771148109,8.13105423485741,1,2
17,31,68,6.67075991571208,2.83689850860512,3.48915601924373,6.30910909939312,7.92816560160506,1,2
17,31,70,6.67075991571208,2.83689850860512,5.33502025011094,6.41844473039099,7.62320452658301,1,2
17,31,71,6.67075991571208,2.83689850860512,4.03926437077238,6.53256776158139,8.47787083840383,1,2
17,31,80,6.67075991571208,2.83689850860512,5.95720630811739,5.89023502254891,7.88463964269383,1,2
17,31,84,6.67075991571208,2.83689850860512,6.20235114246097,5.58403614543564,8.20441785430802,1,2
17,31,86,6.67075991571208,2.83689850860512,5.50796189291981,5.28954689557181,7.81237392749874,1,2
17,31,87,6.67075991571208,2.83689850860512,6.15464835789018,5.67467094684285,7.66504221478832,1,2
17,31,88,6.67075991571208,2.83689850860512,5.2940079541747,6.35802314138022,8.11212145121509,1,2
17,31,89,6.67075991571208,2.83689850860512,6.24841754942365,6.10417400523495,7.99931333390576,1,2
17,32,2,6.67075991571208,2.83689850860512,7.10212392902259,5.69907322703095,8.54699163558935,1,2
17,32,4,6.67075991571208,2.83689850860512,5.51373916028342,6.19403889969089,8.60607654063609,1,2
17,32,8,6.67075991571208,2.83689850860512,5.20936648691315,6.4951336173416,8.27781053194097,1,2
17,32,10,6.67075991571208,2.83689850860512,6.35081591941442,7.23103647519051,8.8175457898204,1,2
17,32,11,6.67075991571208,2.83689850860512,3.66445575503625,5.79819491930924,8.52618132381441,1,2
17,32,12,6.67075991571208,2.83689850860512,3.93289714851043,5.73693554048331,8.22925185988871,1,2
17,32,13,6.67075991571208,2.83689850860512,3.63816554165743,6.01148472254003,8.05122134569958,1,2
17,32,14,6.67075991571208,2.83689850860512,5.47763059425461,5.79715408748839,8.21760593359609,1,2
17,32,23,6.67075991571208,2.83689850860512,3.72340241049212,5.95752755263395,8.25323242369789,1,2
17,32,25,6.67075991571208,2.83689850860512,4.60614330471954,6.69382203789228,8.01110080775512,1,2
17,32,27,6.67075991571208,2.83689850860512,5.60017180236604,5.0558549665948,8.31003830958743,1,2
17,32,28,6.67075991571208,2.83689850860512,5.06980976150567,6.6904983859748,8.08036675272168,1,2
17,32,29,6.67075991571208,2.83689850860512,5.45697544756145,6.01734187745257,7.92155354451995,1,2
17,32,31,6.67075991571208,2.83689850860512,5.05762970450068,5.42185660406328,7.95889088836529,1,2
17,32,32,6.67075991571208,2.83689850860512,5.55748440355293,6.57487577599956,8.67440331892393,1,2
17,32,35,6.67075991571208,2.83689850860512,5.48400067634192,5.88068641679458,8.55400810726598,1,2
17,32,37,6.67075991571208,2.83689850860512,4.87263852259724,6.15636867067575,8.36397654647435,1,2
17,32,39,6.67075991571208,2.83689850860512,3.42838268398198,6.23697743246812,7.99853411690082,1,2
17,32,41,6.67075991571208,2.83689850860512,6.31047481765156,6.01540088323361,8.79860703267941,1,2
17,32,43,6.67075991571208,2.83689850860512,4.65361554114996,7.01639009665525,8.32773980854038,1,2
17,32,44,6.67075991571208,2.83689850860512,4.88221233738888,6.38572813184612,8.43699895358358,1,2
17,32,45,6.67075991571208,2.83689850860512,5.76868290810903,6.09627119464276,8.43388249021306,1,2
17,32,49,6.67075991571208,2.83689850860512,4.18653756939974,5.68562035862945,8.32608248320622,1,2
17,32,50,6.67075991571208,2.83689850860512,3.5609804272691,5.30492302225225,7.9323566009561,1,2
17,32,53,6.67075991571208,2.83689850860512,3.92100376385309,6.22000517014869,7.92956885606764,1,2
17,32,58,6.67075991571208,2.83689850860512,4.38809128831958,6.49391611098899,7.99765410171271,1,2
17,32,59,6.67075991571208,2.83689850860512,4.35395908706111,6.15955924563839,8.22606716481995,1,2
17,32,60,6.67075991571208,2.83689850860512,4.68105998285907,6.25558869060138,8.18009867199706,1,2
17,32,61,6.67075991571208,2.83689850860512,5.96790937268628,5.91962721029699,8.4244965900727,1,2
17,32,63,6.67075991571208,2.83689850860512,3.47293391839179,5.71534034580597,8.3050371362357,1,2
17,33,2,6.67075991571208,2.83689850860512,2.63686591256459,6.58814294791965,7.86071305156673,1,2
17,33,3,6.67075991571208,2.83689850860512,4.42469873893786,5.78841294762654,8.1382457975089,1,2
17,33,4,6.67075991571208,2.83689850860512,6.39352955309047,5.83922973395066,7.97343023783855,1,2
17,33,5,6.67075991571208,2.83689850860512,2.63521066802817,6.03229722067375,8.21435025362518,1,2
17,33,6,6.67075991571208,2.83689850860512,5.6024056045832,5.12871578549752,8.6879453610575,1,2
17,33,7,6.67075991571208,2.83689850860512,6.46888323773319,5.629299628171,8.6387749190449,1,2
17,33,8,6.67075991571208,2.83689850860512,5.29129468247454,5.98213978224192,8.28199199519686,1,2
17,33,12,6.67075991571208,2.83689850860512,4.82704019428747,6.3440758422247,8.52094483933796,1,2
17,33,13,6.67075991571208,2.83689850860512,4.02745849178652,6.19842756062884,8.24604246933571,1,2
17,33,16,6.67075991571208,2.83689850860512,3.78837262076358,5.12032558121903,7.62404490375345,1,2
17,33,17,6.67075991571208,2.83689850860512,6.51594867154102,6.11268127860844,8.05245567860259,1,2
17,33,20,6.67075991571208,2.83689850860512,4.15904507208006,6.62546149084237,7.95169219943123,1,2
17,33,22,6.67075991571208,2.83689850860512,3.85209309047116,5.80953603410089,8.31471739940647,1,2
17,33,23,6.67075991571208,2.83689850860512,3.17291369073524,6.43302832584124,8.10110172032055,1,2
17,33,24,6.67075991571208,2.83689850860512,3.04896641448736,6.51751281833882,8.11159591744163,1,2
17,33,25,6.67075991571208,2.83689850860512,4.82416959475265,5.85690928965138,8.36401649463889,1,2
17,33,27,6.67075991571208,2.83689850860512,4.5451207935449,6.24762501396821,8.16035459515265,1,2
17,33,29,6.67075991571208,2.83689850860512,4.48115936528758,5.61960403300351,8.46211814495694,1,2
17,33,30,6.67075991571208,2.83689850860512,5.46561234044282,6.30644565840184,8.58944043161615,1,2
17,33,31,6.67075991571208,2.83689850860512,6.48453607285135,5.41950209961949,8.49747944546398,1,2
17,33,33,6.67075991571208,2.83689850860512,4.79621964541065,6.25080981303119,7.73244784750403,1,2
17,33,35,6.67075991571208,2.83689850860512,5.39790880818086,6.10823568704435,8.22292692457734,1,2
17,33,40,6.67075991571208,2.83689850860512,4.62634422778207,6.50913351560347,7.98486817336142,1,2
17,33,42,6.67075991571208,2.83689850860512,4.2629218572434,6.46833334271774,8.10770936626108,1,2
17,33,43,6.67075991571208,2.83689850860512,5.54121719169207,7.05965366143295,8.36964510545917,1,2
17,33,45,6.67075991571208,2.83689850860512,4.59501104192787,5.60099970053084,8.16296668459479,1,2
17,33,46,6.67075991571208,2.83689850860512,5.02328609860049,6.64948871023766,7.91519215451215,1,2
17,33,51,6.67075991571208,2.83689850860512,5.15743425826375,5.4889486817897,7.81552585078974,1,2
17,33,52,6.67075991571208,2.83689850860512,5.9122989349398,5.672762604003,8.32685907297576,1,2
17,33,55,6.67075991571208,2.83689850860512,3.35019339874361,6.47921978497587,8.37809010426536,1,2
17,33,56,6.67075991571208,2.83689850860512,4.70122166669338,5.48846990775214,7.98944030282748,1,2
17,33,57,6.67075991571208,2.83689850860512,5.12492116386557,5.2736382696662,7.51950499898605,1,2
17,33,59,6.67075991571208,2.83689850860512,5.53593987038487,4.82037855449812,8.00086440786093,1,2
17,33,60,6.67075991571208,2.83689850860512,6.36551926159021,5.66717413600738,8.19403164108749,1,2
17,33,67,6.67075991571208,2.83689850860512,3.71760049838356,5.66202344161805,8.52905734534181,1,2
17,33,68,6.67075991571208,2.83689850860512,4.48121049325619,5.54027528242508,8.75484924610823,1,2
17,33,70,6.67075991571208,2.83689850860512,4.80738365854545,5.83464899056039,8.36610891295772,1,2
17,33,71,6.67075991571208,2.83689850860512,5.59617116495239,5.8189763829967,8.81773313226306,1,2
17,33,72,6.67075991571208,2.83689850860512,5.01375286537109,6.19430257697937,8.12286264321346,1,2
17,33,73,6.67075991571208,2.83689850860512,4.40084483498593,5.54736793617238,8.1265549310975,1,2
17,33,74,6.67075991571208,2.83689850860512,4.16247395238091,5.39497540810999,7.97884647072134,1,2
17,33,75,6.67075991571208,2.83689850860512,4.51223160468484,5.69298914455938,8.06012799559951,1,2
17,33,78,6.67075991571208,2.83689850860512,3.70824341384239,5.93238711851775,7.98922151941607,1,2
17,33,79,6.67075991571208,2.83689850860512,5.40632201205854,4.97897406817798,8.52132997767145,1,2
17,33,84,6.67075991571208,2.83689850860512,3.5039834802293,5.89230458911888,7.58101139690042,1,2
17,33,85,6.67075991571208,2.83689850860512,4.48438147821181,5.66705964569504,7.97211068652465,1,2
17,33,88,6.67075991571208,2.83689850860512,5.38790149619143,5.60565755681069,8.53909355419549,1,2
17,34,1,6.67075991571208,2.83689850860512,4.23264263233663,6.75629626321037,8.31838595582987,1,2
17,34,3,6.67075991571208,2.83689850860512,3.94453439738542,6.0386224388832,8.25491895432868,1,2
17,34,5,6.67075991571208,2.83689850860512,3.98275237593975,5.73135013520793,8.14618551556779,1,2
17,34,6,6.67075991571208,2.83689850860512,3.51685169417342,6.11885326132019,7.87513079346458,1,2
17,34,9,6.67075991571208,2.83689850860512,5.52327294228254,5.7047952652506,8.78038747719461,1,2
17,34,12,6.67075991571208,2.83689850860512,6.38796865158104,5.56214308263393,8.39832809767459,1,2
17,34,14,6.67075991571208,2.83689850860512,4.29414475653625,7.21652551016042,8.41026451130765,1,2
17,34,15,6.67075991571208,2.83689850860512,6.73906576809203,6.19787830810541,8.82419919063848,1,2
17,34,17,6.67075991571208,2.83689850860512,4.60349425609802,6.57659774024256,8.45361971676995,1,2
17,34,19,6.67075991571208,2.83689850860512,3.67200505433905,5.72779563817561,8.14320724240846,1,2
17,34,20,6.67075991571208,2.83689850860512,3.4162916623258,6.91380977955354,7.88284526321251,1,2
17,34,21,6.67075991571208,2.83689850860512,5.12772616914656,5.78411237515285,8.21630804852889,1,2
17,34,22,6.67075991571208,2.83689850860512,5.02129087469129,5.9682023122409,8.29592380559971,1,2
17,34,25,6.67075991571208,2.83689850860512,4.27138205640023,6.15333120642729,8.60370705628811,1,2
17,34,29,6.67075991571208,2.83689850860512,4.68385182152074,5.71849043732325,8.19842899406979,1,2
17,34,31,6.67075991571208,2.83689850860512,3.87028118138232,5.83191159639329,8.22524461585645,1,2
17,34,32,6.67075991571208,2.83689850860512,5.54612975346234,5.14057092281367,7.88274213266331,1,2
17,34,35,6.67075991571208,2.83689850860512,5.36824452203245,5.96606226281493,8.16319332657327,1,2
17,34,36,6.67075991571208,2.83689850860512,3.51688549561502,6.69820930450657,8.46478234334759,1,2
17,34,37,6.67075991571208,2.83689850860512,3.56468751636561,6.21153557732209,8.64977006332071,1,2
17,34,38,6.67075991571208,2.83689850860512,3.94057553179338,6.26656939510342,8.44376155633847,1,2
17,34,39,6.67075991571208,2.83689850860512,4.60349729762427,5.97653098071052,8.7979201819567,1,2
17,34,42,6.67075991571208,2.83689850860512,3.65870521140375,5.8997214355873,8.50283921426338,1,2
17,34,43,6.67075991571208,2.83689850860512,4.53216986072863,5.96792052759685,8.75490022614369,1,2
17,34,50,6.67075991571208,2.83689850860512,6.11911689519188,5.64845183902428,8.6195454143417,1,2
17,34,51,6.67075991571208,2.83689850860512,5.48996114162286,5.41301038846651,8.30067880387865,1,2
17,34,53,6.67075991571208,2.83689850860512,4.8163636180115,4.91516723758619,8.3672118999743,1,2
17,34,54,6.67075991571208,2.83689850860512,4.6301701080787,5.95605683253812,8.61318715098249,1,2
17,34,57,6.67075991571208,2.83689850860512,4.18412720468197,5.26594778445619,8.67687756718405,1,2
17,34,60,6.67075991571208,2.83689850860512,6.04945613862993,6.2013943518326,8.33849891087638,1,2
17,34,61,6.67075991571208,2.83689850860512,4.46504485325002,6.08210532920289,8.04114412524226,1,2
17,34,62,6.67075991571208,2.83689850860512,6.05369323376028,6.00064493830756,9.34772027093291,1,2
17,34,63,6.67075991571208,2.83689850860512,7.32230719512701,6.2242874877465,8.87944019990496,1,2
17,34,64,6.67075991571208,2.83689850860512,3.52402122594398,5.67908153622881,8.02035230630705,1,2
17,34,66,6.67075991571208,2.83689850860512,4.36173019758227,5.66046593055693,8.1237718558732,1,2
17,34,67,6.67075991571208,2.83689850860512,4.5360189193403,6.48661446667372,8.31921861675387,1,2
17,35,4,6.67075991571208,2.83689850860512,3.65251800706037,5.71764828712895,7.67075408809073,1,2
17,35,5,6.67075991571208,2.83689850860512,6.12537069850847,6.30909237547669,8.52872211919162,1,2
17,35,7,6.67075991571208,2.83689850860512,5.37803645957033,6.77494550261566,8.71365812867671,1,2
17,35,8,6.67075991571208,2.83689850860512,2.92145117777827,5.41005879996275,8.86382616614399,1,2
17,35,11,6.67075991571208,2.83689850860512,4.15454140238905,6.66002737298859,8.64233619735706,1,2
17,35,12,6.67075991571208,2.83689850860512,5.92131430285383,5.51395145132444,8.33176292130754,1,2
17,35,14,6.67075991571208,2.83689850860512,5.39510305795151,6.07402605078699,8.633844171808,1,2
17,35,16,6.67075991571208,2.83689850860512,3.76937054989946,6.36353097998882,8.54947474931968,1,2
17,35,18,6.67075991571208,2.83689850860512,3.75394417939401,6.14187021963152,8.57156216726897,1,2
17,35,19,6.67075991571208,2.83689850860512,3.90575602156415,6.54799622065614,7.89043268565303,1,2
17,35,21,6.67075991571208,2.83689850860512,5.77922694434728,5.88906707929425,8.28428345544421,1,2
17,35,22,6.67075991571208,2.83689850860512,6.09553372154186,5.40914683323946,8.57888679186141,1,2
17,35,23,6.67075991571208,2.83689850860512,5.39830946595468,5.79830556354593,8.79436901233486,1,2
17,35,28,6.67075991571208,2.83689850860512,4.1678757834421,5.41225779884245,8.73742658439697,1,2
17,35,29,6.67075991571208,2.83689850860512,4.74215461595897,5.7372948283155,8.24125312383858,1,2
17,35,30,6.67075991571208,2.83689850860512,3.53410494821078,6.97234897818695,7.74990266585364,1,2
17,35,31,6.67075991571208,2.83689850860512,4.52262922833797,6.51921180982673,8.41454430436949,1,2
17,35,32,6.67075991571208,2.83689850860512,5.41636629356671,6.2965402863999,8.4520560831999,1,2
17,35,36,6.67075991571208,2.83689850860512,5.20659022783742,6.46753903135367,8.58440064050041,1,2
17,35,37,6.67075991571208,2.83689850860512,4.35389003960752,5.97711302462968,7.99669900876991,1,2
17,35,39,6.67075991571208,2.83689850860512,5.59489931270821,6.77710060493358,8.50348249361033,1,2
17,35,40,6.67075991571208,2.83689850860512,5.02144422838238,6.75409808440304,8.48707701090771,1,2
17,35,41,6.67075991571208,2.83689850860512,6.63725457383569,5.71710277021014,8.71371846696954,1,2
17,35,44,6.67075991571208,2.83689850860512,4.07111878944562,5.47375965166548,8.00287722058307,1,2
17,35,45,6.67075991571208,2.83689850860512,6.03570120293943,5.79655994208769,8.82780642855764,1,2
17,35,46,6.67075991571208,2.83689850860512,5.78027006947546,6.45162892705386,8.55358967454112,1,2
17,35,50,6.67075991571208,2.83689850860512,3.31761815048966,5.88367678819938,8.04890868736944,1,2
17,35,55,6.67075991571208,2.83689850860512,4.29061439094226,5.44723297456919,8.22193962017676,1,2
17,35,60,6.67075991571208,2.83689850860512,4.8746581026744,5.69495478308451,8.3869899797981,1,2
17,35,61,6.67075991571208,2.83689850860512,5.19595848764736,5.82275119101991,8.45686705345938,1,2
17,35,62,6.67075991571208,2.83689850860512,5.76621068078557,6.40329535526074,8.43355753468807,1,2
17,35,63,6.67075991571208,2.83689850860512,4.10787611818062,5.63952912127051,8.94895238006783,1,2
17,35,67,6.67075991571208,2.83689850860512,5.39750249569079,6.24120884423922,9.47013734289637,1,2
17,35,70,6.67075991571208,2.83689850860512,6.79942627234924,6.16041575850902,8.72212237564562,1,2
17,35,71,6.67075991571208,2.83689850860512,3.7587786686383,4.83542646315135,8.90725289672521,1,2
17,35,72,6.67075991571208,2.83689850860512,4.49750616696228,6.37291112438079,8.60862404708622,1,2
17,35,75,6.67075991571208,2.83689850860512,4.114650303158,5.97685882020791,8.5394189565584,1,2
17,35,76,6.67075991571208,2.83689850860512,6.29317416702107,6.2782835981989,8.23624369529851,1,2
17,35,80,6.67075991571208,2.83689850860512,6.77626703713239,5.62036080973979,9.15424132533972,1,2
17,35,81,6.67075991571208,2.83689850860512,4.34745310220965,5.25949399770754,7.99299259718907,1,2
17,35,84,6.67075991571208,2.83689850860512,5.46219546227029,6.33150446917079,8.64784687218443,1,2
17,35,89,6.67075991571208,2.83689850860512,6.75090735150036,5.68082919987534,8.94340371191858,1,2
17,35,92,6.67075991571208,2.83689850860512,5.66451738804387,5.97784601469705,8.19825656020711,1,2
17,35,96,6.67075991571208,2.83689850860512,4.86710125452646,5.11945387966842,7.94712674471563,1,2
17,35,99,6.67075991571208,2.83689850860512,5.56027721305782,6.32463353779683,8.63621678061444,1,2
17,36,1,6.67075991571208,2.83689850860512,4.06934066806299,6.04443075995803,8.53167122661854,1,2
17,36,5,6.67075991571208,2.83689850860512,5.42308779898054,5.54881142684309,8.79703964656628,1,2
17,36,6,6.67075991571208,2.83689850860512,3.65533482540022,6.65288762673012,8.73274821901631,1,2
17,36,9,6.67075991571208,2.83689850860512,4.85823014607621,5.24362674805578,8.29136144549807,1,2
17,36,12,6.67075991571208,2.83689850860512,5.08562217178685,6.70873388640604,8.44781782741765,1,2
17,36,15,6.67075991571208,2.83689850860512,4.65474694072041,5.07123340975828,8.70360577177383,1,2
17,36,19,6.67075991571208,2.83689850860512,4.48854015388717,6.02731398505626,8.30444573879936,1,2
17,36,21,6.67075991571208,2.83689850860512,6.86840575949529,5.7404612738146,8.61136720749961,1,2
17,36,27,6.67075991571208,2.83689850860512,4.0984654144017,5.56700132392073,8.16674915184344,1,2
17,36,29,6.67075991571208,2.83689850860512,4.95253403541484,7.03845079341661,9.00723863596174,1,2
17,36,31,6.67075991571208,2.83689850860512,4.07992568114379,6.25644478433845,8.16654205705552,1,2
17,36,36,6.67075991571208,2.83689850860512,5.35547949387536,6.71329945329518,8.54769786303055,1,2
17,36,37,6.67075991571208,2.83689850860512,5.09104177606787,6.09706046979502,8.88990537329384,1,2
17,36,39,6.67075991571208,2.83689850860512,4.17629384023605,5.79832043833531,8.35598664496597,1,2
17,36,40,6.67075991571208,2.83689850860512,5.29001711659091,5.7289570392755,8.78959355380167,1,2
17,36,41,6.67075991571208,2.83689850860512,5.02272784638416,6.1357117751118,8.56723159172625,1,2
17,36,42,6.67075991571208,2.83689850860512,4.44181389601931,6.29186139370154,8.37802840051221,1,2
17,36,44,6.67075991571208,2.83689850860512,5.12144729270478,6.50696012139379,8.46785172132246,1,2
17,36,46,6.67075991571208,2.83689850860512,5.30863187484785,5.63311414605869,8.74120930635442,1,2
17,36,47,6.67075991571208,2.83689850860512,4.55436214860916,5.93378978068148,8.2571840019549,1,2
17,36,48,6.67075991571208,2.83689850860512,3.06805790806904,5.72417282816333,7.89282698084155,1,2
17,36,49,6.67075991571208,2.83689850860512,4.12587167842175,5.10620299331047,9.15603954692302,1,2
17,36,50,6.67075991571208,2.83689850860512,5.67766270446719,5.64056347597771,8.98656496932254,1,2
17,36,51,6.67075991571208,2.83689850860512,4.87691287281747,5.71002574463683,8.68597986114374,1,2
17,36,52,6.67075991571208,2.83689850860512,4.75690112415705,7.09226715497008,8.1557806095214,1,2
17,36,53,6.67075991571208,2.83689850860512,4.00524200692775,5.89365680545356,8.62295066848933,1,2
17,36,54,6.67075991571208,2.83689850860512,5.60766132982522,6.74409996603534,8.49006436942847,1,2
17,36,56,6.67075991571208,2.83689850860512,5.58713587854191,6.2480292668364,8.2823314086915,1,2
17,36,57,6.67075991571208,2.83689850860512,4.62759781090778,5.3413864894944,8.42851934427555,1,2
17,36,58,6.67075991571208,2.83689850860512,4.25288842293911,5.49972993680241,8.18910619908186,1,2
17,36,59,6.67075991571208,2.83689850860512,4.96424864020718,5.82168097165462,8.5430761307439,1,2
17,36,62,6.67075991571208,2.83689850860512,6.48793834758993,6.06975977946363,9.17525780794452,1,2
17,36,63,6.67075991571208,2.83689850860512,5.84835672186226,6.00631764227942,9.03473599851708,1,2
17,36,66,6.67075991571208,2.83689850860512,5.19124994873786,6.03496498888197,8.65200513482396,1,2
17,37,1,6.67075991571208,2.83689850860512,4.34132709515324,5.25910569339249,8.79990091136303,1,2
17,37,4,6.67075991571208,2.83689850860512,4.05347678560374,5.81517437755398,8.95944878030907,1,2
17,37,6,6.67075991571208,2.83689850860512,5.41055955929365,5.54331995310868,8.75099970208078,1,2
17,37,10,6.67075991571208,2.83689850860512,6.83773610895929,6.19298536118155,8.4484128475938,1,2
17,37,11,6.67075991571208,2.83689850860512,3.8396512144206,5.04472493462291,8.52809432115354,1,2
17,37,12,6.67075991571208,2.83689850860512,4.57201769509897,5.8006476375612,8.10522375777701,1,2
17,37,13,6.67075991571208,2.83689850860512,3.43773912323259,6.09146786349223,7.71769811639956,1,2
17,37,14,6.67075991571208,2.83689850860512,6.92732256864578,5.77303695303158,8.56660134318802,1,2
17,37,15,6.67075991571208,2.83689850860512,5.07566543340833,6.00721560917352,8.30919650751142,1,2
17,37,17,6.67075991571208,2.83689850860512,5.29626155070307,7.17562892721011,8.26475715127172,1,2
17,37,23,6.67075991571208,2.83689850860512,6.21198104455113,5.86059371253623,8.73646164461825,1,2
17,37,28,6.67075991571208,2.83689850860512,5.33186065138418,5.73217831628999,8.22569854756519,1,2
17,37,29,6.67075991571208,2.83689850860512,4.51127570276394,5.62985213348016,8.39303250968978,1,2
17,37,34,6.67075991571208,2.83689850860512,5.70574079335964,5.27960485838522,8.64373352898346,1,2
17,37,38,6.67075991571208,2.83689850860512,3.75234156769874,5.67376213843539,8.04055259848218,1,2
17,37,39,6.67075991571208,2.83689850860512,4.50810854849203,5.65218499195696,7.93311101440361,1,2
17,37,40,6.67075991571208,2.83689850860512,5.47794141080633,4.6306366146551,8.42504736241198,1,2
17,37,43,6.67075991571208,2.83689850860512,6.15869452081557,5.59936844330356,8.40285229658004,1,2
17,37,44,6.67075991571208,2.83689850860512,6.81787549348979,5.54713412503537,8.54909708721429,1,2
17,37,47,6.67075991571208,2.83689850860512,3.87544552506832,6.58255107995433,8.95130106040409,1,2
17,37,50,6.67075991571208,2.83689850860512,4.69400455858873,6.80300089591693,8.32540478286113,1,2
17,37,54,6.67075991571208,2.83689850860512,4.62620092241512,5.24705444721964,8.6985701736682,1,2
17,37,56,6.67075991571208,2.83689850860512,4.56260116124607,7.35929567785518,8.60285413462041,1,2
17,38,1,6.67075991571208,2.83689850860512,5.76609325325458,6.4052654223035,8.98887987504591,1,2
17,38,3,6.67075991571208,2.83689850860512,5.09823905442399,6.44724757196449,8.61234875587732,1,2
17,38,4,6.67075991571208,2.83689850860512,6.1926273576394,6.29922768662513,9.16113973259179,1,2
17,38,5,6.67075991571208,2.83689850860512,4.17055729509351,4.97554659674587,8.96621546771459,1,2
17,38,6,6.67075991571208,2.83689850860512,5.81564824372806,5.66359621414953,8.48483943962125,1,2
17,38,9,6.67075991571208,2.83689850860512,6.47183101467494,5.29498685739029,8.3957361647564,1,2
17,38,10,6.67075991571208,2.83689850860512,4.68898677089387,5.95588069602369,8.88578010423606,1,2
17,38,12,6.67075991571208,2.83689850860512,5.36112022445032,6.66079203847397,9.02263739322765,1,2
17,38,14,6.67075991571208,2.83689850860512,5.24277684171006,6.39883984312882,9.39759130213753,1,2
17,38,15,6.67075991571208,2.83689850860512,4.62461706945855,6.28386248362706,8.79828821185941,1,2
17,38,17,6.67075991571208,2.83689850860512,3.40429307090934,6.86092728045435,8.54174634919866,1,2
17,38,19,6.67075991571208,2.83689850860512,5.6209084364336,5.17284692319598,8.93056759224382,1,2
17,38,24,6.67075991571208,2.83689850860512,4.13667595508862,5.9000426291476,8.56823765760298,1,2
17,38,26,6.67075991571208,2.83689850860512,5.51800660626249,5.74636159775425,8.43593640880552,1,2
17,38,27,6.67075991571208,2.83689850860512,6.19693259367184,4.97996931715803,8.62507536375263,1,2
17,38,30,6.67075991571208,2.83689850860512,5.4900716923229,6.63113888693403,8.74432094795989,1,2
17,38,35,6.67075991571208,2.83689850860512,5.10126773707203,5.95520896653352,9.41315687765768,1,2
17,38,38,6.67075991571208,2.83689850860512,4.68783053529016,6.25705057995151,8.6901072516327,1,2
17,38,41,6.67075991571208,2.83689850860512,3.43828952409508,6.25266260752102,8.88840665934668,1,2
17,38,43,6.67075991571208,2.83689850860512,5.09013267494778,6.18258567113703,9.1924293377778,1,2
17,38,51,6.67075991571208,2.83689850860512,4.94229849879829,5.944491560506,8.67570699962276,1,2
17,38,53,6.67075991571208,2.83689850860512,4.57828505672326,6.56054620156727,9.03141822451212,1,2
17,38,55,6.67075991571208,2.83689850860512,3.29885823995587,5.94028924780382,8.69598820032974,1,2
17,38,57,6.67075991571208,2.83689850860512,5.77345327758868,5.60204934627562,8.42412534186877,1,2
17,38,58,6.67075991571208,2.83689850860512,4.31502389958723,5.6706914774876,8.78089588644014,1,2
17,38,60,6.67075991571208,2.83689850860512,5.82759482172949,6.18306450161656,8.73076468783356,1,2
17,38,61,6.67075991571208,2.83689850860512,4.93307713787779,6.88126899858274,9.2020485511927,1,2
17,38,63,6.67075991571208,2.83689850860512,5.46514262741757,6.57876869726585,8.69056895771477,1,2
17,38,64,6.67075991571208,2.83689850860512,5.61554165520695,5.27066708585761,8.43616978498035,1,2
17,39,3,6.67075991571208,2.83689850860512,4.44534667666024,6.25258060206925,8.6508617411941,1,2
17,39,5,6.67075991571208,2.83689850860512,3.02984473106134,6.90232312195024,7.68315184882141,1,2
17,39,6,6.67075991571208,2.83689850860512,5.34431218496724,5.14688866540114,8.43493522572851,1,2
17,39,10,6.67075991571208,2.83689850860512,4.82893351636149,5.70374113212455,8.39458918764059,1,2
17,39,12,6.67075991571208,2.83689850860512,5.28376751913698,6.50594964233013,8.51665256916632,1,2
17,39,14,6.67075991571208,2.83689850860512,3.69948684387041,5.885151345834,8.96460016782342,1,2
17,39,15,6.67075991571208,2.83689850860512,5.28100887430887,5.48644124420639,8.80101188076721,1,2
17,39,16,6.67075991571208,2.83689850860512,4.22178280200878,5.34483994662513,8.86926850319397,1,2
17,39,17,6.67075991571208,2.83689850860512,6.22693703464786,6.34699529704735,9.47630547102815,1,2
17,39,21,6.67075991571208,2.83689850860512,5.75132279084035,5.05444089870096,8.58981611098188,1,2
17,39,22,6.67075991571208,2.83689850860512,5.69216141157402,5.41213748395666,8.72514511120959,1,2
17,39,23,6.67075991571208,2.83689850860512,2.56657632035561,6.31906854596949,8.31455214348327,1,2
17,39,24,6.67075991571208,2.83689850860512,5.61368859376439,5.87899159661525,8.19651241110696,1,2
17,39,25,6.67075991571208,2.83689850860512,4.69294909878284,5.94380205839204,8.93768940685882,1,2
17,39,27,6.67075991571208,2.83689850860512,6.14236480241573,4.83432528554626,9.66089851358749,1,2
17,39,28,6.67075991571208,2.83689850860512,5.39871792002039,6.57266897930983,9.21244848509791,1,2
17,39,29,6.67075991571208,2.83689850860512,4.36829251045483,6.19624067240622,8.24904018742971,1,2
17,39,37,6.67075991571208,2.83689850860512,5.32174862957483,6.41636597135492,8.85637830457383,1,2
17,39,43,6.67075991571208,2.83689850860512,4.72449709514396,5.77696640021322,8.05809335732565,1,2
17,39,45,6.67075991571208,2.83689850860512,5.50795149743782,6.18636005206891,8.30129384158611,1,2
17,39,46,6.67075991571208,2.83689850860512,4.71811147191951,5.84039049600367,8.2257325026481,1,2
17,39,47,6.67075991571208,2.83689850860512,4.74073530259574,5.82908769583925,9.24693135920959,1,2
17,39,49,6.67075991571208,2.83689850860512,4.10640451214035,5.85685328465297,8.33926554055042,1,2
17,39,54,6.67075991571208,2.83689850860512,4.03751707741123,6.70727935051744,8.16357966288826,1,2
17,39,58,6.67075991571208,2.83689850860512,5.82211887175943,6.6696897444794,9.59770706170475,1,2
17,39,59,6.67075991571208,2.83689850860512,3.6395037253609,5.68501077605205,8.43091856629616,1,2
17,39,61,6.67075991571208,2.83689850860512,4.81045038438504,5.32304344327665,8.55468563186146,1,2
17,39,62,6.67075991571208,2.83689850860512,5.40969245474227,5.35727449166476,9.00481975676102,1,2
17,39,65,6.67075991571208,2.83689850860512,6.32067273082327,5.98435966403851,8.75607991400288,1,2
17,39,67,6.67075991571208,2.83689850860512,4.71127423646226,6.1951093043137,8.66813442925445,1,2
17,40,1,6.67075991571208,2.83689850860512,4.47274729109034,6.86741382261005,8.54874479470385,1,2
17,40,2,6.67075991571208,2.83689850860512,3.85755756294487,5.51279637664304,8.85010450878006,1,2
17,40,5,6.67075991571208,2.83689850860512,5.26190446646022,6.50825033902242,9.0243778421985,1,2
17,40,6,6.67075991571208,2.83689850860512,6.58460636846522,5.61655688228918,8.62176993983621,1,2
17,40,10,6.67075991571208,2.83689850860512,5.25106187123676,6.53313127914473,8.60262817123005,1,2
17,40,13,6.67075991571208,2.83689850860512,4.06573464714154,6.69647237971654,8.44696227825869,1,2
17,40,17,6.67075991571208,2.83689850860512,6.1107113204971,6.01210911062464,8.91162994974306,1,2
17,40,19,6.67075991571208,2.83689850860512,5.74351872451236,5.98830770683697,9.59090935616506,1,2
17,40,22,6.67075991571208,2.83689850860512,4.40000502348918,6.63140171801785,9.06245886274118,1,2
17,40,26,6.67075991571208,2.83689850860512,6.12314987660753,5.28877432102257,9.51617687268313,1,2
17,40,27,6.67075991571208,2.83689850860512,5.72841210807745,7.04501743518824,9.63961670712945,1,2
17,40,28,6.67075991571208,2.83689850860512,3.97193302869318,5.54100781193076,8.79782818465262,1,2
17,40,30,6.67075991571208,2.83689850860512,4.88218272966139,6.04763833498199,8.76586938127032,1,2
17,40,32,6.67075991571208,2.83689850860512,5.12881281004477,6.24715504191178,8.42943230508073,1,2
17,40,33,6.67075991571208,2.83689850860512,3.94198894606979,6.47855785083908,9.01987317777816,1,2
17,40,36,6.67075991571208,2.83689850860512,5.76360937383027,6.30370714731673,9.23051831179926,1,2
17,40,39,6.67075991571208,2.83689850860512,6.19891088834409,5.66508325189494,8.91903887216491,1,2
17,40,40,6.67075991571208,2.83689850860512,5.32033912876233,5.62087671008551,8.81549032916236,1,2
17,40,43,6.67075991571208,2.83689850860512,3.40635398129397,5.86558752235215,8.36715810142013,1,2
17,40,44,6.67075991571208,2.83689850860512,5.19641201691871,5.91101719870772,8.86609606842024,1,2
17,40,48,6.67075991571208,2.83689850860512,6.3556069383046,5.95224177739149,9.44799433916543,1,2
17,40,49,6.67075991571208,2.83689850860512,5.01704153047367,6.20329856877413,8.69905278016661,1,2
17,40,56,6.67075991571208,2.83689850860512,4.28298449182952,6.77254583973405,8.90061770337061,1,2
17,40,57,6.67075991571208,2.83689850860512,4.74887396240109,6.18135894517705,9.04891640986289,1,2
17,40,58,6.67075991571208,2.83689850860512,5.57404088849876,5.96868057557117,8.66368695892763,1,2
17,40,62,6.67075991571208,2.83689850860512,4.48094878726045,6.33300078752801,8.86743402517712,1,2
17,40,64,6.67075991571208,2.83689850860512,5.27919023019173,6.74365314225495,8.97160999043209,1,2
17,40,66,6.67075991571208,2.83689850860512,5.11704217294997,5.7171254678752,9.20210679974171,1,2
17,40,68,6.67075991571208,2.83689850860512,5.63538665084986,5.68687004014216,9.0159911312521,1,2
17,40,73,6.67075991571208,2.83689850860512,5.29286702254323,6.75061164545934,8.57532661645216,1,2
17,40,79,6.67075991571208,2.83689850860512,4.16131330537817,5.01726863080367,9.10915297984921,1,2
17,40,80,6.67075991571208,2.83689850860512,4.70900716398125,5.08908245599718,9.36136694099156,1,2
17,40,81,6.67075991571208,2.83689850860512,4.69828930938578,6.06273644730008,8.4682581104347,1,2
17,40,82,6.67075991571208,2.83689850860512,3.94952991268622,6.10152742304075,9.00926925336366,1,2
17,40,83,6.67075991571208,2.83689850860512,5.44461196208338,6.12204800367087,8.99862596218583,1,2
17,40,84,6.67075991571208,2.83689850860512,4.9497890459526,6.62627007400639,9.12667482251538,1,2
17,40,86,6.67075991571208,2.83689850860512,5.87095329590207,6.27374724734717,9.25973150593772,1,2
17,41,1,6.67075991571208,2.83689850860512,3.64266027993283,5.68796620166476,8.57959547559623,1,2
17,41,2,6.67075991571208,2.83689850860512,3.35411273529052,6.26862246141985,8.65340281049672,1,2
17,41,6,6.67075991571208,2.83689850860512,5.41591985093289,6.17814532352415,8.80436675138482,1,2
17,41,7,6.67075991571208,2.83689850860512,5.30846612978087,6.18842851482526,8.74354630228388,1,2
17,41,8,6.67075991571208,2.83689850860512,4.67627055607975,4.62741594998022,8.68099653276435,1,2
17,41,9,6.67075991571208,2.83689850860512,2.76733838379182,5.16373067469888,8.62871831928218,1,2
17,41,11,6.67075991571208,2.83689850860512,5.72262420266005,5.19177021612879,8.67202895585329,1,2
17,41,12,6.67075991571208,2.83689850860512,4.95175851989959,6.77796866564192,8.70031109967059,1,2
17,41,13,6.67075991571208,2.83689850860512,2.8850919703722,4.941818889171,8.62411855654261,1,2
17,41,15,6.67075991571208,2.83689850860512,5.36872524007843,5.22086093836744,9.58436895231987,1,2
17,41,16,6.67075991571208,2.83689850860512,6.4806623620385,5.8253180999385,9.13680771186404,1,2
17,41,17,6.67075991571208,2.83689850860512,5.70753398490587,5.4521217386957,9.01337366996952,1,2
17,41,19,6.67075991571208,2.83689850860512,3.31600502473124,6.65435452360477,8.63679157420933,1,2
17,41,21,6.67075991571208,2.83689850860512,4.27895539526282,5.40347164584805,8.28526000421227,1,2
17,41,23,6.67075991571208,2.83689850860512,5.0143469828739,6.38974361012593,8.97294948341106,1,2
17,41,25,6.67075991571208,2.83689850860512,5.46166034105527,6.36907467986203,9.16467045289686,1,2
17,41,27,6.67075991571208,2.83689850860512,4.24582236387655,4.85428292461273,9.16045337452033,1,2
17,41,29,6.67075991571208,2.83689850860512,5.27515775155917,5.72583973106987,9.10404057500707,1,2
17,41,30,6.67075991571208,2.83689850860512,4.33679618452987,5.58502872328169,8.99412550612164,1,2
17,41,34,6.67075991571208,2.83689850860512,5.52889207053463,5.12491112969187,8.24983181563733,1,2
17,41,37,6.67075991571208,2.83689850860512,6.16305696020846,5.73683853387739,9.05164355758267,1,2
17,41,40,6.67075991571208,2.83689850860512,5.70917193888498,5.6735054229759,8.80935202093713,1,2
17,41,46,6.67075991571208,2.83689850860512,6.10367437738199,4.84342139564886,8.77615597400406,1,2
17,41,47,6.67075991571208,2.83689850860512,4.94636249392283,6.63375335465423,8.85160715219566,1,2
17,41,48,6.67075991571208,2.83689850860512,4.69307676512832,6.16750822165364,8.72788804437595,1,2
17,41,51,6.67075991571208,2.83689850860512,4.61614424211097,5.84209204311199,9.45231880779213,1,2
17,41,53,6.67075991571208,2.83689850860512,4.8087030719879,6.62104181062546,9.30792139117377,1,2
17,41,54,6.67075991571208,2.83689850860512,3.10829544627008,5.85445187561231,8.99400502505715,1,2
17,41,57,6.67075991571208,2.83689850860512,5.32186457358187,5.51529392247311,8.98098401935653,1,2
17,41,62,6.67075991571208,2.83689850860512,6.02990677029953,5.78624739529435,8.8589842280811,1,2
17,41,63,6.67075991571208,2.83689850860512,5.79397665303481,6.56056934743024,9.0043004021911,1,2
17,41,66,6.67075991571208,2.83689850860512,3.54155374393029,6.52908239451007,8.2361263376304,1,2
17,41,67,6.67075991571208,2.83689850860512,3.39443755964618,5.51742337507064,9.08323226188305,1,2
17,41,68,6.67075991571208,2.83689850860512,5.33269904704998,6.41360077010901,8.99581018834854,1,2
17,41,69,6.67075991571208,2.83689850860512,3.74791202006377,6.69778633569177,8.72472227607095,1,2
17,41,70,6.67075991571208,2.83689850860512,5.45765348196287,5.54078452484401,8.6901985333672,1,2
17,41,72,6.67075991571208,2.83689850860512,4.08981083146253,6.28586269793853,8.86611852537021,1,2
17,41,73,6.67075991571208,2.83689850860512,5.05574418071912,6.15554769344138,9.35973380375764,1,2
17,41,74,6.67075991571208,2.83689850860512,3.96978034649905,6.11332345406049,8.50415296498442,1,2
17,41,76,6.67075991571208,2.83689850860512,4.9205440099742,5.1401071448887,8.77800176812862,1,2
18,1,1,5.86997078563364,3.56952399369585,4.93099810163188,7.10396059752166,3.01403012167952,1,2
18,1,2,5.86997078563364,3.56952399369585,4.11846638056477,5.02154684327224,2.30734936246954,1,2
18,1,4,5.86997078563364,3.56952399369585,5.76497610064721,6.15682610913198,2.7557052621878,1,2
18,1,6,5.86997078563364,3.56952399369585,5.20492542971087,6.62903415466027,2.73322868171999,1,2
18,1,8,5.86997078563364,3.56952399369585,5.36749420501027,5.627671536175,2.26943821813661,1,2
18,1,11,5.86997078563364,3.56952399369585,3.91913478040763,7.16841774786009,2.95166379634254,1,2
18,1,13,5.86997078563364,3.56952399369585,3.37487407470963,5.90873881671959,2.46355046364269,1,2
18,1,16,5.86997078563364,3.56952399369585,5.83462349796331,6.59182805025199,2.7517627406304,1,2
18,1,18,5.86997078563364,3.56952399369585,5.67371893079309,5.7225027203969,2.48890677098204,1,2
18,1,20,5.86997078563364,3.56952399369585,4.15882634777515,6.91121052265671,2.71207336643635,1,2
18,1,21,5.86997078563364,3.56952399369585,4.09021911983022,6.08540675265064,2.51029648620301,1,2
18,1,22,5.86997078563364,3.56952399369585,4.90588847820153,6.10284749019187,2.50651526599001,1,2
18,1,23,5.86997078563364,3.56952399369585,4.3669316052455,6.72192840666933,2.7783575071188,1,2
18,1,24,5.86997078563364,3.56952399369585,4.38327731723555,5.85277471567254,2.31436483980595,1,2
18,1,25,5.86997078563364,3.56952399369585,4.26013010809127,5.65325974835811,2.27011007028409,1,2
18,1,27,5.86997078563364,3.56952399369585,5.4190787372258,5.6965079903506,2.34393391386979,1,2
18,1,31,5.86997078563364,3.56952399369585,3.40461483392879,5.78523440134959,2.38275623363233,1,2
18,1,32,5.86997078563364,3.56952399369585,5.74437374193566,5.78663881047878,2.51479480311493,1,2
18,1,37,5.86997078563364,3.56952399369585,6.85838512600255,7.08007609422805,3.00924576407541,1,2
18,1,40,5.86997078563364,3.56952399369585,5.95464133691558,6.36700095295739,2.66389590976871,1,2
18,1,41,5.86997078563364,3.56952399369585,3.65814966444455,6.95776679652602,2.99243422034971,1,2
18,1,42,5.86997078563364,3.56952399369585,4.05637307616214,5.99768862826603,2.60570134897663,1,2
18,1,46,5.86997078563364,3.56952399369585,5.06347515970036,5.41895351532982,2.28100171878681,1,2
18,1,47,5.86997078563364,3.56952399369585,5.90448863822788,4.75888615205377,1.97788145462331,1,2
18,1,49,5.86997078563364,3.56952399369585,4.26685291655127,5.5234959041326,2.29015425898452,1,2
18,1,51,5.86997078563364,3.56952399369585,5.02094556817418,5.92008570046852,2.42644618857939,1,2
18,1,52,5.86997078563364,3.56952399369585,3.89226067543756,5.82184509232995,2.52233883194444,1,2
18,1,53,5.86997078563364,3.56952399369585,5.84124754690668,5.91506642516271,2.41500890265184,1,2
18,1,54,5.86997078563364,3.56952399369585,5.0199464867395,7.2196718443214,3.07277449049928,1,2
18,1,57,5.86997078563364,3.56952399369585,5.51564030322315,5.58056868391735,2.32786075867344,1,2
18,1,60,5.86997078563364,3.56952399369585,4.75106609813403,6.40738860836283,2.72992580028632,1,2
18,1,62,5.86997078563364,3.56952399369585,3.39083945170851,6.73864028686549,2.94522850925502,1,2
18,1,63,5.86997078563364,3.56952399369585,5.707483937347,5.92500853757437,2.39993161076464,1,2
18,1,66,5.86997078563364,3.56952399369585,5.22019029401353,6.0875791041178,2.56262962475807,1,2
18,1,70,5.86997078563364,3.56952399369585,4.14828913789484,6.33393889002672,2.81115573363293,1,2
18,1,71,5.86997078563364,3.56952399369585,4.95822325478205,5.65539627936442,2.54965084961008,1,2
18,1,72,5.86997078563364,3.56952399369585,4.97283263046742,6.57221938744448,2.90945063413711,1,2
18,2,1,5.86997078563364,3.56952399369585,5.42419827388511,5.44811891338325,3.29350426306818,1,2
18,2,3,5.86997078563364,3.56952399369585,4.19956237916964,6.45786395602121,3.55038144390861,1,2
18,2,5,5.86997078563364,3.56952399369585,4.30359025663211,6.18933212476814,3.50548498170344,1,2
18,2,6,5.86997078563364,3.56952399369585,5.99350841042944,5.89065710583799,3.59068516631326,1,2
18,2,9,5.86997078563364,3.56952399369585,7.60594363371625,6.0120794690211,3.35494965889276,1,2
18,2,11,5.86997078563364,3.56952399369585,5.06186712850008,6.56151599279521,3.61064094882811,1,2
18,2,12,5.86997078563364,3.56952399369585,3.87073913038767,5.78427615800597,3.33087472522477,1,2
18,2,13,5.86997078563364,3.56952399369585,4.18967649270248,6.30197396730374,3.66392597421014,1,2
18,2,14,5.86997078563364,3.56952399369585,5.0066507353138,6.11933866891736,3.50617354570939,1,2
18,2,17,5.86997078563364,3.56952399369585,5.35159634847939,5.77613850502501,3.43225959918574,1,2
18,2,18,5.86997078563364,3.56952399369585,3.78875473517831,4.98947612769766,3.1424060759565,1,2
18,2,19,5.86997078563364,3.56952399369585,5.37769686006979,5.93816733968462,3.40832031676544,1,2
18,2,20,5.86997078563364,3.56952399369585,4.40486363688847,5.59515166152443,3.19994064261256,1,2
18,2,23,5.86997078563364,3.56952399369585,4.9466800963314,5.45772942361291,3.34038946426189,1,2
18,2,25,5.86997078563364,3.56952399369585,5.64981483068521,6.02482842694681,3.56175094373754,1,2
18,2,29,5.86997078563364,3.56952399369585,6.15418611041252,6.81921467028075,3.79831822686448,1,2
18,2,34,5.86997078563364,3.56952399369585,3.72549640677955,6.08228761113626,3.56507470247314,1,2
18,2,36,5.86997078563364,3.56952399369585,6.84661095912317,5.95756735116948,3.27213559879838,1,2
18,2,37,5.86997078563364,3.56952399369585,5.82476710333248,6.105685227903,3.47546039533232,1,2
18,2,38,5.86997078563364,3.56952399369585,5.39170144068095,5.97978776990487,3.36847416367398,1,2
18,2,40,5.86997078563364,3.56952399369585,5.88973055044079,6.30777180546441,3.29594266098861,1,2
18,2,45,5.86997078563364,3.56952399369585,4.56799592370561,6.2699751291818,3.52927176582591,1,2
18,2,46,5.86997078563364,3.56952399369585,5.97422198430278,6.05309450025816,3.24698619511802,1,2
18,2,47,5.86997078563364,3.56952399369585,5.72436134647942,6.3486338714003,3.71199540487586,1,2
18,2,49,5.86997078563364,3.56952399369585,6.62244086279228,6.70144125177626,3.79584569200576,1,2
18,2,51,5.86997078563364,3.56952399369585,5.06602315698985,6.13377779205299,3.51444567600755,1,2
18,2,53,5.86997078563364,3.56952399369585,4.92128467960418,5.02930983354603,3.1751538988171,1,2
18,2,62,5.86997078563364,3.56952399369585,6.12227650592964,5.91289512187005,3.56106985296643,1,2
18,2,63,5.86997078563364,3.56952399369585,5.6512824927152,5.30390441652475,3.32391309770976,1,2
18,2,66,5.86997078563364,3.56952399369585,5.35475899932811,5.94846167193678,3.42417745422972,1,2
18,2,67,5.86997078563364,3.56952399369585,3.98283839631946,6.30867391914024,3.73589909610955,1,2
18,2,68,5.86997078563364,3.56952399369585,5.9223301948687,5.17881466000294,2.95893764814928,1,2
18,2,69,5.86997078563364,3.56952399369585,6.21953138547279,5.75102855756607,3.27356239180462,1,2
18,2,72,5.86997078563364,3.56952399369585,4.52321223045499,5.08160556096581,3.11525682735184,1,2
18,2,73,5.86997078563364,3.56952399369585,6.00461212003799,6.97147715844598,4.08876321306003,1,2
18,2,78,5.86997078563364,3.56952399369585,3.26350449588242,5.31201642906181,3.19794970924704,1,2
18,2,80,5.86997078563364,3.56952399369585,5.93913833443004,6.03741692476665,3.48092569423837,1,2
18,2,82,5.86997078563364,3.56952399369585,6.11776239917501,7.78148341984711,4.20168578894578,1,2
18,3,2,5.86997078563364,3.56952399369585,4.07359601034206,6.57252060375291,4.06351676981967,1,2
18,3,3,5.86997078563364,3.56952399369585,5.65728226475796,6.14987818547809,4.05319762505631,1,2
18,3,4,5.86997078563364,3.56952399369585,4.8927918567673,5.65016439420213,3.75699913787187,1,2
18,3,5,5.86997078563364,3.56952399369585,4.91466136101572,5.63741063642406,3.80410231412077,1,2
18,3,6,5.86997078563364,3.56952399369585,4.2902224534393,6.08041341514007,4.02327483260474,1,2
18,3,7,5.86997078563364,3.56952399369585,6.25044856612324,5.44095403407592,3.59723109652568,1,2
18,3,8,5.86997078563364,3.56952399369585,5.66823635926439,6.53463998819038,4.0680881821776,1,2
18,3,11,5.86997078563364,3.56952399369585,6.92297709657194,5.93811050937767,3.87765231329649,1,2
18,3,14,5.86997078563364,3.56952399369585,4.78201662032503,6.40251460076999,4.15602119184211,1,2
18,3,15,5.86997078563364,3.56952399369585,5.43633419700702,6.45972347223231,4.11835707312769,1,2
18,3,18,5.86997078563364,3.56952399369585,4.54182729085629,5.74127435861434,3.83795601856251,1,2
18,3,20,5.86997078563364,3.56952399369585,5.64785347755884,6.60020669676529,3.94997862006699,1,2
18,3,21,5.86997078563364,3.56952399369585,5.38582673752351,6.53288361441991,4.20397337672472,1,2
18,3,25,5.86997078563364,3.56952399369585,5.74467258539164,6.09014372892718,3.80919740246331,1,2
18,3,27,5.86997078563364,3.56952399369585,5.63599361573568,7.2467599890317,4.45121182907003,1,2
18,3,28,5.86997078563364,3.56952399369585,5.26338384969597,5.37165274633359,3.69616916438205,1,2
18,3,29,5.86997078563364,3.56952399369585,4.03830239856308,5.74638250060248,3.82299672027887,1,2
18,3,30,5.86997078563364,3.56952399369585,5.25421557777628,6.47818214287622,4.11475574909258,1,2
18,3,32,5.86997078563364,3.56952399369585,4.24969924779646,5.46466692656989,3.75528078200712,1,2
18,3,34,5.86997078563364,3.56952399369585,5.40675235905299,6.54356685030555,4.35126842650018,1,2
18,3,36,5.86997078563364,3.56952399369585,5.61916483926332,5.90120501088514,3.74322343853852,1,2
18,3,38,5.86997078563364,3.56952399369585,4.34430683251629,5.83694154750339,3.93468585629344,1,2
18,3,40,5.86997078563364,3.56952399369585,6.28948574856821,6.32381666475791,4.04425697795806,1,2
18,3,46,5.86997078563364,3.56952399369585,5.50379359988668,6.08351009427334,3.95783868860304,1,2
18,3,47,5.86997078563364,3.56952399369585,4.69987121024301,6.42496614711205,4.03225750249092,1,2
18,3,50,5.86997078563364,3.56952399369585,5.42691188152214,5.90930729995507,3.90701361897849,1,2
18,3,53,5.86997078563364,3.56952399369585,4.66242037940889,5.87841297221133,3.97840366028004,1,2
18,3,54,5.86997078563364,3.56952399369585,4.82030923881188,6.53294824194175,4.09719640329883,1,2
18,3,56,5.86997078563364,3.56952399369585,5.67161615140798,5.43482175110663,3.73637929494391,1,2
18,3,57,5.86997078563364,3.56952399369585,7.09349242973144,5.99906573000442,4.02865620371971,1,2
18,3,59,5.86997078563364,3.56952399369585,5.15118949514649,6.72528940099853,4.1251373252739,1,2
18,3,62,5.86997078563364,3.56952399369585,6.94902239067898,5.80012684720335,3.88212448452752,1,2
18,3,63,5.86997078563364,3.56952399369585,6.78562691115907,6.10863515328882,4.13332211064203,1,2
18,3,64,5.86997078563364,3.56952399369585,4.96597778763318,5.91249480762924,3.80765812009846,1,2
18,3,66,5.86997078563364,3.56952399369585,5.84326781745388,5.38401700907256,3.79834320772273,1,2
18,3,68,5.86997078563364,3.56952399369585,5.10269817778861,6.18955835147014,4.23372450294469,1,2
18,4,2,5.86997078563364,3.56952399369585,4.89251329535305,5.50879262291026,4.23664160399857,1,2
18,4,6,5.86997078563364,3.56952399369585,6.03833731667574,6.91102169506996,4.86384780076801,1,2
18,4,10,5.86997078563364,3.56952399369585,6.72732720073967,6.10548955845451,4.49547461644964,1,2
18,4,11,5.86997078563364,3.56952399369585,4.2097451380998,6.71531128178454,4.77843702075995,1,2
18,4,13,5.86997078563364,3.56952399369585,3.62457891216958,6.20222840051992,4.63285282914697,1,2
18,4,14,5.86997078563364,3.56952399369585,5.41589548807253,6.55862069688225,4.63592779581957,1,2
18,4,17,5.86997078563364,3.56952399369585,2.22015768146816,6.65127371009705,4.65941519834048,1,2
18,4,18,5.86997078563364,3.56952399369585,4.48415237329954,6.48144550935821,4.74912659873167,1,2
18,4,21,5.86997078563364,3.56952399369585,3.79161618630383,6.38165409237142,4.5246337361721,1,2
18,4,23,5.86997078563364,3.56952399369585,5.04913615143872,5.5808236292667,4.480323140901,1,2
18,4,27,5.86997078563364,3.56952399369585,5.88224078941034,5.9151577026018,4.55724247086101,1,2
18,4,29,5.86997078563364,3.56952399369585,5.72858955914218,6.27381935973697,4.51812054075452,1,2
18,4,31,5.86997078563364,3.56952399369585,5.24979755297349,6.75306883321881,4.71659846152565,1,2
18,4,32,5.86997078563364,3.56952399369585,4.17405392857875,5.45040061745268,4.07633216664345,1,2
18,4,34,5.86997078563364,3.56952399369585,5.30895170335128,5.50415794338725,4.21398988431428,1,2
18,4,36,5.86997078563364,3.56952399369585,3.1032634589253,6.40997203869782,4.51544473904677,1,2
18,4,39,5.86997078563364,3.56952399369585,4.77034227372418,6.76431500911198,4.80481607311036,1,2
18,4,42,5.86997078563364,3.56952399369585,6.88336698828858,6.06552030526888,4.45026846912303,1,2
18,4,46,5.86997078563364,3.56952399369585,4.73497965380422,6.12340102203411,4.58041242134872,1,2
18,4,47,5.86997078563364,3.56952399369585,4.12574523622675,5.60698834831411,4.27361702630447,1,2
18,4,49,5.86997078563364,3.56952399369585,2.94308859151373,6.08620482340901,4.4453641206429,1,2
18,4,51,5.86997078563364,3.56952399369585,5.98384783450618,6.34446549793559,4.55714996698827,1,2
18,4,52,5.86997078563364,3.56952399369585,3.71363416215912,6.12482541980086,4.41729529296962,1,2
18,4,54,5.86997078563364,3.56952399369585,4.46337027542582,5.84278094340315,4.20962830453795,1,2
18,4,56,5.86997078563364,3.56952399369585,5.73134112943481,6.02855960239312,4.53080870716278,1,2
18,4,68,5.86997078563364,3.56952399369585,5.94175421965139,5.4688256071281,4.17027504225805,1,2
18,5,1,5.86997078563364,3.56952399369585,5.95385394480512,5.24430159928322,4.65256149481526,1,2
18,5,2,5.86997078563364,3.56952399369585,7.46515669560182,6.44999923046892,5.10599930693726,1,2
18,5,3,5.86997078563364,3.56952399369585,5.3993060075867,6.40527453243032,5.02032169538483,1,2
18,5,5,5.86997078563364,3.56952399369585,5.79318422724748,5.51311651909746,4.6063756056968,1,2
18,5,6,5.86997078563364,3.56952399369585,6.14134635853702,6.04071751874569,4.72453696999428,1,2
18,5,7,5.86997078563364,3.56952399369585,6.30158243657456,6.10304350170125,4.83507988760269,1,2
18,5,8,5.86997078563364,3.56952399369585,6.65699469613713,5.375077075346,4.60580768859174,1,2
18,5,13,5.86997078563364,3.56952399369585,3.74701318715165,6.33714369522472,4.88046792686201,1,2
18,5,14,5.86997078563364,3.56952399369585,3.96739913010379,6.05896294569067,4.90785088994648,1,2
18,5,18,5.86997078563364,3.56952399369585,4.69058583553792,6.20737077399388,4.83254423700885,1,2
18,5,19,5.86997078563364,3.56952399369585,5.34246294349975,5.93936527396687,4.9907236123425,1,2
18,5,21,5.86997078563364,3.56952399369585,4.83420142656125,6.07365429670082,4.90037295280267,1,2
18,5,24,5.86997078563364,3.56952399369585,3.5732382570637,6.15349409878618,4.86295966875518,1,2
18,5,25,5.86997078563364,3.56952399369585,4.91040829663429,6.74348133484618,5.10574079307786,1,2
18,5,28,5.86997078563364,3.56952399369585,5.73162236291505,4.81969072344774,4.50364878131994,1,2
18,5,29,5.86997078563364,3.56952399369585,5.60887059360639,5.38817910803795,4.51962259378499,1,2
18,5,31,5.86997078563364,3.56952399369585,5.58846273466049,6.48271170064969,5.00490846603971,1,2
18,5,34,5.86997078563364,3.56952399369585,4.04819073413788,7.23038291627795,5.39114103840205,1,2
18,5,38,5.86997078563364,3.56952399369585,4.56549011812084,6.67979953214891,5.0175231878364,1,2
18,5,39,5.86997078563364,3.56952399369585,5.56020634831013,5.83492772135676,4.79695739387577,1,2
18,5,40,5.86997078563364,3.56952399369585,6.68635662786701,6.31148625999019,5.08013382864601,1,2
18,5,41,5.86997078563364,3.56952399369585,3.82102463805571,6.10474308462662,4.83660676093606,1,2
18,5,43,5.86997078563364,3.56952399369585,4.18868896405981,6.31652483510777,4.97337198437859,1,2
18,5,46,5.86997078563364,3.56952399369585,5.80851096466266,7.49506786595522,5.47831456904965,1,2
18,5,52,5.86997078563364,3.56952399369585,6.20498655557148,6.65559795237874,4.95803699522543,1,2
18,5,56,5.86997078563364,3.56952399369585,4.53942330232049,6.11435079300705,4.67429425551972,1,2
18,5,57,5.86997078563364,3.56952399369585,5.50423556304266,6.39074871045941,5.02900423524627,1,2
18,5,59,5.86997078563364,3.56952399369585,5.54195754175901,6.34459680946111,5.06564738842447,1,2
18,5,63,5.86997078563364,3.56952399369585,5.19861880642436,6.31353752533543,4.80476234259466,1,2
18,5,64,5.86997078563364,3.56952399369585,4.85191433603053,6.51710247883343,5.01975727552187,1,2
18,5,65,5.86997078563364,3.56952399369585,6.96132142098218,6.49154651730263,4.98716003257865,1,2
18,5,66,5.86997078563364,3.56952399369585,5.6139580180105,5.63983044545908,4.93223583641447,1,2
18,5,67,5.86997078563364,3.56952399369585,5.39389094234292,5.36994247314886,4.69413607857922,1,2
18,5,68,5.86997078563364,3.56952399369585,3.37775355216337,5.9648268826644,4.63509574959927,1,2
18,5,69,5.86997078563364,3.56952399369585,4.50056985893003,6.34517877447652,4.81757233576899,1,2
18,5,71,5.86997078563364,3.56952399369585,3.74369276950874,5.98151919363473,4.81210102765945,1,2
18,5,78,5.86997078563364,3.56952399369585,4.604930394503,5.63045099608272,4.57484030100046,1,2
18,5,80,5.86997078563364,3.56952399369585,4.99199535702594,5.17203085808736,4.5533409796569,1,2
18,5,81,5.86997078563364,3.56952399369585,6.1728251002463,6.11762991506223,4.82422228672148,1,2
18,6,3,5.86997078563364,3.56952399369585,4.11996356420618,5.66783686705948,5.08065830264261,1,2
18,6,4,5.86997078563364,3.56952399369585,4.94279783974621,5.49675740306672,4.94428495944207,1,2
18,6,5,5.86997078563364,3.56952399369585,4.70745324462579,6.15376847173573,5.2882798949907,1,2
18,6,7,5.86997078563364,3.56952399369585,6.14192119501532,6.34917544784336,5.25085032639537,1,2
18,6,8,5.86997078563364,3.56952399369585,5.23858080700444,5.50162644386914,5.03017453985669,1,2
18,6,11,5.86997078563364,3.56952399369585,6.61749260785103,5.91259868978363,5.24503966959136,1,2
18,6,12,5.86997078563364,3.56952399369585,5.06836163852141,5.43573302503409,4.92862892256715,1,2
18,6,14,5.86997078563364,3.56952399369585,3.76591756802504,6.50424764077044,5.41922272130104,1,2
18,6,18,5.86997078563364,3.56952399369585,3.79286452970031,6.43922005079705,5.5518730829295,1,2
18,6,19,5.86997078563364,3.56952399369585,4.50000421995622,6.33087039051237,5.29784597624717,1,2
18,6,21,5.86997078563364,3.56952399369585,4.67686679801548,5.89843811188152,5.22939125217314,1,2
18,6,23,5.86997078563364,3.56952399369585,5.96975943453244,6.9922305942916,5.63455988692177,1,2
18,6,27,5.86997078563364,3.56952399369585,3.91088588971578,6.11221381563889,5.25181521555456,1,2
18,6,28,5.86997078563364,3.56952399369585,6.19237364746965,5.3018781470791,4.83694486698564,1,2
18,6,29,5.86997078563364,3.56952399369585,4.93089132667987,5.67888962351842,5.11057992741583,1,2
18,6,32,5.86997078563364,3.56952399369585,7.57021712695389,6.29140388829561,5.31962767592938,1,2
18,6,33,5.86997078563364,3.56952399369585,6.04597617005315,6.41669739037828,5.08412961870893,1,2
18,6,36,5.86997078563364,3.56952399369585,2.81196273687369,5.86465717361722,5.29464286207681,1,2
18,6,37,5.86997078563364,3.56952399369585,6.06543929681985,6.138891872186,5.34499415541433,1,2
18,6,38,5.86997078563364,3.56952399369585,5.33795874818312,6.05735452330907,5.18584766061648,1,2
18,6,39,5.86997078563364,3.56952399369585,5.14669752356746,5.54103119318261,5.12511913725105,1,2
18,6,42,5.86997078563364,3.56952399369585,4.12807382054639,6.11720957787108,5.23116615231921,1,2
18,6,43,5.86997078563364,3.56952399369585,4.16510153372469,7.4287182004174,5.52466919546258,1,2
18,6,44,5.86997078563364,3.56952399369585,5.21288991659635,6.10326979426372,5.0746263219158,1,2
18,6,45,5.86997078563364,3.56952399369585,5.07609475855477,5.89448197258793,5.33229953629765,1,2
18,6,47,5.86997078563364,3.56952399369585,5.77703347600333,5.07078754662137,4.83868884950895,1,2
18,6,50,5.86997078563364,3.56952399369585,5.62133858765481,5.70854395208167,5.00972584624201,1,2
18,6,52,5.86997078563364,3.56952399369585,4.40964572052309,5.34869988634944,5.10822806502162,1,2
18,6,57,5.86997078563364,3.56952399369585,4.46394840323203,6.35907934998299,5.50646900848875,1,2
18,6,59,5.86997078563364,3.56952399369585,4.7236091919518,5.1557073797495,4.74425335939736,1,2
18,6,60,5.86997078563364,3.56952399369585,3.9591403184927,5.25601179571302,4.84126675915146,1,2
18,6,63,5.86997078563364,3.56952399369585,6.00003830520053,5.78258406048049,5.12181998656995,1,2
18,6,67,5.86997078563364,3.56952399369585,4.39327198793134,5.737819397142,5.13579570967905,1,2
18,7,1,5.86997078563364,3.56952399369585,5.04221132599838,5.9705899826709,5.5361236665224,1,2
18,7,2,5.86997078563364,3.56952399369585,5.80862594942753,5.97127176023027,5.42632575080039,1,2
18,7,3,5.86997078563364,3.56952399369585,6.74153507017992,5.27519388405858,5.41313968920007,1,2
18,7,4,5.86997078563364,3.56952399369585,6.03455079275017,5.24888533221138,5.34721672207273,1,2
18,7,5,5.86997078563364,3.56952399369585,4.39850734090984,6.74832996483572,5.61670556532571,1,2
18,7,7,5.86997078563364,3.56952399369585,4.66407704441318,6.12976596005978,5.48918614516297,1,2
18,7,9,5.86997078563364,3.56952399369585,5.02365740217978,6.26950072695551,5.70716024381814,1,2
18,7,13,5.86997078563364,3.56952399369585,4.44179988334172,6.8367681633971,5.87994316157769,1,2
18,7,14,5.86997078563364,3.56952399369585,5.13743070055635,6.05136495093094,5.73348811040212,1,2
18,7,15,5.86997078563364,3.56952399369585,4.18676081173376,6.65378733628492,5.41676301857909,1,2
18,7,16,5.86997078563364,3.56952399369585,6.18372815537821,5.64309119113995,5.29552805918705,1,2
18,7,18,5.86997078563364,3.56952399369585,5.05021976014375,6.47049606345842,5.68499600037743,1,2
18,7,19,5.86997078563364,3.56952399369585,6.02152769003455,5.28113003904634,5.23962257445357,1,2
18,7,21,5.86997078563364,3.56952399369585,4.62081063508947,5.27898792820239,4.95405119440623,1,2
18,7,25,5.86997078563364,3.56952399369585,5.16995063984926,5.94995234666071,5.48799786111688,1,2
18,7,29,5.86997078563364,3.56952399369585,6.55713168271003,6.08531463824637,5.69781323695846,1,2
18,7,30,5.86997078563364,3.56952399369585,6.14381268123162,6.07476415758006,5.74282839405748,1,2
18,7,34,5.86997078563364,3.56952399369585,4.69018231056066,6.05997694706408,5.43741130158477,1,2
18,7,35,5.86997078563364,3.56952399369585,4.54101890552103,6.26716588919939,5.6943585286129,1,2
18,7,37,5.86997078563364,3.56952399369585,3.88568993591423,5.8144662242961,5.23754722353712,1,2
18,7,40,5.86997078563364,3.56952399369585,5.30895569200141,5.98861209130163,5.56981619637858,1,2
18,7,42,5.86997078563364,3.56952399369585,6.01200726205663,6.28134383646694,5.5363195982818,1,2
18,7,43,5.86997078563364,3.56952399369585,4.22421549959598,5.96215400651165,5.54427348967816,1,2
18,7,45,5.86997078563364,3.56952399369585,4.49207346789024,5.89098532119885,5.3159218195341,1,2
18,7,47,5.86997078563364,3.56952399369585,4.71868875795707,6.01480044142635,5.30817551413721,1,2
18,7,49,5.86997078563364,3.56952399369585,5.59640804021055,5.68567130029817,5.17267204809663,1,2
18,7,50,5.86997078563364,3.56952399369585,4.3385263094041,5.92207656985394,5.39894946122059,1,2
18,7,51,5.86997078563364,3.56952399369585,5.28904054749243,6.18975626709387,5.73620350889714,1,2
18,7,54,5.86997078563364,3.56952399369585,4.75289111774586,6.73559354149989,5.89203232546291,1,2
18,7,55,5.86997078563364,3.56952399369585,4.34965980575677,5.47690453153249,5.19501036778067,1,2
18,7,56,5.86997078563364,3.56952399369585,5.91869993238705,5.8351148615921,5.28240458544792,1,2
18,7,59,5.86997078563364,3.56952399369585,5.13279118224235,6.42693514126714,5.77446889649647,1,2
18,7,61,5.86997078563364,3.56952399369585,2.87770684732423,5.45741564647389,5.36014157637729,1,2
18,7,62,5.86997078563364,3.56952399369585,3.68767411768984,5.96682579245247,5.59500375403132,1,2
18,7,65,5.86997078563364,3.56952399369585,5.51843243182409,6.02298341481258,5.65389348196816,1,2
18,7,66,5.86997078563364,3.56952399369585,6.7745757253301,5.75250193480312,5.43690208038932,1,2
18,7,67,5.86997078563364,3.56952399369585,5.61457609690981,6.35215051876983,5.74797996395146,1,2
18,7,69,5.86997078563364,3.56952399369585,5.66006905676622,6.47247078615879,5.50809366811021,1,2
18,7,70,5.86997078563364,3.56952399369585,5.66269100333144,6.04079864242664,5.78144235433576,1,2
18,7,72,5.86997078563364,3.56952399369585,5.33877519276463,6.17843554874714,5.53091395937074,1,2
18,7,74,5.86997078563364,3.56952399369585,3.08210947291219,5.56167932376501,5.38223771235898,1,2
18,7,77,5.86997078563364,3.56952399369585,4.80460280175033,5.99869889967639,5.44331504455548,1,2
18,8,1,5.86997078563364,3.56952399369585,2.89229411488347,6.41357489784018,5.96627802374816,1,2
18,8,2,5.86997078563364,3.56952399369585,3.35698388820751,6.2716614316694,5.62529414521347,1,2
18,8,3,5.86997078563364,3.56952399369585,4.08610353323006,5.77059132374766,5.53212259344628,1,2
18,8,5,5.86997078563364,3.56952399369585,4.69284580431886,6.29275459400552,5.84639685498097,1,2
18,8,7,5.86997078563364,3.56952399369585,4.97554513773158,5.56465645251652,5.4792982413718,1,2
18,8,8,5.86997078563364,3.56952399369585,6.03635167557497,6.35170077635856,5.77264681406557,1,2
18,8,13,5.86997078563364,3.56952399369585,6.90208228469708,6.01117584452105,5.72658424576711,1,2
18,8,14,5.86997078563364,3.56952399369585,5.04556417954119,6.6319998356537,5.89188935478064,1,2
18,8,15,5.86997078563364,3.56952399369585,6.19528780960827,5.26921543309634,5.19685751683614,1,2
18,8,16,5.86997078563364,3.56952399369585,4.91151675607036,6.80666037048219,5.93498746219423,1,2
18,8,18,5.86997078563364,3.56952399369585,6.54532463859213,6.12818814880275,5.81438097384984,1,2
18,8,19,5.86997078563364,3.56952399369585,3.91835010157332,5.49970405245656,5.49447710050107,1,2
18,8,23,5.86997078563364,3.56952399369585,4.85566241147255,5.86454936174882,5.7137744612943,1,2
18,8,25,5.86997078563364,3.56952399369585,5.30663436478477,5.99860309388804,5.49225694036122,1,2
18,8,26,5.86997078563364,3.56952399369585,3.21461289955414,5.30078547981919,5.11317087362425,1,2
18,8,27,5.86997078563364,3.56952399369585,4.91936248298372,5.88917242575333,5.50950510634097,1,2
18,8,28,5.86997078563364,3.56952399369585,5.13074962067238,6.64605495018066,5.80789190012851,1,2
18,8,31,5.86997078563364,3.56952399369585,5.24472700985162,6.2658010698336,5.67084812693073,1,2
18,8,32,5.86997078563364,3.56952399369585,5.00067012312187,6.1996166003385,5.76051497915242,1,2
18,8,33,5.86997078563364,3.56952399369585,3.39226845235208,6.45270405455267,5.69358478104773,1,2
18,8,34,5.86997078563364,3.56952399369585,5.33291362163888,5.79741739201097,5.44858505108184,1,2
18,8,36,5.86997078563364,3.56952399369585,6.31015320632369,5.26576110917207,5.27362768833568,1,2
18,8,39,5.86997078563364,3.56952399369585,5.75066074164868,5.84243938151078,5.32227682962768,1,2
18,8,40,5.86997078563364,3.56952399369585,4.94768340175409,5.7695599920592,5.4959682267965,1,2
18,8,52,5.86997078563364,3.56952399369585,4.17258553070004,6.35960777759822,5.60959506657136,1,2
18,8,53,5.86997078563364,3.56952399369585,5.89690010246475,6.23182547015451,5.59576434402651,1,2
18,8,54,5.86997078563364,3.56952399369585,6.21467540605466,6.71367225270272,5.80471015904333,1,2
18,8,55,5.86997078563364,3.56952399369585,5.35803993079857,5.71112055964354,5.69255562946797,1,2
18,8,56,5.86997078563364,3.56952399369585,4.2899099629352,5.76472453619743,5.37924362617038,1,2
18,8,59,5.86997078563364,3.56952399369585,4.90497730888383,6.30137618773681,5.83121091182089,1,2
18,8,60,5.86997078563364,3.56952399369585,7.13516484273731,6.11777062527629,5.57643512026069,1,2
18,8,65,5.86997078563364,3.56952399369585,5.70047906505555,5.17937929983844,5.3114432653933,1,2
18,8,68,5.86997078563364,3.56952399369585,5.14955238626094,6.47537063676895,5.87525304948169,1,2
18,8,69,5.86997078563364,3.56952399369585,4.99920732889723,5.45248319521297,5.32796655354344,1,2
18,8,70,5.86997078563364,3.56952399369585,5.99272087762999,5.00432367908729,5.29548907882462,1,2
18,8,71,5.86997078563364,3.56952399369585,3.39628079945215,5.66727686659543,5.3585399505706,1,2
18,8,75,5.86997078563364,3.56952399369585,4.58133630772525,5.71008726709012,5.47485309104026,1,2
18,8,77,5.86997078563364,3.56952399369585,5.88897940335173,5.33954055494498,5.26552292818376,1,2
18,8,78,5.86997078563364,3.56952399369585,5.16641383422487,6.54587688549345,5.93645438787646,1,2
18,8,79,5.86997078563364,3.56952399369585,3.95576262152495,6.84986068847999,5.82411374696414,1,2
18,8,82,5.86997078563364,3.56952399369585,5.82378704796118,6.15659744852268,5.49980380041696,1,2
18,8,85,5.86997078563364,3.56952399369585,5.43295789772148,5.92667443446905,5.57282407618024,1,2
18,9,2,5.86997078563364,3.56952399369585,6.14869201765357,6.10135348528584,5.8835304801232,1,2
18,9,3,5.86997078563364,3.56952399369585,4.44762576247516,5.78261771059686,5.68509672030211,1,2
18,9,4,5.86997078563364,3.56952399369585,4.51089474369792,5.5862122081752,5.81597090017409,1,2
18,9,5,5.86997078563364,3.56952399369585,4.34580349635517,5.59367734690965,5.65246505896329,1,2
18,9,7,5.86997078563364,3.56952399369585,6.87057007543537,5.9134659551572,5.90289128240014,1,2
18,9,11,5.86997078563364,3.56952399369585,5.07634497442982,5.98454291093571,5.74978595131456,1,2
18,9,12,5.86997078563364,3.56952399369585,5.31100404796467,6.56153907292952,5.94732795408468,1,2
18,9,14,5.86997078563364,3.56952399369585,4.42958642425957,6.10912804000553,5.94170687172357,1,2
18,9,15,5.86997078563364,3.56952399369585,5.04288839214632,5.70392383340139,5.94234823278378,1,2
18,9,19,5.86997078563364,3.56952399369585,4.65336962196774,5.81570458905915,5.71703701096399,1,2
18,9,22,5.86997078563364,3.56952399369585,5.3034260076279,5.84758298770611,5.80333915192265,1,2
18,9,23,5.86997078563364,3.56952399369585,4.18728376637078,6.35599010871281,5.90668211772299,1,2
18,9,27,5.86997078563364,3.56952399369585,4.032107084255,5.31540856205462,5.374833741055,1,2
18,9,29,5.86997078563364,3.56952399369585,5.94607814842445,5.84754627880528,5.83110154029685,1,2
18,9,31,5.86997078563364,3.56952399369585,6.13536200143753,5.53680913408756,5.82092556977226,1,2
18,9,32,5.86997078563364,3.56952399369585,5.92199898750325,5.79732550234233,5.74712508142297,1,2
18,9,34,5.86997078563364,3.56952399369585,3.77138565967188,5.88810009118093,5.69332350057926,1,2
18,9,36,5.86997078563364,3.56952399369585,4.46857838527664,5.0760680488013,5.51566544009398,1,2
18,9,38,5.86997078563364,3.56952399369585,5.27624869881681,5.5519172992878,5.64902733956988,1,2
18,9,39,5.86997078563364,3.56952399369585,4.42686020697554,6.25971846719529,5.96161955236997,1,2
18,9,40,5.86997078563364,3.56952399369585,4.38476266719829,5.77929777847142,5.66619837847276,1,2
18,9,41,5.86997078563364,3.56952399369585,5.20061929121118,5.7937011100489,5.81153100289135,1,2
18,9,42,5.86997078563364,3.56952399369585,6.06058387132546,6.30099884776023,5.88615479693683,1,2
18,9,43,5.86997078563364,3.56952399369585,5.08569240571027,6.8155003918299,6.04349902286671,1,2
18,9,44,5.86997078563364,3.56952399369585,4.29187234536771,5.58777033968432,5.7265437720418,1,2
18,9,48,5.86997078563364,3.56952399369585,4.90459448029971,6.25241033315743,5.87801696429591,1,2
18,9,52,5.86997078563364,3.56952399369585,7.47065303527673,6.86167603532924,6.07301332247017,1,2
18,9,54,5.86997078563364,3.56952399369585,3.99546340099315,5.93419744121671,5.66165128025839,1,2
18,9,56,5.86997078563364,3.56952399369585,3.13995763881421,5.55355067158446,5.58021176114567,1,2
18,9,58,5.86997078563364,3.56952399369585,3.43523465297742,5.92394031339626,5.74375852168661,1,2
18,9,61,5.86997078563364,3.56952399369585,4.67588440784178,6.26236633495126,5.80768438643131,1,2
18,9,62,5.86997078563364,3.56952399369585,7.03006115164696,5.42430036202127,5.81216121375018,1,2
18,9,64,5.86997078563364,3.56952399369585,3.65530592095553,7.0997250085501,6.27580563218495,1,2
18,9,67,5.86997078563364,3.56952399369585,6.24482831638033,5.48702162295121,5.80907798006085,1,2
18,9,68,5.86997078563364,3.56952399369585,4.74357741949099,5.91144880025085,5.74554447151065,1,2
18,9,69,5.86997078563364,3.56952399369585,4.27062921583115,6.86330106825615,6.15765554667477,1,2
18,9,70,5.86997078563364,3.56952399369585,4.3373621025097,5.61093915139803,5.87618162501441,1,2
18,9,71,5.86997078563364,3.56952399369585,4.4970328822267,6.21832087285814,5.86811960445841,1,2
18,9,72,5.86997078563364,3.56952399369585,3.87473032681136,5.58999757943607,5.55611064431931,1,2
18,9,73,5.86997078563364,3.56952399369585,2.93689889562497,5.34403915808293,5.59843658859517,1,2
18,9,83,5.86997078563364,3.56952399369585,4.29150474077185,5.9310091008794,5.90085826658976,1,2
18,9,85,5.86997078563364,3.56952399369585,7.68236705056166,5.89868358358778,5.82736106981434,1,2
18,9,86,5.86997078563364,3.56952399369585,4.87592374224126,6.27785369224243,5.89323707438493,1,2
18,9,88,5.86997078563364,3.56952399369585,4.41189056197752,5.96288245312139,5.79189499761277,1,2
18,9,90,5.86997078563364,3.56952399369585,5.18853434374405,5.30196737906215,5.49784483829551,1,2
18,9,92,5.86997078563364,3.56952399369585,3.78204156316273,5.45001560538387,5.48593600404599,1,2
18,9,94,5.86997078563364,3.56952399369585,3.28687321899175,5.46423801601561,5.61480173538122,1,2
18,10,1,5.86997078563364,3.56952399369585,6.44685679311602,6.40036228635259,6.25847719894209,1,2
18,10,2,5.86997078563364,3.56952399369585,6.00200185146059,6.95936831590729,6.48326847964355,1,2
18,10,3,5.86997078563364,3.56952399369585,6.10449819669303,5.11843975417568,5.9903958348931,1,2
18,10,5,5.86997078563364,3.56952399369585,3.89376331733921,5.55126567539462,6.10037404322492,1,2
18,10,6,5.86997078563364,3.56952399369585,4.80378558589625,5.34976680795209,6.04470227690428,1,2
18,10,8,5.86997078563364,3.56952399369585,4.4991309104056,5.73313930521927,5.79888509523952,1,2
18,10,9,5.86997078563364,3.56952399369585,4.19393575582528,6.2086163887371,5.98755898117768,1,2
18,10,10,5.86997078563364,3.56952399369585,4.86275296606493,5.6137744913099,5.92928555794793,1,2
18,10,12,5.86997078563364,3.56952399369585,4.36488530239685,5.84989894520468,5.81464296986742,1,2
18,10,13,5.86997078563364,3.56952399369585,6.79968508611872,5.06904138678454,5.71019102106134,1,2
18,10,16,5.86997078563364,3.56952399369585,4.46017972950879,5.87025652240103,5.87799007677073,1,2
18,10,18,5.86997078563364,3.56952399369585,4.20125285795316,5.92142713081848,5.90478889482553,1,2
18,10,19,5.86997078563364,3.56952399369585,6.78650089911184,5.30062327615532,5.85165024977034,1,2
18,10,24,5.86997078563364,3.56952399369585,4.95248228098116,6.15093164094551,6.20414209928894,1,2
18,10,27,5.86997078563364,3.56952399369585,4.22251601768456,6.03711802972519,6.05102205373269,1,2
18,10,28,5.86997078563364,3.56952399369585,4.40861329092394,6.11396449658354,6.01423308653496,1,2
18,10,30,5.86997078563364,3.56952399369585,4.47495724239973,6.75123910951367,6.19407426757749,1,2
18,10,32,5.86997078563364,3.56952399369585,5.31632888937073,5.83084595402883,6.18036414983291,1,2
18,10,34,5.86997078563364,3.56952399369585,4.13241083874614,6.25907291105821,5.97296374847209,1,2
18,10,35,5.86997078563364,3.56952399369585,4.73708288240594,6.00882194744687,5.92851370838088,1,2
18,10,37,5.86997078563364,3.56952399369585,4.11369042973577,5.52140782923528,5.81696085749935,1,2
18,10,39,5.86997078563364,3.56952399369585,5.45037991183761,6.78731531064936,6.318970774015,1,2
18,10,40,5.86997078563364,3.56952399369585,6.08915327111294,5.59549893790786,5.8991543975552,1,2
18,10,41,5.86997078563364,3.56952399369585,3.88923888627039,6.64884622185509,6.26397561577749,1,2
18,10,44,5.86997078563364,3.56952399369585,2.98894331142526,5.93947681237836,5.87638466751109,1,2
18,10,47,5.86997078563364,3.56952399369585,5.14636335231916,5.07248360309591,5.64883600385228,1,2
18,10,52,5.86997078563364,3.56952399369585,4.52041329845272,5.88638380704734,6.093463727861,1,2
18,10,53,5.86997078563364,3.56952399369585,2.76774129533309,5.77012302611966,5.8837374039932,1,2
18,10,57,5.86997078563364,3.56952399369585,4.29038895977241,5.66455215805127,5.82955168201941,1,2
18,10,61,5.86997078563364,3.56952399369585,3.84856586807311,6.07688144734541,6.12577117623268,1,2
18,10,63,5.86997078563364,3.56952399369585,5.7988574389654,5.8617331965664,6.06495577587973,1,2
18,10,64,5.86997078563364,3.56952399369585,4.67601698433404,5.0912055995659,5.98388582227595,1,2
18,10,65,5.86997078563364,3.56952399369585,6.04679702352687,5.5752783261076,5.96903737457898,1,2
18,10,67,5.86997078563364,3.56952399369585,5.2384750356751,7.02662521490958,6.31035690956839,1,2
18,10,71,5.86997078563364,3.56952399369585,4.17179953743218,5.48383410619524,5.59889503422681,1,2
18,10,72,5.86997078563364,3.56952399369585,5.22214455243112,6.22819270367819,6.08741716763652,1,2
18,10,77,5.86997078563364,3.56952399369585,5.35758280580859,5.6762810154738,5.82687468592486,1,2
18,10,78,5.86997078563364,3.56952399369585,4.85889921560918,5.21110757564762,5.96750835744768,1,2
18,10,79,5.86997078563364,3.56952399369585,5.31280756928207,6.37157817205233,5.9226422734481,1,2
18,10,80,5.86997078563364,3.56952399369585,6.65825073298299,6.44516182536801,6.21692683918071,1,2
18,11,2,5.86997078563364,3.56952399369585,4.36763687706569,5.02433362354201,5.92679224086289,1,2
18,11,5,5.86997078563364,3.56952399369585,5.89817766726814,6.23377185369518,6.49014752362992,1,2
18,11,12,5.86997078563364,3.56952399369585,6.47720827390871,6.10019508129695,6.37475231235797,1,2
18,11,13,5.86997078563364,3.56952399369585,6.36436194033312,6.74686166752641,6.47158985185682,1,2
18,11,16,5.86997078563364,3.56952399369585,5.93293334896396,6.43458032240369,6.11636393257414,1,2
18,11,18,5.86997078563364,3.56952399369585,5.34185906980075,5.8973712450523,6.21088775478155,1,2
18,11,19,5.86997078563364,3.56952399369585,4.33616626344442,5.30950630698797,6.13906124302184,1,2
18,11,25,5.86997078563364,3.56952399369585,5.10379121457407,6.22247615146918,6.40732505387114,1,2
18,11,26,5.86997078563364,3.56952399369585,5.60896067840779,6.11240794734253,6.34967874276976,1,2
18,11,30,5.86997078563364,3.56952399369585,4.48924326341975,5.1564961263937,5.84396827815846,1,2
18,11,35,5.86997078563364,3.56952399369585,5.54473668057241,7.09777100763593,6.69860693281079,1,2
18,11,36,5.86997078563364,3.56952399369585,3.0438242275258,5.91027630109853,6.05740120510561,1,2
18,11,40,5.86997078563364,3.56952399369585,4.80575507426479,6.5575292996533,6.15172585784295,1,2
18,11,46,5.86997078563364,3.56952399369585,5.5461682958124,6.52360864436465,6.4691883591938,1,2
18,11,47,5.86997078563364,3.56952399369585,5.97162181110603,6.80547382063651,6.50546027421363,1,2
18,11,48,5.86997078563364,3.56952399369585,6.17777935558372,6.10546304064823,6.29560587058921,1,2
18,11,50,5.86997078563364,3.56952399369585,4.35980735578064,5.91508258597623,6.14694653358648,1,2
18,11,51,5.86997078563364,3.56952399369585,3.27877120077319,6.39373255008136,6.39689406534896,1,2
18,11,52,5.86997078563364,3.56952399369585,5.25844459771848,6.38759114793647,6.28595845629417,1,2
18,11,57,5.86997078563364,3.56952399369585,4.28599361901343,6.44721509170522,6.34502646293985,1,2
18,11,58,5.86997078563364,3.56952399369585,5.49226780534987,6.65221777297584,6.32218107402616,1,2
18,11,64,5.86997078563364,3.56952399369585,4.02543490621895,6.32122057129105,6.35065438724964,1,2
18,11,65,5.86997078563364,3.56952399369585,4.47865378123894,5.39327607803219,6.23687886268751,1,2
18,11,67,5.86997078563364,3.56952399369585,7.59165177829063,6.49549317210163,6.39512092346733,1,2
18,11,68,5.86997078563364,3.56952399369585,6.32905087883292,4.934706110408,5.74631884039891,1,2
18,11,71,5.86997078563364,3.56952399369585,6.43768935955109,5.19801321871845,5.98749869758703,1,2
18,11,72,5.86997078563364,3.56952399369585,6.08830851934923,5.87186925689495,6.17694402616754,1,2
18,11,74,5.86997078563364,3.56952399369585,4.48917709137322,5.15448280536252,5.95959193868204,1,2
18,11,75,5.86997078563364,3.56952399369585,5.41789759673577,5.76790792631664,6.17382760695663,1,2
18,11,76,5.86997078563364,3.56952399369585,3.20300673996475,6.3262915547745,6.46746966557209,1,2
18,11,77,5.86997078563364,3.56952399369585,3.94187335954261,5.3812155619009,5.94164526791806,1,2
18,12,1,5.86997078563364,3.56952399369585,5.43567335908701,5.92669422937814,5.99325589384077,1,2
18,12,3,5.86997078563364,3.56952399369585,3.05489649362535,6.08261591774654,5.99795667859571,1,2
18,12,4,5.86997078563364,3.56952399369585,4.27666246747525,6.18886108241818,6.02181947248952,1,2
18,12,5,5.86997078563364,3.56952399369585,4.29049339811856,6.18823562439972,6.00814773632905,1,2
18,12,7,5.86997078563364,3.56952399369585,4.93470852519962,6.60258012678347,6.12476732299616,1,2
18,12,8,5.86997078563364,3.56952399369585,5.69425475756908,6.0470350084721,6.02747246327712,1,2
18,12,10,5.86997078563364,3.56952399369585,2.4463316583533,6.20117280684019,6.35685568956189,1,2
18,12,13,5.86997078563364,3.56952399369585,6.44968504211441,4.97803389289672,5.96430225821032,1,2
18,12,14,5.86997078563364,3.56952399369585,3.92596029702432,6.12857386649285,6.34107377604863,1,2
18,12,15,5.86997078563364,3.56952399369585,3.64855396639858,6.28904647267882,6.12753850429854,1,2
18,12,20,5.86997078563364,3.56952399369585,5.56735386183227,6.54016665426721,6.14471334728327,1,2
18,12,21,5.86997078563364,3.56952399369585,5.44916752454865,5.64878971105024,5.96850029295517,1,2
18,12,24,5.86997078563364,3.56952399369585,5.28724738014569,5.64279437900936,6.17112472562167,1,2
18,12,28,5.86997078563364,3.56952399369585,5.03005284413059,6.54842751329171,6.19282880892622,1,2
18,12,29,5.86997078563364,3.56952399369585,4.2128860104348,5.89968180661827,6.12959086378976,1,2
18,12,30,5.86997078563364,3.56952399369585,4.9940473213079,5.58726227878687,6.18859029057539,1,2
18,12,31,5.86997078563364,3.56952399369585,5.45959829599494,6.72332963473682,6.53997831536684,1,2
18,12,32,5.86997078563364,3.56952399369585,4.21535296937356,6.48641612362975,6.04259529232958,1,2
18,12,33,5.86997078563364,3.56952399369585,5.59288589484775,5.77782992558378,5.79770353625024,1,2
18,12,34,5.86997078563364,3.56952399369585,4.438693887692,5.75321113825254,6.31361994624096,1,2
18,12,36,5.86997078563364,3.56952399369585,4.52764467965666,6.15269373092839,6.07780843099331,1,2
18,12,39,5.86997078563364,3.56952399369585,4.97524596689516,5.59675052452923,5.82487878512406,1,2
18,12,41,5.86997078563364,3.56952399369585,5.60666211355089,5.72378634172284,5.99333611736983,1,2
18,12,44,5.86997078563364,3.56952399369585,5.39513224603021,6.10594676325726,6.11838829126811,1,2
18,12,45,5.86997078563364,3.56952399369585,5.56513845583516,6.36409280264025,6.36982484307178,1,2
18,12,46,5.86997078563364,3.56952399369585,5.26313439982694,5.83679697248454,5.95505106291803,1,2
18,12,48,5.86997078563364,3.56952399369585,3.52596942830858,6.05342854111889,6.2546472797485,1,2
18,12,49,5.86997078563364,3.56952399369585,5.36660111252284,5.55864343728183,5.93186951460999,1,2
18,12,50,5.86997078563364,3.56952399369585,4.46098930963931,5.5723372285517,6.06498720341789,1,2
18,12,52,5.86997078563364,3.56952399369585,5.32428805923824,6.20854456921722,6.24395893458982,1,2
18,12,56,5.86997078563364,3.56952399369585,5.74310127725266,6.21706115892914,6.21866090737324,1,2
18,12,57,5.86997078563364,3.56952399369585,4.51892198900351,6.09314475816386,5.93823572692434,1,2
18,12,58,5.86997078563364,3.56952399369585,4.89943066779172,6.51095449193548,6.15671119660946,1,2
18,12,62,5.86997078563364,3.56952399369585,3.57728511579771,6.05753548094892,6.12906049951102,1,2
18,12,63,5.86997078563364,3.56952399369585,5.38810550197754,7.11191549772385,6.63649237575315,1,2
18,12,64,5.86997078563364,3.56952399369585,5.41915268747516,5.74793898738501,5.98692396830865,1,2
18,12,65,5.86997078563364,3.56952399369585,6.48308438044485,6.29835435633817,6.23398951327042,1,2
18,12,67,5.86997078563364,3.56952399369585,3.80791899915949,6.83473685169313,6.17134334069489,1,2
18,12,72,5.86997078563364,3.56952399369585,5.74603819259077,5.48617000104573,5.79831916010033,1,2
18,12,73,5.86997078563364,3.56952399369585,4.6414221918004,6.03830411518838,6.15119139311597,1,2
18,12,74,5.86997078563364,3.56952399369585,4.67785109632136,6.49104878595716,6.18558280239242,1,2
18,12,75,5.86997078563364,3.56952399369585,4.16135800728891,6.28940747135629,5.99540462843561,1,2
18,13,1,5.86997078563364,3.56952399369585,6.72719637013297,6.41495355726558,6.68453316894511,1,2
18,13,2,5.86997078563364,3.56952399369585,5.2174899047231,6.16608391358076,6.98720684864012,1,2
18,13,5,5.86997078563364,3.56952399369585,5.06794172099236,5.74689757888002,6.48969715955286,1,2
18,13,6,5.86997078563364,3.56952399369585,3.26310241139606,5.46256975929237,6.20409745627423,1,2
18,13,8,5.86997078563364,3.56952399369585,3.76154123413433,4.98213113185788,6.36776512441927,1,2
18,13,10,5.86997078563364,3.56952399369585,5.94395532727923,6.77881753606229,6.87216442317832,1,2
18,13,13,5.86997078563364,3.56952399369585,4.09272615927621,6.08310180717997,6.65963332766592,1,2
18,13,18,5.86997078563364,3.56952399369585,5.09163066016159,6.22990957989158,6.49122640952554,1,2
18,13,20,5.86997078563364,3.56952399369585,5.15139444014863,6.02509260802574,6.62382343356284,1,2
18,13,27,5.86997078563364,3.56952399369585,5.61435788206356,5.60531044692343,6.42348527794333,1,2
18,13,30,5.86997078563364,3.56952399369585,4.73045550988396,5.29254261214466,6.43448626209073,1,2
18,13,36,5.86997078563364,3.56952399369585,4.00123471783438,6.49198059646086,6.82685918507247,1,2
18,13,39,5.86997078563364,3.56952399369585,5.90055734840745,5.11764837960312,6.39626787782853,1,2
18,13,42,5.86997078563364,3.56952399369585,5.47161741162473,5.91217125224052,6.54266623082541,1,2
18,13,43,5.86997078563364,3.56952399369585,6.11063103479567,6.47633337787383,6.67911763099271,1,2
18,13,45,5.86997078563364,3.56952399369585,6.87936840056407,5.9165105723372,6.69104077851557,1,2
18,13,48,5.86997078563364,3.56952399369585,5.3230942259838,7.25446599399274,6.97957087832713,1,2
18,13,53,5.86997078563364,3.56952399369585,4.6819858673745,6.31910176221583,6.74172013866264,1,2
18,13,54,5.86997078563364,3.56952399369585,4.77681208183288,5.64082119234798,6.62683710746337,1,2
18,13,55,5.86997078563364,3.56952399369585,5.12789455347942,5.51600794956464,6.28707245742847,1,2
18,13,56,5.86997078563364,3.56952399369585,5.34289463769401,6.2600589587135,6.6342733665271,1,2
18,13,58,5.86997078563364,3.56952399369585,3.36759876231363,4.58327081405796,5.93499604671636,1,2
18,13,59,5.86997078563364,3.56952399369585,5.07457461638483,5.57235200707517,6.38568702737498,1,2
18,13,63,5.86997078563364,3.56952399369585,3.63450518493622,5.78821098770944,6.65150817319258,1,2
18,13,67,5.86997078563364,3.56952399369585,6.53247502435427,6.03256826716588,6.5915318473763,1,2
18,13,68,5.86997078563364,3.56952399369585,4.67526009548256,6.314980880572,6.69363094354745,1,2
18,13,69,5.86997078563364,3.56952399369585,2.94399095612833,5.68089836377762,6.38811262552913,1,2
18,13,70,5.86997078563364,3.56952399369585,4.20476330102713,5.86380517121151,6.48165216865563,1,2
18,13,71,5.86997078563364,3.56952399369585,7.07580103806563,6.3136726178307,6.70759877152555,1,2
18,13,73,5.86997078563364,3.56952399369585,5.96214792053819,6.85955690838633,6.7175644197954,1,2
18,13,75,5.86997078563364,3.56952399369585,3.64803060225997,5.68936551518054,6.47788467477046,1,2
18,13,76,5.86997078563364,3.56952399369585,6.01168387744839,6.20801225138024,6.56520257433867,1,2
18,13,78,5.86997078563364,3.56952399369585,6.54678534423789,6.39241534755256,6.83409349701006,1,2
18,13,79,5.86997078563364,3.56952399369585,5.19348280454614,6.83552908850458,6.87524695202638,1,2
18,13,80,5.86997078563364,3.56952399369585,5.63905785251802,6.1821470983002,6.58112138452517,1,2
18,13,81,5.86997078563364,3.56952399369585,5.46047288048496,6.6239097023089,6.90398568594871,1,2
18,13,82,5.86997078563364,3.56952399369585,5.31645909011926,5.92522824232141,6.54427741223322,1,2
18,13,83,5.86997078563364,3.56952399369585,4.26480852774577,6.21203680697984,6.36384715827113,1,2
18,13,85,5.86997078563364,3.56952399369585,4.81086075350954,6.01707594337905,6.7450811441079,1,2
18,13,86,5.86997078563364,3.56952399369585,5.92617007555283,6.06637015861433,6.66148632678561,1,2
18,13,87,5.86997078563364,3.56952399369585,5.1336673216183,5.88433372228915,6.47984689319519,1,2
18,13,90,5.86997078563364,3.56952399369585,4.373013114184,6.08209807201998,6.81680811099154,1,2
18,13,91,5.86997078563364,3.56952399369585,4.59914534766806,6.30354054744408,6.69086167703417,1,2
18,13,93,5.86997078563364,3.56952399369585,5.38463463509379,6.08669600408143,6.43073512607418,1,2
18,13,95,5.86997078563364,3.56952399369585,4.75339221956529,5.83772525408692,6.65224631697677,1,2
18,13,96,5.86997078563364,3.56952399369585,5.82713647649613,6.16784926785619,6.58589295646422,1,2
18,14,2,5.86997078563364,3.56952399369585,4.73894903770557,6.10244862120724,6.74212565773682,1,2
18,14,3,5.86997078563364,3.56952399369585,5.00263557336337,5.7381726239854,6.78459559650254,1,2
18,14,4,5.86997078563364,3.56952399369585,6.34626582838329,5.44504616484335,6.70188245448633,1,2
18,14,6,5.86997078563364,3.56952399369585,3.619214265623,6.03427811929131,6.50159036491599,1,2
18,14,8,5.86997078563364,3.56952399369585,5.34545896433428,6.10806841915009,6.69182651494042,1,2
18,14,10,5.86997078563364,3.56952399369585,4.18276253214901,5.67674938882792,6.82534833898134,1,2
18,14,11,5.86997078563364,3.56952399369585,3.52819830146567,6.82889065809504,6.88188132924048,1,2
18,14,12,5.86997078563364,3.56952399369585,4.34475330122972,6.04193770786243,6.66674041574923,1,2
18,14,14,5.86997078563364,3.56952399369585,4.02903272941939,5.94315890163708,6.62076110202703,1,2
18,14,15,5.86997078563364,3.56952399369585,4.56094537375425,5.78100294682429,6.45455886463292,1,2
18,14,18,5.86997078563364,3.56952399369585,5.3046892810708,6.1471106937289,6.89203623804218,1,2
18,14,21,5.86997078563364,3.56952399369585,7.98110583538442,6.37678266594455,6.96813041945756,1,2
18,14,23,5.86997078563364,3.56952399369585,4.01768145495922,6.86988539212922,6.98559706618752,1,2
18,14,25,5.86997078563364,3.56952399369585,3.58950306343267,6.01125030874735,6.70111080069036,1,2
18,14,26,5.86997078563364,3.56952399369585,5.28736703622128,6.36782843669458,7.13844836874503,1,2
18,14,28,5.86997078563364,3.56952399369585,6.73803109426355,5.97839257521691,6.8033806373564,1,2
18,14,32,5.86997078563364,3.56952399369585,5.29097536568059,5.68145070679888,6.56548154707797,1,2
18,14,35,5.86997078563364,3.56952399369585,5.44287692680204,5.69401431502784,6.61815791459148,1,2
18,14,36,5.86997078563364,3.56952399369585,4.81516676999451,5.65224025971448,6.54530230871598,1,2
18,14,37,5.86997078563364,3.56952399369585,3.223293038799,6.67146441710471,6.94127424455317,1,2
18,14,38,5.86997078563364,3.56952399369585,5.62271759767168,5.72948332154033,6.89871849193136,1,2
18,14,40,5.86997078563364,3.56952399369585,4.71489695511085,6.85493448156994,7.10201131573878,1,2
18,14,41,5.86997078563364,3.56952399369585,3.25824081446139,5.2137743579879,6.61890637292523,1,2
18,14,42,5.86997078563364,3.56952399369585,3.69959009653816,5.24175749790279,6.64262422792455,1,2
18,14,44,5.86997078563364,3.56952399369585,5.42109106976339,6.26753213404254,6.96645827837596,1,2
18,14,46,5.86997078563364,3.56952399369585,4.59346216680376,5.78264893370685,6.62849596338103,1,2
18,14,47,5.86997078563364,3.56952399369585,4.5101384839434,5.78674908347799,6.69714566946473,1,2
18,14,51,5.86997078563364,3.56952399369585,5.97332539193509,6.06663580407488,6.88598132400401,1,2
18,14,53,5.86997078563364,3.56952399369585,5.90187602077007,5.71209801806965,6.50199079301178,1,2
18,14,54,5.86997078563364,3.56952399369585,5.6435358451475,5.91286897451038,6.72534700028166,1,2
18,14,55,5.86997078563364,3.56952399369585,6.10894074374014,6.34165828392977,6.80271222781797,1,2
18,14,58,5.86997078563364,3.56952399369585,4.63913797741665,6.30682162258703,6.77222121259678,1,2
18,14,60,5.86997078563364,3.56952399369585,5.08995394632755,5.843542407839,6.82149339724971,1,2
18,14,61,5.86997078563364,3.56952399369585,5.61288349920755,6.81344798803918,6.99581550054126,1,2
18,14,63,5.86997078563364,3.56952399369585,4.4501583391089,6.27883398599312,6.58268164989827,1,2
18,14,65,5.86997078563364,3.56952399369585,5.5033122167839,6.60602220868814,7.10713670411998,1,2
18,14,68,5.86997078563364,3.56952399369585,3.49240900002643,6.71127480872192,7.04980463300532,1,2
18,14,69,5.86997078563364,3.56952399369585,4.55760330237844,5.78323635355562,6.57980974561575,1,2
18,14,71,5.86997078563364,3.56952399369585,5.24789913021047,6.17680710187571,6.46603511779107,1,2
18,14,72,5.86997078563364,3.56952399369585,3.84965945268576,6.18006537686072,6.48470097032153,1,2
18,14,73,5.86997078563364,3.56952399369585,5.72768744021215,5.08561876251843,6.47148747879414,1,2
18,14,77,5.86997078563364,3.56952399369585,5.37358087854731,5.60874359858407,6.79416776278865,1,2
18,14,83,5.86997078563364,3.56952399369585,5.32290153099976,6.71372485923098,7.01177433823039,1,2
18,14,84,5.86997078563364,3.56952399369585,4.13594177747085,5.71799963992173,6.56609580444283,1,2
18,14,86,5.86997078563364,3.56952399369585,2.5765359775153,5.48307760148379,6.33107240142342,1,2
18,14,87,5.86997078563364,3.56952399369585,7.27660372642743,6.59346389516136,6.66317962589471,1,2
18,15,1,5.86997078563364,3.56952399369585,4.6342640704993,5.73692313471035,6.8661873258989,1,2
18,15,2,5.86997078563364,3.56952399369585,3.42913561558137,5.70620068412272,6.42149653480226,1,2
18,15,3,5.86997078563364,3.56952399369585,6.61779678330372,5.90032284705094,6.6138596432715,1,2
18,15,6,5.86997078563364,3.56952399369585,3.21025286679742,6.0804479959578,6.51249880769118,1,2
18,15,8,5.86997078563364,3.56952399369585,6.11107993203689,5.5905160361477,6.6220514267679,1,2
18,15,9,5.86997078563364,3.56952399369585,5.3266933704935,5.63904447478995,6.40130234494083,1,2
18,15,10,5.86997078563364,3.56952399369585,5.55874274605356,5.37011655482054,6.45584859973367,1,2
18,15,12,5.86997078563364,3.56952399369585,4.68909087351997,5.70303412835653,6.57110382249936,1,2
18,15,13,5.86997078563364,3.56952399369585,5.70426164608991,4.67414167577949,6.23433490483165,1,2
18,15,15,5.86997078563364,3.56952399369585,4.69780066142599,5.5576916498887,6.80589024589076,1,2
18,15,16,5.86997078563364,3.56952399369585,4.85282589944269,5.89864118417453,6.47067896630839,1,2
18,15,17,5.86997078563364,3.56952399369585,5.58378400197801,6.00426621856195,6.87424311290267,1,2
18,15,19,5.86997078563364,3.56952399369585,5.76616601093003,6.40157948392566,6.78264633045604,1,2
18,15,20,5.86997078563364,3.56952399369585,4.2466087933053,5.64429694826128,6.18193013149809,1,2
18,15,24,5.86997078563364,3.56952399369585,3.84217144318087,6.1514322860694,6.59586805588799,1,2
18,15,26,5.86997078563364,3.56952399369585,3.76449438523427,5.73009746845094,6.55897620783291,1,2
18,15,29,5.86997078563364,3.56952399369585,4.37244821183021,6.31822883209705,6.5011789749157,1,2
18,15,30,5.86997078563364,3.56952399369585,4.52572074617551,6.37755991114074,6.5726882027653,1,2
18,15,32,5.86997078563364,3.56952399369585,5.88143404571835,5.68147529638161,6.50174000966262,1,2
18,15,33,5.86997078563364,3.56952399369585,5.20263988573882,6.01560503403824,6.71882626934012,1,2
18,15,34,5.86997078563364,3.56952399369585,4.48439160486239,6.06379892856992,6.45378903145233,1,2
18,15,36,5.86997078563364,3.56952399369585,4.44944127337301,5.61929245078703,6.5622226016423,1,2
18,15,37,5.86997078563364,3.56952399369585,6.2321128749847,6.21583032170098,6.90767291161035,1,2
18,15,38,5.86997078563364,3.56952399369585,5.16219753083127,6.25025074309505,6.7852092858411,1,2
18,15,40,5.86997078563364,3.56952399369585,5.74493495483168,6.12479182846636,6.54997460795039,1,2
18,15,41,5.86997078563364,3.56952399369585,5.16796570940673,6.23860126969442,6.72402358096979,1,2
18,15,42,5.86997078563364,3.56952399369585,4.35451183157839,5.92116520295816,6.35316551654071,1,2
18,15,43,5.86997078563364,3.56952399369585,6.52276433690164,6.11795942948357,6.84405313744764,1,2
18,15,48,5.86997078563364,3.56952399369585,3.4421667342293,6.78180575782649,6.72592712428643,1,2
18,15,50,5.86997078563364,3.56952399369585,5.96935290782922,5.9421947999796,6.67520350189556,1,2
18,15,51,5.86997078563364,3.56952399369585,4.72622246564415,5.95441662451958,6.70768335484085,1,2
18,15,57,5.86997078563364,3.56952399369585,5.21937933449962,7.22401549109996,6.7029096989292,1,2
18,15,59,5.86997078563364,3.56952399369585,5.61219432647932,6.1257446760524,6.72408301872202,1,2
18,15,60,5.86997078563364,3.56952399369585,4.61304185285318,5.68271458898271,6.71687234902898,1,2
18,15,62,5.86997078563364,3.56952399369585,6.3350094154035,5.57750035811577,6.62584291032246,1,2
18,15,63,5.86997078563364,3.56952399369585,4.92981000752551,6.28037698703025,6.75475489121185,1,2
18,15,65,5.86997078563364,3.56952399369585,3.62282141077559,6.56400554457246,6.60727988977842,1,2
18,15,66,5.86997078563364,3.56952399369585,4.50002796950273,5.91264066175318,6.63895219234366,1,2
18,15,67,5.86997078563364,3.56952399369585,3.50527184989431,5.75736261983085,6.6724541595843,1,2
18,15,69,5.86997078563364,3.56952399369585,4.45248702516978,6.21867605734119,6.6657079485825,1,2
18,15,70,5.86997078563364,3.56952399369585,3.98564895596336,6.30944806297418,6.63855577276184,1,2
18,15,71,5.86997078563364,3.56952399369585,4.03852940687164,7.31841495757291,6.97342489223947,1,2
18,15,75,5.86997078563364,3.56952399369585,6.07209581746339,5.61327934406029,6.70924432320541,1,2
18,15,77,5.86997078563364,3.56952399369585,5.10390089513123,5.8783073880824,6.81633491089825,1,2
18,15,78,5.86997078563364,3.56952399369585,6.47726238280906,5.96301219616074,6.60889406922904,1,2
18,15,79,5.86997078563364,3.56952399369585,5.70281031526917,4.85405259441267,6.28977748342984,1,2
18,15,80,5.86997078563364,3.56952399369585,4.14596119394766,4.90572878719433,6.23006597714694,1,2
18,15,81,5.86997078563364,3.56952399369585,6.30745011723122,6.57082509680696,6.92611743101008,1,2
18,15,82,5.86997078563364,3.56952399369585,5.26319631153714,5.42529985269179,6.54436409034077,1,2
18,15,84,5.86997078563364,3.56952399369585,5.65835863074128,5.77604592039971,6.47400911083678,1,2
18,15,85,5.86997078563364,3.56952399369585,5.65591381758671,6.78286414290482,7.0765142062105,1,2
18,15,86,5.86997078563364,3.56952399369585,4.84120705142003,5.40330697569371,6.66179089865413,1,2
18,16,1,5.86997078563364,3.56952399369585,4.20887096400813,5.71106611324083,6.78850669690523,1,2
18,16,2,5.86997078563364,3.56952399369585,4.47302972232808,5.51563548835152,6.72405700048616,1,2
18,16,4,5.86997078563364,3.56952399369585,3.32548328691083,6.05302348729031,6.77128535462752,1,2
18,16,5,5.86997078563364,3.56952399369585,6.33929819479839,6.35500541558297,6.53028872995422,1,2
18,16,6,5.86997078563364,3.56952399369585,4.91346158457785,6.00440797752865,6.86165508481317,1,2
18,16,7,5.86997078563364,3.56952399369585,4.62887000660359,5.81447010832846,6.67916589005794,1,2
18,16,8,5.86997078563364,3.56952399369585,4.39253624884625,5.23332637616228,6.55823342820235,1,2
18,16,9,5.86997078563364,3.56952399369585,6.42070163060446,5.78337727733846,6.93579721398516,1,2
18,16,11,5.86997078563364,3.56952399369585,4.02100914463807,5.9795513840731,6.52621680876162,1,2
18,16,13,5.86997078563364,3.56952399369585,4.19406007173752,5.70123991845806,7.00056516844717,1,2
18,16,14,5.86997078563364,3.56952399369585,5.81169636743556,4.63834716080899,6.42948033338907,1,2
18,16,17,5.86997078563364,3.56952399369585,4.61337511679478,6.23476332270283,7.39422653368646,1,2
18,16,18,5.86997078563364,3.56952399369585,5.31156070427802,6.04541978170182,6.96880736187904,1,2
18,16,20,5.86997078563364,3.56952399369585,5.41835002375518,5.81326877600247,6.70683795009858,1,2
18,16,22,5.86997078563364,3.56952399369585,3.53344613351546,7.03650280553214,7.29697026340902,1,2
18,16,25,5.86997078563364,3.56952399369585,4.02356098007936,5.779572888206,6.65153156406479,1,2
18,16,28,5.86997078563364,3.56952399369585,4.84820509375846,7.45287162927877,7.05874673422325,1,2
18,16,29,5.86997078563364,3.56952399369585,4.11523252884107,5.64307031984881,6.61762106362596,1,2
18,16,32,5.86997078563364,3.56952399369585,4.03313459480205,4.97944177045256,6.32549755024883,1,2
18,16,33,5.86997078563364,3.56952399369585,5.30933445898244,6.34749150476735,7.03914854957565,1,2
18,16,34,5.86997078563364,3.56952399369585,3.50197381638741,6.57251797306757,6.89455488667929,1,2
18,16,37,5.86997078563364,3.56952399369585,5.11636142554833,5.92728515964236,6.81205891356423,1,2
18,16,38,5.86997078563364,3.56952399369585,3.82152811946893,5.58486679057414,6.68348865443565,1,2
18,16,41,5.86997078563364,3.56952399369585,5.61880162302705,6.16259852548871,7.06963740312882,1,2
18,16,42,5.86997078563364,3.56952399369585,4.86951468412305,5.94498827477537,6.8780768261567,1,2
18,16,49,5.86997078563364,3.56952399369585,5.15523029291447,5.80086764777371,6.572370531374,1,2
18,16,53,5.86997078563364,3.56952399369585,4.65413794773382,5.09436273155323,6.44308999145193,1,2
18,16,54,5.86997078563364,3.56952399369585,5.12980662376073,5.39705653168035,6.56857797156701,1,2
18,16,57,5.86997078563364,3.56952399369585,3.15325337938062,5.19299763361552,6.30878900597193,1,2
18,16,58,5.86997078563364,3.56952399369585,4.44973305373508,6.12993179276393,6.58283849421458,1,2
18,16,59,5.86997078563364,3.56952399369585,4.50054606692241,6.19369811117847,7.00959420947722,1,2
18,16,63,5.86997078563364,3.56952399369585,3.99547027090962,6.41532068217421,6.89814338226989,1,2
18,16,64,5.86997078563364,3.56952399369585,6.19271802991072,5.22760609235643,6.50614815242557,1,2
18,16,65,5.86997078563364,3.56952399369585,2.55499503333876,6.62439173828077,6.87028530255054,1,2
18,16,69,5.86997078563364,3.56952399369585,4.36190782833729,5.55769297167608,6.88422151284338,1,2
18,16,70,5.86997078563364,3.56952399369585,5.25559369763265,6.44617320132453,6.82433750296649,1,2
18,16,71,5.86997078563364,3.56952399369585,6.02434535888632,5.62036285924881,6.71167613518037,1,2
18,16,74,5.86997078563364,3.56952399369585,5.73659189870041,5.37608393419754,6.80672558431754,1,2
18,16,76,5.86997078563364,3.56952399369585,4.06290412015086,5.69741614194858,6.82563286955445,1,2
18,16,79,5.86997078563364,3.56952399369585,5.01897705733013,5.51134771403756,6.56812325699122,1,2
18,16,80,5.86997078563364,3.56952399369585,5.69628840702758,5.10910388559344,6.72547177686158,1,2
18,16,81,5.86997078563364,3.56952399369585,5.31130929814941,5.43733362899202,6.48532066358467,1,2
18,16,83,5.86997078563364,3.56952399369585,5.53324348090053,6.19888659648958,6.78229162626475,1,2
18,16,84,5.86997078563364,3.56952399369585,5.86728328336664,5.61419928331471,6.88493863320908,1,2
18,16,85,5.86997078563364,3.56952399369585,5.41569379991649,5.87662362811168,6.66593691384663,1,2
18,16,87,5.86997078563364,3.56952399369585,4.85275978054211,5.6635991168024,6.80357699519543,1,2
18,16,90,5.86997078563364,3.56952399369585,4.63866805178048,6.07856031001488,6.81411824774504,1,2
18,16,93,5.86997078563364,3.56952399369585,5.26195751099814,6.27996169442701,6.84623430423179,1,2
18,16,94,5.86997078563364,3.56952399369585,7.04419304434003,7.08682545769231,7.15027887557894,1,2
18,16,97,5.86997078563364,3.56952399369585,4.3620899129236,6.31544394227841,7.02594562317463,1,2
18,16,99,5.86997078563364,3.56952399369585,5.35426265780661,6.61818426501986,6.91653423011759,1,2
18,17,1,5.86997078563364,3.56952399369585,5.17462808925058,6.16504945711372,6.84492811408822,1,2
18,17,3,5.86997078563364,3.56952399369585,6.18308578328256,5.24965540181807,6.90803361652302,1,2
18,17,4,5.86997078563364,3.56952399369585,4.47679751544987,7.07339006980857,7.12109462464021,1,2
18,17,5,5.86997078563364,3.56952399369585,4.49884514080512,5.95186743901881,7.2158756979447,1,2
18,17,7,5.86997078563364,3.56952399369585,3.88369191373327,5.23760409858663,6.59044219778515,1,2
18,17,8,5.86997078563364,3.56952399369585,5.63201296575929,4.25374939402362,6.41355447090353,1,2
18,17,9,5.86997078563364,3.56952399369585,4.95666014749541,5.78750065962263,6.95335829951931,1,2
18,17,12,5.86997078563364,3.56952399369585,5.2629630478881,6.07308707891645,7.01537407107458,1,2
18,17,13,5.86997078563364,3.56952399369585,5.17791306940886,6.91808303347158,7.28526169095034,1,2
18,17,15,5.86997078563364,3.56952399369585,5.64861468997828,5.67034337797987,7.21234560364963,1,2
18,17,16,5.86997078563364,3.56952399369585,4.9710441472807,5.8079233129601,6.77269929177802,1,2
18,17,20,5.86997078563364,3.56952399369585,2.79213175335347,6.29488371901322,7.0176445803084,1,2
18,17,21,5.86997078563364,3.56952399369585,5.33963376279896,5.59149761363857,7.14136038709058,1,2
18,17,22,5.86997078563364,3.56952399369585,5.86060400609703,6.45293343578014,7.28771186428278,1,2
18,17,23,5.86997078563364,3.56952399369585,4.88767790141426,5.43160869265876,6.94526034141218,1,2
18,17,24,5.86997078563364,3.56952399369585,3.95235462185995,6.05616206891355,7.12803451460127,1,2
18,17,26,5.86997078563364,3.56952399369585,6.27342343019765,5.47563466114551,7.0517127089047,1,2
18,17,28,5.86997078563364,3.56952399369585,4.84973668679613,5.55552499543647,6.82634280014353,1,2
18,17,32,5.86997078563364,3.56952399369585,4.97171140591052,6.23631901940486,7.11799845745604,1,2
18,17,35,5.86997078563364,3.56952399369585,7.93923844732457,5.83263710517861,6.99937153008242,1,2
18,17,36,5.86997078563364,3.56952399369585,3.93406564972342,6.75228113909018,6.81420035602729,1,2
18,17,38,5.86997078563364,3.56952399369585,5.36185640761168,6.38525937299096,7.31633808500515,1,2
18,17,40,5.86997078563364,3.56952399369585,3.88173502787455,5.02553108047469,6.50235272771531,1,2
18,17,47,5.86997078563364,3.56952399369585,3.76486068201285,6.84362695323487,7.24617463607479,1,2
18,17,48,5.86997078563364,3.56952399369585,5.95284129834119,4.79207525474541,6.59005956501576,1,2
18,17,49,5.86997078563364,3.56952399369585,4.29290215209699,6.37749416803637,7.21290117162481,1,2
18,17,51,5.86997078563364,3.56952399369585,7.62298672067084,5.17372374198189,6.94749353163066,1,2
18,17,52,5.86997078563364,3.56952399369585,6.20282295337431,5.52657109147733,6.91659879539183,1,2
18,17,53,5.86997078563364,3.56952399369585,4.72836674459591,6.36558683551429,7.04426117872295,1,2
18,17,54,5.86997078563364,3.56952399369585,6.16736568735071,5.77408026820571,6.97867501520507,1,2
18,17,55,5.86997078563364,3.56952399369585,5.7171271120008,5.50566131556861,7.17416817496412,1,2
18,17,60,5.86997078563364,3.56952399369585,4.68789393569353,6.01973138995039,7.04700798128853,1,2
18,17,62,5.86997078563364,3.56952399369585,4.79487769043269,5.33035282418716,6.82537568460526,1,2
18,17,63,5.86997078563364,3.56952399369585,5.69393653035815,4.93351373234609,6.90144623902487,1,2
18,17,64,5.86997078563364,3.56952399369585,6.28088396043348,6.01816823605254,7.12846176786064,1,2
18,17,65,5.86997078563364,3.56952399369585,5.71030625660436,6.10867183457602,6.92505080507079,1,2
18,17,66,5.86997078563364,3.56952399369585,5.50212825994573,6.10705407439513,7.151263864059,1,2
18,17,67,5.86997078563364,3.56952399369585,6.60240316726081,6.37815059245693,7.27341327702084,1,2
18,17,70,5.86997078563364,3.56952399369585,4.24620216166828,6.228015510456,6.8427165424838,1,2
18,17,71,5.86997078563364,3.56952399369585,4.17943796227561,6.54723686666824,7.20979773474373,1,2
18,17,72,5.86997078563364,3.56952399369585,5.075359285751,6.63470254186869,7.31369295882178,1,2
18,17,73,5.86997078563364,3.56952399369585,4.10352807631168,6.49293557209322,7.06705349991624,1,2
18,17,78,5.86997078563364,3.56952399369585,5.82917331721776,6.17360907081817,7.11181326304327,1,2
18,17,79,5.86997078563364,3.56952399369585,4.29494233198111,6.24623053810154,7.42478905556977,1,2
18,17,80,5.86997078563364,3.56952399369585,3.57744792908857,5.48291997895307,7.01413264282865,1,2
18,17,81,5.86997078563364,3.56952399369585,2.22388102446955,6.37358005291398,7.20967598583952,1,2
18,17,82,5.86997078563364,3.56952399369585,4.94477983239583,6.35967200274584,7.17838616784723,1,2
18,17,88,5.86997078563364,3.56952399369585,3.61265785212752,5.68285017136739,7.01314710349262,1,2
18,17,89,5.86997078563364,3.56952399369585,5.1044664769367,6.29730182152291,7.33609467142536,1,2
18,17,90,5.86997078563364,3.56952399369585,5.43093572331887,6.6215284331204,7.52777853076168,1,2
18,17,91,5.86997078563364,3.56952399369585,3.85903264179202,5.66856295395413,6.85862466332669,1,2
18,17,92,5.86997078563364,3.56952399369585,3.76807701650547,6.07986279146967,7.06083207532191,1,2
18,18,1,5.86997078563364,3.56952399369585,3.19423090077071,6.03255817979277,7.03704188296667,1,2
18,18,2,5.86997078563364,3.56952399369585,5.55804957224811,6.26175081947672,7.13403636987156,1,2
18,18,4,5.86997078563364,3.56952399369585,5.18499523122185,6.30147649481125,7.24477682135359,1,2
18,18,5,5.86997078563364,3.56952399369585,5.31435666877927,6.83778568527303,7.13054114992797,1,2
18,18,8,5.86997078563364,3.56952399369585,5.80588695376904,6.5956286607621,6.95456112677918,1,2
18,18,11,5.86997078563364,3.56952399369585,4.49057775588974,5.39587718124318,6.52249757931957,1,2
18,18,14,5.86997078563364,3.56952399369585,4.1495515980466,6.37056480151885,6.95123720120807,1,2
18,18,16,5.86997078563364,3.56952399369585,5.52684647265966,5.77116017264483,6.59145634793223,1,2
18,18,17,5.86997078563364,3.56952399369585,5.23264165184467,4.98759025150682,6.98305874304903,1,2
18,18,19,5.86997078563364,3.56952399369585,5.64580419051138,5.93803558293923,6.95814845684849,1,2
18,18,20,5.86997078563364,3.56952399369585,6.69541199898896,5.65266554582029,7.06836792818394,1,2
18,18,22,5.86997078563364,3.56952399369585,6.0806412942853,6.49182102934809,7.17088095562347,1,2
18,18,23,5.86997078563364,3.56952399369585,3.81730410363101,6.93202543081758,7.12813073989306,1,2
18,18,24,5.86997078563364,3.56952399369585,4.74785750811661,6.39848845645622,6.89486464078352,1,2
18,18,25,5.86997078563364,3.56952399369585,4.17105652774887,6.55050598175873,6.77780155572501,1,2
18,18,26,5.86997078563364,3.56952399369585,5.12503840381072,5.957048563252,6.48635627313774,1,2
18,18,27,5.86997078563364,3.56952399369585,3.91844075004414,6.14519691893209,6.76554157776087,1,2
18,18,28,5.86997078563364,3.56952399369585,5.58897056022389,6.50323369603128,6.88565034495855,1,2
18,18,31,5.86997078563364,3.56952399369585,6.20387629723716,5.44517111894202,6.90416686147981,1,2
18,18,33,5.86997078563364,3.56952399369585,4.65206761433205,5.12312955163767,6.50042516191278,1,2
18,18,34,5.86997078563364,3.56952399369585,5.77335937502276,5.99752088907713,6.923059483399,1,2
18,18,35,5.86997078563364,3.56952399369585,3.26396603825651,7.04423176669499,6.90931845000925,1,2
18,18,37,5.86997078563364,3.56952399369585,4.48732180254427,6.59440801002044,7.05051285067712,1,2
18,18,40,5.86997078563364,3.56952399369585,4.07362929927131,6.1529196826463,6.80516144054355,1,2
18,18,43,5.86997078563364,3.56952399369585,3.39056235528712,5.73341200844269,6.85105211054138,1,2
18,18,46,5.86997078563364,3.56952399369585,6.31591289152416,5.84020081767858,7.11624692066568,1,2
18,18,49,5.86997078563364,3.56952399369585,3.5613422535492,6.39322424951028,6.81864139502762,1,2
18,18,52,5.86997078563364,3.56952399369585,4.13792285352096,5.19000528871844,6.52071845182013,1,2
18,18,55,5.86997078563364,3.56952399369585,6.70116033646465,6.29845946518097,7.05379928681756,1,2
18,18,57,5.86997078563364,3.56952399369585,4.2906805991369,5.59861023625248,6.68126889069477,1,2
18,18,60,5.86997078563364,3.56952399369585,5.54636478884055,6.52500565653158,7.1102498584742,1,2
18,18,62,5.86997078563364,3.56952399369585,5.91675232229291,5.78627255538242,6.65127560000412,1,2
18,18,67,5.86997078563364,3.56952399369585,5.48576794108137,5.77124718142033,6.80856344232751,1,2
18,18,68,5.86997078563364,3.56952399369585,5.20687719237173,5.25015936284782,6.92173007436835,1,2
18,18,69,5.86997078563364,3.56952399369585,3.74247869013302,6.28192203366508,6.70168022110915,1,2
18,18,74,5.86997078563364,3.56952399369585,3.76164241657653,5.44655040893728,6.94961951601783,1,2
18,18,75,5.86997078563364,3.56952399369585,5.30129653186887,5.27079107038492,6.65723819715317,1,2
18,18,76,5.86997078563364,3.56952399369585,5.3036779372031,6.14154063681426,7.16458166048869,1,2
18,19,1,5.86997078563364,3.56952399369585,5.05719362030688,5.64545802525254,6.71023518201993,1,2
18,19,3,5.86997078563364,3.56952399369585,5.03866398086381,6.29366307273538,7.40940472981711,1,2
18,19,4,5.86997078563364,3.56952399369585,4.92684115083982,6.08575672054639,7.02543345291472,1,2
18,19,7,5.86997078563364,3.56952399369585,3.91007335305986,5.33216079133484,7.05758777303165,1,2
18,19,9,5.86997078563364,3.56952399369585,5.78763858367517,5.77764436012463,7.5275885133568,1,2
18,19,10,5.86997078563364,3.56952399369585,5.3444302918855,6.40091090226846,7.34006585915602,1,2
18,19,14,5.86997078563364,3.56952399369585,5.91885668133716,6.20970128939895,7.16899508539465,1,2
18,19,17,5.86997078563364,3.56952399369585,6.36741885198019,5.60595189422307,7.13899699441328,1,2
18,19,19,5.86997078563364,3.56952399369585,6.23535326430036,6.2086034275722,7.19011327048683,1,2
18,19,20,5.86997078563364,3.56952399369585,3.33114925054067,5.61528246945613,6.90178944193035,1,2
18,19,22,5.86997078563364,3.56952399369585,3.5921499735917,5.890212724506,7.19481890978216,1,2
18,19,23,5.86997078563364,3.56952399369585,6.37317813786651,6.05430693325709,7.16394477511062,1,2
18,19,24,5.86997078563364,3.56952399369585,5.25973502401092,6.22313386293001,7.28005563794739,1,2
18,19,25,5.86997078563364,3.56952399369585,7.65586425834365,5.47568150829415,7.0241453410377,1,2
18,19,26,5.86997078563364,3.56952399369585,6.19415819057908,6.61061927467114,7.10909384305911,1,2
18,19,27,5.86997078563364,3.56952399369585,5.93201123171006,5.61542781340223,7.12460946791038,1,2
18,19,28,5.86997078563364,3.56952399369585,5.59448866598448,6.49074318743962,7.37315687999756,1,2
18,19,30,5.86997078563364,3.56952399369585,5.69646185475208,5.42116890343822,6.90466470370613,1,2
18,19,32,5.86997078563364,3.56952399369585,4.3219309301412,6.27151190585603,7.20549625990341,1,2
18,19,33,5.86997078563364,3.56952399369585,3.63760365361144,5.71649939305783,7.04648462917481,1,2
18,19,36,5.86997078563364,3.56952399369585,6.16951966678447,5.66110846076971,7.05716143686701,1,2
18,19,37,5.86997078563364,3.56952399369585,4.797794757198,6.41528258534236,7.04566423363656,1,2
18,19,38,5.86997078563364,3.56952399369585,6.10420766443798,5.15167964912603,7.08599446646964,1,2
18,19,39,5.86997078563364,3.56952399369585,6.47475442744868,6.09331071161537,7.09271868068704,1,2
18,19,41,5.86997078563364,3.56952399369585,4.29775544762388,6.29761701433435,6.82099333759622,1,2
18,19,43,5.86997078563364,3.56952399369585,5.32529983288075,5.96218482196576,7.35452059564778,1,2
18,19,47,5.86997078563364,3.56952399369585,4.68386364430603,5.87945403775808,6.92580493047776,1,2
18,19,48,5.86997078563364,3.56952399369585,4.84157032790913,5.69540843097872,6.76289994780068,1,2
18,19,49,5.86997078563364,3.56952399369585,4.48596320280491,6.43241802612288,7.28572306324766,1,2
18,19,50,5.86997078563364,3.56952399369585,6.86817872169675,6.28903658578044,7.3518657420638,1,2
18,19,51,5.86997078563364,3.56952399369585,4.78019756895994,6.21617728616853,7.12002510238724,1,2
18,19,53,5.86997078563364,3.56952399369585,4.18995667491782,6.21307834348204,7.2408520968126,1,2
18,19,55,5.86997078563364,3.56952399369585,5.28440111697675,5.99664215359875,7.03832208324054,1,2
18,19,56,5.86997078563364,3.56952399369585,5.70176840139228,5.52253379536963,7.32439994831978,1,2
18,19,59,5.86997078563364,3.56952399369585,6.99336692135804,5.85842283855492,7.34356402327817,1,2
18,19,60,5.86997078563364,3.56952399369585,5.21279756303157,4.84352929398217,6.87209845338324,1,2
18,19,62,5.86997078563364,3.56952399369585,4.03068033106768,5.40990883402684,6.9887596679226,1,2
18,19,63,5.86997078563364,3.56952399369585,5.17656070173134,5.42448225451302,6.91197087443763,1,2
18,19,64,5.86997078563364,3.56952399369585,3.81851070967545,6.03761958036778,7.04683336949782,1,2
18,19,65,5.86997078563364,3.56952399369585,5.38774558716163,6.08473790959682,7.0483761366484,1,2
18,19,66,5.86997078563364,3.56952399369585,4.25504794632513,5.29565329152306,6.7091900475389,1,2
18,19,67,5.86997078563364,3.56952399369585,4.27632552663548,5.99434628563005,7.15056117645328,1,2
18,19,68,5.86997078563364,3.56952399369585,3.11636158200243,5.7288636031768,6.86452478350874,1,2
18,19,76,5.86997078563364,3.56952399369585,5.4033049262515,5.36721890229148,7.090778155493,1,2
18,19,77,5.86997078563364,3.56952399369585,6.71622606365523,5.90666830053275,7.40653460685826,1,2
18,19,78,5.86997078563364,3.56952399369585,5.85834910441149,6.31735888821456,7.0633432379704,1,2
18,19,80,5.86997078563364,3.56952399369585,5.32306769193104,5.92660910385257,6.98709369719939,1,2
18,19,81,5.86997078563364,3.56952399369585,5.06862322328434,6.41225670696682,6.97389785457396,1,2
18,19,82,5.86997078563364,3.56952399369585,6.02321459748881,5.86500288426817,6.97579474964671,1,2
18,19,85,5.86997078563364,3.56952399369585,5.21850744260639,5.64041490910565,7.15301665805069,1,2
18,19,86,5.86997078563364,3.56952399369585,4.38998593800046,6.04715227994462,7.01568112648934,1,2
18,19,87,5.86997078563364,3.56952399369585,7.66956463863987,6.26054110174539,7.36951621374867,1,2
18,19,90,5.86997078563364,3.56952399369585,4.35781059336788,5.77359362309926,6.66984021526054,1,2
18,19,93,5.86997078563364,3.56952399369585,4.61505375429285,5.33531669888803,6.90431862487524,1,2
18,19,94,5.86997078563364,3.56952399369585,5.5525268936969,6.07915505559515,7.23414215695116,1,2
18,19,95,5.86997078563364,3.56952399369585,5.18866530016361,5.45622369833041,7.05523211786111,1,2
18,20,1,5.86997078563364,3.56952399369585,6.83952708839958,5.07460804692732,7.3706044352954,1,2
18,20,5,5.86997078563364,3.56952399369585,5.35351916049117,6.24322200202225,7.52037331579905,1,2
18,20,6,5.86997078563364,3.56952399369585,4.38491577848724,4.90617918673872,7.25107159421609,1,2
18,20,8,5.86997078563364,3.56952399369585,4.19596252194858,5.7007776634323,7.31455712783013,1,2
18,20,9,5.86997078563364,3.56952399369585,6.32910533818613,6.13283864779999,7.55901614987855,1,2
18,20,10,5.86997078563364,3.56952399369585,6.14702893881877,6.67973391977133,7.29326700730303,1,2
18,20,12,5.86997078563364,3.56952399369585,5.620781360466,6.24857783306455,7.33863350977802,1,2
18,20,15,5.86997078563364,3.56952399369585,5.19696402772737,5.73093151381867,7.21323263106732,1,2
18,20,18,5.86997078563364,3.56952399369585,4.51859199789172,6.50823237862561,7.37109522099461,1,2
18,20,19,5.86997078563364,3.56952399369585,5.6918095346992,7.07437995972468,7.97512113517796,1,2
18,20,20,5.86997078563364,3.56952399369585,6.2690118228586,5.47146825933097,7.19438329014172,1,2
18,20,23,5.86997078563364,3.56952399369585,3.02876756076479,6.34652711955854,7.16239819899541,1,2
18,20,24,5.86997078563364,3.56952399369585,5.85442171059833,6.46539227312805,7.57788017863137,1,2
18,20,25,5.86997078563364,3.56952399369585,5.20624281869729,5.29552045067819,7.14843126418506,1,2
18,20,28,5.86997078563364,3.56952399369585,6.53198236448248,6.19325376134125,7.3061592602865,1,2
18,20,29,5.86997078563364,3.56952399369585,4.28333312490593,5.42155233155655,6.89272709311254,1,2
18,20,31,5.86997078563364,3.56952399369585,4.02492497574122,6.29699825848014,7.35715440458054,1,2
18,20,32,5.86997078563364,3.56952399369585,5.72923724757669,6.0661208697782,7.64518103634933,1,2
18,20,33,5.86997078563364,3.56952399369585,5.01228726817775,6.92236007297149,7.60097916150126,1,2
18,20,34,5.86997078563364,3.56952399369585,3.61551824949776,6.25594619775327,7.41107704407299,1,2
18,20,37,5.86997078563364,3.56952399369585,3.15933800933215,6.83852887684041,7.25040786175189,1,2
18,20,38,5.86997078563364,3.56952399369585,4.99603128603225,6.0159272507517,7.2746467869145,1,2
18,20,40,5.86997078563364,3.56952399369585,4.48325284315181,6.67752669985596,7.47829290278306,1,2
18,20,41,5.86997078563364,3.56952399369585,4.40006277518881,5.12169257356237,7.16591454896101,1,2
18,20,42,5.86997078563364,3.56952399369585,4.65167569386537,6.40535066334479,7.267497731023,1,2
18,20,44,5.86997078563364,3.56952399369585,5.10011514458768,6.04555743951179,7.13191188793009,1,2
18,20,45,5.86997078563364,3.56952399369585,5.32963863623318,5.96666262027929,7.2985403587784,1,2
18,20,47,5.86997078563364,3.56952399369585,4.45025371962701,5.73094884565773,7.22859718458202,1,2
18,20,49,5.86997078563364,3.56952399369585,5.03275966572328,5.4049093355444,7.37326391088835,1,2
18,20,50,5.86997078563364,3.56952399369585,6.04765680656141,5.59546386544389,7.26174215173614,1,2
18,20,51,5.86997078563364,3.56952399369585,4.98355256241814,6.29777192689096,7.23141151149024,1,2
18,20,52,5.86997078563364,3.56952399369585,3.74338414019559,6.39702677875869,7.28025899140958,1,2
18,20,53,5.86997078563364,3.56952399369585,5.70121831029426,6.10230892106165,7.53880403124455,1,2
18,20,64,5.86997078563364,3.56952399369585,5.71351582238578,5.31026864844823,7.53163757604305,1,2
18,21,1,5.86997078563364,3.56952399369585,5.15683844544537,6.59228045436902,7.68600968805667,1,2
18,21,2,5.86997078563364,3.56952399369585,5.8912681852107,6.92849227009859,7.89742170329676,1,2
18,21,3,5.86997078563364,3.56952399369585,4.92675528915017,6.97762089065414,7.51546028276658,1,2
18,21,5,5.86997078563364,3.56952399369585,6.16456273789299,7.36362216271033,7.54587579462486,1,2
18,21,6,5.86997078563364,3.56952399369585,5.12093819398324,6.16172801658046,7.53010942333257,1,2
18,21,7,5.86997078563364,3.56952399369585,5.56351967195114,6.07184713319512,7.62798041521708,1,2
18,21,8,5.86997078563364,3.56952399369585,4.61612624612295,6.06270661657503,7.48334488219433,1,2
18,21,9,5.86997078563364,3.56952399369585,3.80428756382382,5.85388091462689,7.19028087033117,1,2
18,21,12,5.86997078563364,3.56952399369585,5.42678457511043,4.96750094486796,7.21549335131433,1,2
18,21,15,5.86997078563364,3.56952399369585,6.35380812854951,6.00923307855063,7.24295395437333,1,2
18,21,16,5.86997078563364,3.56952399369585,4.60800657515612,7.42624781827038,7.62817510796438,1,2
18,21,18,5.86997078563364,3.56952399369585,3.48152791044223,5.21169427843788,7.27459740982884,1,2
18,21,19,5.86997078563364,3.56952399369585,7.25063516941244,6.19745826388906,7.48672965721648,1,2
18,21,22,5.86997078563364,3.56952399369585,3.85798274229244,6.95365609967025,7.55748954082733,1,2
18,21,24,5.86997078563364,3.56952399369585,6.89283463565931,6.24968836328509,7.77535707925763,1,2
18,21,30,5.86997078563364,3.56952399369585,5.2956976547039,6.24743864896926,7.58047780630279,1,2
18,21,31,5.86997078563364,3.56952399369585,4.16595434452269,6.03411269505075,7.6396822185913,1,2
18,21,32,5.86997078563364,3.56952399369585,5.25823904124212,6.10662175790396,7.58133244425219,1,2
18,21,34,5.86997078563364,3.56952399369585,5.22484197669832,6.34289892019111,7.47473300590719,1,2
18,21,35,5.86997078563364,3.56952399369585,6.82898316410225,6.08505090242766,7.52502498597556,1,2
18,21,36,5.86997078563364,3.56952399369585,5.7730291728112,5.81465415172843,7.6591582279315,1,2
18,21,37,5.86997078563364,3.56952399369585,3.28153334882783,6.13201572170452,7.56438410594919,1,2
18,21,38,5.86997078563364,3.56952399369585,5.36176609842693,5.4166152788625,7.25732949132789,1,2
18,21,39,5.86997078563364,3.56952399369585,4.98814544445985,6.15317543199877,7.50107914731161,1,2
18,21,40,5.86997078563364,3.56952399369585,6.75274053419141,6.20507971865484,7.46921217575661,1,2
18,21,44,5.86997078563364,3.56952399369585,6.33207294572813,6.40591753518091,7.92212279180206,1,2
18,21,45,5.86997078563364,3.56952399369585,6.23500372356328,5.68278915214102,7.32227052792099,1,2
18,21,46,5.86997078563364,3.56952399369585,5.05993352696172,6.14469020270526,7.56737241708072,1,2
18,21,48,5.86997078563364,3.56952399369585,7.76083844825699,5.93768725386037,7.99108529677738,1,2
18,21,50,5.86997078563364,3.56952399369585,5.10408290022625,7.02608837286288,7.97681014260596,1,2
18,21,52,5.86997078563364,3.56952399369585,5.16511811098085,6.26068813370192,7.49653438191099,1,2
18,21,53,5.86997078563364,3.56952399369585,3.64657535714976,6.05943127354808,7.45133933641691,1,2
18,21,55,5.86997078563364,3.56952399369585,4.43956619608969,5.8624147001507,7.56167459472308,1,2
18,21,56,5.86997078563364,3.56952399369585,5.06892482265724,6.48116537075944,7.79665210401641,1,2
18,21,57,5.86997078563364,3.56952399369585,4.82659659319902,6.16126170901226,7.38966615212008,1,2
18,21,58,5.86997078563364,3.56952399369585,4.18503926610521,5.65895272236623,7.36751830241389,1,2
18,21,59,5.86997078563364,3.56952399369585,5.19344972534306,5.88280691751638,7.37173661317419,1,2
18,21,60,5.86997078563364,3.56952399369585,6.87009400085132,7.02194835192287,7.65368288019338,1,2
18,21,62,5.86997078563364,3.56952399369585,3.83093302713775,5.66067611688596,7.34374524848116,1,2
18,21,63,5.86997078563364,3.56952399369585,5.03137356432474,5.8693188843543,7.6158243579351,1,2
18,21,64,5.86997078563364,3.56952399369585,6.80759476766276,5.88749557324602,7.15815429403711,1,2
18,21,68,5.86997078563364,3.56952399369585,5.09146884588201,5.38048476298121,7.29543963932173,1,2
18,21,69,5.86997078563364,3.56952399369585,4.63974846576735,5.81627070688347,7.62460482046242,1,2
18,21,70,5.86997078563364,3.56952399369585,5.18803625076324,6.64458876601221,7.49415990935464,1,2
18,21,73,5.86997078563364,3.56952399369585,5.25195778077134,5.54007041006324,7.39433563787103,1,2
18,21,74,5.86997078563364,3.56952399369585,6.71669561811931,6.09213356973152,7.58847183336663,1,2
18,21,77,5.86997078563364,3.56952399369585,2.93941265343029,6.22536825233128,7.30015004751033,1,2
18,21,80,5.86997078563364,3.56952399369585,4.46814898493681,6.44345422536665,7.51243905916768,1,2
18,21,85,5.86997078563364,3.56952399369585,5.26346693305899,6.86541461223691,7.90493312989789,1,2
18,21,86,5.86997078563364,3.56952399369585,5.2427070500368,4.91505778592679,7.1035138486413,1,2
18,21,88,5.86997078563364,3.56952399369585,4.76535368291346,5.92272460206042,7.44420849725569,1,2
18,21,92,5.86997078563364,3.56952399369585,5.09173528508201,5.81755650750274,7.32400297523566,1,2
18,21,94,5.86997078563364,3.56952399369585,4.07581628924461,5.6175038194954,7.48045409807013,1,2
18,21,98,5.86997078563364,3.56952399369585,3.51694558643674,5.86379145027307,7.37961104616234,1,2
18,22,2,5.86997078563364,3.56952399369585,4.73219876268349,5.9783289302281,7.53293615021183,1,2
18,22,4,5.86997078563364,3.56952399369585,4.36036116599405,6.23917193558119,7.90737539100562,1,2
18,22,6,5.86997078563364,3.56952399369585,6.1843148947769,6.06978940194051,7.5743122641569,1,2
18,22,7,5.86997078563364,3.56952399369585,4.74501169019908,5.37118626297445,7.68813781368777,1,2
18,22,8,5.86997078563364,3.56952399369585,4.95564477934273,5.7363513763638,7.51639094322406,1,2
18,22,10,5.86997078563364,3.56952399369585,4.39839502828384,5.53602407714909,7.75983709825237,1,2
18,22,13,5.86997078563364,3.56952399369585,4.12352322619423,6.70735050426262,7.64264494233445,1,2
18,22,14,5.86997078563364,3.56952399369585,4.93759711799408,5.70063840395368,7.37545050324503,1,2
18,22,15,5.86997078563364,3.56952399369585,4.42644023098174,5.69956367002856,7.68169842090865,1,2
18,22,17,5.86997078563364,3.56952399369585,4.74092151597448,5.58269788005287,7.74006927253756,1,2
18,22,19,5.86997078563364,3.56952399369585,2.77571448908277,5.60331402369393,7.45968670555544,1,2
18,22,21,5.86997078563364,3.56952399369585,4.68460671884422,5.69252399288109,7.4861386776913,1,2
18,22,22,5.86997078563364,3.56952399369585,3.05838675775349,5.21623306443973,7.32179278520709,1,2
18,22,26,5.86997078563364,3.56952399369585,4.19114939627317,5.68737799553417,7.21626248168529,1,2
18,22,27,5.86997078563364,3.56952399369585,4.94467320580403,6.58651039999828,8.02205879760153,1,2
18,22,31,5.86997078563364,3.56952399369585,4.90698068254614,5.70472689189668,7.4899261458737,1,2
18,22,33,5.86997078563364,3.56952399369585,6.5628816051924,6.18903415929275,7.61046258139727,1,2
18,22,35,5.86997078563364,3.56952399369585,5.49107064099885,5.51876098160401,7.87671377237668,1,2
18,22,36,5.86997078563364,3.56952399369585,5.99627797993867,5.39564883502485,7.43930386785094,1,2
18,22,38,5.86997078563364,3.56952399369585,4.5536902872324,5.86789714473056,7.24040560702634,1,2
18,22,39,5.86997078563364,3.56952399369585,4.64073201927795,5.92219775200524,7.43392058805394,1,2
18,22,41,5.86997078563364,3.56952399369585,3.18262545021903,5.37764958061804,7.28052378666573,1,2
18,22,43,5.86997078563364,3.56952399369585,5.2136257234917,5.75885259646462,7.7945994392138,1,2
18,22,45,5.86997078563364,3.56952399369585,5.83499585141433,6.33957389920892,7.66559183835339,1,2
18,22,46,5.86997078563364,3.56952399369585,4.3764694945936,5.67809650037902,7.31401511079436,1,2
18,22,47,5.86997078563364,3.56952399369585,4.41976494607385,5.72986737390187,7.64273852686149,1,2
18,22,53,5.86997078563364,3.56952399369585,5.75405980680241,6.25577950903458,7.97192520088482,1,2
18,22,54,5.86997078563364,3.56952399369585,5.06880188443696,5.92388276085491,7.67825545360188,1,2
18,22,61,5.86997078563364,3.56952399369585,5.26547190514751,4.74336655803808,7.33292764622954,1,2
18,22,63,5.86997078563364,3.56952399369585,5.88314831285006,5.97160731359978,7.99959034257794,1,2
18,22,64,5.86997078563364,3.56952399369585,3.66075544791787,6.42171549442257,7.65740884495408,1,2
18,22,65,5.86997078563364,3.56952399369585,4.69999210181098,5.8266860341898,7.54691707179683,1,2
18,22,66,5.86997078563364,3.56952399369585,5.24037207453735,5.72041958866619,7.96360562386428,1,2
18,22,67,5.86997078563364,3.56952399369585,4.47279474304469,6.33263383303404,7.58481119638144,1,2
18,22,68,5.86997078563364,3.56952399369585,5.11840880585733,5.67380321515135,7.47371083614752,1,2
18,22,70,5.86997078563364,3.56952399369585,3.60816869019474,6.27184983294381,7.53974943673503,1,2
18,22,71,5.86997078563364,3.56952399369585,4.73826575429347,5.51038682167441,7.57444815929625,1,2
18,22,73,5.86997078563364,3.56952399369585,6.00860621354398,6.42049427537329,7.89988604244808,1,2
18,22,74,5.86997078563364,3.56952399369585,4.3991811534042,6.19691818871744,7.49445610237797,1,2
18,22,75,5.86997078563364,3.56952399369585,4.55835463081394,5.6933972859555,7.57589645760108,1,2
18,22,80,5.86997078563364,3.56952399369585,4.46547365140276,5.73431136306484,7.75466187349713,1,2
18,22,81,5.86997078563364,3.56952399369585,3.96558213968562,6.18026970592082,7.61821690335891,1,2
18,22,82,5.86997078563364,3.56952399369585,4.50979590754644,5.56236171346526,7.70786478652336,1,2
18,22,86,5.86997078563364,3.56952399369585,5.81511293468067,5.7004090686241,7.74750633775313,1,2
18,22,90,5.86997078563364,3.56952399369585,5.12972510344058,5.9258902237976,7.67906784881916,1,2
18,22,91,5.86997078563364,3.56952399369585,7.00882078918079,5.85565421160596,7.79381103797366,1,2
18,22,95,5.86997078563364,3.56952399369585,3.14552466564858,6.18298484696296,7.56933419509877,1,2
18,23,2,5.86997078563364,3.56952399369585,5.94801585845814,6.0977556805879,7.49792946888403,1,2
18,23,3,5.86997078563364,3.56952399369585,5.23849096622151,6.69643073310153,8.09528678148812,1,2
18,23,5,5.86997078563364,3.56952399369585,4.68903702735617,6.47839897928288,8.05695219274743,1,2
18,23,6,5.86997078563364,3.56952399369585,5.57951412354058,6.2005621913626,8.12596894178862,1,2
18,23,11,5.86997078563364,3.56952399369585,4.92386652232559,5.06692099709556,7.70120706778472,1,2
18,23,16,5.86997078563364,3.56952399369585,5.42319146666597,6.04152079901293,7.85152370424525,1,2
18,23,20,5.86997078563364,3.56952399369585,2.79582067684309,5.98800190582429,7.66047536073404,1,2
18,23,23,5.86997078563364,3.56952399369585,5.1211431915604,5.6793167558866,7.74742272462176,1,2
18,23,24,5.86997078563364,3.56952399369585,3.85126915039224,6.25415530088219,8.11468015933559,1,2
18,23,26,5.86997078563364,3.56952399369585,3.72556045865689,6.16863313895595,7.73995437211621,1,2
18,23,27,5.86997078563364,3.56952399369585,4.94892642819056,6.4788154956092,8.34267088421298,1,2
18,23,30,5.86997078563364,3.56952399369585,4.60094128246305,5.47444410349934,7.94953181767943,1,2
18,23,33,5.86997078563364,3.56952399369585,5.50497797957746,6.26586134132189,8.06608580797027,1,2
18,23,36,5.86997078563364,3.56952399369585,5.97598569871221,5.87739604467645,8.02354424093389,1,2
18,23,37,5.86997078563364,3.56952399369585,5.379555324534,6.86401632154547,7.93791125437242,1,2
18,23,38,5.86997078563364,3.56952399369585,3.90367320658235,5.58606465937597,8.28443998767087,1,2
18,23,42,5.86997078563364,3.56952399369585,4.81510346801834,6.57589040320444,7.66904969073429,1,2
18,23,45,5.86997078563364,3.56952399369585,5.12420823496144,5.13071111804853,7.90514977262987,1,2
18,23,47,5.86997078563364,3.56952399369585,5.44862402449372,5.40370672387124,7.5628824313601,1,2
18,23,52,5.86997078563364,3.56952399369585,5.58064455670798,7.12873040335098,8.03943658314412,1,2
18,23,57,5.86997078563364,3.56952399369585,4.14506293848061,5.92925311833922,7.98744578793392,1,2
18,23,58,5.86997078563364,3.56952399369585,5.05020437227612,6.21316798869318,8.01051004097107,1,2
18,23,59,5.86997078563364,3.56952399369585,5.58592549173146,5.99513149848444,8.02810408578369,1,2
18,23,62,5.86997078563364,3.56952399369585,5.96916845779909,4.78409622036341,7.69272769922156,1,2
18,23,63,5.86997078563364,3.56952399369585,5.94157202711701,6.20247671415396,7.98900563935322,1,2
18,23,64,5.86997078563364,3.56952399369585,5.6179361557082,5.12246084186397,7.66703349882417,1,2
18,24,1,5.86997078563364,3.56952399369585,4.38227578948456,5.88591679710118,7.79965527629223,1,2
18,24,2,5.86997078563364,3.56952399369585,4.25872484529372,5.68795808054521,7.85845066285409,1,2
18,24,5,5.86997078563364,3.56952399369585,4.2311306776376,5.30674714711555,7.98338318603132,1,2
18,24,6,5.86997078563364,3.56952399369585,5.39310327970506,6.3122025244546,7.85684592587845,1,2
18,24,12,5.86997078563364,3.56952399369585,4.50236608189443,6.87032458585308,7.97682111673106,1,2
18,24,14,5.86997078563364,3.56952399369585,4.38584750238381,5.58462584089365,7.71828168880159,1,2
18,24,18,5.86997078563364,3.56952399369585,4.6853717177243,6.27237891510442,8.03667400429972,1,2
18,24,19,5.86997078563364,3.56952399369585,5.63395380004401,5.8478837284596,7.65787345304049,1,2
18,24,21,5.86997078563364,3.56952399369585,5.37522790273197,5.74586146244148,7.38703584009517,1,2
18,24,22,5.86997078563364,3.56952399369585,4.42220621388648,6.02189838982615,7.48705329386324,1,2
18,24,24,5.86997078563364,3.56952399369585,6.83374049740197,6.06720716592226,7.80852981517114,1,2
18,24,25,5.86997078563364,3.56952399369585,6.31254473148076,5.96527455147375,7.71661145220604,1,2
18,24,29,5.86997078563364,3.56952399369585,5.23936887452708,6.96855281567453,7.94224336214408,1,2
18,24,30,5.86997078563364,3.56952399369585,4.83437494140731,6.42955651775332,7.96273716916346,1,2
18,24,31,5.86997078563364,3.56952399369585,5.68020305792847,6.06523683285056,8.12762490368201,1,2
18,24,32,5.86997078563364,3.56952399369585,4.13907297710367,5.69102109830534,7.72047784261916,1,2
18,24,36,5.86997078563364,3.56952399369585,3.91446637114924,5.7705602587986,7.70591956669371,1,2
18,24,39,5.86997078563364,3.56952399369585,4.40327149088512,6.23130909705678,7.49034439824283,1,2
18,24,41,5.86997078563364,3.56952399369585,5.28011406823222,5.17929270804426,7.62497915247693,1,2
18,24,46,5.86997078563364,3.56952399369585,6.94703480524039,6.13967725989651,7.98991256131151,1,2
18,24,48,5.86997078563364,3.56952399369585,5.48865121312489,6.30804751426315,7.48732233412811,1,2
18,24,49,5.86997078563364,3.56952399369585,5.08604027192837,5.42914124998631,7.73545183703388,1,2
18,24,50,5.86997078563364,3.56952399369585,4.10346638966593,6.00306943414401,7.7411429680959,1,2
18,24,52,5.86997078563364,3.56952399369585,4.84293641909288,6.33087350949649,7.65686872523908,1,2
18,24,53,5.86997078563364,3.56952399369585,5.78273761304743,6.82816795079392,8.33296170382299,1,2
18,24,54,5.86997078563364,3.56952399369585,4.63049477899075,5.28054097024092,7.1348107785595,1,2
18,24,55,5.86997078563364,3.56952399369585,4.78819881363719,6.33292266971629,7.86898607805185,1,2
18,24,56,5.86997078563364,3.56952399369585,5.6609655509921,5.26655046613414,7.55059731987564,1,2
18,24,57,5.86997078563364,3.56952399369585,6.3362833258273,6.2874652967193,7.84246913687297,1,2
18,24,58,5.86997078563364,3.56952399369585,5.32415756044018,4.78337236380353,7.47314203321296,1,2
18,24,59,5.86997078563364,3.56952399369585,4.06924987626434,4.6851989326987,7.15008675109158,1,2
18,24,61,5.86997078563364,3.56952399369585,3.72380673719211,5.8499397921949,7.38966626699385,1,2
18,24,62,5.86997078563364,3.56952399369585,4.79752700613497,5.83588700476511,7.41677681863196,1,2
18,25,1,5.86997078563364,3.56952399369585,5.21691758030173,5.13786934354839,7.74930691230952,1,2
18,25,3,5.86997078563364,3.56952399369585,5.90262551467539,6.55444109646336,8.28537781579964,1,2
18,25,5,5.86997078563364,3.56952399369585,4.37746197382289,5.50723107617758,8.02503338365101,1,2
18,25,6,5.86997078563364,3.56952399369585,6.43450356719918,7.20654394270668,7.9287318468347,1,2
18,25,7,5.86997078563364,3.56952399369585,5.3881567758804,5.62859047843473,7.91374601832422,1,2
18,25,11,5.86997078563364,3.56952399369585,3.98301048015989,6.48107262322222,8.25690466382138,1,2
18,25,14,5.86997078563364,3.56952399369585,5.45860311043552,7.07610525313286,7.83970935381578,1,2
18,25,15,5.86997078563364,3.56952399369585,4.12432819742136,5.93015483917824,7.99548076484174,1,2
18,25,16,5.86997078563364,3.56952399369585,5.32945032716497,5.71095904436393,8.27871840668573,1,2
18,25,17,5.86997078563364,3.56952399369585,3.42495543539067,5.90772409366188,7.81777257817974,1,2
18,25,18,5.86997078563364,3.56952399369585,4.40264588644336,5.91309789142017,7.73733812443895,1,2
18,25,19,5.86997078563364,3.56952399369585,7.70251082131435,6.01316891463852,7.8766554404745,1,2
18,25,20,5.86997078563364,3.56952399369585,5.3445468241022,5.46419427650533,7.97537767767597,1,2
18,25,21,5.86997078563364,3.56952399369585,6.6360777081436,5.8591756395536,7.81954179186344,1,2
18,25,22,5.86997078563364,3.56952399369585,6.49109959153195,6.34005370514751,8.18772681657712,1,2
18,25,24,5.86997078563364,3.56952399369585,5.60325765326231,5.8585226182539,7.80450159021547,1,2
18,25,25,5.86997078563364,3.56952399369585,5.62061320414975,5.11507416819467,7.71811387652981,1,2
18,25,26,5.86997078563364,3.56952399369585,5.67687463340072,7.52114791387492,8.09942802054799,1,2
18,25,29,5.86997078563364,3.56952399369585,3.98840921583623,6.40379332297331,7.9376893050274,1,2
18,25,31,5.86997078563364,3.56952399369585,5.84071541554466,6.76366112270171,7.95381305712067,1,2
18,25,32,5.86997078563364,3.56952399369585,4.14216957592658,6.066307398199,7.8859680336703,1,2
18,25,34,5.86997078563364,3.56952399369585,4.66300158123707,5.02970833576892,7.66501327984106,1,2
18,25,38,5.86997078563364,3.56952399369585,6.54192357692337,5.65385446139312,8.13212880778701,1,2
18,25,39,5.86997078563364,3.56952399369585,7.73371836424835,5.76884389716049,8.57121326838657,1,2
18,25,40,5.86997078563364,3.56952399369585,5.08586029973339,5.61000297262609,7.97620615791646,1,2
18,25,41,5.86997078563364,3.56952399369585,4.23797011213098,5.54772988263448,7.9195090521918,1,2
18,25,42,5.86997078563364,3.56952399369585,7.19234715177226,4.82762026438908,7.30933666478617,1,2
18,25,45,5.86997078563364,3.56952399369585,3.52247737356647,6.14532696616214,7.61632512374573,1,2
18,25,46,5.86997078563364,3.56952399369585,3.9129291894399,5.27443559662488,8.02033453407308,1,2
18,25,47,5.86997078563364,3.56952399369585,4.49439820674993,5.92704374864458,8.2341278176743,1,2
18,25,48,5.86997078563364,3.56952399369585,5.42322461198573,5.72847352331085,7.99299495581338,1,2
18,25,49,5.86997078563364,3.56952399369585,4.02147152965735,5.58346005220912,7.52330477407303,1,2
18,25,50,5.86997078563364,3.56952399369585,6.1756085874431,5.35276594771902,7.77488729808848,1,2
18,25,52,5.86997078563364,3.56952399369585,4.40164574200083,5.51649699212398,7.93545462645931,1,2
18,25,53,5.86997078563364,3.56952399369585,6.87126867561236,5.78018115457938,7.88059666170216,1,2
18,25,55,5.86997078563364,3.56952399369585,1.91913876364782,6.74492513481427,7.97528679828229,1,2
18,25,57,5.86997078563364,3.56952399369585,5.75701617236696,5.87651291836786,7.9335708468621,1,2
18,25,58,5.86997078563364,3.56952399369585,2.5802056817252,5.76850702349563,7.60307064602126,1,2
18,25,59,5.86997078563364,3.56952399369585,5.04603679435196,6.96994205777896,8.07954667762351,1,2
18,25,60,5.86997078563364,3.56952399369585,5.64852095491578,5.93048958459123,7.58194037730097,1,2
18,25,61,5.86997078563364,3.56952399369585,5.62430242099444,6.16966766847285,8.12550148295378,1,2
18,25,64,5.86997078563364,3.56952399369585,5.28985835041777,6.08416624704541,7.95583549474948,1,2
18,25,66,5.86997078563364,3.56952399369585,4.42330411284858,5.71332775189836,7.85171102872947,1,2
18,25,70,5.86997078563364,3.56952399369585,5.75499195080516,6.45159601642554,7.83575725911189,1,2
18,25,71,5.86997078563364,3.56952399369585,5.12139297727761,5.98906836212236,7.8520219497831,1,2
18,25,73,5.86997078563364,3.56952399369585,3.53770055912064,7.11913919717304,8.06399201570472,1,2
18,26,4,5.86997078563364,3.56952399369585,6.11216094095545,5.60865489299018,8.32162280677619,1,2
18,26,5,5.86997078563364,3.56952399369585,4.52530878012832,5.25847770467669,7.64179733493027,1,2
18,26,6,5.86997078563364,3.56952399369585,5.32717627097915,5.60322787709406,8.12046486407352,1,2
18,26,8,5.86997078563364,3.56952399369585,5.2882780156716,6.75482911760449,8.17221529098886,1,2
18,26,14,5.86997078563364,3.56952399369585,5.59339408409596,5.33687287104555,8.24345198579176,1,2
18,26,19,5.86997078563364,3.56952399369585,6.67277258562327,5.5516000698007,8.31248338788505,1,2
18,26,20,5.86997078563364,3.56952399369585,5.08871685535594,6.26524389860213,8.21378681628749,1,2
18,26,22,5.86997078563364,3.56952399369585,3.01600057018462,5.59790030160701,7.54410087442784,1,2
18,26,23,5.86997078563364,3.56952399369585,5.59891913149833,5.71362337636466,7.69012552115844,1,2
18,26,25,5.86997078563364,3.56952399369585,3.94956550204099,6.06607230831444,8.16906433815076,1,2
18,26,26,5.86997078563364,3.56952399369585,5.34560824001536,5.6786863707814,7.77088862434831,1,2
18,26,27,5.86997078563364,3.56952399369585,4.97374830185506,5.10350881898014,8.15992985983204,1,2
18,26,30,5.86997078563364,3.56952399369585,3.75857871612948,5.65048898411181,7.84454746967139,1,2
18,26,31,5.86997078563364,3.56952399369585,4.61085667997572,5.85065847705538,8.151611540036,1,2
18,26,32,5.86997078563364,3.56952399369585,6.23291251376321,6.15522460292211,8.31355756256793,1,2
18,26,33,5.86997078563364,3.56952399369585,6.30612036596947,6.12315021078599,8.1207212364179,1,2
18,26,34,5.86997078563364,3.56952399369585,3.40734221851214,6.08651068234234,7.5572995822487,1,2
18,26,35,5.86997078563364,3.56952399369585,4.36413810750638,5.80658279282574,7.70037256129294,1,2
18,26,36,5.86997078563364,3.56952399369585,4.51045165972128,5.51310059799334,7.624796753121,1,2
18,26,37,5.86997078563364,3.56952399369585,7.50197206316607,6.1489814500068,8.52166288588669,1,2
18,26,40,5.86997078563364,3.56952399369585,5.13748038015183,5.69288142470353,8.25810905456046,1,2
18,26,41,5.86997078563364,3.56952399369585,4.00655231547625,5.72943012075018,7.98291031561626,1,2
18,26,45,5.86997078563364,3.56952399369585,5.37434179948968,5.67940896725363,7.78467432164518,1,2
18,26,47,5.86997078563364,3.56952399369585,4.25588362634003,6.71586786227871,8.3719734086369,1,2
18,26,50,5.86997078563364,3.56952399369585,5.26732703568838,5.70120715155455,8.01887965173884,1,2
18,26,51,5.86997078563364,3.56952399369585,4.6502440680084,6.54304598251132,8.23926964846885,1,2
18,26,53,5.86997078563364,3.56952399369585,4.09985680244257,6.79183097224101,7.88033278200752,1,2
18,26,54,5.86997078563364,3.56952399369585,4.3947482949976,5.74634270291311,8.4312623912188,1,2
18,26,55,5.86997078563364,3.56952399369585,5.99787087739118,5.44622963592859,8.24328125594308,1,2
18,26,56,5.86997078563364,3.56952399369585,5.60417431525978,6.59358551931245,8.13551718702069,1,2
18,26,57,5.86997078563364,3.56952399369585,3.78012471838856,6.13717537847874,7.61018399734,1,2
18,26,59,5.86997078563364,3.56952399369585,5.83241455054779,5.85759005667636,8.05758615175028,1,2
18,27,2,5.86997078563364,3.56952399369585,4.82389943834593,6.12153675214843,8.43090648330849,1,2
18,27,3,5.86997078563364,3.56952399369585,4.35117846591735,6.24068968459445,8.00960322815946,1,2
18,27,7,5.86997078563364,3.56952399369585,4.67429481425693,6.22137172407703,8.67916363862636,1,2
18,27,9,5.86997078563364,3.56952399369585,4.18570992884342,5.96385386191913,8.30652365999216,1,2
18,27,16,5.86997078563364,3.56952399369585,3.91198913639058,6.83456102065258,8.09225108864622,1,2
18,27,19,5.86997078563364,3.56952399369585,5.12983258017998,6.38172920107087,7.73701530656341,1,2
18,27,20,5.86997078563364,3.56952399369585,4.42513363535033,6.2997077427196,8.07406578420362,1,2
18,27,24,5.86997078563364,3.56952399369585,5.05558836545438,5.94696109687182,8.32680779207439,1,2
18,27,27,5.86997078563364,3.56952399369585,5.86060047690568,7.03653004141211,8.37842694421393,1,2
18,27,28,5.86997078563364,3.56952399369585,2.13817622288664,5.837362830042,7.87120159268101,1,2
18,27,31,5.86997078563364,3.56952399369585,5.32736972829454,4.66067079380037,8.03544922298145,1,2
18,27,33,5.86997078563364,3.56952399369585,5.90477038853061,7.04090911656959,8.14547773757287,1,2
18,27,34,5.86997078563364,3.56952399369585,5.18788565781551,5.62652567957098,7.91842296492178,1,2
18,27,35,5.86997078563364,3.56952399369585,5.01091546991608,5.32147174036343,8.01847056157483,1,2
18,27,36,5.86997078563364,3.56952399369585,3.66853260913056,6.01701655729652,8.12078767293706,1,2
18,27,37,5.86997078563364,3.56952399369585,3.30446388083516,5.83086052822869,8.30273282276761,1,2
18,27,43,5.86997078563364,3.56952399369585,5.81153232860841,5.90105853990526,8.21114483831875,1,2
18,27,45,5.86997078563364,3.56952399369585,2.76168450721655,5.9777226784687,7.92456536280107,1,2
18,27,46,5.86997078563364,3.56952399369585,4.9820872986369,6.02161011065862,7.84298888422349,1,2
18,27,47,5.86997078563364,3.56952399369585,4.91913878642576,6.74342916261249,8.00692672506315,1,2
18,27,48,5.86997078563364,3.56952399369585,4.70669713746666,5.83462253459942,8.07612896310576,1,2
18,27,49,5.86997078563364,3.56952399369585,4.11991187727167,6.45809751195054,8.0862346140974,1,2
18,27,51,5.86997078563364,3.56952399369585,6.71671764488671,5.70737768065989,7.97943174552384,1,2
18,27,53,5.86997078563364,3.56952399369585,5.39466106133538,5.37909711974907,7.95543933217012,1,2
18,27,54,5.86997078563364,3.56952399369585,3.43339282959765,6.50082925797692,8.21910075746452,1,2
18,27,55,5.86997078563364,3.56952399369585,6.19153055143513,6.55750002036597,8.00973320375852,1,2
18,27,59,5.86997078563364,3.56952399369585,5.96504706636316,6.51709707808665,8.42967345998956,1,2
18,27,61,5.86997078563364,3.56952399369585,4.26906071188675,5.86751676987319,8.01847391970394,1,2
18,27,62,5.86997078563364,3.56952399369585,5.51062476658694,5.04292527345667,8.14648297371157,1,2
18,27,63,5.86997078563364,3.56952399369585,7.83210009153945,5.30799649062097,8.12899551886466,1,2
18,27,65,5.86997078563364,3.56952399369585,4.19464699522704,5.48197982790526,7.88025241598012,1,2
18,27,67,5.86997078563364,3.56952399369585,7.15115591218205,6.34339334690496,8.29626673190541,1,2
18,27,70,5.86997078563364,3.56952399369585,4.50473515592165,5.85359508870229,8.13103373096177,1,2
18,27,75,5.86997078563364,3.56952399369585,6.53799624478775,6.11524821089878,8.15950891775625,1,2
18,27,77,5.86997078563364,3.56952399369585,5.30377457754664,5.36667747729046,7.92882791154955,1,2
18,27,79,5.86997078563364,3.56952399369585,5.67340867436627,5.58404424563788,8.14456416035608,1,2
18,27,80,5.86997078563364,3.56952399369585,2.54276534613853,7.05305175132727,7.85510729117678,1,2
18,27,82,5.86997078563364,3.56952399369585,3.02775842529871,5.95593765230593,8.33515316103771,1,2
18,27,84,5.86997078563364,3.56952399369585,4.75376076742407,5.7889524850214,8.30286492833693,1,2
18,27,85,5.86997078563364,3.56952399369585,5.04524374964238,7.10765899164877,8.6138498857665,1,2
18,27,87,5.86997078563364,3.56952399369585,4.40936426781866,5.78597318848912,8.29908208140997,1,2
18,27,89,5.86997078563364,3.56952399369585,5.69814719446409,6.22002330228783,8.27843581974235,1,2
18,27,96,5.86997078563364,3.56952399369585,5.16236879421676,6.68470516257488,8.41344559624558,1,2
18,28,1,5.86997078563364,3.56952399369585,5.36437309494344,5.85666998659063,7.85636870971836,1,2
18,28,3,5.86997078563364,3.56952399369585,4.45368126790793,5.41972145261919,8.00859819278675,1,2
18,28,5,5.86997078563364,3.56952399369585,5.18156786455545,5.15497990167231,8.24391356889107,1,2
18,28,6,5.86997078563364,3.56952399369585,4.31255313139185,6.71183065348638,8.14607776519089,1,2
18,28,8,5.86997078563364,3.56952399369585,2.79728726502554,5.88312219026061,7.93670037426782,1,2
18,28,10,5.86997078563364,3.56952399369585,6.54974547021854,5.1298210314697,7.81699444899638,1,2
18,28,12,5.86997078563364,3.56952399369585,5.22791233200804,5.52271718342807,7.99304340371075,1,2
18,28,16,5.86997078563364,3.56952399369585,5.70134913713316,5.90561282337368,8.06610482289988,1,2
18,28,19,5.86997078563364,3.56952399369585,3.83294078427891,5.06701983929792,7.66337587801439,1,2
18,28,20,5.86997078563364,3.56952399369585,3.28392107335773,6.34691239015581,7.73284458958684,1,2
18,28,21,5.86997078563364,3.56952399369585,5.01022450884836,6.94249350171068,7.98084686742778,1,2
18,28,23,5.86997078563364,3.56952399369585,4.60045600459301,5.68920212150198,7.81992573172983,1,2
18,28,27,5.86997078563364,3.56952399369585,5.32751758643544,6.51256718197987,7.9567752361996,1,2
18,28,30,5.86997078563364,3.56952399369585,5.03407824142224,5.78321231114643,7.89248155015407,1,2
18,28,31,5.86997078563364,3.56952399369585,4.36858213986208,5.22559568821005,8.11156349410404,1,2
18,28,37,5.86997078563364,3.56952399369585,4.2693878478075,5.88714349078511,7.9387603310907,1,2
18,28,38,5.86997078563364,3.56952399369585,3.54307017501233,6.16559229627778,8.02009311277742,1,2
18,28,39,5.86997078563364,3.56952399369585,3.94529056882788,5.86383925437712,7.93878153065401,1,2
18,28,40,5.86997078563364,3.56952399369585,5.51946037926713,5.73825168688486,8.38157271370834,1,2
18,28,43,5.86997078563364,3.56952399369585,6.95933912288291,6.5608017744901,8.32007238004831,1,2
18,28,50,5.86997078563364,3.56952399369585,5.72202210948161,5.73825483316898,8.23914689436279,1,2
18,28,51,5.86997078563364,3.56952399369585,4.21326096540468,6.0185980883856,7.87140037843924,1,2
18,28,52,5.86997078563364,3.56952399369585,4.47046215041819,6.23958738073468,8.00278224772936,1,2
18,28,55,5.86997078563364,3.56952399369585,5.01079063295535,6.44810606767887,7.88487240217459,1,2
18,28,57,5.86997078563364,3.56952399369585,4.11793732448687,6.34085535865583,7.59091565218532,1,2
18,28,60,5.86997078563364,3.56952399369585,6.82646126813415,6.27569704525428,8.38415038143955,1,2
18,28,61,5.86997078563364,3.56952399369585,4.90405554842932,6.01788954035383,8.2398510240222,1,2
18,28,63,5.86997078563364,3.56952399369585,6.60897151157672,5.78828051512496,8.2588996267893,1,2
18,28,65,5.86997078563364,3.56952399369585,4.89056317647712,7.01397577643143,7.9403041121282,1,2
18,28,70,5.86997078563364,3.56952399369585,6.13324310475711,6.21694328864568,8.34866443329484,1,2
18,28,71,5.86997078563364,3.56952399369585,3.55878901543156,4.89078539157602,7.25997828879696,1,2
18,28,73,5.86997078563364,3.56952399369585,4.56901752747381,5.78259860215327,7.88721306720197,1,2
18,28,74,5.86997078563364,3.56952399369585,5.39846096680861,5.23392616282697,7.86728857252582,1,2
18,28,75,5.86997078563364,3.56952399369585,3.83517871538493,5.13128167729431,7.63756708861592,1,2
18,28,76,5.86997078563364,3.56952399369585,6.25683767034647,5.75979290479142,8.11993602757668,1,2
18,28,77,5.86997078563364,3.56952399369585,6.85790597504075,6.30140191350756,8.4047134887233,1,2
18,29,8,5.86997078563364,3.56952399369585,4.22430956020631,6.22424023987284,8.2281430897468,1,2
18,29,11,5.86997078563364,3.56952399369585,5.68091497887655,5.64378392109904,8.86897612141964,1,2
18,29,14,5.86997078563364,3.56952399369585,4.69459741971946,5.58971453920793,7.90160485928038,1,2
18,29,17,5.86997078563364,3.56952399369585,5.43652343018952,6.69336128302815,8.31796040949654,1,2
18,29,18,5.86997078563364,3.56952399369585,4.03874963616481,6.6033563592797,8.65474207400333,1,2
18,29,20,5.86997078563364,3.56952399369585,6.85105587120865,6.44649748021529,9.31345358407052,1,2
18,29,21,5.86997078563364,3.56952399369585,4.30137541946758,5.77288618718279,8.58093200136928,1,2
18,29,23,5.86997078563364,3.56952399369585,5.82399006262353,5.9473831657701,8.49400492860763,1,2
18,29,24,5.86997078563364,3.56952399369585,4.06828870986405,5.95512016850297,8.63472016678108,1,2
18,29,25,5.86997078563364,3.56952399369585,5.0544986796305,6.22507984588289,8.35143686649082,1,2
18,29,27,5.86997078563364,3.56952399369585,6.28448737347785,6.5656267702328,8.41146700221061,1,2
18,29,28,5.86997078563364,3.56952399369585,3.47712338836471,5.30382995298542,8.03076520121445,1,2
18,29,30,5.86997078563364,3.56952399369585,5.8577540687881,5.32918408049675,8.01382917907554,1,2
18,29,31,5.86997078563364,3.56952399369585,4.26244416950472,5.92811601437195,8.83936711448702,1,2
18,29,33,5.86997078563364,3.56952399369585,5.49911910572728,6.55866180697882,8.46696209324985,1,2
18,29,35,5.86997078563364,3.56952399369585,6.39003470303553,5.8260427380568,8.35067888430682,1,2
18,29,36,5.86997078563364,3.56952399369585,6.59542115542633,6.25325712305348,8.4067995347665,1,2
18,29,40,5.86997078563364,3.56952399369585,5.20154028400046,5.83452252687399,8.44019516977669,1,2
18,29,41,5.86997078563364,3.56952399369585,4.61467369228584,6.46834468774212,8.34851249587451,1,2
18,29,43,5.86997078563364,3.56952399369585,4.56801040678511,5.92398139391257,8.06865130529291,1,2
18,29,46,5.86997078563364,3.56952399369585,5.36242627361728,6.45098867980241,8.55919703439678,1,2
18,29,48,5.86997078563364,3.56952399369585,4.22828099838246,6.69196346219161,8.55195118740859,1,2
18,29,49,5.86997078563364,3.56952399369585,3.10200796491214,5.76381406244466,8.53578660579275,1,2
18,29,52,5.86997078563364,3.56952399369585,5.00002813059984,5.23685751268824,8.02229233274393,1,2
18,29,53,5.86997078563364,3.56952399369585,5.22073338481371,6.26586046952207,8.78298584791871,1,2
18,29,55,5.86997078563364,3.56952399369585,4.64735314704091,6.55763279709395,8.58410840654925,1,2
18,29,57,5.86997078563364,3.56952399369585,3.73405910767667,5.61036186118467,8.15156174753801,1,2
18,29,60,5.86997078563364,3.56952399369585,7.09987175931882,6.41169312241671,8.65818832373623,1,2
18,29,61,5.86997078563364,3.56952399369585,2.23886875866292,6.21261220294557,7.96477707635198,1,2
18,29,62,5.86997078563364,3.56952399369585,4.55829521384473,6.18157658391381,8.48608442660464,1,2
18,29,63,5.86997078563364,3.56952399369585,3.30919249754215,5.97780465786632,8.31087487640673,1,2
18,29,64,5.86997078563364,3.56952399369585,3.9830415935154,5.22684611020646,8.07352372938829,1,2
18,30,2,5.86997078563364,3.56952399369585,3.91924708770021,6.01277065581705,8.38261838689638,1,2
18,30,3,5.86997078563364,3.56952399369585,4.61622474022238,7.30098989825409,8.32652136657414,1,2
18,30,4,5.86997078563364,3.56952399369585,5.31597897270027,5.26491799399082,8.51681655492896,1,2
18,30,5,5.86997078563364,3.56952399369585,6.50705811409546,6.39082156211951,8.79456751530061,1,2
18,30,6,5.86997078563364,3.56952399369585,5.7601788446608,5.39919130076865,7.87480715614328,1,2
18,30,11,5.86997078563364,3.56952399369585,5.60652955255531,5.95318326520105,8.39581775822287,1,2
18,30,13,5.86997078563364,3.56952399369585,3.1947247794913,5.48518634914822,7.87377151123914,1,2
18,30,15,5.86997078563364,3.56952399369585,4.38180260386003,5.86613546890099,8.22522758315059,1,2
18,30,19,5.86997078563364,3.56952399369585,5.4230645321729,5.80551711692541,7.66208265295603,1,2
18,30,21,5.86997078563364,3.56952399369585,5.42620493165912,5.96464296483604,8.13332326902213,1,2
18,30,22,5.86997078563364,3.56952399369585,5.17613397718715,5.30486955919648,8.21852197540674,1,2
18,30,25,5.86997078563364,3.56952399369585,4.94459507210431,6.69599006023713,8.03569366119804,1,2
18,30,26,5.86997078563364,3.56952399369585,5.61918394582817,5.71746277582585,8.11462563687517,1,2
18,30,28,5.86997078563364,3.56952399369585,3.91319024488082,5.87556415900755,8.24496909300279,1,2
18,30,29,5.86997078563364,3.56952399369585,4.26994533435047,7.0188031600192,8.57499212284534,1,2
18,30,31,5.86997078563364,3.56952399369585,7.31306153042588,5.61505461393664,8.86659956276965,1,2
18,30,33,5.86997078563364,3.56952399369585,5.10597376267002,6.83092970181916,8.09978034297752,1,2
18,30,34,5.86997078563364,3.56952399369585,4.57617120445543,5.90424953725692,8.04642541753674,1,2
18,30,38,5.86997078563364,3.56952399369585,3.50308606767439,5.96068526611735,8.34574234806772,1,2
18,30,39,5.86997078563364,3.56952399369585,5.71043961834248,5.65681266503784,7.98308671439668,1,2
18,30,40,5.86997078563364,3.56952399369585,3.72977703587784,6.20558380569641,8.17470927344777,1,2
18,30,42,5.86997078563364,3.56952399369585,4.42052416978916,6.4432211917004,8.42952006939065,1,2
18,30,44,5.86997078563364,3.56952399369585,4.7069369477232,6.4546522429963,8.42146528710731,1,2
18,30,45,5.86997078563364,3.56952399369585,4.13392692149289,6.93662437057831,8.33679414281154,1,2
18,30,46,5.86997078563364,3.56952399369585,3.83411021157758,5.69079110671679,8.25183401792734,1,2
18,30,48,5.86997078563364,3.56952399369585,4.53533358899331,5.69291373434899,8.61939851741694,1,2
18,30,50,5.86997078563364,3.56952399369585,5.77438878119105,5.7906790256557,8.80230406474133,1,2
18,30,54,5.86997078563364,3.56952399369585,6.13470243475604,6.03580926850657,8.65715660676893,1,2
18,30,55,5.86997078563364,3.56952399369585,4.83115651353163,6.22433450578497,8.45858910436906,1,2
18,30,57,5.86997078563364,3.56952399369585,6.90974789085672,6.88942640194127,8.69439271514087,1,2
18,30,59,5.86997078563364,3.56952399369585,4.61259667113217,5.63921450730235,7.9416573325917,1,2
18,30,60,5.86997078563364,3.56952399369585,3.01219803342603,5.67622496038482,8.41721941681643,1,2
18,30,61,5.86997078563364,3.56952399369585,5.18344408382508,6.14071728846838,7.83116807919322,1,2
18,30,65,5.86997078563364,3.56952399369585,4.48259341077286,6.60780465523084,8.49592826600435,1,2
18,30,66,5.86997078563364,3.56952399369585,3.60388229169844,5.98680574624989,8.03413894169587,1,2
18,30,69,5.86997078563364,3.56952399369585,4.6150262163488,4.97114502596418,7.47324990953338,1,2
18,30,71,5.86997078563364,3.56952399369585,4.6489231346725,5.20256908811394,8.2565838661716,1,2
18,30,75,5.86997078563364,3.56952399369585,5.50338319249521,5.99285424132155,8.36626911129978,1,2
18,30,76,5.86997078563364,3.56952399369585,4.61745140685999,6.23434365082793,7.95215962461281,1,2
18,30,78,5.86997078563364,3.56952399369585,5.30702014369544,5.88250553539999,8.3942688357312,1,2
18,30,79,5.86997078563364,3.56952399369585,5.36172961484575,7.14421913474421,8.2861218589228,1,2
18,30,80,5.86997078563364,3.56952399369585,5.87614508574655,5.85673025913054,8.35430919200551,1,2
18,30,81,5.86997078563364,3.56952399369585,4.50946303041598,5.65858139926493,7.98737978538918,1,2
18,30,82,5.86997078563364,3.56952399369585,4.80446109022829,5.54875741159369,7.4510742611984,1,2
18,30,83,5.86997078563364,3.56952399369585,4.28610278118039,6.08460235177847,8.09557213817706,1,2
18,30,84,5.86997078563364,3.56952399369585,4.74491144990138,4.76261239824401,8.22496460720409,1,2
18,30,85,5.86997078563364,3.56952399369585,5.47236160904165,5.77337750641107,7.80330126104068,1,2
18,30,87,5.86997078563364,3.56952399369585,6.07917028824604,5.83041859559358,8.06365188081285,1,2
18,30,90,5.86997078563364,3.56952399369585,5.17395127580363,5.5542899899651,8.49488332018068,1,2
18,30,92,5.86997078563364,3.56952399369585,4.70049487032482,6.2801202555006,8.6014144511576,1,2
18,30,93,5.86997078563364,3.56952399369585,6.49269287452373,5.87432925398199,8.66353103854332,1,2
18,30,94,5.86997078563364,3.56952399369585,4.89245487811363,6.15187999717465,8.1985156339172,1,2
18,30,95,5.86997078563364,3.56952399369585,5.08546254806915,5.80018048365484,8.43700832476352,1,2
18,30,96,5.86997078563364,3.56952399369585,4.86372232104039,5.95770543298877,8.12083922005999,1,2
18,30,97,5.86997078563364,3.56952399369585,6.23600653160306,5.29308138346656,8.09534291575099,1,2
18,30,98,5.86997078563364,3.56952399369585,5.94759471906305,5.46443555444016,8.14773824514471,1,2
18,31,1,5.86997078563364,3.56952399369585,5.32081637908036,5.57756177133943,8.37017121472546,1,2
18,31,2,5.86997078563364,3.56952399369585,5.50433349561144,5.45385023401777,8.52606718372268,1,2
18,31,3,5.86997078563364,3.56952399369585,6.10663424848811,5.85337443977418,8.25961599538432,1,2
18,31,9,5.86997078563364,3.56952399369585,4.02143362130683,6.15165000004366,8.0678841135494,1,2
18,31,10,5.86997078563364,3.56952399369585,5.05185759938125,4.93425932764819,8.34380548129954,1,2
18,31,12,5.86997078563364,3.56952399369585,3.7631435962221,5.40100157822817,8.46785364229412,1,2
18,31,13,5.86997078563364,3.56952399369585,4.99633946144469,6.09428670136126,8.41911550143554,1,2
18,31,17,5.86997078563364,3.56952399369585,5.88219306392057,6.48292360586718,8.93993161689452,1,2
18,31,20,5.86997078563364,3.56952399369585,4.59551569710739,5.14602172567138,8.7140271316778,1,2
18,31,21,5.86997078563364,3.56952399369585,5.77608224875261,6.90456472037156,8.61951130699187,1,2
18,31,23,5.86997078563364,3.56952399369585,4.93400115166808,5.58207379296737,8.32074260569291,1,2
18,31,24,5.86997078563364,3.56952399369585,5.21463692512105,5.61932828301416,8.78551249744461,1,2
18,31,25,5.86997078563364,3.56952399369585,4.50319985511452,6.23537105897997,8.30453587533327,1,2
18,31,27,5.86997078563364,3.56952399369585,6.69911173559157,6.30444782618704,8.42907040931051,1,2
18,31,28,5.86997078563364,3.56952399369585,6.07178191700195,6.56601594661229,8.39146917108836,1,2
18,31,30,5.86997078563364,3.56952399369585,4.76571296877625,5.7582685650744,8.35480983131796,1,2
18,31,32,5.86997078563364,3.56952399369585,3.85899433350055,6.2214122298585,8.30537252861462,1,2
18,31,34,5.86997078563364,3.56952399369585,5.05599082924955,6.3776522822266,8.82647526124362,1,2
18,31,38,5.86997078563364,3.56952399369585,3.98447452558947,6.0029919159433,9.14222443210794,1,2
18,31,40,5.86997078563364,3.56952399369585,5.53129976204736,6.32560936981294,8.36954683200339,1,2
18,31,43,5.86997078563364,3.56952399369585,5.04983330607941,5.2559665390596,8.65489509027684,1,2
18,31,46,5.86997078563364,3.56952399369585,3.25238741242438,6.3860612672778,8.45030467451437,1,2
18,31,47,5.86997078563364,3.56952399369585,3.71550836876558,5.87635629308276,8.54943121162052,1,2
18,31,50,5.86997078563364,3.56952399369585,6.48213177497818,6.36412286438446,8.55063232270378,1,2
18,31,51,5.86997078563364,3.56952399369585,5.8396719491651,5.89499340385259,8.32951175569995,1,2
18,31,53,5.86997078563364,3.56952399369585,5.04423978101557,6.65160202062092,8.10888834536697,1,2
18,31,54,5.86997078563364,3.56952399369585,5.91080572364347,6.98895027349916,8.66720637663853,1,2
18,31,55,5.86997078563364,3.56952399369585,4.08105367297111,5.88602431364803,8.21233145310695,1,2
18,31,57,5.86997078563364,3.56952399369585,3.81566975397474,6.45186993837706,8.19413452839161,1,2
18,31,58,5.86997078563364,3.56952399369585,5.0046161699186,6.2275895062798,8.74871271929231,1,2
18,31,59,5.86997078563364,3.56952399369585,5.51869006859463,5.92300942927022,8.69184620509473,1,2
18,31,60,5.86997078563364,3.56952399369585,3.99779240822183,6.09221050018147,8.37243733909961,1,2
18,31,62,5.86997078563364,3.56952399369585,4.60301135288249,6.41235414588656,8.71135944966493,1,2
18,31,64,5.86997078563364,3.56952399369585,3.95452674740805,5.43171862280878,7.99941135742533,1,2
18,31,65,5.86997078563364,3.56952399369585,3.15700922637599,5.58618435191096,9.14787525606292,1,2
18,31,72,5.86997078563364,3.56952399369585,5.11473738577047,6.10222687064144,8.15001683031676,1,2
18,31,73,5.86997078563364,3.56952399369585,5.73247144369774,6.00513795122519,8.4909253668157,1,2
18,32,1,5.86997078563364,3.56952399369585,5.38881030831523,6.07904384956589,8.40463237460992,1,2
18,32,3,5.86997078563364,3.56952399369585,4.56970679711475,5.98584520886943,8.37524692516721,1,2
18,32,6,5.86997078563364,3.56952399369585,4.14366324396952,5.70661238040381,8.27847844282279,1,2
18,32,7,5.86997078563364,3.56952399369585,5.20846611050243,5.0810530808585,7.98450663154478,1,2
18,32,8,5.86997078563364,3.56952399369585,3.74723475686148,6.03499781629837,8.74529355455321,1,2
18,32,12,5.86997078563364,3.56952399369585,4.84173099300635,6.78249526645322,8.956089305968,1,2
18,32,14,5.86997078563364,3.56952399369585,5.94195699598268,6.75469852348226,8.72822463126494,1,2
18,32,18,5.86997078563364,3.56952399369585,5.20769990105489,7.03994841498975,8.77116664498041,1,2
18,32,21,5.86997078563364,3.56952399369585,6.20154851086914,5.58771532138285,8.79892110608854,1,2
18,32,22,5.86997078563364,3.56952399369585,5.29374083778501,6.36199834611726,8.46146670970795,1,2
18,32,24,5.86997078563364,3.56952399369585,4.696794570607,5.98588895740146,8.77288696481987,1,2
18,32,25,5.86997078563364,3.56952399369585,6.39673244533948,5.87797882722502,8.87070344487821,1,2
18,32,26,5.86997078563364,3.56952399369585,6.07716283382187,5.53685167519708,8.37493293173073,1,2
18,32,27,5.86997078563364,3.56952399369585,7.05415414480441,7.28793230712581,8.83413896697603,1,2
18,32,28,5.86997078563364,3.56952399369585,4.45614981822167,6.95245189578103,8.76421222223994,1,2
18,32,29,5.86997078563364,3.56952399369585,3.72876639279669,6.00285954479362,8.54245819976824,1,2
18,32,31,5.86997078563364,3.56952399369585,5.19782145258435,6.43267252859454,8.79544521945401,1,2
18,32,32,5.86997078563364,3.56952399369585,3.58553113309747,6.26658835648407,8.81305325013702,1,2
18,32,34,5.86997078563364,3.56952399369585,5.31295512890082,7.02002967888195,8.66889263901072,1,2
18,32,39,5.86997078563364,3.56952399369585,4.64727086412107,5.52199668227055,8.93076343543303,1,2
18,32,40,5.86997078563364,3.56952399369585,5.37522183910143,5.7978220758207,8.68935049020789,1,2
18,32,41,5.86997078563364,3.56952399369585,4.48285056296463,7.22636130542157,9.15614908820356,1,2
18,32,42,5.86997078563364,3.56952399369585,5.67107179370256,6.56235336127579,8.78254704472969,1,2
18,32,44,5.86997078563364,3.56952399369585,4.97245199404194,5.83923947301785,8.47723177231269,1,2
18,32,45,5.86997078563364,3.56952399369585,5.48355289516435,6.37763932300133,8.71292843571316,1,2
18,32,46,5.86997078563364,3.56952399369585,4.6910320557306,5.29774316560324,8.66089471691076,1,2
18,32,48,5.86997078563364,3.56952399369585,4.78369779106583,6.7951285106589,8.82846171675532,1,2
18,32,49,5.86997078563364,3.56952399369585,4.58943337272096,6.73592402595782,8.47752173267694,1,2
18,32,50,5.86997078563364,3.56952399369585,5.35501735708851,6.21931790836283,8.34899462629787,1,2
18,32,54,5.86997078563364,3.56952399369585,7.00742385164434,5.33319197924921,8.58979297122261,1,2
18,32,55,5.86997078563364,3.56952399369585,5.10270498432708,5.93413403873237,8.41627940816007,1,2
18,32,57,5.86997078563364,3.56952399369585,4.52023810140303,5.56630916430454,8.58779967948247,1,2
18,32,59,5.86997078563364,3.56952399369585,4.70490914015598,7.1169476472378,8.36001102885588,1,2
18,32,62,5.86997078563364,3.56952399369585,3.22123414524267,4.79063714868905,7.94696454477526,1,2
18,32,63,5.86997078563364,3.56952399369585,4.21118572347941,5.96959107801599,8.41378507484582,1,2
18,32,64,5.86997078563364,3.56952399369585,5.24448125813256,5.10060248561905,8.2061178271276,1,2
18,32,66,5.86997078563364,3.56952399369585,3.94082271679272,5.31440610585005,8.47245326625631,1,2
18,32,68,5.86997078563364,3.56952399369585,4.3056635971861,5.78131405408875,8.55241644093213,1,2
18,32,69,5.86997078563364,3.56952399369585,6.86533126997677,6.05929504428927,8.50407405167293,1,2
18,32,71,5.86997078563364,3.56952399369585,4.21498659850302,5.41222121879331,8.30504081424392,1,2
18,32,72,5.86997078563364,3.56952399369585,5.24950044202716,5.54615086656571,8.66194009673482,1,2
18,32,73,5.86997078563364,3.56952399369585,5.12975617466013,6.03218143677118,8.64916859492737,1,2
18,32,74,5.86997078563364,3.56952399369585,5.23804190090882,5.86215287885845,9.02007122128393,1,2
18,32,80,5.86997078563364,3.56952399369585,4.88908405775251,7.2761062452007,8.54557525373347,1,2
18,32,83,5.86997078563364,3.56952399369585,4.27666276193124,5.20441635752983,8.37252171852504,1,2
18,32,85,5.86997078563364,3.56952399369585,5.01569687055779,6.26228182764539,8.53778114207699,1,2
18,33,1,5.86997078563364,3.56952399369585,4.68342487308508,5.5418308992452,8.6789060533385,1,2
18,33,3,5.86997078563364,3.56952399369585,6.22638265069651,5.76268908892562,8.82356930743737,1,2
18,33,4,5.86997078563364,3.56952399369585,5.35114807599339,6.82215390732084,8.80934317954659,1,2
18,33,5,5.86997078563364,3.56952399369585,5.24919062446374,5.39375221477666,8.61002622586522,1,2
18,33,6,5.86997078563364,3.56952399369585,4.87450770023487,6.42637172088409,9.17066127925686,1,2
18,33,11,5.86997078563364,3.56952399369585,3.9939214595887,6.67618375154457,8.6984089738613,1,2
18,33,15,5.86997078563364,3.56952399369585,3.94961308083141,6.18826126947337,8.45418929617795,1,2
18,33,16,5.86997078563364,3.56952399369585,4.39985566617029,6.18320657804108,9.50138708454806,1,2
18,33,18,5.86997078563364,3.56952399369585,4.84802887911186,6.02317931889601,8.68094691714196,1,2
18,33,22,5.86997078563364,3.56952399369585,4.95508522080205,6.34645351283807,8.70481986235585,1,2
18,33,23,5.86997078563364,3.56952399369585,5.85820816292517,6.51804899576431,9.09570670411972,1,2
18,33,25,5.86997078563364,3.56952399369585,4.14656216408763,6.82243989948169,8.56112484662415,1,2
18,33,29,5.86997078563364,3.56952399369585,5.00358621656292,5.9342114191279,9.00639515497256,1,2
18,33,33,5.86997078563364,3.56952399369585,4.55746243332441,6.97338464811525,9.05475477598322,1,2
18,33,34,5.86997078563364,3.56952399369585,5.01270740039164,6.14637824677142,8.95465749360317,1,2
18,33,35,5.86997078563364,3.56952399369585,4.89995644744219,6.01723303126305,7.9552549813148,1,2
18,33,38,5.86997078563364,3.56952399369585,4.06295894790382,5.70877246699859,8.89078604854188,1,2
18,33,39,5.86997078563364,3.56952399369585,5.75248941136332,5.51979470554985,8.8534978841421,1,2
18,33,40,5.86997078563364,3.56952399369585,5.80757435283653,6.7626211259159,8.70990553322293,1,2
18,33,43,5.86997078563364,3.56952399369585,4.45865938717086,6.48172475463642,8.94010078008269,1,2
18,33,46,5.86997078563364,3.56952399369585,5.95527801317218,6.54088450287498,8.54589297603023,1,2
18,33,51,5.86997078563364,3.56952399369585,4.74613278772887,6.49356749421724,9.08726761680845,1,2
18,33,52,5.86997078563364,3.56952399369585,5.29966648128507,5.81289529225988,8.59186160598393,1,2
18,33,53,5.86997078563364,3.56952399369585,5.88878175403893,6.44417872454106,9.09187306941568,1,2
18,33,54,5.86997078563364,3.56952399369585,4.35004939063981,6.33377590374595,9.2377799996899,1,2
18,33,58,5.86997078563364,3.56952399369585,4.13635311568841,5.65967411727424,8.74207067564723,1,2
18,33,60,5.86997078563364,3.56952399369585,5.32735652631713,6.15345354934482,8.21079252917832,1,2
18,33,62,5.86997078563364,3.56952399369585,3.43730614774123,6.84854430945282,8.63172949090524,1,2
18,34,2,5.86997078563364,3.56952399369585,4.69322097687095,5.14866063108438,8.56910060747853,1,2
18,34,4,5.86997078563364,3.56952399369585,4.8571939306453,6.37642376823718,8.75448652474801,1,2
18,34,6,5.86997078563364,3.56952399369585,4.03803838491868,6.08740128414139,8.16260903378148,1,2
18,34,8,5.86997078563364,3.56952399369585,4.42182445280386,6.15463423392267,8.42363333331815,1,2
18,34,9,5.86997078563364,3.56952399369585,6.29772645766833,5.78341478020525,9.15569387320514,1,2
18,34,10,5.86997078563364,3.56952399369585,5.72152537606743,6.16149574108459,8.74876702717678,1,2
18,34,11,5.86997078563364,3.56952399369585,6.92039561885261,5.37787500378482,8.97515755378922,1,2
18,34,17,5.86997078563364,3.56952399369585,3.9662907339345,6.81316100097598,9.04434140774095,1,2
18,34,18,5.86997078563364,3.56952399369585,3.80095497581309,6.17706697900405,8.60837271329555,1,2
18,34,20,5.86997078563364,3.56952399369585,4.11816438339718,5.45323634745552,8.93433713033525,1,2
18,34,21,5.86997078563364,3.56952399369585,5.90442047153034,5.73143397772532,8.96235016547061,1,2
18,34,24,5.86997078563364,3.56952399369585,3.32581622507007,5.58979782637278,8.87782785158184,1,2
18,34,25,5.86997078563364,3.56952399369585,7.08884244278875,6.52330266207316,8.73590985022907,1,2
18,34,27,5.86997078563364,3.56952399369585,7.64130315587286,5.05549970169614,9.0052774751827,1,2
18,34,28,5.86997078563364,3.56952399369585,5.34352496558771,5.46364781497679,8.35150655195292,1,2
18,34,30,5.86997078563364,3.56952399369585,5.49622367181976,6.64043521200184,8.78821627979223,1,2
18,34,31,5.86997078563364,3.56952399369585,5.8487846541115,5.17711101989297,9.11249160699984,1,2
18,34,33,5.86997078563364,3.56952399369585,5.34963919073181,6.63187793153844,8.65661251449058,1,2
18,34,35,5.86997078563364,3.56952399369585,5.616802892532,6.01232741321026,8.96411689203408,1,2
18,34,36,5.86997078563364,3.56952399369585,4.54462367042888,6.42918637707905,9.0075876631973,1,2
18,34,37,5.86997078563364,3.56952399369585,4.21650687397516,5.85983908848448,8.80109416122484,1,2
18,34,38,5.86997078563364,3.56952399369585,4.73972283016236,5.88414792709397,8.96192571342598,1,2
18,34,41,5.86997078563364,3.56952399369585,6.03421319364471,6.64242882036533,8.88937072344896,1,2
18,34,44,5.86997078563364,3.56952399369585,5.46401289261811,5.51386263175903,9.14956710290024,1,2
18,34,47,5.86997078563364,3.56952399369585,3.5920201733727,7.37083739728147,9.0504851298894,1,2
18,34,50,5.86997078563364,3.56952399369585,4.49249677863556,5.66294954520311,8.89691741641483,1,2
18,34,51,5.86997078563364,3.56952399369585,5.47103346595837,6.12807880915271,9.17741957668333,1,2
18,34,53,5.86997078563364,3.56952399369585,3.52678441859175,5.92530427370733,8.59516298391053,1,2
18,34,55,5.86997078563364,3.56952399369585,3.62626948660188,4.93140425955893,8.11887202157043,1,2
18,34,56,5.86997078563364,3.56952399369585,4.04157426110316,6.2931760431543,8.63415304889664,1,2
18,34,57,5.86997078563364,3.56952399369585,4.73199402972192,6.84130002253328,8.67614135787752,1,2
18,34,60,5.86997078563364,3.56952399369585,3.48066771628953,6.97312787907265,8.5216251592502,1,2
18,34,61,5.86997078563364,3.56952399369585,4.80439574543479,5.57453893494531,8.20684001424111,1,2
18,34,64,5.86997078563364,3.56952399369585,5.66385448524364,5.57421625128397,8.81180143814083,1,2
18,34,65,5.86997078563364,3.56952399369585,3.98476460430553,5.37063401968686,8.47753793102079,1,2
18,34,69,5.86997078563364,3.56952399369585,5.85426096230113,6.16297377470428,8.73770859785059,1,2
18,34,70,5.86997078563364,3.56952399369585,5.73553417120914,5.4855501229939,9.19199674530075,1,2
18,34,72,5.86997078563364,3.56952399369585,5.36333359438761,5.6563747224525,8.69299783623343,1,2
18,35,1,5.86997078563364,3.56952399369585,5.37184181733652,6.09514274259496,8.67974501123398,1,2
18,35,3,5.86997078563364,3.56952399369585,6.62121678129572,6.70728832357299,9.06617515531854,1,2
18,35,4,5.86997078563364,3.56952399369585,7.07025944844396,5.0496581761802,9.04540371073748,1,2
18,35,6,5.86997078563364,3.56952399369585,4.4941555571183,6.77915082613747,9.10371485338577,1,2
18,35,7,5.86997078563364,3.56952399369585,4.40993420210889,6.22340960344868,8.75151379500181,1,2
18,35,8,5.86997078563364,3.56952399369585,4.74670154448927,6.18695469459095,8.70812241787591,1,2
18,35,10,5.86997078563364,3.56952399369585,4.28149645778282,6.60867152330562,8.73341596848004,1,2
18,35,11,5.86997078563364,3.56952399369585,5.14489573354575,5.50464667455229,8.71473963735264,1,2
18,35,12,5.86997078563364,3.56952399369585,4.52827395055036,5.31194629186828,8.57063059709875,1,2
18,35,13,5.86997078563364,3.56952399369585,4.83834001336994,5.74275174381422,8.69423618611106,1,2
18,35,14,5.86997078563364,3.56952399369585,5.85053747507679,5.72402015832946,8.70282615059667,1,2
18,35,15,5.86997078563364,3.56952399369585,5.57466311434949,5.65549074251127,8.56488113457846,1,2
18,35,17,5.86997078563364,3.56952399369585,6.37857406122472,5.49577542886159,8.56367859303478,1,2
18,35,18,5.86997078563364,3.56952399369585,4.13205541897369,5.37678047316192,8.56022339857636,1,2
18,35,19,5.86997078563364,3.56952399369585,2.68815753504316,5.90554689681332,8.57645950968813,1,2
18,35,21,5.86997078563364,3.56952399369585,3.94356367439451,6.24674903562752,8.8987571285056,1,2
18,35,22,5.86997078563364,3.56952399369585,5.38322462273238,6.3054933990341,8.70306599337708,1,2
18,35,24,5.86997078563364,3.56952399369585,4.60792337781265,5.58634809710363,8.89784298233881,1,2
18,35,25,5.86997078563364,3.56952399369585,6.2770483322862,6.76428829628271,9.07405511765349,1,2
18,35,27,5.86997078563364,3.56952399369585,3.52863695394879,5.63755881993216,8.58191845929098,1,2
18,35,28,5.86997078563364,3.56952399369585,4.3059505289678,6.56135831087636,8.81273214986597,1,2
18,35,29,5.86997078563364,3.56952399369585,3.77913352605158,6.65155337361459,9.04462746128628,1,2
18,35,32,5.86997078563364,3.56952399369585,4.03103637300774,6.56528609810543,8.48804697875709,1,2
18,35,34,5.86997078563364,3.56952399369585,5.40774843831968,6.33680915894131,8.4799680696629,1,2
18,35,36,5.86997078563364,3.56952399369585,5.51652024000502,5.26373955894985,8.55359654628529,1,2
18,35,37,5.86997078563364,3.56952399369585,4.176228050816,5.52769376959086,8.26578069173148,1,2
18,35,40,5.86997078563364,3.56952399369585,4.50941153917781,6.45230011579129,8.49549735010286,1,2
18,35,41,5.86997078563364,3.56952399369585,6.14536759215919,5.35954499553509,9.12974765584487,1,2
18,35,44,5.86997078563364,3.56952399369585,6.66943346429582,5.89355033963714,8.44545790450799,1,2
18,35,45,5.86997078563364,3.56952399369585,3.62426579294586,6.12364574216309,8.69229421427147,1,2
18,35,47,5.86997078563364,3.56952399369585,4.02860970268884,5.99103982965344,8.54914131834612,1,2
18,35,52,5.86997078563364,3.56952399369585,5.18409514345964,5.64367399182674,9.12652525760316,1,2
18,35,54,5.86997078563364,3.56952399369585,3.2375969516604,5.66008081768467,8.99303009770847,1,2
18,35,56,5.86997078563364,3.56952399369585,6.05191675192118,5.82094951566245,8.4307522876911,1,2
18,35,57,5.86997078563364,3.56952399369585,4.36640797923023,6.49907208177175,8.8915549883717,1,2
18,35,58,5.86997078563364,3.56952399369585,4.76519616688978,5.80080339285668,8.9654012090163,1,2
18,35,59,5.86997078563364,3.56952399369585,6.01432042874869,5.9433258934699,8.87091116221593,1,2
18,35,60,5.86997078563364,3.56952399369585,3.61213074031778,5.75055867442258,9.01672881891283,1,2
18,35,61,5.86997078563364,3.56952399369585,4.66813701481551,6.0451054840464,8.31542463564114,1,2
18,35,62,5.86997078563364,3.56952399369585,6.02075695786464,6.09382673060799,9.10379709351807,1,2
18,35,64,5.86997078563364,3.56952399369585,3.925909738847,6.6354461022817,8.71599458127407,1,2
18,35,65,5.86997078563364,3.56952399369585,5.58054289383714,6.58405092907097,8.98836993634539,1,2
18,36,3,5.86997078563364,3.56952399369585,6.13893766886724,6.24076764487562,9.24443752557168,1,2
18,36,4,5.86997078563364,3.56952399369585,4.72273684475663,5.11904476989149,9.09322684247048,1,2
18,36,5,5.86997078563364,3.56952399369585,4.98906379739708,6.73150177503548,8.55222051395442,1,2
18,36,6,5.86997078563364,3.56952399369585,3.05320358448133,6.62183541608675,8.79376066064729,1,2
18,36,8,5.86997078563364,3.56952399369585,6.06601358815231,6.20931549502478,9.2623855356534,1,2
18,36,12,5.86997078563364,3.56952399369585,4.86164410554433,6.14541957682081,8.78843703769574,1,2
18,36,13,5.86997078563364,3.56952399369585,4.92620266361582,5.66742253047497,9.1152318901724,1,2
18,36,14,5.86997078563364,3.56952399369585,4.71611152956942,6.08619957756994,8.56684916630545,1,2
18,36,16,5.86997078563364,3.56952399369585,3.78884715613406,6.33572919875334,8.79003267196181,1,2
18,36,17,5.86997078563364,3.56952399369585,3.51603543568761,5.68927491626061,9.3830069182321,1,2
18,36,19,5.86997078563364,3.56952399369585,5.10477610910065,6.40849633113122,8.59456852365516,1,2
18,36,21,5.86997078563364,3.56952399369585,5.29550137529768,6.35663951432288,9.20315331566104,1,2
18,36,24,5.86997078563364,3.56952399369585,2.2246283582322,6.00372082549027,8.93609045809093,1,2
18,36,25,5.86997078563364,3.56952399369585,4.75257778682125,6.70900034124554,9.06195135412317,1,2
18,36,28,5.86997078563364,3.56952399369585,4.15361411219424,6.7158427323608,8.74140485086638,1,2
18,36,33,5.86997078563364,3.56952399369585,4.8734785169729,5.9916817381108,9.26998674694115,1,2
18,36,34,5.86997078563364,3.56952399369585,4.04653886940881,5.46841348667873,8.55401101502879,1,2
18,36,36,5.86997078563364,3.56952399369585,4.7376869237529,5.8420705479924,8.57086334030767,1,2
18,36,37,5.86997078563364,3.56952399369585,5.98866267476397,4.88131277193777,9.33933234289945,1,2
18,36,38,5.86997078563364,3.56952399369585,4.72576581140132,6.47785196086522,9.03384289929524,1,2
18,36,43,5.86997078563364,3.56952399369585,4.45251858647843,5.82578250909648,8.55783028280746,1,2
18,36,44,5.86997078563364,3.56952399369585,5.45060068341046,6.85778156639469,9.36930811929326,1,2
18,36,45,5.86997078563364,3.56952399369585,6.44139748646038,5.85625094175173,9.00983014139888,1,2
18,36,48,5.86997078563364,3.56952399369585,6.5738580658745,5.70137724368596,9.36735909504945,1,2
18,36,51,5.86997078563364,3.56952399369585,4.90883983505241,6.03028465774462,9.48410563102137,1,2
18,36,53,5.86997078563364,3.56952399369585,4.72990893338069,5.63359743823216,8.91271044665396,1,2
18,36,54,5.86997078563364,3.56952399369585,6.40649397330293,5.66025902222584,9.14785373569526,1,2
18,36,55,5.86997078563364,3.56952399369585,4.30360905033406,5.94249983072051,8.7780490550417,1,2
18,36,58,5.86997078563364,3.56952399369585,4.37489032198303,6.4489530870577,8.82299183560533,1,2
18,36,59,5.86997078563364,3.56952399369585,3.93371163972242,5.61512025927438,8.81578067852672,1,2
18,36,60,5.86997078563364,3.56952399369585,3.99841235510908,5.2974775844806,9.20808028395745,1,2
18,36,61,5.86997078563364,3.56952399369585,4.75061077018929,5.47467112390608,8.68814599130869,1,2
18,36,64,5.86997078563364,3.56952399369585,6.73077704500032,6.32818881631747,9.14387387024568,1,2
18,36,66,5.86997078563364,3.56952399369585,5.15045895650642,6.09286649902767,8.90451427271156,1,2
18,36,67,5.86997078563364,3.56952399369585,5.43387231715704,6.32785683280998,9.25631655656668,1,2
18,36,69,5.86997078563364,3.56952399369585,5.8659677845977,5.99858199304886,9.06385256796082,1,2
18,36,71,5.86997078563364,3.56952399369585,5.94420296237087,6.31221315308827,8.87929712619742,1,2
18,36,72,5.86997078563364,3.56952399369585,3.90835234396629,5.77477399030773,8.65694926761355,1,2
18,36,73,5.86997078563364,3.56952399369585,3.17794533736735,6.15309509936085,8.41488650299341,1,2
18,36,75,5.86997078563364,3.56952399369585,7.88340315092044,5.75530508115745,9.14070079818058,1,2
18,36,76,5.86997078563364,3.56952399369585,5.90149833546964,5.53929568589576,8.83972386101204,1,2
18,36,78,5.86997078563364,3.56952399369585,4.68113206094333,5.33995591332075,9.60760767081656,1,2
18,36,79,5.86997078563364,3.56952399369585,5.13117741403869,6.27118749934803,8.9841548992243,1,2
18,36,80,5.86997078563364,3.56952399369585,6.36495771651445,6.09620328125691,8.85582663570155,1,2
18,36,84,5.86997078563364,3.56952399369585,6.46907953528284,6.63955844235273,9.35678136832306,1,2
18,36,85,5.86997078563364,3.56952399369585,3.68762619618012,5.75271220187066,8.78779541806115,1,2
18,36,86,5.86997078563364,3.56952399369585,5.92044731645595,4.42608116480232,9.08803518992358,1,2
18,36,87,5.86997078563364,3.56952399369585,4.84188489357809,5.08911856195453,8.63410108399191,1,2
18,36,89,5.86997078563364,3.56952399369585,5.19849232604934,5.75445536639374,9.01337519669719,1,2
18,36,91,5.86997078563364,3.56952399369585,5.11325234171116,6.4958446212981,8.91627103711303,1,2
18,36,92,5.86997078563364,3.56952399369585,4.24085626303733,5.56625733964453,8.96735110289681,1,2
18,36,95,5.86997078563364,3.56952399369585,5.69818166949433,5.56835036854338,8.90402514171487,1,2
18,36,96,5.86997078563364,3.56952399369585,4.69716669053462,6.31668800056647,8.65818934290441,1,2
18,37,2,5.86997078563364,3.56952399369585,6.36233112484706,6.47362832723654,8.96668159678966,1,2
18,37,4,5.86997078563364,3.56952399369585,6.07082216322137,5.22370222657769,9.1006508994597,1,2
18,37,6,5.86997078563364,3.56952399369585,4.9471183007853,6.74598031298596,9.03651004290144,1,2
18,37,7,5.86997078563364,3.56952399369585,4.64357040051039,6.48557850102715,9.07588583797744,1,2
18,37,8,5.86997078563364,3.56952399369585,3.83170125304738,6.03226753768452,8.34786205185362,1,2
18,37,11,5.86997078563364,3.56952399369585,4.6691592150235,5.33569950579503,8.46289233467596,1,2
18,37,12,5.86997078563364,3.56952399369585,5.47532198377027,6.68534540422686,9.0622219313084,1,2
18,37,15,5.86997078563364,3.56952399369585,5.66471449106807,5.91616809686705,8.87279278127441,1,2
18,37,16,5.86997078563364,3.56952399369585,4.17695081608885,6.18669285198941,8.95822579085458,1,2
18,37,18,5.86997078563364,3.56952399369585,3.56555807432793,5.8742705821782,8.91354318533546,1,2
18,37,21,5.86997078563364,3.56952399369585,4.3639809398578,6.80464490010223,9.2222248195907,1,2
18,37,28,5.86997078563364,3.56952399369585,4.15926375401399,7.49425282982177,8.38825571720106,1,2
18,37,31,5.86997078563364,3.56952399369585,4.34560876880986,5.87387776290155,8.15561267154327,1,2
18,37,32,5.86997078563364,3.56952399369585,5.05352830068627,5.20806715567143,9.09596961791554,1,2
18,37,42,5.86997078563364,3.56952399369585,5.16167809744528,5.94970794579665,8.81410592120588,1,2
18,37,43,5.86997078563364,3.56952399369585,5.11713919839738,5.95452314454955,9.15870971407654,1,2
18,37,44,5.86997078563364,3.56952399369585,6.94612679079383,5.38596136550173,8.86368252591032,1,2
18,37,45,5.86997078563364,3.56952399369585,5.1057979811216,5.89549456666845,8.88156719422117,1,2
18,37,47,5.86997078563364,3.56952399369585,5.65505283563828,5.36261132119562,8.79582213365173,1,2
18,37,48,5.86997078563364,3.56952399369585,5.39138432425758,7.40750729974789,9.15176845445291,1,2
18,37,49,5.86997078563364,3.56952399369585,4.00068050353478,5.19156682687542,8.733515581034,1,2
18,37,50,5.86997078563364,3.56952399369585,6.97863382757948,5.51865340051991,9.34913425306639,1,2
18,37,54,5.86997078563364,3.56952399369585,4.71250235998489,5.90894457032789,9.02508004811575,1,2
18,37,55,5.86997078563364,3.56952399369585,4.71383950878632,6.3427147337078,8.96263671504408,1,2
18,37,56,5.86997078563364,3.56952399369585,4.51173241257397,5.12348335582996,8.79736099586423,1,2
18,37,57,5.86997078563364,3.56952399369585,6.07562728300606,5.71030987839068,8.68201251586747,1,2
18,37,60,5.86997078563364,3.56952399369585,3.57930036086594,5.6141315306754,8.79794134864965,1,2
18,37,65,5.86997078563364,3.56952399369585,4.40987313686591,4.31901050310288,8.40655246512888,1,2
18,37,66,5.86997078563364,3.56952399369585,4.94713353283463,6.08765298096002,8.91506890948998,1,2
18,37,71,5.86997078563364,3.56952399369585,4.8375719660417,5.29863814388273,8.46029087601439,1,2
18,37,76,5.86997078563364,3.56952399369585,5.03218039257283,5.93977532812404,9.42230205933271,1,2
18,37,78,5.86997078563364,3.56952399369585,5.38622149105534,6.16316125256491,8.54224063189513,1,2
18,37,79,5.86997078563364,3.56952399369585,5.08120398950535,5.3311436951747,8.63280117489244,1,2
18,37,80,5.86997078563364,3.56952399369585,5.5953285198622,6.13157882967355,9.2402175332529,1,2
18,37,81,5.86997078563364,3.56952399369585,4.95904471991885,4.96889757810352,8.91441949805494,1,2
18,37,86,5.86997078563364,3.56952399369585,5.07679245233364,6.34686836017613,9.23492488259276,1,2
18,37,88,5.86997078563364,3.56952399369585,3.84538582921269,7.01804011062857,8.42150333451807,1,2
18,37,89,5.86997078563364,3.56952399369585,6.03007865646978,5.51803638573523,9.01499343634736,1,2
18,37,92,5.86997078563364,3.56952399369585,4.999608771619,6.72683494513782,9.06658735037146,1,2
18,37,93,5.86997078563364,3.56952399369585,4.3181053135496,5.54046508099364,8.70250614860956,1,2
18,37,94,5.86997078563364,3.56952399369585,7.46472373844534,6.78282222180375,9.2943159117923,1,2
18,37,95,5.86997078563364,3.56952399369585,4.9386207755779,5.75854459180003,8.81803467063579,1,2
18,37,97,5.86997078563364,3.56952399369585,4.91728426397402,5.54857571705299,8.51082692811464,1,2
18,38,3,5.86997078563364,3.56952399369585,5.66790743800563,6.40137508248726,9.40277696941906,1,2
18,38,5,5.86997078563364,3.56952399369585,6.77232524842696,6.28363179117607,9.60484610669561,1,2
18,38,6,5.86997078563364,3.56952399369585,4.87200609511788,4.46969652829237,9.18191695732296,1,2
18,38,7,5.86997078563364,3.56952399369585,4.35839262902048,6.40018477201853,8.89895894066567,1,2
18,38,8,5.86997078563364,3.56952399369585,4.5958110319814,7.14734364237156,9.33547039872499,1,2
18,38,9,5.86997078563364,3.56952399369585,5.18091201941651,6.13183077292127,9.32276954637817,1,2
18,38,11,5.86997078563364,3.56952399369585,6.90872095163176,6.00100070830066,9.81816855973215,1,2
18,38,13,5.86997078563364,3.56952399369585,4.7060643079869,5.77340870416434,9.52843959829457,1,2
18,38,15,5.86997078563364,3.56952399369585,2.73163687058317,6.23025740817462,8.76580636404902,1,2
18,38,16,5.86997078563364,3.56952399369585,5.88700450070547,5.64747113957878,9.0107577397471,1,2
18,38,17,5.86997078563364,3.56952399369585,4.70324368263539,5.31657936008219,8.86193832247664,1,2
18,38,18,5.86997078563364,3.56952399369585,5.101159524109,6.4693565570412,9.00011150618011,1,2
18,38,19,5.86997078563364,3.56952399369585,4.97016221404246,6.60366273453314,9.17694661090213,1,2
18,38,23,5.86997078563364,3.56952399369585,4.09910830694113,6.63505482116504,8.92752341092989,1,2
18,38,26,5.86997078563364,3.56952399369585,5.09617450443252,5.74731747161117,8.8157880938644,1,2
18,38,31,5.86997078563364,3.56952399369585,5.61613944588468,5.2752891483525,8.8987271581257,1,2
18,38,34,5.86997078563364,3.56952399369585,4.33282420355449,5.92244970328648,9.18903347315894,1,2
18,38,35,5.86997078563364,3.56952399369585,5.70674492568493,5.63958355101243,8.76920993512009,1,2
18,38,39,5.86997078563364,3.56952399369585,4.10136400136196,5.46737674541867,8.75597119534985,1,2
18,38,42,5.86997078563364,3.56952399369585,6.9095428526895,5.74553876467499,9.06839384005498,1,2
18,38,43,5.86997078563364,3.56952399369585,7.41004835749788,5.68503766160788,9.12868724892356,1,2
18,38,44,5.86997078563364,3.56952399369585,3.74564568781838,5.43844845458366,9.25203830839782,1,2
18,38,45,5.86997078563364,3.56952399369585,5.80122069237774,5.61309244675724,9.69215221186236,1,2
18,38,46,5.86997078563364,3.56952399369585,5.34140735041142,6.13516709245498,8.9232682784101,1,2
18,38,48,5.86997078563364,3.56952399369585,4.61038359241451,6.77265171393304,8.67499333649237,1,2
18,38,51,5.86997078563364,3.56952399369585,4.51670662346997,6.85525942559723,9.56893039347167,1,2
18,38,53,5.86997078563364,3.56952399369585,5.80890627261602,5.86378173330557,8.65176808051383,1,2
18,38,54,5.86997078563364,3.56952399369585,5.5530115856105,4.90151219894009,8.91880296469005,1,2
18,38,55,5.86997078563364,3.56952399369585,5.41381884855227,6.77803506598382,9.1555185534917,1,2
18,38,57,5.86997078563364,3.56952399369585,4.33467545062747,5.93503319649574,8.00403282906598,1,2
18,38,58,5.86997078563364,3.56952399369585,5.52249980963479,5.51828318770731,9.42281159463876,1,2
18,38,60,5.86997078563364,3.56952399369585,4.24591934857859,6.12296400776064,9.187580396939,1,2
18,38,61,5.86997078563364,3.56952399369585,4.98648814909076,6.36223211254877,9.71909276635454,1,2
18,38,62,5.86997078563364,3.56952399369585,4.83552626080865,6.71046576596634,9.24434214563067,1,2
18,38,64,5.86997078563364,3.56952399369585,4.23725680224686,5.79250963560569,9.04370052847274,1,2
18,38,65,5.86997078563364,3.56952399369585,5.87757547589722,5.6703526471111,9.07804341062912,1,2
18,38,66,5.86997078563364,3.56952399369585,3.4388249524288,7.09325963586549,8.26755749240911,1,2
18,38,70,5.86997078563364,3.56952399369585,5.34799608315298,6.21646793290286,9.28107145951601,1,2
18,38,71,5.86997078563364,3.56952399369585,4.64870263357969,5.81036126521716,8.72335076691327,1,2
18,38,72,5.86997078563364,3.56952399369585,4.0656668527188,5.26191434965179,8.2199788751798,1,2
18,38,74,5.86997078563364,3.56952399369585,5.66661863034177,5.29815545820746,9.10321222656356,1,2
18,38,77,5.86997078563364,3.56952399369585,5.24772364815451,5.17297209211943,8.8251317475689,1,2
18,38,84,5.86997078563364,3.56952399369585,4.91511554540576,6.11582132525054,8.90565682670749,1,2
18,38,85,5.86997078563364,3.56952399369585,5.51569003446818,5.67278920813473,7.97326396989903,1,2
18,38,90,5.86997078563364,3.56952399369585,5.92272790826645,6.0881533882195,8.76605920743425,1,2
18,38,96,5.86997078563364,3.56952399369585,4.80888513260876,5.72457280847211,8.9829449656103,1,2
18,39,1,5.86997078563364,3.56952399369585,6.08432236068655,6.67353268863881,9.50733690590685,1,2
18,39,2,5.86997078563364,3.56952399369585,2.8145990536847,5.89007159515972,8.84600736601952,1,2
18,39,3,5.86997078563364,3.56952399369585,4.79500358339778,4.89425227094861,9.38532911706006,1,2
18,39,4,5.86997078563364,3.56952399369585,6.22563648918036,6.25991692684523,9.75892286803241,1,2
18,39,5,5.86997078563364,3.56952399369585,5.5800557617925,6.97634460004096,9.46433796012643,1,2
18,39,8,5.86997078563364,3.56952399369585,5.13834013204724,6.67427181959736,9.76288552787147,1,2
18,39,10,5.86997078563364,3.56952399369585,5.05908241552919,5.34672486028826,8.90283846694261,1,2
18,39,14,5.86997078563364,3.56952399369585,6.0202812433976,6.40706487118725,9.01404217293153,1,2
18,39,16,5.86997078563364,3.56952399369585,4.503185680544,6.23875698866162,9.85923725332335,1,2
18,39,20,5.86997078563364,3.56952399369585,4.4476488649673,5.80790235782338,9.55485510516893,1,2
18,39,22,5.86997078563364,3.56952399369585,5.13911853437865,5.39356111893135,9.39788650664911,1,2
18,39,23,5.86997078563364,3.56952399369585,4.66760587936646,5.42718710551351,9.72281887781226,1,2
18,39,24,5.86997078563364,3.56952399369585,2.44198263683883,6.22888758083221,9.18416673805928,1,2
18,39,25,5.86997078563364,3.56952399369585,4.81330754766075,6.57436321087599,9.21792069549039,1,2
18,39,28,5.86997078563364,3.56952399369585,5.6090665385648,6.19578076500177,9.28800405660846,1,2
18,39,29,5.86997078563364,3.56952399369585,6.12755647695947,5.80883836082637,9.38024023977162,1,2
18,39,33,5.86997078563364,3.56952399369585,6.95883219341189,6.88843987486517,9.89457599844581,1,2
18,39,35,5.86997078563364,3.56952399369585,5.83416892429619,5.88384782916143,9.2314672858433,1,2
18,39,36,5.86997078563364,3.56952399369585,5.66496038901876,6.02066603783883,9.44789253572734,1,2
18,39,38,5.86997078563364,3.56952399369585,5.7159320371609,5.80106168375411,9.60509901665851,1,2
18,39,40,5.86997078563364,3.56952399369585,5.30931683058515,6.64244727360436,9.80231889954754,1,2
18,39,41,5.86997078563364,3.56952399369585,6.19263497226685,6.34153094868822,9.29016060494508,1,2
18,39,44,5.86997078563364,3.56952399369585,3.11833427415669,5.68743057922619,9.43178571481399,1,2
18,39,45,5.86997078563364,3.56952399369585,4.22082735276366,6.66111411342693,9.05624324072937,1,2
18,39,46,5.86997078563364,3.56952399369585,6.00237613818009,6.88637542684051,9.41630506987836,1,2
18,39,48,5.86997078563364,3.56952399369585,4.21654106292041,5.84688050272492,9.07682918858068,1,2
18,39,49,5.86997078563364,3.56952399369585,4.31289899237845,5.91297378718122,9.40359762278401,1,2
18,39,50,5.86997078563364,3.56952399369585,6.45570942771486,5.99844828890749,9.12574745068508,1,2
18,39,51,5.86997078563364,3.56952399369585,3.94253086927835,5.77992780202256,9.3362033242407,1,2
18,39,53,5.86997078563364,3.56952399369585,3.82000121944172,5.93652836834361,9.4976053844088,1,2
18,39,54,5.86997078563364,3.56952399369585,7.0631437166223,5.25207174164249,9.45133896815362,1,2
18,39,55,5.86997078563364,3.56952399369585,5.34056709810737,6.93841826391772,9.31885488691505,1,2
18,39,57,5.86997078563364,3.56952399369585,5.80230355670797,6.30896769410659,9.53902255618318,1,2
18,39,58,5.86997078563364,3.56952399369585,5.40062738322023,6.11819735618814,9.22202375654915,1,2
18,39,60,5.86997078563364,3.56952399369585,5.01589567785263,5.42138084587093,9.46583661697839,1,2
18,39,63,5.86997078563364,3.56952399369585,4.63093620376282,5.90007484794152,9.80632098925028,1,2
18,39,64,5.86997078563364,3.56952399369585,5.06522399387728,4.96520325600136,9.28566074931124,1,2
18,40,1,5.86997078563364,3.56952399369585,5.93389880020285,6.12699185224167,9.2182419819366,1,2
18,40,2,5.86997078563364,3.56952399369585,4.11267109338563,5.61093294647476,9.35505146531038,1,2
18,40,7,5.86997078563364,3.56952399369585,4.36479334568581,6.34129782106481,9.81308812675207,1,2
18,40,12,5.86997078563364,3.56952399369585,4.00778818557785,6.17875031108978,9.72129358418247,1,2
18,40,17,5.86997078563364,3.56952399369585,4.49231666428174,6.05009896902662,9.47046649934722,1,2
18,40,19,5.86997078563364,3.56952399369585,4.78664279463046,5.47410311285351,9.39903674259543,1,2
18,40,21,5.86997078563364,3.56952399369585,5.85757732029231,6.50723834352114,9.37281419064202,1,2
18,40,23,5.86997078563364,3.56952399369585,6.16965931241635,6.29704348418395,9.17471642130053,1,2
18,40,26,5.86997078563364,3.56952399369585,4.8051675693944,5.65856400930308,9.17525935382706,1,2
18,40,29,5.86997078563364,3.56952399369585,5.52949494814847,5.92526132011333,9.62842792876878,1,2
18,40,30,5.86997078563364,3.56952399369585,4.64181134573248,6.94271550581908,9.77795895929915,1,2
18,40,31,5.86997078563364,3.56952399369585,5.0089451189575,5.90590077292547,9.41340455647861,1,2
18,40,33,5.86997078563364,3.56952399369585,5.03170554688467,5.49528276139575,8.89576524837638,1,2
18,40,35,5.86997078563364,3.56952399369585,5.07519216385453,5.92356336331876,9.79578614932805,1,2
18,40,36,5.86997078563364,3.56952399369585,6.20307079649464,4.96131475797774,10.0369149171797,1,2
18,40,37,5.86997078563364,3.56952399369585,7.30163807521348,6.55891554524462,9.19174683396731,1,2
18,40,38,5.86997078563364,3.56952399369585,5.71045213165976,6.33436502368366,9.41450811623031,1,2
18,40,40,5.86997078563364,3.56952399369585,6.63599903584158,6.24045520189698,9.18245479267609,1,2
18,40,41,5.86997078563364,3.56952399369585,4.69914922184965,6.34740305088761,9.1140030533307,1,2
18,40,43,5.86997078563364,3.56952399369585,3.96706284096645,6.03944721512965,9.27748865948122,1,2
18,40,46,5.86997078563364,3.56952399369585,5.67709243105353,6.10696613639261,9.55947728803874,1,2
18,40,47,5.86997078563364,3.56952399369585,2.9637005398591,6.53413779797254,9.53877018307703,1,2
18,40,50,5.86997078563364,3.56952399369585,7.10899882530648,6.61212246983457,9.31986185089684,1,2
18,40,53,5.86997078563364,3.56952399369585,3.78154809995257,6.82990888129121,8.94695594501506,1,2
18,40,54,5.86997078563364,3.56952399369585,6.16438983810688,5.6539940462697,8.92068297028962,1,2
18,40,56,5.86997078563364,3.56952399369585,7.41004072152649,5.86409987387337,9.63342338254951,1,2
18,40,58,5.86997078563364,3.56952399369585,4.74109847784427,5.88306793903818,8.97310990845819,1,2
18,40,60,5.86997078563364,3.56952399369585,4.00259833334171,5.70020881394116,9.77027710747346,1,2
18,40,62,5.86997078563364,3.56952399369585,4.79762720626273,4.99227611728623,9.4755231437509,1,2
18,41,1,5.86997078563364,3.56952399369585,3.22289993797245,6.4967868209933,9.43367676431125,1,2
18,41,2,5.86997078563364,3.56952399369585,6.89558976839226,6.5338835495251,9.48533128693099,1,2
18,41,3,5.86997078563364,3.56952399369585,5.98843387515183,6.2116932971573,9.71750978511723,1,2
18,41,4,5.86997078563364,3.56952399369585,4.95647108114649,5.41944404199174,9.68571022461457,1,2
18,41,7,5.86997078563364,3.56952399369585,6.57687414244388,6.07272040108795,9.61178627842571,1,2
18,41,9,5.86997078563364,3.56952399369585,5.05431273952339,5.51946362923389,9.65685597847551,1,2
18,41,10,5.86997078563364,3.56952399369585,5.73954694659663,6.53549829722523,9.74492483800172,1,2
18,41,12,5.86997078563364,3.56952399369585,5.15043947591998,6.04064965487088,9.18442324508422,1,2
18,41,13,5.86997078563364,3.56952399369585,3.5997583743635,6.64083206685551,9.10963229678489,1,2
18,41,14,5.86997078563364,3.56952399369585,5.02891189967794,5.9942361408462,9.02390526214296,1,2
18,41,15,5.86997078563364,3.56952399369585,5.20082910189053,6.4120027209315,9.2364018825925,1,2
18,41,16,5.86997078563364,3.56952399369585,4.93475407242083,5.58480100678472,9.39174218279016,1,2
18,41,22,5.86997078563364,3.56952399369585,4.43776715888594,6.43111777724649,9.34115544648902,1,2
18,41,24,5.86997078563364,3.56952399369585,4.9186540605189,5.21843750734907,9.26261047121059,1,2
18,41,25,5.86997078563364,3.56952399369585,6.23192898181871,5.64562543421033,9.96332273226837,1,2
18,41,27,5.86997078563364,3.56952399369585,5.34228869183802,6.33109871580453,9.63391244747092,1,2
18,41,30,5.86997078563364,3.56952399369585,5.7777956033129,6.91794845961496,9.67807145766807,1,2
18,41,31,5.86997078563364,3.56952399369585,6.463210539006,5.45064703487232,9.61344207998145,1,2
18,41,32,5.86997078563364,3.56952399369585,5.18275887622766,6.409711731495,9.90043144566895,1,2
18,41,34,5.86997078563364,3.56952399369585,4.20809070215534,6.13049151793052,9.73026002816309,1,2
18,41,36,5.86997078563364,3.56952399369585,4.29153781121582,5.69816723047621,9.15944603527903,1,2
18,41,37,5.86997078563364,3.56952399369585,6.35617758503912,5.51384887181022,9.35523678152285,1,2
18,41,41,5.86997078563364,3.56952399369585,6.89296184889674,6.29809586461758,9.78253320419759,1,2
18,41,42,5.86997078563364,3.56952399369585,3.64503910572199,6.74928236474689,10.2394054112507,1,2
18,41,44,5.86997078563364,3.56952399369585,5.78901514965952,5.09799764974487,9.74434316283488,1,2
18,41,45,5.86997078563364,3.56952399369585,4.96554353568058,7.0288772721941,9.26139965215446,1,2
18,41,47,5.86997078563364,3.56952399369585,4.88920386560767,5.31272968477824,9.39592377026944,1,2
18,41,48,5.86997078563364,3.56952399369585,5.03768234396944,6.60244546296435,9.28545892255484,1,2
18,41,50,5.86997078563364,3.56952399369585,6.70582480238602,6.10300101874008,9.96756743665265,1,2
18,41,52,5.86997078563364,3.56952399369585,4.71081257337222,5.46300300860424,9.09814164754128,1,2
18,41,56,5.86997078563364,3.56952399369585,4.25660259446607,6.16491043014766,8.82402306284796,1,2
18,41,58,5.86997078563364,3.56952399369585,5.23564429208894,6.37030295016225,9.10374528892483,1,2
18,41,61,5.86997078563364,3.56952399369585,5.60999772756973,6.83127589330216,9.75666620541044,1,2
18,41,63,5.86997078563364,3.56952399369585,6.68790578451773,6.18450235358186,9.70326658381729,1,2
18,41,64,5.86997078563364,3.56952399369585,5.38983054981601,6.22372565878853,10.504104585511,1,2
19,1,1,6.90754798713335,3.49722386676696,4.48938430680914,5.78141644888433,2.71987875880407,1,2
19,1,2,6.90754798713335,3.49722386676696,4.90346031457434,6.51344623988916,2.87609298445439,1,2
19,1,5,6.90754798713335,3.49722386676696,5.93878670886558,6.49897742012315,2.79324656204351,1,2
19,1,7,6.90754798713335,3.49722386676696,6.2482949910785,5.73186600315784,2.62517258707372,1,2
19,1,8,6.90754798713335,3.49722386676696,6.28870908124853,5.60312660557652,2.52610705399972,1,2
19,1,10,6.90754798713335,3.49722386676696,7.65955923726865,6.03499456019403,2.68922909595507,1,2
19,1,11,6.90754798713335,3.49722386676696,5.36702240171864,6.14209273513492,2.82641098541946,1,2
19,1,14,6.90754798713335,3.49722386676696,3.7624962293253,5.32030523978892,2.39584793199052,1,2
19,1,17,6.90754798713335,3.49722386676696,6.91275994147047,5.96350719424736,2.50689373112727,1,2
19,1,18,6.90754798713335,3.49722386676696,4.99294691981999,5.51986920793108,2.52501345633858,1,2
19,1,20,6.90754798713335,3.49722386676696,5.14456958406756,5.70172529384999,2.73387165217339,1,2
19,1,22,6.90754798713335,3.49722386676696,6.68205251006801,5.65457093242188,2.60878627607404,1,2
19,1,24,6.90754798713335,3.49722386676696,5.27605437004167,5.79122992505366,2.71894735847365,1,2
19,1,26,6.90754798713335,3.49722386676696,5.31477799292829,6.06668106476091,2.70520905646013,1,2
19,1,29,6.90754798713335,3.49722386676696,3.97846361446823,6.71386847891135,2.92634181223318,1,2
19,1,33,6.90754798713335,3.49722386676696,3.37130761506565,6.42144075823043,3.03968768257532,1,2
19,1,39,6.90754798713335,3.49722386676696,5.06489445415795,6.03679256949209,2.68838467068893,1,2
19,1,40,6.90754798713335,3.49722386676696,5.3676399444415,5.33357141054633,2.36868733979492,1,2
19,1,41,6.90754798713335,3.49722386676696,4.48702691535658,5.98269802172255,2.67877828601567,1,2
19,1,44,6.90754798713335,3.49722386676696,5.713497401747,5.7028168899489,2.6725725795892,1,2
19,1,45,6.90754798713335,3.49722386676696,3.87516350324138,6.15520551578157,2.80231192673285,1,2
19,1,47,6.90754798713335,3.49722386676696,3.89333549712264,6.44058322857295,2.89196826996715,1,2
19,1,49,6.90754798713335,3.49722386676696,4.84237259102763,6.09122540850895,2.88185675497295,1,2
19,1,51,6.90754798713335,3.49722386676696,4.67213371742272,6.73112189813091,3.09502842949599,1,2
19,1,54,6.90754798713335,3.49722386676696,4.3936647933333,6.118927675117,2.742919185928,1,2
19,1,55,6.90754798713335,3.49722386676696,4.93734921403934,5.67325796249649,2.54054965923058,1,2
19,1,57,6.90754798713335,3.49722386676696,5.63546613409888,5.30898179523631,2.45633872826044,1,2
19,1,59,6.90754798713335,3.49722386676696,3.74838006400036,5.45483235380403,2.65108563064392,1,2
19,1,61,6.90754798713335,3.49722386676696,4.46617513619083,6.26062583634449,2.92994290359586,1,2
19,1,63,6.90754798713335,3.49722386676696,4.76151419408127,6.24541227667457,2.83711800022462,1,2
19,1,64,6.90754798713335,3.49722386676696,3.87864240313335,6.46930911236893,3.02354376728028,1,2
19,1,65,6.90754798713335,3.49722386676696,3.47107538512036,5.59495858546836,2.46411796012187,1,2
19,1,70,6.90754798713335,3.49722386676696,5.54237512816648,5.77732929962235,2.64729592021329,1,2
19,1,73,6.90754798713335,3.49722386676696,4.4270693422878,5.45411089062792,2.59255097046231,1,2
19,1,74,6.90754798713335,3.49722386676696,7.31012971999896,6.87284674629056,2.92635285463508,1,2
19,1,75,6.90754798713335,3.49722386676696,5.41466055566316,6.23530814969962,2.8342218861559,1,2
19,1,77,6.90754798713335,3.49722386676696,4.52278910142425,5.59432466798113,2.57110401755723,1,2
19,2,3,6.90754798713335,3.49722386676696,5.63975460573497,5.90803145080316,3.67308156690189,1,2
19,2,6,6.90754798713335,3.49722386676696,4.37646338621145,6.42629846789648,3.76497720468969,1,2
19,2,11,6.90754798713335,3.49722386676696,4.62281368806132,5.38863706467777,3.31594571754009,1,2
19,2,12,6.90754798713335,3.49722386676696,4.17427616586162,6.72875135532812,4.04720450435923,1,2
19,2,13,6.90754798713335,3.49722386676696,4.12084890760564,6.6702273884784,3.82905530230546,1,2
19,2,16,6.90754798713335,3.49722386676696,5.06486131910843,6.87602445722739,3.9169691841892,1,2
19,2,19,6.90754798713335,3.49722386676696,5.76165184174555,5.53692016164961,3.46796155872972,1,2
19,2,20,6.90754798713335,3.49722386676696,7.20873037793563,6.0047345398044,3.64824563007984,1,2
19,2,21,6.90754798713335,3.49722386676696,4.82946206312085,5.52734196030163,3.32182402070695,1,2
19,2,26,6.90754798713335,3.49722386676696,5.19709184549365,6.21158799603774,3.70222332901586,1,2
19,2,27,6.90754798713335,3.49722386676696,4.25985097069078,6.08003603380491,3.62212232580435,1,2
19,2,30,6.90754798713335,3.49722386676696,4.71695543036498,5.56596647382814,3.48072141760731,1,2
19,2,31,6.90754798713335,3.49722386676696,7.05520384141567,5.84130940999411,3.49292013345901,1,2
19,2,33,6.90754798713335,3.49722386676696,4.43978346219533,5.69950808582645,3.37099064218135,1,2
19,2,34,6.90754798713335,3.49722386676696,4.92086186656396,5.65824178159293,3.52630225262714,1,2
19,2,39,6.90754798713335,3.49722386676696,4.36796742062098,5.88499630416476,3.34726279913864,1,2
19,2,41,6.90754798713335,3.49722386676696,5.69197276145961,6.30130422208076,3.70246766223175,1,2
19,2,42,6.90754798713335,3.49722386676696,4.07046112902556,5.81693092333499,3.41020361820515,1,2
19,2,46,6.90754798713335,3.49722386676696,3.41439560529217,5.93390417325131,3.58110842689652,1,2
19,2,48,6.90754798713335,3.49722386676696,5.2574830905479,6.97019195396335,4.01522957677035,1,2
19,2,49,6.90754798713335,3.49722386676696,5.13964217870141,5.36031967489837,3.54395756656088,1,2
19,2,52,6.90754798713335,3.49722386676696,4.83847133812105,5.39530070380224,3.44814493964712,1,2
19,2,53,6.90754798713335,3.49722386676696,5.92264471602556,6.07437731408479,3.70938943062276,1,2
19,2,55,6.90754798713335,3.49722386676696,2.75061773273535,5.77958848961522,3.58975387769803,1,2
19,2,56,6.90754798713335,3.49722386676696,4.19393883574996,6.15637679666014,3.65185275368966,1,2
19,2,58,6.90754798713335,3.49722386676696,6.41456549229694,6.26638301859589,3.7087372782871,1,2
19,2,60,6.90754798713335,3.49722386676696,4.36803197786033,6.7544866896492,3.8981632802573,1,2
19,2,61,6.90754798713335,3.49722386676696,5.51704798411097,5.59410730990619,3.51822861961335,1,2
19,2,64,6.90754798713335,3.49722386676696,5.98516902983539,5.85476067903504,3.58316782545396,1,2
19,2,65,6.90754798713335,3.49722386676696,5.22855928472822,6.35482388911783,3.65640938522601,1,2
19,2,66,6.90754798713335,3.49722386676696,4.20270623226547,6.12983864759581,3.53475513997533,1,2
19,2,70,6.90754798713335,3.49722386676696,4.55805653215717,6.00882779013113,3.44655871077818,1,2
19,2,71,6.90754798713335,3.49722386676696,4.66988575499451,6.30240998958219,3.69436542201539,1,2
19,2,73,6.90754798713335,3.49722386676696,3.83252022902397,5.91987674172086,3.55280087843963,1,2
19,2,74,6.90754798713335,3.49722386676696,5.05535252043742,5.6597774069763,3.3880619704803,1,2
19,2,78,6.90754798713335,3.49722386676696,5.51017313677586,5.91323703812786,3.67301000448016,1,2
19,2,79,6.90754798713335,3.49722386676696,5.09891944229928,6.63937959448399,3.81249138216828,1,2
19,2,82,6.90754798713335,3.49722386676696,4.70088173659569,5.78865997892023,3.64985958910373,1,2
19,3,3,6.90754798713335,3.49722386676696,3.50362860456491,5.19062058866486,3.93816237715341,1,2
19,3,5,6.90754798713335,3.49722386676696,6.54869130327171,5.33247926736741,3.79208094466011,1,2
19,3,9,6.90754798713335,3.49722386676696,5.06470338111311,5.80399550031975,3.95165431773198,1,2
19,3,12,6.90754798713335,3.49722386676696,4.36138027430512,5.84375222519048,4.22558657678444,1,2
19,3,13,6.90754798713335,3.49722386676696,5.71878777556813,6.02638739439577,4.27869207467743,1,2
19,3,14,6.90754798713335,3.49722386676696,3.7669037955896,6.55579266397794,4.56736083622439,1,2
19,3,16,6.90754798713335,3.49722386676696,5.131609592666,5.96829895653723,4.30000586844028,1,2
19,3,18,6.90754798713335,3.49722386676696,5.98886661605487,5.29621899579011,4.01821438401668,1,2
19,3,22,6.90754798713335,3.49722386676696,6.3792355009002,6.34233608247236,4.26456520615131,1,2
19,3,25,6.90754798713335,3.49722386676696,3.84133942267311,5.71686264166853,4.03640039167059,1,2
19,3,26,6.90754798713335,3.49722386676696,4.82337047397522,6.45549785740732,4.38202078579831,1,2
19,3,29,6.90754798713335,3.49722386676696,3.23423420228885,5.8577782004755,4.20986330799518,1,2
19,3,31,6.90754798713335,3.49722386676696,4.47795552216103,5.76563509956154,4.14353563776054,1,2
19,3,32,6.90754798713335,3.49722386676696,3.49069833001512,5.46239699593181,4.05447920942455,1,2
19,3,34,6.90754798713335,3.49722386676696,5.55706677664389,6.67273816109829,4.42230032679892,1,2
19,3,39,6.90754798713335,3.49722386676696,4.82670595958833,5.92554671587987,4.20769741332498,1,2
19,3,40,6.90754798713335,3.49722386676696,4.30485153264217,6.12153999695734,4.17537043077756,1,2
19,3,41,6.90754798713335,3.49722386676696,7.90269455160237,5.83881609702402,4.16750432740216,1,2
19,3,42,6.90754798713335,3.49722386676696,3.1804823743637,6.70121780101353,4.40772655571528,1,2
19,3,44,6.90754798713335,3.49722386676696,4.82343839530393,6.85149848973761,4.42653115442665,1,2
19,3,46,6.90754798713335,3.49722386676696,4.58755785962666,5.35620211521274,3.83239970328029,1,2
19,3,47,6.90754798713335,3.49722386676696,4.4654074508227,5.95230270763803,4.08261495796471,1,2
19,3,48,6.90754798713335,3.49722386676696,4.8865404091176,5.82965882574928,4.12263812926303,1,2
19,3,51,6.90754798713335,3.49722386676696,5.16842135089377,6.58134321773686,4.47823272896412,1,2
19,3,52,6.90754798713335,3.49722386676696,5.58119549881975,6.24365413339455,4.26479521664336,1,2
19,3,53,6.90754798713335,3.49722386676696,4.43870380297341,6.70695109653078,4.35583416824299,1,2
19,3,56,6.90754798713335,3.49722386676696,3.92375460523687,5.5788292260291,4.08862317526143,1,2
19,3,57,6.90754798713335,3.49722386676696,4.94398054967011,5.89183280247861,4.149847187085,1,2
19,3,58,6.90754798713335,3.49722386676696,5.34764827934391,6.14186879412869,4.10096912823922,1,2
19,3,60,6.90754798713335,3.49722386676696,5.0916567327085,5.67490534870093,4.17849497649689,1,2
19,3,65,6.90754798713335,3.49722386676696,4.16728349665528,5.98164110703871,4.15646696375732,1,2
19,3,66,6.90754798713335,3.49722386676696,3.86163836361165,5.38367009522756,3.84198718327342,1,2
19,3,69,6.90754798713335,3.49722386676696,2.78228517018066,6.69166765908942,4.56876796503364,1,2
19,3,70,6.90754798713335,3.49722386676696,6.34938839049007,6.22115217216756,4.39434984939312,1,2
19,3,72,6.90754798713335,3.49722386676696,5.23894892802691,5.95128124638309,4.26845554096332,1,2
19,3,74,6.90754798713335,3.49722386676696,4.18918907419302,5.46065426836968,3.96721437979116,1,2
19,3,75,6.90754798713335,3.49722386676696,4.40418505772553,5.61358465675045,4.1498654273186,1,2
19,3,77,6.90754798713335,3.49722386676696,4.96451514617325,5.64313236908674,4.04460229265449,1,2
19,3,78,6.90754798713335,3.49722386676696,4.17599771132101,6.43908776171536,4.47736721368555,1,2
19,3,81,6.90754798713335,3.49722386676696,4.56048165440435,5.50611860401387,3.82025560014184,1,2
19,3,82,6.90754798713335,3.49722386676696,4.97220083757858,5.9904245176012,4.17067249809428,1,2
19,3,83,6.90754798713335,3.49722386676696,6.04625381750641,6.05109732941581,4.13152822029846,1,2
19,3,88,6.90754798713335,3.49722386676696,4.16747511829076,6.23027969839354,4.27246297237394,1,2
19,3,89,6.90754798713335,3.49722386676696,5.03917683004854,6.27708676958638,4.16779394663679,1,2
19,3,91,6.90754798713335,3.49722386676696,5.3020609092508,5.42552234996951,3.96561527935683,1,2
19,3,92,6.90754798713335,3.49722386676696,4.13265100857872,6.11015233616691,4.31215237625488,1,2
19,3,95,6.90754798713335,3.49722386676696,6.63855437060214,5.65934370757525,3.99659692118513,1,2
19,3,97,6.90754798713335,3.49722386676696,4.20616327913309,6.55266964213272,4.38153457873812,1,2
19,4,1,6.90754798713335,3.49722386676696,3.96301304155627,6.23112052212556,4.6791412935238,1,2
19,4,4,6.90754798713335,3.49722386676696,4.14436267482351,5.34650387880734,4.47685532285098,1,2
19,4,5,6.90754798713335,3.49722386676696,5.87716386751259,5.66809294462159,4.59852344251588,1,2
19,4,7,6.90754798713335,3.49722386676696,4.09715194557267,5.88927003983623,4.46785018321604,1,2
19,4,9,6.90754798713335,3.49722386676696,5.3275807245238,5.1237311736973,4.29792264690015,1,2
19,4,10,6.90754798713335,3.49722386676696,3.10125945802225,5.32494021707666,4.37931702508278,1,2
19,4,11,6.90754798713335,3.49722386676696,4.94721617379863,5.65422805578461,4.38519355075842,1,2
19,4,13,6.90754798713335,3.49722386676696,5.70956835029597,6.44160768733958,4.68630449508607,1,2
19,4,14,6.90754798713335,3.49722386676696,5.7873249599208,5.24976783555011,4.25907131413156,1,2
19,4,15,6.90754798713335,3.49722386676696,6.49557208179914,6.19506556939621,4.6291532673783,1,2
19,4,16,6.90754798713335,3.49722386676696,5.12522166962079,5.92489885952636,4.52853493397425,1,2
19,4,17,6.90754798713335,3.49722386676696,4.452743037537,6.41511291400626,4.91517183406843,1,2
19,4,21,6.90754798713335,3.49722386676696,4.71273451066963,6.17615564622169,4.58014373849682,1,2
19,4,22,6.90754798713335,3.49722386676696,5.09293030419858,6.33050666757995,4.48132516657106,1,2
19,4,24,6.90754798713335,3.49722386676696,5.92721961960642,6.25693918447917,4.65693971940235,1,2
19,4,27,6.90754798713335,3.49722386676696,2.96085543091017,6.44153333789667,4.73658848346387,1,2
19,4,28,6.90754798713335,3.49722386676696,5.62308999540198,5.89284876328105,4.47840560505261,1,2
19,4,29,6.90754798713335,3.49722386676696,6.30235179120522,4.99303689496526,4.18234581147922,1,2
19,4,30,6.90754798713335,3.49722386676696,5.06579517100819,6.31588230401207,4.50430013343443,1,2
19,4,31,6.90754798713335,3.49722386676696,6.04052866090806,5.68853388605484,4.38915282108385,1,2
19,4,33,6.90754798713335,3.49722386676696,6.29977556613125,6.72412816555844,4.86737517622307,1,2
19,4,34,6.90754798713335,3.49722386676696,4.17718246222311,6.34614156264624,4.69405294732947,1,2
19,4,35,6.90754798713335,3.49722386676696,4.83802146649488,5.29510591044133,4.48798644968749,1,2
19,4,36,6.90754798713335,3.49722386676696,3.73454522812675,6.87120393006209,4.8576635228432,1,2
19,4,40,6.90754798713335,3.49722386676696,4.45229055053179,5.71399114628109,4.48225970427181,1,2
19,4,42,6.90754798713335,3.49722386676696,3.46851830402206,6.09698248645514,4.62326320881553,1,2
19,4,43,6.90754798713335,3.49722386676696,4.34117735571744,5.9608103128809,4.33132510799666,1,2
19,4,45,6.90754798713335,3.49722386676696,4.60215706161713,6.13951643667493,4.59624764382571,1,2
19,4,47,6.90754798713335,3.49722386676696,5.38745059245093,6.42239539943928,4.93640314354631,1,2
19,4,48,6.90754798713335,3.49722386676696,6.1709142527013,6.14820012578334,4.54838136230273,1,2
19,4,50,6.90754798713335,3.49722386676696,4.65556574441759,6.45659251086217,4.68467944165303,1,2
19,4,54,6.90754798713335,3.49722386676696,5.42953013152464,6.95558782962366,4.91203801659301,1,2
19,4,55,6.90754798713335,3.49722386676696,5.66768874269802,6.41219015847461,4.72771129973792,1,2
19,4,56,6.90754798713335,3.49722386676696,5.0515472912621,5.42252691107732,4.28500611407126,1,2
19,4,64,6.90754798713335,3.49722386676696,4.91699202751861,5.66593567731716,4.49773959668631,1,2
19,4,66,6.90754798713335,3.49722386676696,5.62144696121848,6.81958793435073,4.92276834845104,1,2
19,5,1,6.90754798713335,3.49722386676696,3.09584185011285,6.26919633965893,5.0176315975235,1,2
19,5,2,6.90754798713335,3.49722386676696,6.06104764054717,5.54419400553259,4.82648126976675,1,2
19,5,6,6.90754798713335,3.49722386676696,7.4184534532777,5.77801359966379,5.01246599016662,1,2
19,5,7,6.90754798713335,3.49722386676696,5.45788428508531,6.24648638666491,5.20534252710536,1,2
19,5,10,6.90754798713335,3.49722386676696,6.89111634734039,6.54138432744722,5.17933512757868,1,2
19,5,11,6.90754798713335,3.49722386676696,4.94890950064178,6.05371225561271,4.90732024971737,1,2
19,5,12,6.90754798713335,3.49722386676696,5.84507211755432,6.30403719952818,5.17738194511171,1,2
19,5,13,6.90754798713335,3.49722386676696,5.42889912196261,6.73530158753238,5.35906490258055,1,2
19,5,14,6.90754798713335,3.49722386676696,6.55090150070744,6.19612137863113,5.1242814065432,1,2
19,5,17,6.90754798713335,3.49722386676696,5.78399159532662,6.21539773997995,5.1487004539145,1,2
19,5,19,6.90754798713335,3.49722386676696,5.56620469969335,6.15921839058423,4.99725099156755,1,2
19,5,20,6.90754798713335,3.49722386676696,6.12753220867986,5.47957960880368,5.01028468156978,1,2
19,5,21,6.90754798713335,3.49722386676696,3.69231149396808,5.9578817075486,5.06887213920441,1,2
19,5,22,6.90754798713335,3.49722386676696,5.1886126269665,5.59331112529413,4.97226023359329,1,2
19,5,24,6.90754798713335,3.49722386676696,7.01672200870084,6.59026816526988,5.21425568305796,1,2
19,5,26,6.90754798713335,3.49722386676696,6.03431195863826,5.60521635879133,4.97654368380909,1,2
19,5,28,6.90754798713335,3.49722386676696,4.87427901844799,6.52696746703737,5.26906455531803,1,2
19,5,31,6.90754798713335,3.49722386676696,5.21306498307158,6.52583922172212,5.28540771670594,1,2
19,5,32,6.90754798713335,3.49722386676696,4.9265143299777,6.14140161173853,5.04622884909388,1,2
19,5,33,6.90754798713335,3.49722386676696,5.16564084172176,6.29892209005312,5.41427953701053,1,2
19,5,35,6.90754798713335,3.49722386676696,4.7568112179806,5.29314466638374,4.75664600233124,1,2
19,5,37,6.90754798713335,3.49722386676696,5.7886263117209,6.05231423333183,4.9141367346175,1,2
19,5,38,6.90754798713335,3.49722386676696,6.55030898716059,5.81405534770426,4.93128807394663,1,2
19,5,39,6.90754798713335,3.49722386676696,4.75515555657206,5.96436911689681,5.09047047453315,1,2
19,5,42,6.90754798713335,3.49722386676696,5.30911534429466,6.75197731463176,5.43094731332557,1,2
19,5,43,6.90754798713335,3.49722386676696,6.69213147968213,6.18473040423819,4.93975669828182,1,2
19,5,44,6.90754798713335,3.49722386676696,6.53116683829021,5.9983571887783,4.95346325645679,1,2
19,5,52,6.90754798713335,3.49722386676696,3.54692533591707,5.40833177641409,4.9636567582961,1,2
19,5,56,6.90754798713335,3.49722386676696,4.27528624665973,5.42906956330152,4.91358516883951,1,2
19,5,59,6.90754798713335,3.49722386676696,5.20404663862929,5.99256562557644,5.14500568190618,1,2
19,5,60,6.90754798713335,3.49722386676696,5.90708130563651,5.01183044615294,4.66400065015954,1,2
19,5,61,6.90754798713335,3.49722386676696,4.14834042088336,5.54070028623638,4.75812960004127,1,2
19,5,63,6.90754798713335,3.49722386676696,5.18850604281578,6.42914231017377,4.97039653089571,1,2
19,5,65,6.90754798713335,3.49722386676696,5.64101488585066,6.51648224820668,5.14124596144387,1,2
19,5,66,6.90754798713335,3.49722386676696,5.5397619063571,6.14796910595192,5.24591915522366,1,2
19,5,70,6.90754798713335,3.49722386676696,3.35670313611635,4.96077710048682,4.63200084892893,1,2
19,5,73,6.90754798713335,3.49722386676696,5.68348009029857,5.57433407561452,4.9075854365169,1,2
19,5,75,6.90754798713335,3.49722386676696,5.74554736129818,6.65716674793703,5.14251917919085,1,2
19,5,76,6.90754798713335,3.49722386676696,3.62463384730078,5.52350142151687,4.88628553731016,1,2
19,5,77,6.90754798713335,3.49722386676696,3.80046319496828,6.38051935447115,5.25539741207005,1,2
19,5,79,6.90754798713335,3.49722386676696,4.68421109716765,5.26407403225021,4.81991222383144,1,2
19,6,1,6.90754798713335,3.49722386676696,5.7663764260561,5.29023614869244,5.01081017576445,1,2
19,6,2,6.90754798713335,3.49722386676696,4.82334136397993,5.91580826777136,5.07246511312136,1,2
19,6,3,6.90754798713335,3.49722386676696,5.26196548749473,6.2533432605353,5.36056585961751,1,2
19,6,8,6.90754798713335,3.49722386676696,5.30244574477991,6.56909043116296,5.46292587534281,1,2
19,6,11,6.90754798713335,3.49722386676696,6.7623590220494,5.75050440468909,5.259871421813,1,2
19,6,12,6.90754798713335,3.49722386676696,5.33356636784984,6.3872265269485,5.51245667275301,1,2
19,6,14,6.90754798713335,3.49722386676696,5.9224676871936,6.36196277629011,5.49296237408714,1,2
19,6,18,6.90754798713335,3.49722386676696,5.4102309176873,5.83870648055394,5.04427613774315,1,2
19,6,21,6.90754798713335,3.49722386676696,2.96677675418671,6.56317334151422,5.46183748954606,1,2
19,6,27,6.90754798713335,3.49722386676696,5.60959384615881,6.15096969351355,5.38294915418211,1,2
19,6,28,6.90754798713335,3.49722386676696,4.43934372608193,5.73789543825297,5.19626665506471,1,2
19,6,32,6.90754798713335,3.49722386676696,5.62474997548173,6.18239797227012,5.33176433340347,1,2
19,6,34,6.90754798713335,3.49722386676696,4.22467800651926,6.36200986355643,5.30650840302494,1,2
19,6,35,6.90754798713335,3.49722386676696,5.98635616175993,6.12549004556154,5.26201555349122,1,2
19,6,39,6.90754798713335,3.49722386676696,5.21846150987539,4.99310808726577,4.96011232698026,1,2
19,6,40,6.90754798713335,3.49722386676696,5.38521706546292,5.99157984001361,5.17450021517224,1,2
19,6,41,6.90754798713335,3.49722386676696,5.05217597412775,6.17847005738668,5.44238018016763,1,2
19,6,44,6.90754798713335,3.49722386676696,3.97216488616167,5.66534106911368,5.1653203875513,1,2
19,6,45,6.90754798713335,3.49722386676696,3.83236802750258,6.11587384623452,5.31918247717336,1,2
19,6,46,6.90754798713335,3.49722386676696,4.07572482323249,6.33337005478354,5.40531002067726,1,2
19,6,52,6.90754798713335,3.49722386676696,4.4322861992013,5.69192307225316,5.0101456864335,1,2
19,6,53,6.90754798713335,3.49722386676696,6.80835742928608,6.36191595612724,5.31832453472127,1,2
19,6,55,6.90754798713335,3.49722386676696,4.42916157615155,5.74463700717385,5.36015173868774,1,2
19,6,57,6.90754798713335,3.49722386676696,4.42454104954694,6.18060847919308,5.47340195312761,1,2
19,6,59,6.90754798713335,3.49722386676696,6.97056112567322,6.38011415395672,5.46743028381895,1,2
19,6,61,6.90754798713335,3.49722386676696,4.77137789066063,5.63650500166586,5.05733063250821,1,2
19,6,62,6.90754798713335,3.49722386676696,6.14892534342336,5.8796672679216,5.10554970293245,1,2
19,6,66,6.90754798713335,3.49722386676696,7.93110664626887,6.46665884020744,5.55366654355353,1,2
19,6,67,6.90754798713335,3.49722386676696,2.97830358157286,6.54456136061981,5.41360974625234,1,2
19,6,69,6.90754798713335,3.49722386676696,3.72655706551383,5.32215674068546,4.96864627415231,1,2
19,6,70,6.90754798713335,3.49722386676696,5.48338921951585,4.49840562578332,4.56430042356576,1,2
19,6,71,6.90754798713335,3.49722386676696,3.5964969405723,6.51968026497956,5.25293035636888,1,2
19,6,72,6.90754798713335,3.49722386676696,4.91272338686605,6.02701331986655,5.23800628312008,1,2
19,6,75,6.90754798713335,3.49722386676696,5.34193675062369,6.18742242689617,5.29172192628633,1,2
19,6,77,6.90754798713335,3.49722386676696,4.79262236381031,6.78550991991547,5.59746129827092,1,2
19,6,79,6.90754798713335,3.49722386676696,5.06167602215209,6.11025033734448,5.26380781674015,1,2
19,7,1,6.90754798713335,3.49722386676696,3.98532594298101,6.2526129164577,5.69093500127853,1,2
19,7,2,6.90754798713335,3.49722386676696,5.73636037448102,5.86424525563371,5.50422106821772,1,2
19,7,3,6.90754798713335,3.49722386676696,4.1775958577665,5.35103741784302,5.13180094848486,1,2
19,7,6,6.90754798713335,3.49722386676696,5.50072087863318,6.27903759215649,5.74714100082652,1,2
19,7,11,6.90754798713335,3.49722386676696,5.18719564309189,6.00514466238122,5.4981150209351,1,2
19,7,12,6.90754798713335,3.49722386676696,5.71469908118979,5.86414073156169,5.57498383204566,1,2
19,7,15,6.90754798713335,3.49722386676696,4.15775260878129,5.18632549818786,5.15349831265426,1,2
19,7,16,6.90754798713335,3.49722386676696,4.98741631773891,5.67723622474147,5.52671032744089,1,2
19,7,17,6.90754798713335,3.49722386676696,6.52341560358063,5.76600961079033,5.18032369139281,1,2
19,7,19,6.90754798713335,3.49722386676696,6.66769820866275,6.18333249717944,5.70164567592371,1,2
19,7,23,6.90754798713335,3.49722386676696,3.76620487384988,5.92738606491005,5.5208460138288,1,2
19,7,28,6.90754798713335,3.49722386676696,5.27321807177854,6.35802834878934,5.46661192599152,1,2
19,7,31,6.90754798713335,3.49722386676696,6.39905834503479,6.6444797303489,5.65308950642317,1,2
19,7,33,6.90754798713335,3.49722386676696,4.46129476488267,5.87472704437721,5.43107193483961,1,2
19,7,36,6.90754798713335,3.49722386676696,4.97430757144679,5.74708008036704,5.44088953327221,1,2
19,7,37,6.90754798713335,3.49722386676696,5.72898591516675,6.71247243573885,5.87745702424924,1,2
19,7,40,6.90754798713335,3.49722386676696,5.52136953386938,6.6481716395708,5.60134767037323,1,2
19,7,44,6.90754798713335,3.49722386676696,5.80159199529564,5.859129348125,5.28642035187348,1,2
19,7,46,6.90754798713335,3.49722386676696,4.71186220683632,6.31736724494119,5.49575851260349,1,2
19,7,47,6.90754798713335,3.49722386676696,3.31422036091127,5.98622494047322,5.5799494548305,1,2
19,7,48,6.90754798713335,3.49722386676696,3.43488765478028,4.93552479733287,5.05439066923878,1,2
19,7,53,6.90754798713335,3.49722386676696,4.11732441475702,5.08682939129237,5.03629822880831,1,2
19,7,54,6.90754798713335,3.49722386676696,5.15226671073487,5.64044405850471,5.25213373053009,1,2
19,7,57,6.90754798713335,3.49722386676696,6.22055466240514,5.59510647248092,5.41129705481644,1,2
19,7,58,6.90754798713335,3.49722386676696,5.93657011205248,7.32550889008969,5.97877980300049,1,2
19,7,61,6.90754798713335,3.49722386676696,4.32981263497575,6.12635519380531,5.59043663027078,1,2
19,7,62,6.90754798713335,3.49722386676696,4.52603987396038,5.70387518054852,5.25129989745711,1,2
19,7,63,6.90754798713335,3.49722386676696,4.57261812535644,6.12479877913751,5.39443155016474,1,2
19,7,65,6.90754798713335,3.49722386676696,4.57731411648167,4.99354358081469,5.3129674880167,1,2
19,7,66,6.90754798713335,3.49722386676696,5.08779854169628,5.77109076894073,5.27413456250448,1,2
19,7,67,6.90754798713335,3.49722386676696,4.91998521986874,6.17193285893767,5.73910293959189,1,2
19,7,68,6.90754798713335,3.49722386676696,6.2968378027294,5.99077157950238,5.44345905029655,1,2
19,7,70,6.90754798713335,3.49722386676696,3.4760707117217,7.25988493928478,5.85900476303259,1,2
19,7,74,6.90754798713335,3.49722386676696,4.8441551484979,5.15615243173702,5.30430347755147,1,2
19,7,77,6.90754798713335,3.49722386676696,6.1215083408948,6.18581161678098,5.65687443860473,1,2
19,7,79,6.90754798713335,3.49722386676696,4.37115422712791,6.73167895092396,5.68851102112472,1,2
19,7,80,6.90754798713335,3.49722386676696,5.76765507730934,7.00873336974104,5.88151514400718,1,2
19,7,82,6.90754798713335,3.49722386676696,4.82017060109877,5.98577918611642,5.29784894738741,1,2
19,7,86,6.90754798713335,3.49722386676696,4.96960506548927,6.62553186374079,5.45828677993572,1,2
19,7,88,6.90754798713335,3.49722386676696,5.15736007177706,5.40098820498241,5.46421382870937,1,2
19,7,90,6.90754798713335,3.49722386676696,6.15228560998977,6.29651830761561,5.61273199350431,1,2
19,7,95,6.90754798713335,3.49722386676696,6.15560691173733,5.15264423633609,5.26209719476825,1,2
19,8,2,6.90754798713335,3.49722386676696,3.30303336085146,5.87334316219958,5.53893931779326,1,2
19,8,4,6.90754798713335,3.49722386676696,5.24870712621801,5.9466136578958,5.6213319439488,1,2
19,8,5,6.90754798713335,3.49722386676696,5.63119503121085,5.00087153332843,5.55425296914554,1,2
19,8,7,6.90754798713335,3.49722386676696,4.73312139636087,5.84376831867644,5.65217938707285,1,2
19,8,12,6.90754798713335,3.49722386676696,4.03016084540215,6.07999017290594,6.01197632223738,1,2
19,8,16,6.90754798713335,3.49722386676696,3.8668711887561,5.03469359832859,5.56577716079207,1,2
19,8,19,6.90754798713335,3.49722386676696,6.5591238625044,5.47806122985955,5.6649252182844,1,2
19,8,20,6.90754798713335,3.49722386676696,5.61369559705305,5.69720910925869,5.6536726813896,1,2
19,8,24,6.90754798713335,3.49722386676696,5.90924747458334,7.00049650886024,6.22222677244477,1,2
19,8,29,6.90754798713335,3.49722386676696,5.53661498497507,6.75024420338884,6.05973196940011,1,2
19,8,30,6.90754798713335,3.49722386676696,8.08257737772605,5.21750476788933,5.42043026803378,1,2
19,8,33,6.90754798713335,3.49722386676696,5.89392697671291,5.12714895283474,5.6959088951722,1,2
19,8,34,6.90754798713335,3.49722386676696,4.88900370322507,6.61078403077712,6.05193958677143,1,2
19,8,37,6.90754798713335,3.49722386676696,4.64805991427345,5.11611977860327,5.36245143254711,1,2
19,8,40,6.90754798713335,3.49722386676696,7.23629024316102,5.04100451333861,5.43083456292019,1,2
19,8,43,6.90754798713335,3.49722386676696,5.09064594359394,6.01946264776111,5.99216486631878,1,2
19,8,45,6.90754798713335,3.49722386676696,6.15142728543091,6.90584185390966,6.20483425960656,1,2
19,8,46,6.90754798713335,3.49722386676696,4.39410963020588,5.81992522655294,5.7677540409414,1,2
19,8,47,6.90754798713335,3.49722386676696,4.46414421215948,6.0936453314712,5.77511584936608,1,2
19,8,49,6.90754798713335,3.49722386676696,5.01774541038255,6.11273634918982,5.80678951929586,1,2
19,8,50,6.90754798713335,3.49722386676696,5.66924291115233,5.2794844781013,5.49455822464355,1,2
19,8,51,6.90754798713335,3.49722386676696,4.07364627391378,6.331607966406,5.82652459793155,1,2
19,8,52,6.90754798713335,3.49722386676696,5.80476075391674,6.79895928355975,6.0648730835393,1,2
19,8,53,6.90754798713335,3.49722386676696,4.27815705375602,5.23017101780754,5.73290029477158,1,2
19,8,54,6.90754798713335,3.49722386676696,4.91356870903568,5.94363441134141,5.74219901361372,1,2
19,8,61,6.90754798713335,3.49722386676696,4.80179464657732,5.88296619863533,5.74431128886034,1,2
19,8,62,6.90754798713335,3.49722386676696,7.32747446638502,4.85075042537798,5.57096006776748,1,2
19,8,63,6.90754798713335,3.49722386676696,7.02615506095694,6.23355817824926,6.17184072331058,1,2
19,8,66,6.90754798713335,3.49722386676696,2.86068949008525,6.20691133884255,5.86588378984924,1,2
19,8,69,6.90754798713335,3.49722386676696,5.79583387569742,6.11118410705165,5.98460333651245,1,2
19,8,70,6.90754798713335,3.49722386676696,4.94424547866031,5.78927298511391,5.42116442142122,1,2
19,8,71,6.90754798713335,3.49722386676696,3.64192852613492,6.1615353769871,5.92768110364487,1,2
19,8,72,6.90754798713335,3.49722386676696,5.12562021453727,6.22579004184537,5.54668229684066,1,2
19,8,74,6.90754798713335,3.49722386676696,5.28401543741537,6.44140982546062,5.69819056545613,1,2
19,8,75,6.90754798713335,3.49722386676696,5.97369555642723,6.71966850977374,6.09612187436862,1,2
19,8,77,6.90754798713335,3.49722386676696,3.75134192458641,5.81971229554046,5.68995101097737,1,2
19,8,78,6.90754798713335,3.49722386676696,6.16794613470309,6.17018999931257,5.95441955741581,1,2
19,8,79,6.90754798713335,3.49722386676696,4.03338130952646,5.76254432670687,5.7768194539947,1,2
19,8,81,6.90754798713335,3.49722386676696,4.42056268685525,6.8183023449262,6.09368995156678,1,2
19,8,83,6.90754798713335,3.49722386676696,4.69285270145469,5.46045421001712,5.25800842413437,1,2
19,8,89,6.90754798713335,3.49722386676696,4.83900629734546,6.32034475698855,6.06558985047994,1,2
19,8,90,6.90754798713335,3.49722386676696,2.78520184665025,5.22936543238957,5.57127954371425,1,2
19,8,91,6.90754798713335,3.49722386676696,5.48701034765524,5.54746591216504,5.57036343866039,1,2
19,9,3,6.90754798713335,3.49722386676696,4.24490486374464,4.96908614144451,5.58178518398445,1,2
19,9,4,6.90754798713335,3.49722386676696,4.73876491964304,5.70510927620933,5.8580341068436,1,2
19,9,11,6.90754798713335,3.49722386676696,3.90650371070992,6.19354323428593,5.92919246753966,1,2
19,9,17,6.90754798713335,3.49722386676696,3.64267831727261,5.76989739417638,5.83425534744592,1,2
19,9,18,6.90754798713335,3.49722386676696,4.81586424899773,5.84125760625887,5.91148034178089,1,2
19,9,21,6.90754798713335,3.49722386676696,2.80457838705832,6.21476957292079,6.02147210168864,1,2
19,9,22,6.90754798713335,3.49722386676696,6.05510383544857,5.79782886557474,6.05171712947831,1,2
19,9,26,6.90754798713335,3.49722386676696,4.08489143740695,6.16512667557448,6.15083511316252,1,2
19,9,27,6.90754798713335,3.49722386676696,5.20074347670686,6.18085798002599,5.89938941078681,1,2
19,9,31,6.90754798713335,3.49722386676696,4.00819197696679,6.33121139651223,6.25535011892367,1,2
19,9,33,6.90754798713335,3.49722386676696,5.46715861741853,5.90496330379421,6.21870520872386,1,2
19,9,34,6.90754798713335,3.49722386676696,5.42847556680882,5.21268385950981,5.49572292464118,1,2
19,9,36,6.90754798713335,3.49722386676696,3.54378375419827,5.23272595960606,5.58827227830744,1,2
19,9,37,6.90754798713335,3.49722386676696,5.38254853221021,6.10915086348771,6.10325701497636,1,2
19,9,39,6.90754798713335,3.49722386676696,4.02599869077368,4.78223072557346,5.74867589163784,1,2
19,9,41,6.90754798713335,3.49722386676696,3.35295900547986,6.11161581652069,5.99790190531712,1,2
19,9,45,6.90754798713335,3.49722386676696,4.69620702987313,5.91808351895623,5.89778739414918,1,2
19,9,47,6.90754798713335,3.49722386676696,7.61280903160494,6.17459692412983,6.06233587881859,1,2
19,9,48,6.90754798713335,3.49722386676696,6.92850508280507,5.93197641516073,6.07349497718764,1,2
19,9,49,6.90754798713335,3.49722386676696,3.90255079826675,6.30545645850797,6.22057646767889,1,2
19,9,50,6.90754798713335,3.49722386676696,3.80234014866266,5.06417898571645,5.62741976899357,1,2
19,9,52,6.90754798713335,3.49722386676696,3.95867051235403,5.88536086949152,6.11023371225726,1,2
19,9,53,6.90754798713335,3.49722386676696,4.4806467591084,6.38160362692732,6.07850169706213,1,2
19,9,56,6.90754798713335,3.49722386676696,4.70238288937976,5.76544035622723,6.07674220165248,1,2
19,9,57,6.90754798713335,3.49722386676696,5.99595437030756,6.29421721491823,5.78563731851796,1,2
19,9,58,6.90754798713335,3.49722386676696,3.89087586758706,5.50951469365567,5.91423550842989,1,2
19,9,59,6.90754798713335,3.49722386676696,4.80479354047796,6.16809571850024,6.18388280530362,1,2
19,9,60,6.90754798713335,3.49722386676696,4.51380751921228,6.34018136047262,6.09329691644164,1,2
19,9,62,6.90754798713335,3.49722386676696,3.265927951042,5.89472139409667,5.92094412117368,1,2
19,10,2,6.90754798713335,3.49722386676696,7.59570096695412,5.79838660407246,6.13053042823391,1,2
19,10,4,6.90754798713335,3.49722386676696,4.34728464719251,5.40952825801309,5.84871321258006,1,2
19,10,6,6.90754798713335,3.49722386676696,6.89007488858484,5.39890632463281,6.08167298960563,1,2
19,10,8,6.90754798713335,3.49722386676696,5.72766813053467,6.19948199585632,6.45000350131801,1,2
19,10,11,6.90754798713335,3.49722386676696,3.95734566774892,5.04032175027889,6.036548013723,1,2
19,10,14,6.90754798713335,3.49722386676696,5.46374492966095,6.04016290467038,6.15215877795955,1,2
19,10,15,6.90754798713335,3.49722386676696,5.49716388459915,6.7558664591046,6.41744290278026,1,2
19,10,16,6.90754798713335,3.49722386676696,7.02769486449901,6.77163513709834,6.42760151840154,1,2
19,10,17,6.90754798713335,3.49722386676696,6.38167168212372,6.28944251294461,6.22482162158729,1,2
19,10,20,6.90754798713335,3.49722386676696,3.48579783133064,6.4277323977097,6.21673858340274,1,2
19,10,21,6.90754798713335,3.49722386676696,4.57362340322938,7.30591570884109,6.6723891679181,1,2
19,10,22,6.90754798713335,3.49722386676696,4.20745077413651,5.97907603046696,6.34313349358409,1,2
19,10,25,6.90754798713335,3.49722386676696,6.229820173756,5.42764557968333,5.9986058236487,1,2
19,10,27,6.90754798713335,3.49722386676696,4.52091105319925,6.83921915828066,6.43527887846207,1,2
19,10,29,6.90754798713335,3.49722386676696,2.80813809782099,6.03875385173727,6.22973479798193,1,2
19,10,30,6.90754798713335,3.49722386676696,5.18764350840114,6.18831633544767,6.30793673884981,1,2
19,10,31,6.90754798713335,3.49722386676696,6.29633570052941,5.79046637395108,6.19154542201277,1,2
19,10,32,6.90754798713335,3.49722386676696,6.54135216931794,6.81916945289726,6.51407894037252,1,2
19,10,33,6.90754798713335,3.49722386676696,4.71519662609091,6.29623915168885,6.35874816674104,1,2
19,10,34,6.90754798713335,3.49722386676696,4.90388336923818,5.68590144278812,5.87435479177053,1,2
19,10,36,6.90754798713335,3.49722386676696,4.92843693469475,6.49431327746986,6.24423584291507,1,2
19,10,37,6.90754798713335,3.49722386676696,5.40963588877861,6.12546610032316,6.35074650900715,1,2
19,10,38,6.90754798713335,3.49722386676696,3.21842001818474,6.27903736533328,6.15348971252104,1,2
19,10,40,6.90754798713335,3.49722386676696,5.63826529672755,4.87768543948935,6.04475920325692,1,2
19,10,41,6.90754798713335,3.49722386676696,4.70455730152246,5.42837504746586,5.77907303912532,1,2
19,10,45,6.90754798713335,3.49722386676696,5.94689484440692,6.52147520873276,6.16670325228918,1,2
19,10,46,6.90754798713335,3.49722386676696,3.99691186968654,6.09314274771703,6.28006376955371,1,2
19,10,48,6.90754798713335,3.49722386676696,4.11817659822526,5.83623482319564,6.09320585202192,1,2
19,10,49,6.90754798713335,3.49722386676696,6.64634231966522,6.18699638428083,6.29730556717815,1,2
19,10,50,6.90754798713335,3.49722386676696,4.62859022386267,6.05320692019648,6.16444084907169,1,2
19,10,51,6.90754798713335,3.49722386676696,5.53769888619716,7.22961045138586,6.81926582803111,1,2
19,10,52,6.90754798713335,3.49722386676696,3.97960559869427,4.88416386036609,5.90845330751743,1,2
19,10,53,6.90754798713335,3.49722386676696,4.11167551166452,5.88915327885097,6.35523906965933,1,2
19,10,55,6.90754798713335,3.49722386676696,3.03711392370608,5.99063466700371,5.93278014452655,1,2
19,10,59,6.90754798713335,3.49722386676696,4.21780219584618,5.96269147770518,6.27508243551494,1,2
19,10,60,6.90754798713335,3.49722386676696,3.58179447184137,4.82626542840214,5.68372908954243,1,2
19,11,1,6.90754798713335,3.49722386676696,3.76338233737441,5.89815347961102,6.08470068730247,1,2
19,11,2,6.90754798713335,3.49722386676696,5.66491628231967,5.49081771751529,6.12267018024863,1,2
19,11,6,6.90754798713335,3.49722386676696,5.45999816826437,6.0787459985152,6.21823995517748,1,2
19,11,9,6.90754798713335,3.49722386676696,3.52097729194331,5.60509998690676,6.18846368105064,1,2
19,11,18,6.90754798713335,3.49722386676696,5.45015771369157,6.20260780669534,6.1455146536037,1,2
19,11,19,6.90754798713335,3.49722386676696,6.28125513941572,6.17474814968055,6.46729510513051,1,2
19,11,22,6.90754798713335,3.49722386676696,7.39335600335033,6.45239636360563,6.57782317744769,1,2
19,11,23,6.90754798713335,3.49722386676696,5.50412497469315,6.90308285488526,6.49922577164179,1,2
19,11,25,6.90754798713335,3.49722386676696,6.86320119953381,6.4154338809044,6.33521308130949,1,2
19,11,26,6.90754798713335,3.49722386676696,5.83691806645596,6.56501657556735,6.47816263265715,1,2
19,11,27,6.90754798713335,3.49722386676696,4.43611764009104,6.26939496764165,6.43175267578944,1,2
19,11,29,6.90754798713335,3.49722386676696,4.8785142291655,6.62704201310954,6.46484364269228,1,2
19,11,30,6.90754798713335,3.49722386676696,4.22460700925151,6.30618138946734,6.40241937990355,1,2
19,11,31,6.90754798713335,3.49722386676696,4.41690120881657,6.74677888959559,6.45437088692351,1,2
19,11,33,6.90754798713335,3.49722386676696,5.11442901750912,5.05901218101223,5.91759271855813,1,2
19,11,37,6.90754798713335,3.49722386676696,4.48699404753348,6.45133691815244,6.26636490945614,1,2
19,11,38,6.90754798713335,3.49722386676696,4.39058731852441,5.41508153369708,5.94049989462087,1,2
19,11,39,6.90754798713335,3.49722386676696,3.80936915565259,4.31719605969798,5.86525684575937,1,2
19,11,41,6.90754798713335,3.49722386676696,3.24272124207658,6.16430847651365,6.26897076839532,1,2
19,11,42,6.90754798713335,3.49722386676696,5.96645402817505,5.26283783975563,6.05427905536415,1,2
19,11,43,6.90754798713335,3.49722386676696,5.6625653985777,5.81092207366873,6.48129667604277,1,2
19,11,45,6.90754798713335,3.49722386676696,3.81142991826103,7.06897456440399,6.42842235144364,1,2
19,11,49,6.90754798713335,3.49722386676696,5.88846806790627,4.7415105349233,5.96795701203727,1,2
19,11,51,6.90754798713335,3.49722386676696,7.54046023708929,6.07317652363483,6.39737891956557,1,2
19,11,53,6.90754798713335,3.49722386676696,5.8970396338745,6.24133569381619,6.48294226371073,1,2
19,11,56,6.90754798713335,3.49722386676696,4.95609600322258,5.47636096602446,6.04089610880964,1,2
19,11,57,6.90754798713335,3.49722386676696,5.59889504864966,7.04014923726465,6.61171053276074,1,2
19,11,58,6.90754798713335,3.49722386676696,4.77327911338473,6.13302364889686,6.28421308820018,1,2
19,11,60,6.90754798713335,3.49722386676696,6.10715175043832,6.20233948473352,6.41206938628896,1,2
19,11,62,6.90754798713335,3.49722386676696,3.43411757356661,6.12033697134011,6.19171438932037,1,2
19,11,63,6.90754798713335,3.49722386676696,3.37657710772523,7.05051112625884,6.65484934166238,1,2
19,11,64,6.90754798713335,3.49722386676696,2.78650619024023,6.75597545926935,6.49837351396408,1,2
19,11,66,6.90754798713335,3.49722386676696,6.10688391896888,5.87004292559675,6.08134921808826,1,2
19,11,67,6.90754798713335,3.49722386676696,6.33702332296962,5.69255171868325,6.01875248939966,1,2
19,11,71,6.90754798713335,3.49722386676696,4.68626910963334,5.83843475965939,6.14683323776879,1,2
19,11,74,6.90754798713335,3.49722386676696,4.88247243498178,6.00708577163989,6.27543992835937,1,2
19,11,76,6.90754798713335,3.49722386676696,5.38606987915527,6.53482680514485,6.55510829190528,1,2
19,11,79,6.90754798713335,3.49722386676696,5.25351083213729,5.73733780117729,6.1099534191462,1,2
19,12,1,6.90754798713335,3.49722386676696,4.64648084061751,6.04143961852941,6.48596481924512,1,2
19,12,3,6.90754798713335,3.49722386676696,5.1972488028663,6.5360795398923,6.6272727907107,1,2
19,12,4,6.90754798713335,3.49722386676696,4.9005228353312,5.79677757836196,6.2625547919305,1,2
19,12,6,6.90754798713335,3.49722386676696,5.28720128187878,5.82111179756048,6.51073106540349,1,2
19,12,11,6.90754798713335,3.49722386676696,2.4056067952778,5.85178623969348,6.30893108718391,1,2
19,12,12,6.90754798713335,3.49722386676696,3.28240973772941,6.1082417105093,6.60043121416953,1,2
19,12,14,6.90754798713335,3.49722386676696,3.81200867272238,5.65351490586862,6.16195465993512,1,2
19,12,15,6.90754798713335,3.49722386676696,3.38269912906017,6.34785046744008,6.64687044758909,1,2
19,12,16,6.90754798713335,3.49722386676696,7.27611515075268,5.54530516438583,6.42996368953815,1,2
19,12,17,6.90754798713335,3.49722386676696,5.29575286658559,5.94777497007809,6.55344779105444,1,2
19,12,19,6.90754798713335,3.49722386676696,5.14473120414936,5.8515121462616,6.4246720542296,1,2
19,12,22,6.90754798713335,3.49722386676696,5.1745254766553,6.29315171192438,6.51769108117655,1,2
19,12,26,6.90754798713335,3.49722386676696,5.10339491281364,5.64069162222712,6.36180497880751,1,2
19,12,27,6.90754798713335,3.49722386676696,3.56679957506292,6.39947793102635,6.49473033127129,1,2
19,12,28,6.90754798713335,3.49722386676696,6.26299590435386,5.93145418253076,6.49624474989548,1,2
19,12,30,6.90754798713335,3.49722386676696,4.03989771472348,5.71902203329861,6.17211182938675,1,2
19,12,33,6.90754798713335,3.49722386676696,5.88392167923321,5.18322523731053,6.2564174303785,1,2
19,12,37,6.90754798713335,3.49722386676696,5.577546730821,5.62348952718005,6.39754021558425,1,2
19,12,41,6.90754798713335,3.49722386676696,3.36704089046068,5.89628960651776,6.35164488758134,1,2
19,12,42,6.90754798713335,3.49722386676696,4.83992951623358,5.66934192492456,6.32564972771766,1,2
19,12,43,6.90754798713335,3.49722386676696,3.6542664944231,5.34564708553322,6.47976548503147,1,2
19,12,45,6.90754798713335,3.49722386676696,5.945863496307,6.23574869591609,6.61410941397429,1,2
19,12,46,6.90754798713335,3.49722386676696,4.86577879553214,5.89874434898107,6.29263128697371,1,2
19,12,47,6.90754798713335,3.49722386676696,4.82585580689553,5.70888807021236,6.31142572982659,1,2
19,12,48,6.90754798713335,3.49722386676696,4.09015336903987,5.99308913738308,6.58106631829987,1,2
19,12,49,6.90754798713335,3.49722386676696,3.31930229526974,6.440348770419,6.45415457408492,1,2
19,12,50,6.90754798713335,3.49722386676696,6.7617098196882,5.8919489649846,6.46238031170303,1,2
19,12,55,6.90754798713335,3.49722386676696,4.94329925156438,5.619192411899,6.13721878618187,1,2
19,12,57,6.90754798713335,3.49722386676696,4.98927255872913,5.32929307153762,6.29467982357849,1,2
19,12,59,6.90754798713335,3.49722386676696,4.1745542760116,5.52344230705954,6.16930982617827,1,2
19,12,62,6.90754798713335,3.49722386676696,6.0889581278108,6.2453500637895,6.56580453742185,1,2
19,12,63,6.90754798713335,3.49722386676696,4.52585600860823,5.55221611226187,6.43294938998588,1,2
19,12,64,6.90754798713335,3.49722386676696,5.035403212355,5.83136214281264,6.41007948137604,1,2
19,12,65,6.90754798713335,3.49722386676696,5.98793062169018,5.91341546483471,6.49277467834405,1,2
19,12,66,6.90754798713335,3.49722386676696,5.35191946149661,5.10487000612043,6.28980991487359,1,2
19,12,67,6.90754798713335,3.49722386676696,3.79078865868565,5.56526060278468,6.33012877603835,1,2
19,12,70,6.90754798713335,3.49722386676696,3.73486107804924,6.04911339939883,6.53034390832694,1,2
19,12,71,6.90754798713335,3.49722386676696,4.49611170953397,5.67483732867772,6.35925237673831,1,2
19,12,75,6.90754798713335,3.49722386676696,2.79522440316039,5.76936346611087,6.45232716373643,1,2
19,12,78,6.90754798713335,3.49722386676696,4.70543896304048,6.68264407543622,6.75841035858122,1,2
19,12,79,6.90754798713335,3.49722386676696,3.30636067849312,6.10682546873857,6.33505675854402,1,2
19,12,82,6.90754798713335,3.49722386676696,6.01113381928716,6.81355907835954,6.85009804167516,1,2
19,12,84,6.90754798713335,3.49722386676696,4.57903783108234,6.32298301214447,6.66776431658263,1,2
19,12,87,6.90754798713335,3.49722386676696,5.46373150325668,6.27895601610013,6.52811192263315,1,2
19,12,88,6.90754798713335,3.49722386676696,5.69139174451678,6.23234052930265,6.52289703094376,1,2
19,12,89,6.90754798713335,3.49722386676696,4.42587143484144,5.17457802929712,6.33559623368531,1,2
19,13,3,6.90754798713335,3.49722386676696,3.86777320524688,5.63076147198178,6.62510482063479,1,2
19,13,5,6.90754798713335,3.49722386676696,6.94653821889029,5.61091691885708,6.71361300080659,1,2
19,13,8,6.90754798713335,3.49722386676696,4.94883787405284,6.36289036925856,6.81748700621943,1,2
19,13,9,6.90754798713335,3.49722386676696,4.64330898720018,6.13678445592235,6.72099665358727,1,2
19,13,10,6.90754798713335,3.49722386676696,4.14535115872356,6.70247316596296,6.95193924973505,1,2
19,13,11,6.90754798713335,3.49722386676696,6.61720065064959,5.74011993715019,6.84855425818682,1,2
19,13,12,6.90754798713335,3.49722386676696,4.1317746263884,6.30116376762158,6.88165547342981,1,2
19,13,13,6.90754798713335,3.49722386676696,3.67466364819523,5.4421975630874,6.37214356991917,1,2
19,13,14,6.90754798713335,3.49722386676696,5.374928285672,5.05224931802612,6.45439532266057,1,2
19,13,15,6.90754798713335,3.49722386676696,5.3639398400623,6.58289969876441,6.95333639198474,1,2
19,13,19,6.90754798713335,3.49722386676696,3.87225519934007,5.51148361639856,6.5730846116967,1,2
19,13,21,6.90754798713335,3.49722386676696,4.34267096556146,6.69229912386231,6.81573004865626,1,2
19,13,22,6.90754798713335,3.49722386676696,4.13575261532128,6.27066246919238,6.89837479416167,1,2
19,13,23,6.90754798713335,3.49722386676696,7.37885997842895,6.21327396424778,6.96555086284406,1,2
19,13,24,6.90754798713335,3.49722386676696,4.54537715078923,6.460616769051,7.02316577553216,1,2
19,13,26,6.90754798713335,3.49722386676696,6.18262714193926,6.81639643674705,7.11361000656099,1,2
19,13,27,6.90754798713335,3.49722386676696,6.81032181402033,5.95324537767198,6.75847546659054,1,2
19,13,28,6.90754798713335,3.49722386676696,5.58702210620612,5.69179545791699,6.58520604085462,1,2
19,13,29,6.90754798713335,3.49722386676696,5.79153482131375,5.25559425258923,6.58935570678252,1,2
19,13,30,6.90754798713335,3.49722386676696,5.27674171626348,5.58717804740663,6.71554794211738,1,2
19,13,32,6.90754798713335,3.49722386676696,4.163765895591,6.23217290806118,6.98505686132472,1,2
19,13,37,6.90754798713335,3.49722386676696,5.36477018990547,6.05232989152758,7.01079481961699,1,2
19,13,39,6.90754798713335,3.49722386676696,4.28770121378141,6.15806009117183,6.7805717426758,1,2
19,13,40,6.90754798713335,3.49722386676696,3.90099267245393,5.90880371029088,6.65894278772296,1,2
19,13,42,6.90754798713335,3.49722386676696,4.73112622654976,5.1263621015663,6.50541505417828,1,2
19,13,43,6.90754798713335,3.49722386676696,5.70095226923305,7.45989087808423,7.34827028959361,1,2
19,13,45,6.90754798713335,3.49722386676696,4.76473088004865,5.75121012371187,6.68682030187906,1,2
19,13,46,6.90754798713335,3.49722386676696,4.77072181851728,5.67334271867841,6.69445487871716,1,2
19,13,47,6.90754798713335,3.49722386676696,6.90438944163239,5.99719181514414,6.88306759869506,1,2
19,13,48,6.90754798713335,3.49722386676696,4.32035405906059,6.58575468197525,6.90314536176808,1,2
19,13,49,6.90754798713335,3.49722386676696,5.36693188830645,5.62992115439885,6.54197736134088,1,2
19,13,50,6.90754798713335,3.49722386676696,4.86164940924784,5.87380245283712,6.57323173825211,1,2
19,13,52,6.90754798713335,3.49722386676696,4.73686168023656,6.25104298553925,6.69697921658515,1,2
19,13,54,6.90754798713335,3.49722386676696,3.05983921431531,6.4491322239429,6.70511489726974,1,2
19,13,55,6.90754798713335,3.49722386676696,4.96999080823672,6.64765811117962,7.10709535720047,1,2
19,13,56,6.90754798713335,3.49722386676696,4.16030873685008,5.30379517053886,6.49704403819972,1,2
19,13,57,6.90754798713335,3.49722386676696,5.59996448447663,6.73425828313484,7.03501336255908,1,2
19,13,59,6.90754798713335,3.49722386676696,5.23614021502426,5.64540534485769,6.58639830529114,1,2
19,13,61,6.90754798713335,3.49722386676696,5.79564265626919,6.60423720280865,6.67433754824196,1,2
19,13,62,6.90754798713335,3.49722386676696,3.59591171439953,6.58670082302823,6.84796140228047,1,2
19,13,63,6.90754798713335,3.49722386676696,5.48186314494149,5.91190107927495,6.89695883568098,1,2
19,13,66,6.90754798713335,3.49722386676696,4.06300473250277,6.12208271200958,7.05215829450446,1,2
19,13,69,6.90754798713335,3.49722386676696,4.01182818020263,5.59912622784384,6.48162960297369,1,2
19,13,71,6.90754798713335,3.49722386676696,4.67043662737981,5.64129477198756,6.50252908822367,1,2
19,13,72,6.90754798713335,3.49722386676696,7.36293017427253,5.8435827059105,7.00913675524409,1,2
19,13,77,6.90754798713335,3.49722386676696,3.34441885240648,5.96302093764093,6.62948321172049,1,2
19,13,80,6.90754798713335,3.49722386676696,4.05420183160447,6.30675507667769,6.88740189341129,1,2
19,13,84,6.90754798713335,3.49722386676696,5.29949693754166,6.2761631574911,6.89486385415378,1,2
19,13,85,6.90754798713335,3.49722386676696,3.82328381589107,6.52573101427388,6.91405923100288,1,2
19,13,86,6.90754798713335,3.49722386676696,4.411775811244,6.74424829564335,6.67991758428703,1,2
19,13,87,6.90754798713335,3.49722386676696,4.07289279259554,6.66113425682274,6.77081100195878,1,2
19,13,89,6.90754798713335,3.49722386676696,2.64585827093715,6.0488328772983,6.75093737910017,1,2
19,13,90,6.90754798713335,3.49722386676696,6.21259255986593,6.06380242205644,6.93281548406287,1,2
19,14,1,6.90754798713335,3.49722386676696,5.83976817366527,6.33604419277456,6.67946650896897,1,2
19,14,2,6.90754798713335,3.49722386676696,3.79129228137957,6.06410196132478,6.93761631068794,1,2
19,14,3,6.90754798713335,3.49722386676696,4.79403931444295,5.53166496515215,6.56346948473699,1,2
19,14,5,6.90754798713335,3.49722386676696,5.99748529020661,5.60966334943933,6.85357229140402,1,2
19,14,6,6.90754798713335,3.49722386676696,4.55078280663731,5.49945468900051,6.6742300024484,1,2
19,14,10,6.90754798713335,3.49722386676696,5.43203559484919,6.38890365810452,7.077869651518,1,2
19,14,11,6.90754798713335,3.49722386676696,3.16043911751474,6.19831262542534,6.82656935688093,1,2
19,14,13,6.90754798713335,3.49722386676696,5.12390024840273,5.37834524337181,6.68248903035508,1,2
19,14,15,6.90754798713335,3.49722386676696,5.21543137491793,6.2388834909183,6.89203087101029,1,2
19,14,16,6.90754798713335,3.49722386676696,4.90524085142508,5.24096933870744,6.58003189927238,1,2
19,14,17,6.90754798713335,3.49722386676696,3.77531667259563,6.53423716301964,6.72334887331625,1,2
19,14,18,6.90754798713335,3.49722386676696,4.53772561283252,5.72969450088318,6.78588780983183,1,2
19,14,20,6.90754798713335,3.49722386676696,3.62636608510452,5.75574569434773,6.64420328380062,1,2
19,14,21,6.90754798713335,3.49722386676696,5.98874256991091,5.83968618515623,6.96403402590235,1,2
19,14,22,6.90754798713335,3.49722386676696,5.26303644573497,6.30918998318202,7.00899736529429,1,2
19,14,24,6.90754798713335,3.49722386676696,4.95617205614524,6.21797219167535,7.04281840179835,1,2
19,14,27,6.90754798713335,3.49722386676696,4.45054695906824,6.33304749659275,7.01556578715781,1,2
19,14,29,6.90754798713335,3.49722386676696,4.90642023579267,5.76662022434157,6.60721852995159,1,2
19,14,31,6.90754798713335,3.49722386676696,5.49321867278693,4.6890588476165,6.47151949732766,1,2
19,14,32,6.90754798713335,3.49722386676696,3.98130536673571,6.07777413717735,6.78137289969443,1,2
19,14,33,6.90754798713335,3.49722386676696,3.59509980810184,6.36020386936305,6.77883988253198,1,2
19,14,34,6.90754798713335,3.49722386676696,5.11587479119067,6.08476818283359,6.97783662547456,1,2
19,14,36,6.90754798713335,3.49722386676696,5.36739663866643,5.44326251966938,6.71618572204162,1,2
19,14,37,6.90754798713335,3.49722386676696,6.70068077595706,6.29105339240227,7.14201326985497,1,2
19,14,42,6.90754798713335,3.49722386676696,6.94679622871266,5.90343455601762,6.71980491267194,1,2
19,14,43,6.90754798713335,3.49722386676696,4.55641741001476,5.24007938421262,6.79646941397176,1,2
19,14,44,6.90754798713335,3.49722386676696,5.51543707307951,5.4369374010055,6.5789370132673,1,2
19,14,46,6.90754798713335,3.49722386676696,6.85260982659901,6.32559542642489,7.00391935379379,1,2
19,14,47,6.90754798713335,3.49722386676696,4.52257224338538,6.11394459310045,6.57671725570156,1,2
19,14,49,6.90754798713335,3.49722386676696,4.83149962233223,5.89925908713951,6.76948849829501,1,2
19,14,51,6.90754798713335,3.49722386676696,4.41999802977489,6.00758495138609,6.61659751544462,1,2
19,14,53,6.90754798713335,3.49722386676696,4.97025064173208,5.09487141095706,6.49908512254355,1,2
19,14,55,6.90754798713335,3.49722386676696,3.99012610720297,5.59808050154109,6.52147758820509,1,2
19,14,57,6.90754798713335,3.49722386676696,3.89078555289232,5.31224919723745,6.31537735991021,1,2
19,14,59,6.90754798713335,3.49722386676696,5.6385052227498,5.39064227814255,6.73246328078468,1,2
19,14,60,6.90754798713335,3.49722386676696,5.94135228842707,5.17059506085331,6.50627931706174,1,2
19,14,61,6.90754798713335,3.49722386676696,5.23035872739608,5.82008143513831,7.00836108464385,1,2
19,14,62,6.90754798713335,3.49722386676696,2.03766687724624,5.71337903634691,6.62489902925957,1,2
19,14,65,6.90754798713335,3.49722386676696,5.2771598225858,6.92530428601602,7.06968276802764,1,2
19,14,66,6.90754798713335,3.49722386676696,5.27695047274279,6.10029068841714,6.60502279708428,1,2
19,14,67,6.90754798713335,3.49722386676696,5.5623932175813,5.304596662537,6.54025909749505,1,2
19,14,69,6.90754798713335,3.49722386676696,5.58185931136011,6.24356057209156,6.95601681220557,1,2
19,14,72,6.90754798713335,3.49722386676696,7.1637170203383,6.88630959909697,6.98188084934695,1,2
19,14,76,6.90754798713335,3.49722386676696,6.26851460778989,5.46707928305115,6.84056883565316,1,2
19,14,78,6.90754798713335,3.49722386676696,3.67374456472179,6.77416599011716,7.09051042546393,1,2
19,14,79,6.90754798713335,3.49722386676696,4.56404330673732,6.40745372759849,6.89187272822582,1,2
19,14,82,6.90754798713335,3.49722386676696,4.14801983614992,6.06563319458853,6.53558614118962,1,2
19,14,84,6.90754798713335,3.49722386676696,5.74172397763648,6.71189621895371,7.12566696716118,1,2
19,15,1,6.90754798713335,3.49722386676696,3.85574623029034,6.26187790520932,7.00611674037133,1,2
19,15,4,6.90754798713335,3.49722386676696,4.56993030472042,6.53913844925416,7.09432602997685,1,2
19,15,5,6.90754798713335,3.49722386676696,5.00419003580056,6.14851316320489,6.8731433928678,1,2
19,15,7,6.90754798713335,3.49722386676696,5.67936878726305,5.99062040003736,7.14892570742074,1,2
19,15,11,6.90754798713335,3.49722386676696,3.78329172393997,5.37357889226132,6.71709594789689,1,2
19,15,12,6.90754798713335,3.49722386676696,3.55395162420113,5.06914270074941,6.84055267363163,1,2
19,15,13,6.90754798713335,3.49722386676696,4.03589255468599,5.85163709887374,6.96196992395344,1,2
19,15,14,6.90754798713335,3.49722386676696,6.57490586897094,6.32681979629301,7.23621270847123,1,2
19,15,15,6.90754798713335,3.49722386676696,4.14514330161841,5.95715006201,7.04451266072415,1,2
19,15,17,6.90754798713335,3.49722386676696,4.58552926544065,5.41947772201014,6.79183247549864,1,2
19,15,19,6.90754798713335,3.49722386676696,6.06143395508781,6.17369367786467,7.24491145371234,1,2
19,15,20,6.90754798713335,3.49722386676696,4.88509207800096,5.60624586807208,7.06599281999681,1,2
19,15,22,6.90754798713335,3.49722386676696,4.24891631322514,5.80958177360645,6.79892097243948,1,2
19,15,24,6.90754798713335,3.49722386676696,4.72362639274831,5.5548317473712,6.75331909940771,1,2
19,15,26,6.90754798713335,3.49722386676696,5.92289507556676,5.1350808267547,6.81362804327776,1,2
19,15,28,6.90754798713335,3.49722386676696,4.9628068116539,4.91633443458377,7.01347600321325,1,2
19,15,30,6.90754798713335,3.49722386676696,4.46006248916652,5.37795324174895,6.5648033295007,1,2
19,15,31,6.90754798713335,3.49722386676696,4.96106142812113,5.65388151644545,6.75421685743317,1,2
19,15,34,6.90754798713335,3.49722386676696,5.88457131945061,5.31835273728415,6.86489962200476,1,2
19,15,36,6.90754798713335,3.49722386676696,5.10687779284729,5.4886941599617,6.87485378122782,1,2
19,15,37,6.90754798713335,3.49722386676696,3.6202972508204,5.46949619516502,6.83374216072258,1,2
19,15,41,6.90754798713335,3.49722386676696,5.41084482489628,6.05276823468793,7.03214676587626,1,2
19,15,42,6.90754798713335,3.49722386676696,5.89349775796982,5.7140576754674,6.98856168349958,1,2
19,15,43,6.90754798713335,3.49722386676696,5.88183187775155,5.99856955505618,7.08532588821231,1,2
19,15,45,6.90754798713335,3.49722386676696,4.68047201624186,5.8724518957683,7.27178009751076,1,2
19,15,46,6.90754798713335,3.49722386676696,5.41675591085599,6.55227768158822,7.34285576846958,1,2
19,15,47,6.90754798713335,3.49722386676696,7.53336195210424,5.45001894694387,7.00117505973514,1,2
19,15,50,6.90754798713335,3.49722386676696,3.96899336620664,5.07108675277867,6.65429947282408,1,2
19,15,55,6.90754798713335,3.49722386676696,6.34297437047535,5.90039738874934,7.19428461672053,1,2
19,15,57,6.90754798713335,3.49722386676696,5.13190527107137,5.53911315061325,6.91903283197354,1,2
19,15,58,6.90754798713335,3.49722386676696,3.39720179086555,4.93571369460707,7.03439150560532,1,2
19,15,60,6.90754798713335,3.49722386676696,3.9181457316192,6.04364249476786,6.89286619293784,1,2
19,15,61,6.90754798713335,3.49722386676696,5.34933353067709,6.98464030424723,7.4803364045505,1,2
19,15,62,6.90754798713335,3.49722386676696,3.42411184199242,6.72230451619108,7.22111604011226,1,2
19,15,64,6.90754798713335,3.49722386676696,4.90107398412259,5.62706029848029,6.8786832238326,1,2
19,15,65,6.90754798713335,3.49722386676696,5.2860444316479,6.31674238241018,7.51422272320005,1,2
19,15,66,6.90754798713335,3.49722386676696,5.76031743491888,6.42102896833882,6.82867898278265,1,2
19,15,67,6.90754798713335,3.49722386676696,5.36175486377282,6.45949584946941,7.09197102896455,1,2
19,15,68,6.90754798713335,3.49722386676696,5.63264527027974,5.82375659218455,6.91159857262991,1,2
19,15,69,6.90754798713335,3.49722386676696,5.27758620850033,5.31796814425545,6.74425619876034,1,2
19,15,70,6.90754798713335,3.49722386676696,6.46335189462929,5.3025238241298,6.817078628545,1,2
19,15,71,6.90754798713335,3.49722386676696,7.27182316874444,6.47113760653375,7.0933496849687,1,2
19,15,72,6.90754798713335,3.49722386676696,5.83046768419032,6.50574721444498,7.38210793588122,1,2
19,15,73,6.90754798713335,3.49722386676696,6.04690026118263,6.61509459190969,7.1352967357771,1,2
19,15,74,6.90754798713335,3.49722386676696,5.54989663895638,6.06880071269193,7.1534994223072,1,2
19,16,2,6.90754798713335,3.49722386676696,5.52639843481246,5.99184179029046,6.93693252958328,1,2
19,16,3,6.90754798713335,3.49722386676696,5.66953043119422,6.64168001185538,7.22929870164622,1,2
19,16,4,6.90754798713335,3.49722386676696,5.32186919547583,6.72529401010216,7.39739290594107,1,2
19,16,6,6.90754798713335,3.49722386676696,5.45090365090323,7.10799405507313,7.35266809750948,1,2
19,16,7,6.90754798713335,3.49722386676696,6.79292139861034,6.06326196511623,7.0334258080907,1,2
19,16,8,6.90754798713335,3.49722386676696,6.69301406763777,5.87864126261199,7.36714022674288,1,2
19,16,14,6.90754798713335,3.49722386676696,4.22501783709801,6.57131729649947,7.03475678722275,1,2
19,16,16,6.90754798713335,3.49722386676696,4.58775993849713,6.88989444965677,7.40654804018785,1,2
19,16,18,6.90754798713335,3.49722386676696,4.0470999324811,6.67383576241336,7.10250787826928,1,2
19,16,22,6.90754798713335,3.49722386676696,6.1708778062714,6.19092315571413,7.13374766871388,1,2
19,16,27,6.90754798713335,3.49722386676696,4.83072280010543,5.74809607637924,6.97387344132527,1,2
19,16,29,6.90754798713335,3.49722386676696,6.10496028535539,6.17657947152215,7.04669488936311,1,2
19,16,30,6.90754798713335,3.49722386676696,4.76337956584923,4.96421523612429,6.5698077802677,1,2
19,16,31,6.90754798713335,3.49722386676696,3.64734646840408,6.42953760489894,7.15054994729855,1,2
19,16,32,6.90754798713335,3.49722386676696,4.29616697711453,5.40438349287559,6.96247304995986,1,2
19,16,34,6.90754798713335,3.49722386676696,4.69010293455877,5.76127324023004,6.99167280700958,1,2
19,16,42,6.90754798713335,3.49722386676696,4.96154609053618,5.55383604933623,6.62280980688088,1,2
19,16,43,6.90754798713335,3.49722386676696,5.13145901701419,6.75988648496326,7.09007250803614,1,2
19,16,45,6.90754798713335,3.49722386676696,5.12048969820981,6.10869365137568,6.9128572050859,1,2
19,16,46,6.90754798713335,3.49722386676696,5.00481371484323,6.01094983968274,7.16618352658348,1,2
19,16,47,6.90754798713335,3.49722386676696,5.74990907633789,5.93459311936562,6.63546570050552,1,2
19,16,51,6.90754798713335,3.49722386676696,6.6089082445932,5.62586005269931,6.76561380029827,1,2
19,16,55,6.90754798713335,3.49722386676696,2.50715636295174,6.51661206684367,7.32202898575688,1,2
19,16,57,6.90754798713335,3.49722386676696,4.86677044884041,5.84217680182345,6.99747989078342,1,2
19,16,58,6.90754798713335,3.49722386676696,5.08836093937685,5.75693987457849,6.92836455235879,1,2
19,16,59,6.90754798713335,3.49722386676696,4.03403631689103,6.57239812702961,7.20684745314859,1,2
19,16,62,6.90754798713335,3.49722386676696,5.97075993280917,6.467398943604,7.06067179444186,1,2
19,16,64,6.90754798713335,3.49722386676696,4.68015918654634,6.14744824048608,6.96832590538954,1,2
19,16,67,6.90754798713335,3.49722386676696,4.4518941592159,7.21286268008409,7.19882189603901,1,2
19,17,2,6.90754798713335,3.49722386676696,4.54655641097838,5.58379961696123,7.14748308286923,1,2
19,17,3,6.90754798713335,3.49722386676696,5.25966991631292,6.27687142046811,7.4399199537984,1,2
19,17,5,6.90754798713335,3.49722386676696,6.13838462866995,6.29859854205775,7.20065814109683,1,2
19,17,6,6.90754798713335,3.49722386676696,4.96329172185616,6.54425695580578,7.42123464496135,1,2
19,17,7,6.90754798713335,3.49722386676696,6.4513732145795,5.28517765504469,7.12153379779325,1,2
19,17,9,6.90754798713335,3.49722386676696,5.57328929377906,5.87564325537222,7.43362251991397,1,2
19,17,11,6.90754798713335,3.49722386676696,6.44253202917852,6.22044365533161,7.31788029348636,1,2
19,17,13,6.90754798713335,3.49722386676696,3.42217190454994,5.93033870419785,6.93717168322755,1,2
19,17,16,6.90754798713335,3.49722386676696,5.15862850927255,5.85993578702548,7.04155629806319,1,2
19,17,18,6.90754798713335,3.49722386676696,5.07619991354203,6.48327160281799,7.51269263402827,1,2
19,17,19,6.90754798713335,3.49722386676696,5.49318439674569,6.18070143391245,7.45126873118,1,2
19,17,22,6.90754798713335,3.49722386676696,4.63823556275769,5.72586480995071,7.19882128471701,1,2
19,17,26,6.90754798713335,3.49722386676696,5.29312245917358,5.08584201739722,7.32545946962876,1,2
19,17,29,6.90754798713335,3.49722386676696,5.74019760068934,5.71590657445521,7.27200062065924,1,2
19,17,30,6.90754798713335,3.49722386676696,5.882788631942,5.7849576832382,7.33643069803803,1,2
19,17,31,6.90754798713335,3.49722386676696,5.43933913675492,6.30456710508316,7.28059839393278,1,2
19,17,32,6.90754798713335,3.49722386676696,4.69391967546866,6.68971468992754,7.58921347598738,1,2
19,17,34,6.90754798713335,3.49722386676696,6.84428348526414,5.52089557096957,7.45015986379973,1,2
19,17,35,6.90754798713335,3.49722386676696,4.35628383013489,5.64831207891631,6.91655131245865,1,2
19,17,38,6.90754798713335,3.49722386676696,4.10073254387135,6.11535824851118,7.37232496302267,1,2
19,17,39,6.90754798713335,3.49722386676696,2.8176836256438,6.56606627719705,7.27447254778894,1,2
19,17,40,6.90754798713335,3.49722386676696,4.70405246546291,5.63473850249691,7.17329216071412,1,2
19,17,43,6.90754798713335,3.49722386676696,4.65768332330698,5.89197974119518,7.25595427169942,1,2
19,17,44,6.90754798713335,3.49722386676696,5.85004098561069,6.72322829526622,7.61070401670432,1,2
19,17,45,6.90754798713335,3.49722386676696,4.9696226569743,5.74073494650143,7.49414139023281,1,2
19,17,46,6.90754798713335,3.49722386676696,6.3686252595388,6.46924126974545,7.36941001123361,1,2
19,17,47,6.90754798713335,3.49722386676696,3.2156074642679,5.69118583902947,7.27382751440298,1,2
19,17,51,6.90754798713335,3.49722386676696,5.85801437949545,5.68065318789117,7.32397955299756,1,2
19,17,52,6.90754798713335,3.49722386676696,6.24871710550551,6.15978185646475,7.54508204168503,1,2
19,17,55,6.90754798713335,3.49722386676696,4.91917771457827,5.76736013939634,7.26966370082937,1,2
19,17,62,6.90754798713335,3.49722386676696,3.35809129683671,6.17896720760271,7.33370555792514,1,2
19,17,65,6.90754798713335,3.49722386676696,5.70514993736273,5.83882826893263,7.31845186351082,1,2
19,17,68,6.90754798713335,3.49722386676696,6.1129230176853,5.72659086074212,7.23843916467275,1,2
19,17,69,6.90754798713335,3.49722386676696,5.63256294490179,5.19220024763159,7.13676968816623,1,2
19,18,3,6.90754798713335,3.49722386676696,4.62903174410977,6.08754718888304,7.26954712775296,1,2
19,18,4,6.90754798713335,3.49722386676696,5.1166528673077,6.57483852922807,7.52970861709445,1,2
19,18,6,6.90754798713335,3.49722386676696,3.11869371155502,5.5325821841756,7.14586059031581,1,2
19,18,9,6.90754798713335,3.49722386676696,5.1338774567643,6.18522046914442,7.16094372221076,1,2
19,18,10,6.90754798713335,3.49722386676696,4.22320002909073,6.45796739360847,7.06286180215871,1,2
19,18,12,6.90754798713335,3.49722386676696,5.82941005166966,5.72763995462461,7.28636609159835,1,2
19,18,13,6.90754798713335,3.49722386676696,4.72247414817797,6.30589949556414,7.3476025741515,1,2
19,18,15,6.90754798713335,3.49722386676696,4.8943172919014,6.1699503500068,6.87483668392463,1,2
19,18,18,6.90754798713335,3.49722386676696,4.545097992512,5.29206045926943,6.69750936572677,1,2
19,18,22,6.90754798713335,3.49722386676696,5.43802961207388,5.42164022762303,6.88900185129488,1,2
19,18,23,6.90754798713335,3.49722386676696,5.47945833594684,5.78566861284266,7.24420239082418,1,2
19,18,26,6.90754798713335,3.49722386676696,4.40853069152763,6.2506107472903,7.16524928434262,1,2
19,18,27,6.90754798713335,3.49722386676696,5.44731572730699,7.03437293170802,7.53164564777943,1,2
19,18,28,6.90754798713335,3.49722386676696,5.78416859149715,6.28761377696705,7.22099242155957,1,2
19,18,29,6.90754798713335,3.49722386676696,3.38957178102457,5.61076113795668,7.11657050056845,1,2
19,18,32,6.90754798713335,3.49722386676696,6.65609608912666,7.11788127048139,7.40969100086369,1,2
19,18,37,6.90754798713335,3.49722386676696,4.42910109114623,5.48983760947878,6.80634157300947,1,2
19,18,39,6.90754798713335,3.49722386676696,5.22628079431171,5.95517709765214,7.27623989085986,1,2
19,18,41,6.90754798713335,3.49722386676696,5.11388795362397,6.73555451535307,7.33502883619754,1,2
19,18,42,6.90754798713335,3.49722386676696,3.40939104346281,5.45243756823107,6.69465527636736,1,2
19,18,43,6.90754798713335,3.49722386676696,5.84283085678375,6.04069936756894,7.06617104900418,1,2
19,18,44,6.90754798713335,3.49722386676696,3.66179318845336,5.48185430065176,6.90926067463667,1,2
19,18,45,6.90754798713335,3.49722386676696,5.02810541505541,6.08136033066982,7.01734821555645,1,2
19,18,48,6.90754798713335,3.49722386676696,4.33043188252297,5.28140920900741,7.12339466931476,1,2
19,18,49,6.90754798713335,3.49722386676696,5.15546328419918,5.71370387235644,7.28624329216862,1,2
19,18,52,6.90754798713335,3.49722386676696,5.73624092359897,5.77159852311134,7.33517449830161,1,2
19,18,54,6.90754798713335,3.49722386676696,5.88995074667419,5.7679041349022,7.11347682227119,1,2
19,18,55,6.90754798713335,3.49722386676696,4.55575140306528,5.50356832025124,6.86956822725669,1,2
19,18,56,6.90754798713335,3.49722386676696,6.16634317594513,6.44886727361977,7.25088838983526,1,2
19,18,58,6.90754798713335,3.49722386676696,6.18782647893513,6.0559143029724,7.12293170148202,1,2
19,18,61,6.90754798713335,3.49722386676696,4.20241026665173,6.14760301483386,7.16864987398052,1,2
19,19,2,6.90754798713335,3.49722386676696,4.1552505699694,5.93869367965111,7.21151990823718,1,2
19,19,3,6.90754798713335,3.49722386676696,5.59804344411275,5.81206549476609,7.62747850524837,1,2
19,19,5,6.90754798713335,3.49722386676696,3.93648977037187,6.05874353925079,7.62069347105985,1,2
19,19,6,6.90754798713335,3.49722386676696,6.91712563173814,6.06522563029085,7.53481894705719,1,2
19,19,9,6.90754798713335,3.49722386676696,5.34393607366305,5.74618396598891,7.25291702032455,1,2
19,19,11,6.90754798713335,3.49722386676696,5.00419038098694,5.15442037233676,7.28202750238547,1,2
19,19,14,6.90754798713335,3.49722386676696,4.36847259813446,5.87095630085002,7.40582726317648,1,2
19,19,15,6.90754798713335,3.49722386676696,5.94219122673056,6.55033037944125,7.95316175905844,1,2
19,19,17,6.90754798713335,3.49722386676696,5.57255893441724,6.12369275581249,7.77337540799568,1,2
19,19,20,6.90754798713335,3.49722386676696,5.86908096218376,6.04737777361702,7.36455840871693,1,2
19,19,21,6.90754798713335,3.49722386676696,5.37100586844995,5.98054705927045,7.68620467312542,1,2
19,19,22,6.90754798713335,3.49722386676696,5.3075433030702,6.37813397602242,7.3895746536515,1,2
19,19,28,6.90754798713335,3.49722386676696,3.5564525675308,5.85992330903325,7.35825945624807,1,2
19,19,31,6.90754798713335,3.49722386676696,5.75665977623363,6.12212101928728,7.50392116399964,1,2
19,19,34,6.90754798713335,3.49722386676696,4.42244882272838,6.08670094690417,7.5101374952998,1,2
19,19,36,6.90754798713335,3.49722386676696,5.59204628587401,5.35249698467617,7.5151243827952,1,2
19,19,37,6.90754798713335,3.49722386676696,3.96230303162738,6.01180572346065,7.5701811277475,1,2
19,19,38,6.90754798713335,3.49722386676696,4.04326803103476,6.4716946086466,7.60091417314164,1,2
19,19,41,6.90754798713335,3.49722386676696,4.18439106633659,5.91004559511782,7.47402281089538,1,2
19,19,42,6.90754798713335,3.49722386676696,4.00390892540003,5.87734198239541,7.51341744260163,1,2
19,19,43,6.90754798713335,3.49722386676696,3.76711413647474,5.88040501021708,7.21904654988166,1,2
19,19,44,6.90754798713335,3.49722386676696,4.45158932791973,5.96486083975949,7.42381984628362,1,2
19,19,45,6.90754798713335,3.49722386676696,5.61734666850565,5.86296924681598,7.39717924244136,1,2
19,19,49,6.90754798713335,3.49722386676696,5.26189857940767,5.79299268791912,7.619881453734,1,2
19,19,50,6.90754798713335,3.49722386676696,5.41025832012052,6.09696755765027,7.82339663476189,1,2
19,19,53,6.90754798713335,3.49722386676696,4.73017485509967,6.51844133520796,7.41700123135632,1,2
19,19,55,6.90754798713335,3.49722386676696,4.89390276272018,7.07867486891997,7.80800880261193,1,2
19,19,56,6.90754798713335,3.49722386676696,3.9880646860869,6.07665768348154,7.44472582708087,1,2
19,19,61,6.90754798713335,3.49722386676696,4.8765909169816,5.73313527313016,7.43070628719231,1,2
19,19,62,6.90754798713335,3.49722386676696,4.62253957580969,6.66870481006388,7.41421036786364,1,2
19,19,63,6.90754798713335,3.49722386676696,3.1549059065671,6.41753426999557,7.48269894564378,1,2
19,19,64,6.90754798713335,3.49722386676696,4.46936795759448,6.54487480633882,7.51854206097844,1,2
19,19,65,6.90754798713335,3.49722386676696,5.89986161526117,6.56389174960135,7.57132101473467,1,2
19,19,66,6.90754798713335,3.49722386676696,3.9046888348096,5.60732992943219,7.53233755792073,1,2
19,19,68,6.90754798713335,3.49722386676696,4.22104495819326,6.3944022839075,7.71416261660537,1,2
19,20,1,6.90754798713335,3.49722386676696,5.99565184054434,5.43772733720892,7.77270447201347,1,2
19,20,3,6.90754798713335,3.49722386676696,6.26182525311307,6.25576759273327,7.75142200124901,1,2
19,20,4,6.90754798713335,3.49722386676696,4.6886084889056,5.80889326171053,7.79280369546171,1,2
19,20,5,6.90754798713335,3.49722386676696,5.66148240553394,5.88758548067941,7.53445149747156,1,2
19,20,6,6.90754798713335,3.49722386676696,4.71267448613723,5.40593613517984,7.66380660128416,1,2
19,20,10,6.90754798713335,3.49722386676696,3.72851278316724,5.73804221959941,7.75416761232749,1,2
19,20,11,6.90754798713335,3.49722386676696,6.16863041115567,6.9789529775707,7.79609816241483,1,2
19,20,12,6.90754798713335,3.49722386676696,5.20572663844134,5.23418840813955,7.66265964237523,1,2
19,20,15,6.90754798713335,3.49722386676696,6.68121524148706,5.36593727482661,7.37353766264548,1,2
19,20,16,6.90754798713335,3.49722386676696,4.09633673868971,5.77101739797015,7.42462138114564,1,2
19,20,17,6.90754798713335,3.49722386676696,5.2234449734129,6.20364418444189,7.32067173763992,1,2
19,20,20,6.90754798713335,3.49722386676696,4.73285155343282,6.18468708355473,7.48367760399449,1,2
19,20,21,6.90754798713335,3.49722386676696,6.01888406641384,6.78295893503119,7.75880878275566,1,2
19,20,24,6.90754798713335,3.49722386676696,6.63447442962256,6.66631674524632,7.75720040100738,1,2
19,20,27,6.90754798713335,3.49722386676696,5.27580428541079,6.19005191659187,7.75296771048673,1,2
19,20,28,6.90754798713335,3.49722386676696,5.90264170285735,4.82997447235344,7.35691789310331,1,2
19,20,31,6.90754798713335,3.49722386676696,4.87808645532437,5.33886631390873,7.43342746062778,1,2
19,20,34,6.90754798713335,3.49722386676696,3.19127646316457,5.97105325661753,7.20411174127296,1,2
19,20,36,6.90754798713335,3.49722386676696,5.67527751448707,6.72542599723643,7.73519714553921,1,2
19,20,37,6.90754798713335,3.49722386676696,6.12383841880848,6.10514115047573,7.53749972173166,1,2
19,20,38,6.90754798713335,3.49722386676696,5.53317425765197,6.36248394360287,7.87450064305494,1,2
19,20,40,6.90754798713335,3.49722386676696,3.5787116521712,6.51438276536121,7.8240766415605,1,2
19,20,43,6.90754798713335,3.49722386676696,5.80220240556696,6.27545489337527,7.75069952292767,1,2
19,20,45,6.90754798713335,3.49722386676696,4.94624427489771,6.14181218842866,7.79374682377291,1,2
19,20,50,6.90754798713335,3.49722386676696,4.57503338169813,6.52913258927426,7.65549631925171,1,2
19,20,51,6.90754798713335,3.49722386676696,4.91744124206901,5.9560447756629,7.53143643494681,1,2
19,20,52,6.90754798713335,3.49722386676696,5.18110276938493,7.09255146121415,7.80650482586022,1,2
19,20,54,6.90754798713335,3.49722386676696,5.01153660481814,5.68238023757727,7.75042665925183,1,2
19,20,55,6.90754798713335,3.49722386676696,6.20319525290638,6.00049592370357,7.45025083395655,1,2
19,20,56,6.90754798713335,3.49722386676696,6.5403288192231,6.05487319429977,7.61190418114339,1,2
19,20,57,6.90754798713335,3.49722386676696,4.41661672552011,5.74118824857675,7.69449908771784,1,2
19,20,59,6.90754798713335,3.49722386676696,4.21325259839936,5.11563624785467,7.27594876994147,1,2
19,20,60,6.90754798713335,3.49722386676696,5.19027249749765,6.35242723536495,7.77650987522343,1,2
19,20,61,6.90754798713335,3.49722386676696,6.2964238677203,5.56748213684855,7.46072902749003,1,2
19,20,66,6.90754798713335,3.49722386676696,4.52323134346404,5.77520349287456,7.34864437146238,1,2
19,20,67,6.90754798713335,3.49722386676696,6.35651440030829,5.56498361987295,7.48794341108335,1,2
19,20,69,6.90754798713335,3.49722386676696,5.61476006539114,6.34337611536958,7.65703472653228,1,2
19,20,71,6.90754798713335,3.49722386676696,4.93933072361891,6.02744302228643,7.97752722190565,1,2
19,21,1,6.90754798713335,3.49722386676696,5.36987409579578,6.0395710886671,7.84918716028004,1,2
19,21,2,6.90754798713335,3.49722386676696,6.29870763978805,6.35170739858879,7.81459779690175,1,2
19,21,5,6.90754798713335,3.49722386676696,3.90993577706829,5.69338060760479,7.41474718888087,1,2
19,21,10,6.90754798713335,3.49722386676696,4.70442273540393,6.47501971947875,7.54341734785977,1,2
19,21,12,6.90754798713335,3.49722386676696,5.49883926795615,6.08073185682585,7.50843622830408,1,2
19,21,14,6.90754798713335,3.49722386676696,5.87401239596315,6.01504022605213,7.35291796248474,1,2
19,21,18,6.90754798713335,3.49722386676696,4.85170387920183,6.39272999702598,7.38437381929452,1,2
19,21,19,6.90754798713335,3.49722386676696,4.92601176235236,5.39069023719809,7.26996319385905,1,2
19,21,22,6.90754798713335,3.49722386676696,4.63436562439747,5.96456822072959,7.51079007967513,1,2
19,21,23,6.90754798713335,3.49722386676696,3.20725873834782,6.34658348119111,7.85882342603779,1,2
19,21,24,6.90754798713335,3.49722386676696,5.85321396834362,6.36447399379218,7.58437925369853,1,2
19,21,25,6.90754798713335,3.49722386676696,5.93014638972812,5.86867609738712,7.77758832050284,1,2
19,21,27,6.90754798713335,3.49722386676696,4.45194422138049,6.68270212623592,7.8147870365093,1,2
19,21,29,6.90754798713335,3.49722386676696,6.24149073039151,6.33887271188872,7.73999640615848,1,2
19,21,31,6.90754798713335,3.49722386676696,4.42200520213468,5.90314595341968,7.55610242017508,1,2
19,21,34,6.90754798713335,3.49722386676696,3.47160281580977,6.58404503018301,7.52209415347313,1,2
19,21,35,6.90754798713335,3.49722386676696,4.4094880501058,6.19981083136025,7.63784113756326,1,2
19,21,37,6.90754798713335,3.49722386676696,3.55375187305201,6.02633723115538,7.33304793637301,1,2
19,21,40,6.90754798713335,3.49722386676696,5.98710432415042,5.76514416433567,7.44874770704894,1,2
19,21,41,6.90754798713335,3.49722386676696,4.93193028204953,5.81774889499258,7.75654289333189,1,2
19,21,44,6.90754798713335,3.49722386676696,5.85441427031555,6.41947025363925,7.44190408425766,1,2
19,21,46,6.90754798713335,3.49722386676696,5.14972303978546,6.04159231408305,7.86861502737319,1,2
19,21,47,6.90754798713335,3.49722386676696,4.83627162155579,5.69880727728081,7.47143169431246,1,2
19,21,48,6.90754798713335,3.49722386676696,4.65874325507005,5.6389338156146,7.62497074138896,1,2
19,21,49,6.90754798713335,3.49722386676696,3.63787680933127,4.54998336532496,7.09274058349895,1,2
19,21,50,6.90754798713335,3.49722386676696,2.89122891385092,5.49540259245569,7.17836145388743,1,2
19,21,51,6.90754798713335,3.49722386676696,4.17006722181293,5.94246387577114,7.51127884764213,1,2
19,21,53,6.90754798713335,3.49722386676696,5.77948269730894,5.25457503536725,7.55716924842706,1,2
19,21,56,6.90754798713335,3.49722386676696,5.28641212477071,6.01699437128023,7.90691890576988,1,2
19,21,59,6.90754798713335,3.49722386676696,6.06273405683872,5.58102834899566,7.71054638798091,1,2
19,21,60,6.90754798713335,3.49722386676696,4.26871354457316,6.3935061327326,7.5616586509609,1,2
19,21,62,6.90754798713335,3.49722386676696,4.81771798116968,5.35068956844077,7.66010340240106,1,2
19,21,64,6.90754798713335,3.49722386676696,4.91470229604634,5.94103106582889,7.19111785592431,1,2
19,21,67,6.90754798713335,3.49722386676696,5.55714745976622,6.4276057872327,7.40613087515653,1,2
19,21,69,6.90754798713335,3.49722386676696,5.06564007859246,7.23271051124228,7.7316865513942,1,2
19,21,70,6.90754798713335,3.49722386676696,6.26151511690296,6.11485244878005,7.38934784538234,1,2
19,21,71,6.90754798713335,3.49722386676696,4.42831846442275,6.61090836841408,7.569006557149,1,2
19,22,3,6.90754798713335,3.49722386676696,5.78373598945745,6.6040928823827,8.19902201438905,1,2
19,22,4,6.90754798713335,3.49722386676696,3.86396010670982,5.72309838527152,7.64476695704584,1,2
19,22,6,6.90754798713335,3.49722386676696,6.07880405801382,5.94558915880158,7.87969494707939,1,2
19,22,7,6.90754798713335,3.49722386676696,5.09099614855587,6.3284013512799,7.95537691057252,1,2
19,22,9,6.90754798713335,3.49722386676696,4.82742519616489,6.32571082495632,8.05344407394033,1,2
19,22,12,6.90754798713335,3.49722386676696,4.36897557420097,6.06492119868071,7.49961422080364,1,2
19,22,13,6.90754798713335,3.49722386676696,4.29614562493235,6.15296055021687,8.06977065386275,1,2
19,22,14,6.90754798713335,3.49722386676696,2.66249819020838,5.49914207331215,7.68626553971718,1,2
19,22,16,6.90754798713335,3.49722386676696,4.93306135413001,5.56310760042114,7.41774549015324,1,2
19,22,17,6.90754798713335,3.49722386676696,4.72128117836304,5.77668325520048,7.57582449860491,1,2
19,22,18,6.90754798713335,3.49722386676696,2.88563504790041,5.76698588439212,7.20986776501509,1,2
19,22,19,6.90754798713335,3.49722386676696,4.19005895667966,5.49613135125846,7.61161141585228,1,2
19,22,20,6.90754798713335,3.49722386676696,6.48312157222048,6.37609551068813,7.80556105271943,1,2
19,22,21,6.90754798713335,3.49722386676696,5.33855055316913,6.3583966737386,7.83964926543671,1,2
19,22,23,6.90754798713335,3.49722386676696,4.36937496340881,5.57290861397622,7.57136935178635,1,2
19,22,31,6.90754798713335,3.49722386676696,5.9828389198621,6.11323556923227,8.14428637102829,1,2
19,22,38,6.90754798713335,3.49722386676696,5.15832071187394,6.24870877721543,7.70743940055579,1,2
19,22,40,6.90754798713335,3.49722386676696,6.03428785772658,5.9824048428061,7.82028231754454,1,2
19,22,42,6.90754798713335,3.49722386676696,5.84244375719413,5.69506397924739,7.8161353635683,1,2
19,22,44,6.90754798713335,3.49722386676696,4.54505075850213,5.55240361996305,7.30283164919403,1,2
19,22,45,6.90754798713335,3.49722386676696,5.87955735669779,6.03676340668064,7.86377437150152,1,2
19,22,47,6.90754798713335,3.49722386676696,4.67952222482566,5.45035763718897,7.69007041832908,1,2
19,22,50,6.90754798713335,3.49722386676696,5.6631426136098,5.83738522209883,7.67381851330573,1,2
19,22,51,6.90754798713335,3.49722386676696,5.03802022143473,5.77269614511773,7.49491475982743,1,2
19,22,52,6.90754798713335,3.49722386676696,4.28317619304387,6.42101467334627,7.94244238380164,1,2
19,22,54,6.90754798713335,3.49722386676696,5.34150264023716,6.16811336640815,7.78178256020487,1,2
19,22,55,6.90754798713335,3.49722386676696,6.79396309645267,5.6596857099739,7.57743632797359,1,2
19,22,58,6.90754798713335,3.49722386676696,4.4063654501359,6.7653953781109,7.67459603771563,1,2
19,22,59,6.90754798713335,3.49722386676696,4.88385416317126,6.68822036325444,7.57974387011688,1,2
19,22,62,6.90754798713335,3.49722386676696,4.45262031627945,6.280431360961,7.96173177044296,1,2
19,22,64,6.90754798713335,3.49722386676696,5.31340103908997,6.60643060287928,7.93965181144462,1,2
19,22,69,6.90754798713335,3.49722386676696,5.53631201364624,6.49631469374075,8.04196141055116,1,2
19,22,70,6.90754798713335,3.49722386676696,3.82006854655382,6.13012332886954,7.46143056603193,1,2
19,22,74,6.90754798713335,3.49722386676696,6.03414640552347,5.81898805625231,7.64440692104867,1,2
19,22,75,6.90754798713335,3.49722386676696,3.52443093699781,6.66972275109865,7.95041284010959,1,2
19,22,76,6.90754798713335,3.49722386676696,5.67191835069301,5.89863175883258,7.62939952759293,1,2
19,22,77,6.90754798713335,3.49722386676696,5.58378562750546,6.87321190612028,8.06684327558109,1,2
19,22,78,6.90754798713335,3.49722386676696,6.03039439077392,5.32884115424336,8.002020232511,1,2
19,22,80,6.90754798713335,3.49722386676696,5.43122578732845,6.36994031669984,7.91346693263756,1,2
19,22,82,6.90754798713335,3.49722386676696,5.64362647194646,4.27351342287892,7.57075270630566,1,2
19,22,84,6.90754798713335,3.49722386676696,4.57103124596589,6.12306756624315,7.74770536512877,1,2
19,22,86,6.90754798713335,3.49722386676696,5.88137358589937,6.33424786036091,7.89164511091243,1,2
19,22,89,6.90754798713335,3.49722386676696,4.62587956382871,6.51603461757635,7.6961610446028,1,2
19,22,92,6.90754798713335,3.49722386676696,5.70114885631666,5.68468551663993,7.65253113269116,1,2
19,23,2,6.90754798713335,3.49722386676696,5.34977454068127,6.20236093136872,8.15771685556316,1,2
19,23,3,6.90754798713335,3.49722386676696,5.32917807374161,6.23573554042837,8.01963800909104,1,2
19,23,4,6.90754798713335,3.49722386676696,6.45018843319388,6.72118712450426,8.17236599213044,1,2
19,23,6,6.90754798713335,3.49722386676696,6.29296297207972,6.16133994354739,8.07478690195175,1,2
19,23,9,6.90754798713335,3.49722386676696,3.67346721267301,6.12196476303225,7.65274428771663,1,2
19,23,10,6.90754798713335,3.49722386676696,3.38399985855239,6.75565142523656,8.18879492064716,1,2
19,23,11,6.90754798713335,3.49722386676696,5.7535868301312,6.2609701405463,7.79893548463039,1,2
19,23,16,6.90754798713335,3.49722386676696,3.73618754250853,5.30373588592156,7.60032436854522,1,2
19,23,18,6.90754798713335,3.49722386676696,5.45789271499372,4.86393653363467,7.65088184205846,1,2
19,23,20,6.90754798713335,3.49722386676696,4.87910973226824,6.89871235137375,8.0542193324578,1,2
19,23,21,6.90754798713335,3.49722386676696,5.40286215585271,5.89992052829938,7.83472721434391,1,2
19,23,22,6.90754798713335,3.49722386676696,7.20172248446125,6.19642160973642,7.90432989630291,1,2
19,23,24,6.90754798713335,3.49722386676696,5.46420602318248,6.47288290137405,8.16639253467876,1,2
19,23,25,6.90754798713335,3.49722386676696,4.25425855421203,6.35041268562631,8.02571524519325,1,2
19,23,27,6.90754798713335,3.49722386676696,4.6239506197952,4.56673192357013,7.39246212970572,1,2
19,23,29,6.90754798713335,3.49722386676696,3.98331550291212,6.70293121465707,8.14090791755528,1,2
19,23,34,6.90754798713335,3.49722386676696,4.95968171473226,6.9709193730561,8.22868887114312,1,2
19,23,35,6.90754798713335,3.49722386676696,3.16125794737589,6.12265953409264,7.64773908163562,1,2
19,23,37,6.90754798713335,3.49722386676696,6.62456323713915,5.78209699504045,7.82575926001444,1,2
19,23,38,6.90754798713335,3.49722386676696,4.61908569953561,6.08873293086782,8.05479859585918,1,2
19,23,40,6.90754798713335,3.49722386676696,4.76677581804865,6.02731124252061,8.03795898450682,1,2
19,23,42,6.90754798713335,3.49722386676696,4.98321157307033,6.47964768797023,7.91262665179039,1,2
19,23,44,6.90754798713335,3.49722386676696,4.82260624120607,5.70942012771956,7.93612831228468,1,2
19,23,46,6.90754798713335,3.49722386676696,5.94302155291844,6.06765033854073,8.19643443077117,1,2
19,23,47,6.90754798713335,3.49722386676696,5.38108344571346,5.60594413846484,7.86343106705831,1,2
19,23,48,6.90754798713335,3.49722386676696,5.75996599138101,6.30170212405715,7.96442666556224,1,2
19,23,49,6.90754798713335,3.49722386676696,7.08976097774952,6.07640824568104,7.84741582467187,1,2
19,23,53,6.90754798713335,3.49722386676696,6.39827981012964,5.37473208746974,7.80623340868185,1,2
19,23,57,6.90754798713335,3.49722386676696,5.53916788585146,5.81148005523391,7.76586341012206,1,2
19,23,58,6.90754798713335,3.49722386676696,2.07197390309488,6.06074574369146,7.68909571896873,1,2
19,23,64,6.90754798713335,3.49722386676696,5.96812499406751,5.80556874716993,7.62473885598251,1,2
19,23,65,6.90754798713335,3.49722386676696,4.53715784080922,6.04122834295788,7.98291260233558,1,2
19,23,66,6.90754798713335,3.49722386676696,6.54408719823091,6.18339806003634,7.73880191081511,1,2
19,23,69,6.90754798713335,3.49722386676696,5.12071614428378,6.30206021559581,8.22044337667768,1,2
19,23,73,6.90754798713335,3.49722386676696,5.64823830217096,5.41296316288084,7.82461687252975,1,2
19,23,75,6.90754798713335,3.49722386676696,4.24920892942346,6.1506725937727,7.58959235690537,1,2
19,23,76,6.90754798713335,3.49722386676696,5.71692667561051,5.77016069483979,7.53443152165208,1,2
19,23,79,6.90754798713335,3.49722386676696,5.781216309237,6.09356911087025,7.79283853386926,1,2
19,24,3,6.90754798713335,3.49722386676696,4.02460309501671,6.2149911105454,7.84285784342637,1,2
19,24,5,6.90754798713335,3.49722386676696,4.23891558730505,5.9666042921051,8.08232815139105,1,2
19,24,7,6.90754798713335,3.49722386676696,6.58806418042001,4.89290192242327,7.59706570265334,1,2
19,24,8,6.90754798713335,3.49722386676696,6.19852344112893,5.10333899566422,7.55103674288304,1,2
19,24,12,6.90754798713335,3.49722386676696,3.90620212308038,5.74961711865839,7.90536383850656,1,2
19,24,13,6.90754798713335,3.49722386676696,5.44062853810897,5.69462923107242,8.09847865228466,1,2
19,24,16,6.90754798713335,3.49722386676696,5.44193881684148,5.64244319974795,7.88568076310445,1,2
19,24,18,6.90754798713335,3.49722386676696,5.34661071884603,5.82406877832129,7.89947335016898,1,2
19,24,19,6.90754798713335,3.49722386676696,3.87642877254423,6.13370966964884,7.55473097330686,1,2
19,24,21,6.90754798713335,3.49722386676696,3.96860618754761,6.29617202317512,7.96290908367223,1,2
19,24,22,6.90754798713335,3.49722386676696,5.06339379362593,5.23769745786323,7.93794206903376,1,2
19,24,23,6.90754798713335,3.49722386676696,5.37404677125663,6.22466033446444,8.27970952190157,1,2
19,24,25,6.90754798713335,3.49722386676696,4.88780528777156,6.23005026212974,7.63298626348905,1,2
19,24,26,6.90754798713335,3.49722386676696,6.37580109086485,5.35507129470711,7.93030817028063,1,2
19,24,28,6.90754798713335,3.49722386676696,5.53721951782811,4.91270302899112,7.90273921079924,1,2
19,24,29,6.90754798713335,3.49722386676696,5.0022614348018,6.4103680284825,7.85577040024096,1,2
19,24,30,6.90754798713335,3.49722386676696,6.09500082544468,6.37841104923864,8.04335230727643,1,2
19,24,31,6.90754798713335,3.49722386676696,5.77529756486739,6.23618304477217,7.93192591142188,1,2
19,24,32,6.90754798713335,3.49722386676696,3.97290848070611,5.67706760124015,7.68297741346828,1,2
19,24,36,6.90754798713335,3.49722386676696,5.23072082087269,5.44563206028049,7.43189895065541,1,2
19,24,39,6.90754798713335,3.49722386676696,5.1247777668897,6.64033665562013,8.10376729945286,1,2
19,24,40,6.90754798713335,3.49722386676696,6.44063835586023,5.50320088108305,7.77770220222615,1,2
19,24,44,6.90754798713335,3.49722386676696,4.26498826967248,5.50048032618075,7.74443034847147,1,2
19,24,46,6.90754798713335,3.49722386676696,5.92628248593754,6.43725387269627,8.42718946155977,1,2
19,24,49,6.90754798713335,3.49722386676696,6.39620968624434,5.81485064386034,8.00209181692879,1,2
19,24,53,6.90754798713335,3.49722386676696,5.28244352704384,5.81372785983992,7.97180403935502,1,2
19,24,54,6.90754798713335,3.49722386676696,4.10477470441145,6.22713226573462,7.78699589169615,1,2
19,24,55,6.90754798713335,3.49722386676696,4.43496881422253,6.37669271620913,8.18825617372896,1,2
19,24,56,6.90754798713335,3.49722386676696,4.68196580248814,5.11824174369444,7.68047557131326,1,2
19,24,57,6.90754798713335,3.49722386676696,5.18511418311283,6.5487858478985,8.22157105269095,1,2
19,24,60,6.90754798713335,3.49722386676696,5.29562420760389,5.65286036760916,7.83232030036785,1,2
19,24,62,6.90754798713335,3.49722386676696,5.46152083637452,6.11155154781402,8.20272366980952,1,2
19,24,63,6.90754798713335,3.49722386676696,4.00288486985689,6.52595454204473,7.76032112640216,1,2
19,24,64,6.90754798713335,3.49722386676696,5.19062452908717,5.77165757942116,7.5570748291912,1,2
19,24,66,6.90754798713335,3.49722386676696,3.55656628445421,5.70222812395834,7.92644090798567,1,2
19,24,67,6.90754798713335,3.49722386676696,5.45387036897201,7.09739892934408,8.08995934071407,1,2
19,24,69,6.90754798713335,3.49722386676696,5.31318195494868,6.51521039312272,8.32828726662022,1,2
19,24,75,6.90754798713335,3.49722386676696,5.37443464907569,6.52783112588249,8.23171872125253,1,2
19,24,76,6.90754798713335,3.49722386676696,4.80123303975265,5.71432025186108,8.06288989690439,1,2
19,24,77,6.90754798713335,3.49722386676696,5.15652837159502,5.94323213776523,7.58699415769747,1,2
19,24,79,6.90754798713335,3.49722386676696,6.97801142806995,5.97175778091819,7.95567112023004,1,2
19,24,83,6.90754798713335,3.49722386676696,3.81360445493082,5.9892527146793,7.66775705874986,1,2
19,24,86,6.90754798713335,3.49722386676696,6.74549024323108,5.88822312771072,8.05139688852104,1,2
19,24,87,6.90754798713335,3.49722386676696,5.08861785114702,6.52459676282161,8.31119804054081,1,2
19,24,90,6.90754798713335,3.49722386676696,4.03967690718401,5.8427225325221,7.93691981065444,1,2
19,25,1,6.90754798713335,3.49722386676696,6.15380063800658,6.44005928960578,8.08316566480358,1,2
19,25,2,6.90754798713335,3.49722386676696,5.44820991616071,7.03259058957431,8.31626204984323,1,2
19,25,3,6.90754798713335,3.49722386676696,4.71155025309057,5.95470294554159,8.25012036574395,1,2
19,25,5,6.90754798713335,3.49722386676696,6.1166859572039,5.47228869122894,8.18209407904001,1,2
19,25,6,6.90754798713335,3.49722386676696,6.2843349644338,6.16684835991684,8.04266677843841,1,2
19,25,7,6.90754798713335,3.49722386676696,4.1961641808416,6.39525007272188,8.14838528969374,1,2
19,25,8,6.90754798713335,3.49722386676696,5.1141400385737,6.11041929648756,8.36876658572925,1,2
19,25,9,6.90754798713335,3.49722386676696,6.52128693309924,5.83821179206416,8.1103928165694,1,2
19,25,13,6.90754798713335,3.49722386676696,6.21486777632456,5.25608655240334,7.55149580764258,1,2
19,25,16,6.90754798713335,3.49722386676696,7.43070730738166,5.71490682658367,8.31924119571561,1,2
19,25,18,6.90754798713335,3.49722386676696,4.44013349568372,5.08143365306303,7.56618779170364,1,2
19,25,25,6.90754798713335,3.49722386676696,4.90277944938346,5.74351903644759,7.78179077826477,1,2
19,25,29,6.90754798713335,3.49722386676696,6.24271669570863,5.82184548558615,8.31606360552197,1,2
19,25,31,6.90754798713335,3.49722386676696,5.58331253125459,6.25149551477896,7.87266279295598,1,2
19,25,32,6.90754798713335,3.49722386676696,3.89318678312222,6.78808782563748,8.45664370815696,1,2
19,25,33,6.90754798713335,3.49722386676696,3.94665276620624,5.29790294151125,7.47725908720022,1,2
19,25,35,6.90754798713335,3.49722386676696,3.72902347879825,6.33177275036985,7.67329329089285,1,2
19,25,43,6.90754798713335,3.49722386676696,3.04034685952861,5.78839747473676,7.9816017365656,1,2
19,25,47,6.90754798713335,3.49722386676696,4.25604677320828,5.660414734133,8.00546945995403,1,2
19,25,52,6.90754798713335,3.49722386676696,5.43622420018035,6.00927165718066,8.41300469998334,1,2
19,25,56,6.90754798713335,3.49722386676696,4.96235931264667,6.31723837266107,8.06931269979081,1,2
19,25,57,6.90754798713335,3.49722386676696,3.24372360873619,6.15073363236121,7.66672115502307,1,2
19,25,59,6.90754798713335,3.49722386676696,7.76708964642801,5.1810460294499,8.58804712276577,1,2
19,25,60,6.90754798713335,3.49722386676696,3.36060381901822,5.61351249272309,7.83710553776588,1,2
19,26,1,6.90754798713335,3.49722386676696,5.41611664406955,5.70306405955573,8.13274567748826,1,2
19,26,2,6.90754798713335,3.49722386676696,4.42369874812946,6.50031912636971,7.77030781193123,1,2
19,26,3,6.90754798713335,3.49722386676696,4.90062299089536,6.52535690920585,8.08907380872723,1,2
19,26,4,6.90754798713335,3.49722386676696,4.79535885841944,6.32586001696536,8.24173375085535,1,2
19,26,6,6.90754798713335,3.49722386676696,4.89858657198419,5.65631286625051,7.81067595419553,1,2
19,26,7,6.90754798713335,3.49722386676696,5.78422960605534,6.00611001473742,8.14654853578675,1,2
19,26,10,6.90754798713335,3.49722386676696,4.24075487040538,6.72783977016033,8.0367958445985,1,2
19,26,11,6.90754798713335,3.49722386676696,3.92333809145733,5.55486042602065,7.69231293189231,1,2
19,26,12,6.90754798713335,3.49722386676696,1.55284242715326,5.89355886233515,7.49498336719458,1,2
19,26,14,6.90754798713335,3.49722386676696,4.0224721645013,5.54369747419547,7.66901445465877,1,2
19,26,16,6.90754798713335,3.49722386676696,6.45413324427329,7.31663904274064,8.50220222225311,1,2
19,26,17,6.90754798713335,3.49722386676696,6.76498353942168,6.88707954867592,8.11115307801441,1,2
19,26,19,6.90754798713335,3.49722386676696,3.3908539889204,6.65626324358053,7.6809568089864,1,2
19,26,23,6.90754798713335,3.49722386676696,4.1572462051624,5.57607986067932,7.97076561409133,1,2
19,26,28,6.90754798713335,3.49722386676696,2.49998971522161,5.89464190857678,7.69352166683331,1,2
19,26,31,6.90754798713335,3.49722386676696,4.1668233512228,5.83151518244686,7.65531757948333,1,2
19,26,34,6.90754798713335,3.49722386676696,7.72145846996469,5.72780369309735,8.44238171979216,1,2
19,26,36,6.90754798713335,3.49722386676696,3.17519628446451,6.16700561812516,7.83741912977943,1,2
19,26,38,6.90754798713335,3.49722386676696,5.98054063740787,5.42722129469281,8.01132584702831,1,2
19,26,40,6.90754798713335,3.49722386676696,4.36569375710034,5.95763242700626,7.7916749882319,1,2
19,26,41,6.90754798713335,3.49722386676696,4.56977677730196,6.40803876508112,7.97265509807962,1,2
19,26,44,6.90754798713335,3.49722386676696,5.00763829064507,6.76781084420174,8.315454774835,1,2
19,26,49,6.90754798713335,3.49722386676696,4.22704227385307,7.00273935022584,7.94126285615358,1,2
19,26,51,6.90754798713335,3.49722386676696,6.81731158629777,5.71171694411857,8.20547744446714,1,2
19,26,53,6.90754798713335,3.49722386676696,3.45486492113352,6.13331240343067,7.5763454677368,1,2
19,26,55,6.90754798713335,3.49722386676696,5.72222507779249,5.40158715314882,8.16299452185529,1,2
19,26,57,6.90754798713335,3.49722386676696,5.01894750800144,5.82003958813544,8.33467770390154,1,2
19,26,58,6.90754798713335,3.49722386676696,7.15731891861551,5.92445726097114,7.75511454046526,1,2
19,26,60,6.90754798713335,3.49722386676696,3.58937447965726,6.17239747608879,7.80499545498483,1,2
19,26,61,6.90754798713335,3.49722386676696,5.16614661606757,6.36349216506501,8.16849689644878,1,2
19,26,62,6.90754798713335,3.49722386676696,5.57231334298185,6.3985760436535,8.10524761839716,1,2
19,26,63,6.90754798713335,3.49722386676696,4.81716136591737,5.46631592089896,7.92622501072168,1,2
19,26,66,6.90754798713335,3.49722386676696,2.94360359667145,6.31886685436195,7.40312225736562,1,2
19,26,67,6.90754798713335,3.49722386676696,8.00510836196403,6.24185974737422,7.72382837287098,1,2
19,26,68,6.90754798713335,3.49722386676696,3.93252078779975,6.56568267177121,8.00016347629623,1,2
19,26,72,6.90754798713335,3.49722386676696,3.10878865776366,5.29766007536828,7.98392485641715,1,2
19,26,73,6.90754798713335,3.49722386676696,4.59914910684795,5.36380993719009,7.81073873897918,1,2
19,26,74,6.90754798713335,3.49722386676696,4.20715966875311,5.66275074000108,7.70009969860341,1,2
19,26,78,6.90754798713335,3.49722386676696,5.28788469632634,6.47063370656265,7.67487006949771,1,2
19,26,79,6.90754798713335,3.49722386676696,4.67490011981756,6.63879112035755,8.45071734669316,1,2
19,26,81,6.90754798713335,3.49722386676696,5.02754004350546,5.47174443549029,8.09813386053504,1,2
19,26,82,6.90754798713335,3.49722386676696,5.33864587087374,6.20242189727303,8.14849687454365,1,2
19,26,84,6.90754798713335,3.49722386676696,3.70073410625625,6.54418585336298,7.71815076726439,1,2
19,26,86,6.90754798713335,3.49722386676696,5.43351284124433,6.48265704419704,7.94563298948242,1,2
19,26,87,6.90754798713335,3.49722386676696,4.47514511894719,6.40245066980695,7.75160296336152,1,2
19,26,88,6.90754798713335,3.49722386676696,4.34865935226763,5.82563105270366,7.99931459391498,1,2
19,26,89,6.90754798713335,3.49722386676696,7.526012582273,6.41379638980143,8.29230448962621,1,2
19,26,90,6.90754798713335,3.49722386676696,5.62012026236641,6.1035984800815,7.80211509164735,1,2
19,26,91,6.90754798713335,3.49722386676696,5.49133071555286,6.07392164429505,8.01123901325881,1,2
19,27,2,6.90754798713335,3.49722386676696,4.15370535235777,5.08483694800463,7.84408642496826,1,2
19,27,5,6.90754798713335,3.49722386676696,4.66060242789674,6.25412437892343,8.68116818533874,1,2
19,27,7,6.90754798713335,3.49722386676696,6.12792258456308,5.24822671344291,7.92842365606448,1,2
19,27,9,6.90754798713335,3.49722386676696,4.00659106006703,6.43849094756909,8.30600084750401,1,2
19,27,14,6.90754798713335,3.49722386676696,4.7642053175145,5.46585228395522,8.21772532499321,1,2
19,27,20,6.90754798713335,3.49722386676696,5.1452502406357,6.40604154880879,8.4837501762262,1,2
19,27,25,6.90754798713335,3.49722386676696,4.90335159687017,6.54106072817694,8.71062155594275,1,2
19,27,26,6.90754798713335,3.49722386676696,4.54714714023735,6.37084157378585,7.5398991116777,1,2
19,27,27,6.90754798713335,3.49722386676696,3.78227458256255,5.96161592141667,8.21661372502882,1,2
19,27,28,6.90754798713335,3.49722386676696,3.32370754077907,6.25966885875566,8.38800112998371,1,2
19,27,30,6.90754798713335,3.49722386676696,3.63031578389774,5.46675542382958,7.71461589053343,1,2
19,27,31,6.90754798713335,3.49722386676696,5.3183837757099,6.05455762303368,8.31478066061931,1,2
19,27,33,6.90754798713335,3.49722386676696,6.24419432811747,5.13743818665895,8.17405387684194,1,2
19,27,34,6.90754798713335,3.49722386676696,6.73964002314744,6.12926291199906,8.81852954513708,1,2
19,27,37,6.90754798713335,3.49722386676696,2.63933104940157,7.30301497537986,8.68635764876825,1,2
19,27,39,6.90754798713335,3.49722386676696,3.83738673615105,5.66786320436404,8.91335802044132,1,2
19,27,40,6.90754798713335,3.49722386676696,6.32372289165061,5.17097525116389,8.41661280783864,1,2
19,27,41,6.90754798713335,3.49722386676696,5.09415363116644,5.06101715866222,8.37141215861174,1,2
19,27,42,6.90754798713335,3.49722386676696,6.3239293040762,5.14023844138022,8.31963558823083,1,2
19,27,43,6.90754798713335,3.49722386676696,4.52298013977315,5.28560271872105,8.46292905806688,1,2
19,27,45,6.90754798713335,3.49722386676696,4.66431697544205,6.07286629159854,8.08712274342686,1,2
19,27,46,6.90754798713335,3.49722386676696,3.73462055259702,5.74114332693376,8.07498865077617,1,2
19,27,49,6.90754798713335,3.49722386676696,4.14985450698958,5.74101426303379,8.22689325353721,1,2
19,27,51,6.90754798713335,3.49722386676696,5.29426025817904,6.66176884350531,8.91829128035528,1,2
19,27,53,6.90754798713335,3.49722386676696,5.70766072144347,5.72247918366309,7.99698793541146,1,2
19,27,54,6.90754798713335,3.49722386676696,6.12998187279464,5.54268242753729,8.29988254858669,1,2
19,27,55,6.90754798713335,3.49722386676696,4.94419594733466,5.30934022895588,8.57374535004593,1,2
19,27,60,6.90754798713335,3.49722386676696,3.65078015544544,5.88255209324445,8.19719584397335,1,2
19,27,61,6.90754798713335,3.49722386676696,5.92862174251157,6.1935336780561,8.75887253035936,1,2
19,27,62,6.90754798713335,3.49722386676696,5.68451976223342,5.94648709509536,8.15125525409202,1,2
19,27,63,6.90754798713335,3.49722386676696,5.5077408280712,5.63954606868792,8.24753639313615,1,2
19,27,69,6.90754798713335,3.49722386676696,4.68066739326453,6.16025936096612,8.37518838957485,1,2
19,27,70,6.90754798713335,3.49722386676696,6.06679170903818,6.12708408436454,8.65121009019596,1,2
19,27,72,6.90754798713335,3.49722386676696,4.48867236296318,5.32018434358196,8.19173815030207,1,2
19,27,73,6.90754798713335,3.49722386676696,6.80582327391375,6.46773287720584,8.69611251881206,1,2
19,27,74,6.90754798713335,3.49722386676696,4.51338083442049,6.56225224776222,8.48579479648405,1,2
19,27,78,6.90754798713335,3.49722386676696,5.38770780840609,5.59367220411021,8.28530031373181,1,2
19,27,79,6.90754798713335,3.49722386676696,5.00094361683627,6.07773061901859,8.00446012274037,1,2
19,27,80,6.90754798713335,3.49722386676696,6.01167596928286,6.68267365359453,8.54703701144857,1,2
19,27,81,6.90754798713335,3.49722386676696,5.35639386052776,5.50950105851878,8.43669033851991,1,2
19,27,82,6.90754798713335,3.49722386676696,4.71852894590051,6.16815361287677,8.45549261868794,1,2
19,27,83,6.90754798713335,3.49722386676696,4.23475540877708,5.22061197153056,8.37638346631473,1,2
19,27,84,6.90754798713335,3.49722386676696,5.23099165951454,5.70695763022299,8.28520879676978,1,2
19,27,85,6.90754798713335,3.49722386676696,4.88409454840692,6.54402195314083,8.42334955335333,1,2
19,28,3,6.90754798713335,3.49722386676696,4.58392865721489,6.70791273591489,8.68154207743803,1,2
19,28,4,6.90754798713335,3.49722386676696,5.96556443227239,5.62707927858403,8.42608801749689,1,2
19,28,5,6.90754798713335,3.49722386676696,5.97114308801776,5.88464501078434,8.58900749280766,1,2
19,28,6,6.90754798713335,3.49722386676696,4.48933361355212,6.58981683328472,8.24817097451355,1,2
19,28,8,6.90754798713335,3.49722386676696,4.69049264415867,6.37637623610932,8.67082377238424,1,2
19,28,9,6.90754798713335,3.49722386676696,6.35575865139896,6.09457875603815,9.04179265959589,1,2
19,28,10,6.90754798713335,3.49722386676696,4.57916416697923,5.98257534610516,8.40997185149225,1,2
19,28,11,6.90754798713335,3.49722386676696,5.87715675793914,6.8935809519377,8.21960525977197,1,2
19,28,13,6.90754798713335,3.49722386676696,4.47397041997915,4.61679514662507,8.34295625996912,1,2
19,28,16,6.90754798713335,3.49722386676696,6.05127653591648,6.12549217274298,8.72667677379913,1,2
19,28,20,6.90754798713335,3.49722386676696,5.93169262931258,6.33665870373147,8.83488915776696,1,2
19,28,23,6.90754798713335,3.49722386676696,4.62683498990259,5.38434593876669,9.02838733143362,1,2
19,28,27,6.90754798713335,3.49722386676696,7.01783568184158,6.14412265256557,8.43071486680718,1,2
19,28,28,6.90754798713335,3.49722386676696,3.9240146503678,5.81479583343581,8.53904987158281,1,2
19,28,33,6.90754798713335,3.49722386676696,6.67118868719119,6.95297250423865,9.1566220202619,1,2
19,28,34,6.90754798713335,3.49722386676696,4.42526018850357,5.55929953696997,8.05642376288341,1,2
19,28,35,6.90754798713335,3.49722386676696,2.95607554142225,5.56352859613492,8.25754376684388,1,2
19,28,36,6.90754798713335,3.49722386676696,5.74836286886831,6.06198264835588,8.51454702504123,1,2
19,28,40,6.90754798713335,3.49722386676696,3.98360380114898,5.55238006040793,8.44833149796243,1,2
19,28,43,6.90754798713335,3.49722386676696,3.24682349434284,5.67304100511794,7.97776203581876,1,2
19,28,44,6.90754798713335,3.49722386676696,4.68019553500158,5.52230720763133,8.39364672975381,1,2
19,28,45,6.90754798713335,3.49722386676696,4.93355609593912,6.674066203512,8.58754320856983,1,2
19,28,46,6.90754798713335,3.49722386676696,4.17475840161478,6.52821098200458,8.71418893135452,1,2
19,28,50,6.90754798713335,3.49722386676696,4.23978490564928,6.34850018975819,8.31179980734162,1,2
19,28,52,6.90754798713335,3.49722386676696,4.34571481422832,5.67385334024911,8.57834810663244,1,2
19,28,54,6.90754798713335,3.49722386676696,6.38375646267826,5.35448113240027,8.79039592795824,1,2
19,28,55,6.90754798713335,3.49722386676696,5.47870425541217,5.84189326211397,8.71776840854107,1,2
19,28,58,6.90754798713335,3.49722386676696,5.8173580755451,5.29993852300869,8.49838935098631,1,2
19,28,59,6.90754798713335,3.49722386676696,5.33856929125156,5.83317189190385,8.74240004481895,1,2
19,28,60,6.90754798713335,3.49722386676696,2.67542088069773,5.68897219548962,8.42940659574214,1,2
19,28,62,6.90754798713335,3.49722386676696,4.87227978423255,5.60126584541279,8.52797656865922,1,2
19,28,64,6.90754798713335,3.49722386676696,4.61026938256725,6.74042409566666,8.79259036717648,1,2
19,28,65,6.90754798713335,3.49722386676696,5.12303034955679,6.93190792373274,8.71543317008949,1,2
19,28,67,6.90754798713335,3.49722386676696,4.86610060223223,6.38769093561124,8.65043228148358,1,2
19,28,68,6.90754798713335,3.49722386676696,5.43457049964047,6.75484326360846,9.15530861617115,1,2
19,28,69,6.90754798713335,3.49722386676696,4.74543368647011,5.75570244770264,8.44007317561449,1,2
19,28,71,6.90754798713335,3.49722386676696,5.80214896087783,6.86763000513892,8.87530279451195,1,2
19,28,72,6.90754798713335,3.49722386676696,4.38892382308713,6.13144784090402,8.70635853950037,1,2
19,28,74,6.90754798713335,3.49722386676696,5.0075900496642,5.22352454217574,8.00605454883191,1,2
19,28,76,6.90754798713335,3.49722386676696,4.19981708079294,5.19862338419665,8.27890771185693,1,2
19,28,77,6.90754798713335,3.49722386676696,6.49708954432304,6.29279164428663,8.60864628557923,1,2
19,28,78,6.90754798713335,3.49722386676696,5.81969016124978,6.27892091631536,8.7818717997313,1,2
19,28,81,6.90754798713335,3.49722386676696,4.06049236032396,5.55004499676095,8.57022588230164,1,2
19,29,4,6.90754798713335,3.49722386676696,5.38582803971275,6.05436760198479,8.4993427201533,1,2
19,29,7,6.90754798713335,3.49722386676696,2.96897689043751,5.88824573619826,8.54745579162173,1,2
19,29,9,6.90754798713335,3.49722386676696,4.99308873735049,6.73949529188835,8.5274535716355,1,2
19,29,11,6.90754798713335,3.49722386676696,4.46022455983151,6.03186937957876,8.46896822626026,1,2
19,29,13,6.90754798713335,3.49722386676696,3.39881370406517,5.30669379770954,8.7225565092701,1,2
19,29,15,6.90754798713335,3.49722386676696,4.86961469087511,6.4290203120403,8.64007788471738,1,2
19,29,20,6.90754798713335,3.49722386676696,4.96433565948138,6.22411374069229,8.3537364245151,1,2
19,29,22,6.90754798713335,3.49722386676696,4.84665249615154,5.0262917105154,8.15845343621744,1,2
19,29,23,6.90754798713335,3.49722386676696,3.99699875791023,6.14950105477629,8.95122267631357,1,2
19,29,24,6.90754798713335,3.49722386676696,5.44564839433018,6.16587592953308,9.05746527191035,1,2
19,29,26,6.90754798713335,3.49722386676696,3.47447627715499,5.89828230068078,8.27866601978758,1,2
19,29,31,6.90754798713335,3.49722386676696,4.45357020577294,6.54436383696725,8.43607027698313,1,2
19,29,33,6.90754798713335,3.49722386676696,5.58857436197154,6.47227399229235,8.37103144611237,1,2
19,29,34,6.90754798713335,3.49722386676696,4.8137829686476,6.68737919227621,8.24569220783317,1,2
19,29,35,6.90754798713335,3.49722386676696,6.22140975735026,6.03355575310372,8.73411645546888,1,2
19,29,36,6.90754798713335,3.49722386676696,5.99760012624171,5.32598136645795,8.78079522355379,1,2
19,29,37,6.90754798713335,3.49722386676696,3.72655167555929,6.12524364599678,8.7632810979946,1,2
19,29,38,6.90754798713335,3.49722386676696,4.03714895722494,5.62877405870911,8.6593966463697,1,2
19,29,39,6.90754798713335,3.49722386676696,4.45008207661229,6.33236416656234,8.78171787137378,1,2
19,29,40,6.90754798713335,3.49722386676696,4.5776570428289,6.45126854042432,8.98371589466078,1,2
19,29,46,6.90754798713335,3.49722386676696,5.09902975045507,5.8753184295098,8.53015017529476,1,2
19,29,48,6.90754798713335,3.49722386676696,4.25704830129525,5.96487955575425,8.70216626031011,1,2
19,29,49,6.90754798713335,3.49722386676696,4.82399947220809,5.91649812186442,8.2896488964045,1,2
19,29,50,6.90754798713335,3.49722386676696,4.30171139259696,5.47623277384361,8.34966024693851,1,2
19,29,51,6.90754798713335,3.49722386676696,5.38964901163531,6.13714803723275,8.41270122021983,1,2
19,29,53,6.90754798713335,3.49722386676696,5.75715336988699,6.7578566544009,8.65173483594405,1,2
19,29,54,6.90754798713335,3.49722386676696,4.43264219815221,4.99305997344103,7.82295515646891,1,2
19,29,55,6.90754798713335,3.49722386676696,5.87897211537149,7.02075385586499,8.60412020669618,1,2
19,29,56,6.90754798713335,3.49722386676696,5.42516292699023,5.94095940804629,8.54981620336569,1,2
19,29,57,6.90754798713335,3.49722386676696,4.93099975884032,5.59754479431243,8.30197860084276,1,2
19,29,58,6.90754798713335,3.49722386676696,3.48289406363112,5.91015268423864,8.09460870709151,1,2
19,29,61,6.90754798713335,3.49722386676696,5.38463723952721,5.76321747301777,9.05004146957524,1,2
19,29,62,6.90754798713335,3.49722386676696,7.0889999299402,6.47160332939158,8.81955480366185,1,2
19,29,63,6.90754798713335,3.49722386676696,4.80349378462742,6.49714119700115,8.32004174510655,1,2
19,29,65,6.90754798713335,3.49722386676696,4.82642384658549,6.31693864514037,8.51940461068539,1,2
19,29,67,6.90754798713335,3.49722386676696,4.13696637000553,6.36261232121152,8.62199171999359,1,2
19,29,68,6.90754798713335,3.49722386676696,5.71188206804172,6.76753967534612,8.80209919376877,1,2
19,29,69,6.90754798713335,3.49722386676696,3.47079758433492,6.73597339792374,8.72255860899346,1,2
19,29,70,6.90754798713335,3.49722386676696,5.86047446655911,6.76101629946666,9.10215776162415,1,2
19,30,1,6.90754798713335,3.49722386676696,6.0045066749602,4.89780852338562,8.24656812529935,1,2
19,30,3,6.90754798713335,3.49722386676696,5.79458109712452,5.64181191785169,8.64091902491039,1,2
19,30,4,6.90754798713335,3.49722386676696,4.48965460753221,7.01017061312217,8.72925880337485,1,2
19,30,9,6.90754798713335,3.49722386676696,4.34956234600524,5.89472035544754,8.19403285625461,1,2
19,30,11,6.90754798713335,3.49722386676696,5.29038266138881,5.8309981378622,8.98240466348771,1,2
19,30,12,6.90754798713335,3.49722386676696,5.02802391213879,5.78073232568163,8.6555536939851,1,2
19,30,13,6.90754798713335,3.49722386676696,3.88428944217533,6.32064338470605,8.5252194059519,1,2
19,30,16,6.90754798713335,3.49722386676696,4.27810689228027,5.50449927195688,8.30265412426425,1,2
19,30,18,6.90754798713335,3.49722386676696,4.21028891759966,5.22082881657121,8.15866478343353,1,2
19,30,19,6.90754798713335,3.49722386676696,5.91024115319779,6.33185099540344,8.94940317826184,1,2
19,30,23,6.90754798713335,3.49722386676696,3.81993225114035,6.34497185280306,8.5012731194477,1,2
19,30,24,6.90754798713335,3.49722386676696,4.37268053504276,5.16997706160221,8.39655783483818,1,2
19,30,25,6.90754798713335,3.49722386676696,4.12496245262339,6.61112672940826,8.57002072148899,1,2
19,30,28,6.90754798713335,3.49722386676696,5.20399548283652,6.09228113714338,8.53191118436522,1,2
19,30,29,6.90754798713335,3.49722386676696,5.63307741850833,5.8002815240036,8.12173841128069,1,2
19,30,30,6.90754798713335,3.49722386676696,5.48690938486487,6.11762754654495,9.09180383426121,1,2
19,30,33,6.90754798713335,3.49722386676696,5.60446595015981,6.35680581351642,8.37191543700486,1,2
19,30,34,6.90754798713335,3.49722386676696,4.04483290782744,6.32238772193793,8.30613751039755,1,2
19,30,37,6.90754798713335,3.49722386676696,3.34903366643752,5.81486103683417,8.433767263627,1,2
19,30,39,6.90754798713335,3.49722386676696,5.71280495964508,6.17462010498565,8.84697233708774,1,2
19,30,41,6.90754798713335,3.49722386676696,4.29995299494292,6.3240553510939,8.75069140011419,1,2
19,30,43,6.90754798713335,3.49722386676696,2.26534165064298,6.4064185823369,8.33682146903031,1,2
19,30,44,6.90754798713335,3.49722386676696,4.35097404251018,5.97558082920474,8.37883235529645,1,2
19,30,45,6.90754798713335,3.49722386676696,3.83568075138182,5.92579061326261,8.65803816239304,1,2
19,30,46,6.90754798713335,3.49722386676696,4.06875209780423,6.42084635633137,8.48993459806777,1,2
19,30,48,6.90754798713335,3.49722386676696,4.29152857812061,5.31995144751389,8.53081025962382,1,2
19,30,49,6.90754798713335,3.49722386676696,5.36991904046608,5.85761901124071,8.53360058096496,1,2
19,30,50,6.90754798713335,3.49722386676696,5.38044135486437,5.93888966182806,8.46807865043192,1,2
19,30,51,6.90754798713335,3.49722386676696,4.36736447244601,5.84852077452989,8.50204171089436,1,2
19,30,53,6.90754798713335,3.49722386676696,4.24298598847089,5.75347514210998,8.4209265274811,1,2
19,30,55,6.90754798713335,3.49722386676696,4.59847880233673,5.8924867468159,8.27773929890915,1,2
19,30,56,6.90754798713335,3.49722386676696,6.47144223332963,5.6859182333108,8.31801224021535,1,2
19,30,57,6.90754798713335,3.49722386676696,3.82296442090054,6.17681172250099,8.32389152621594,1,2
19,30,58,6.90754798713335,3.49722386676696,3.71683659024011,5.70956915528853,8.34956815434608,1,2
19,30,60,6.90754798713335,3.49722386676696,5.71117808239302,6.36129313166796,8.8060870725659,1,2
19,30,66,6.90754798713335,3.49722386676696,6.20668601886828,5.95513497926576,8.17898667124117,1,2
19,30,67,6.90754798713335,3.49722386676696,6.09412548777716,5.84998268903199,8.33437277618497,1,2
19,30,68,6.90754798713335,3.49722386676696,5.20409655090268,6.80989868740579,8.54170321294997,1,2
19,30,69,6.90754798713335,3.49722386676696,4.64014713255535,6.6665249746871,8.65951909998844,1,2
19,30,71,6.90754798713335,3.49722386676696,5.1638272031789,5.55060483588223,8.73806400476723,1,2
19,30,72,6.90754798713335,3.49722386676696,6.04670132509929,6.63728054785676,8.45838699652058,1,2
19,30,73,6.90754798713335,3.49722386676696,5.39411251936542,6.00538750837622,8.31034358477159,1,2
19,30,74,6.90754798713335,3.49722386676696,5.86318734466375,5.85049247143141,8.12880095387042,1,2
19,30,75,6.90754798713335,3.49722386676696,4.11731510886383,6.45359415781757,8.29812946661978,1,2
19,30,78,6.90754798713335,3.49722386676696,5.9458527794955,6.34424987509486,8.59827289081224,1,2
19,30,81,6.90754798713335,3.49722386676696,5.53917511963547,5.59836698999995,8.68630262453469,1,2
19,30,82,6.90754798713335,3.49722386676696,3.89326115857135,5.47520379588207,8.41569846004024,1,2
19,30,83,6.90754798713335,3.49722386676696,6.31981887626147,5.66380347724504,8.56943665328043,1,2
19,30,84,6.90754798713335,3.49722386676696,5.56820489382848,6.1671100445506,8.26531342418565,1,2
19,31,2,6.90754798713335,3.49722386676696,6.2741634005367,6.48181564804267,8.33946893030068,1,2
19,31,3,6.90754798713335,3.49722386676696,3.19581365968784,5.87667002448499,8.27103343151594,1,2
19,31,5,6.90754798713335,3.49722386676696,4.62671573618908,5.9164820225686,8.92046622020226,1,2
19,31,8,6.90754798713335,3.49722386676696,5.74786538904858,5.77429906606573,8.55817073811048,1,2
19,31,9,6.90754798713335,3.49722386676696,6.96247350021404,6.20017985590694,8.79250530103441,1,2
19,31,11,6.90754798713335,3.49722386676696,5.21764577822742,7.01391138357199,9.23816135708256,1,2
19,31,12,6.90754798713335,3.49722386676696,5.07811963741231,6.8192641379523,8.95555755009887,1,2
19,31,13,6.90754798713335,3.49722386676696,5.15528943770545,6.7756719284589,8.82255673779016,1,2
19,31,16,6.90754798713335,3.49722386676696,5.32171905854183,5.81129883018027,8.64746691467474,1,2
19,31,18,6.90754798713335,3.49722386676696,6.3973399485026,5.7792807522109,8.38268689765336,1,2
19,31,19,6.90754798713335,3.49722386676696,5.95447324978915,5.49827055689035,9.03712128133294,1,2
19,31,24,6.90754798713335,3.49722386676696,4.34471123653891,6.63019427895842,8.63598242992806,1,2
19,31,27,6.90754798713335,3.49722386676696,5.17799506456765,5.7571169089122,8.47501781742126,1,2
19,31,28,6.90754798713335,3.49722386676696,3.4327822748601,6.228296055566,8.29444425744827,1,2
19,31,30,6.90754798713335,3.49722386676696,6.97079107798015,5.98073248638588,9.14445323465797,1,2
19,31,36,6.90754798713335,3.49722386676696,5.76845783948198,6.8662518272418,8.72351202429006,1,2
19,31,37,6.90754798713335,3.49722386676696,5.95891328456689,6.24179485216028,9.11820190147114,1,2
19,31,42,6.90754798713335,3.49722386676696,5.16169139485031,5.72864135727873,8.42501277009171,1,2
19,31,43,6.90754798713335,3.49722386676696,4.78452263449644,5.46532629900559,8.63320256206138,1,2
19,31,44,6.90754798713335,3.49722386676696,6.99840900138602,6.56260755500981,8.89081517462061,1,2
19,31,47,6.90754798713335,3.49722386676696,5.67635179986473,5.75831433861802,8.295386556514,1,2
19,31,48,6.90754798713335,3.49722386676696,4.40253625252435,5.64615457432024,8.46086766105294,1,2
19,31,52,6.90754798713335,3.49722386676696,4.69694275396581,6.65223211471151,8.60413622756199,1,2
19,31,54,6.90754798713335,3.49722386676696,4.6458170160647,6.14967347492888,8.87452096208695,1,2
19,31,55,6.90754798713335,3.49722386676696,4.99546870169102,5.61987539444077,8.71973526655832,1,2
19,31,56,6.90754798713335,3.49722386676696,5.25682643729302,6.58628739243021,8.95988733534451,1,2
19,31,57,6.90754798713335,3.49722386676696,5.47495032446623,7.08766609523586,9.11014975125369,1,2
19,31,60,6.90754798713335,3.49722386676696,4.07482535032892,6.43861896396958,8.55668050103953,1,2
19,31,61,6.90754798713335,3.49722386676696,4.23182775713307,5.8168917832209,8.62800251861952,1,2
19,31,62,6.90754798713335,3.49722386676696,5.18339140642016,6.0570699069672,8.76334236813709,1,2
19,31,63,6.90754798713335,3.49722386676696,5.16807176490787,6.18727603185206,8.62041321726044,1,2
19,31,64,6.90754798713335,3.49722386676696,6.10117457880104,6.63178879792114,8.6440462439446,1,2
19,31,65,6.90754798713335,3.49722386676696,3.94347892843833,6.44814007601867,8.7935828429765,1,2
19,31,68,6.90754798713335,3.49722386676696,4.52917935340298,6.11614590084915,8.57448681152092,1,2
19,31,69,6.90754798713335,3.49722386676696,4.93477856737299,6.75952373545908,8.80697721021493,1,2
19,31,70,6.90754798713335,3.49722386676696,6.56280987674937,6.11395319575754,8.64272712701357,1,2
19,31,74,6.90754798713335,3.49722386676696,4.09931438483949,6.84698832831493,8.7868492370745,1,2
19,31,75,6.90754798713335,3.49722386676696,5.18730978072221,5.40979667447476,8.70992729476503,1,2
19,31,76,6.90754798713335,3.49722386676696,5.29457983499904,5.456593832808,8.66160812487603,1,2
19,31,78,6.90754798713335,3.49722386676696,5.37577505148498,5.75246847391103,8.96161476792276,1,2
19,31,79,6.90754798713335,3.49722386676696,2.78712383614322,6.63885652239624,8.35065741308725,1,2
19,31,80,6.90754798713335,3.49722386676696,7.03729815205183,5.5597200117459,8.57456922503293,1,2
19,31,81,6.90754798713335,3.49722386676696,5.59977089096812,6.13298702089945,8.64054556586135,1,2
19,31,82,6.90754798713335,3.49722386676696,2.79727971546536,6.01872142566563,8.63213991524785,1,2
19,31,84,6.90754798713335,3.49722386676696,5.25409557158021,5.67911268928538,8.92961430461374,1,2
19,31,85,6.90754798713335,3.49722386676696,2.71751384278339,5.43028377305072,8.41736995658012,1,2
19,31,89,6.90754798713335,3.49722386676696,6.14787543236058,5.59472089702886,8.69385475369408,1,2
19,31,90,6.90754798713335,3.49722386676696,5.16711165838218,5.51567549420834,8.84177201158967,1,2
19,32,2,6.90754798713335,3.49722386676696,4.26745525824199,5.95222820909156,8.69858194155641,1,2
19,32,4,6.90754798713335,3.49722386676696,5.48762926733353,5.95660207138285,8.85170256732872,1,2
19,32,5,6.90754798713335,3.49722386676696,4.89081966819448,6.51534651592781,8.76953312403204,1,2
19,32,6,6.90754798713335,3.49722386676696,5.68954524553472,5.93309711185403,8.73968833119792,1,2
19,32,8,6.90754798713335,3.49722386676696,4.69016828306805,6.67114940336709,8.72232268076338,1,2
19,32,12,6.90754798713335,3.49722386676696,5.32943343093718,6.20433589949017,8.97495006052369,1,2
19,32,14,6.90754798713335,3.49722386676696,5.12506890482916,5.65792087446039,8.75349728589821,1,2
19,32,16,6.90754798713335,3.49722386676696,6.1411282893909,5.65941985509228,8.61644509622743,1,2
19,32,17,6.90754798713335,3.49722386676696,5.81353585946021,7.10394181667547,9.30107780996352,1,2
19,32,18,6.90754798713335,3.49722386676696,5.25966164217039,6.16485113370621,8.74397834025395,1,2
19,32,21,6.90754798713335,3.49722386676696,4.46843967506431,6.67593011010415,9.22563142950999,1,2
19,32,23,6.90754798713335,3.49722386676696,4.14853298539465,4.89861256637339,8.66781901538639,1,2
19,32,30,6.90754798713335,3.49722386676696,3.51205295421346,5.56061779567229,8.49713316161632,1,2
19,32,32,6.90754798713335,3.49722386676696,5.27178384882804,5.16304374893942,8.85001369681564,1,2
19,32,40,6.90754798713335,3.49722386676696,4.23396537904188,5.64678899686346,8.21020518298553,1,2
19,32,45,6.90754798713335,3.49722386676696,5.39480088237024,6.00211053088296,8.62362073562478,1,2
19,32,46,6.90754798713335,3.49722386676696,4.81505068878339,6.31800131580823,8.75343909736133,1,2
19,32,49,6.90754798713335,3.49722386676696,5.16656653779896,5.6031938054733,8.49220719985289,1,2
19,32,50,6.90754798713335,3.49722386676696,5.22096833277938,5.37693866408789,8.96069179023625,1,2
19,32,52,6.90754798713335,3.49722386676696,4.66541284180243,4.91562341354741,8.88963295422874,1,2
19,32,54,6.90754798713335,3.49722386676696,2.91273495328666,6.35955144731092,8.42600843350212,1,2
19,32,56,6.90754798713335,3.49722386676696,4.87076801063056,6.22529491853324,9.0574023763347,1,2
19,32,58,6.90754798713335,3.49722386676696,3.33258995756281,5.58782120099617,8.27171768053325,1,2
19,32,60,6.90754798713335,3.49722386676696,4.55778348859091,6.94269615405813,9.01305353828449,1,2
19,32,62,6.90754798713335,3.49722386676696,5.21746228641856,6.20564684119136,8.73579856822002,1,2
19,32,63,6.90754798713335,3.49722386676696,4.54561076814149,5.62742077295755,8.59060782279182,1,2
19,32,64,6.90754798713335,3.49722386676696,3.88461397308923,6.36334891255069,8.64781233683494,1,2
19,32,65,6.90754798713335,3.49722386676696,4.67031191966218,6.28250294944893,9.05928543308901,1,2
19,32,67,6.90754798713335,3.49722386676696,5.75337402755753,5.05948258608679,8.33517505914296,1,2
19,32,70,6.90754798713335,3.49722386676696,3.53374990061326,6.58535566403897,8.66866959342311,1,2
19,32,71,6.90754798713335,3.49722386676696,5.77395477616534,6.24757166255041,8.81265550168599,1,2
19,32,73,6.90754798713335,3.49722386676696,4.06679235608766,5.91527414560602,8.74141791885098,1,2
19,32,74,6.90754798713335,3.49722386676696,7.66488795188099,5.90546941404358,8.95375672935428,1,2
19,32,75,6.90754798713335,3.49722386676696,4.89682859985924,5.36355718948797,8.61106770806386,1,2
19,32,77,6.90754798713335,3.49722386676696,6.11085226337968,5.37420407088011,8.58843832477618,1,2
19,32,78,6.90754798713335,3.49722386676696,3.8733059163268,6.50095150470877,8.46428172726581,1,2
19,32,83,6.90754798713335,3.49722386676696,2.97998147527252,5.94621365042833,8.89404852893407,1,2
19,32,84,6.90754798713335,3.49722386676696,4.15041459369638,6.82871693954489,8.53944630845656,1,2
19,33,4,6.90754798713335,3.49722386676696,5.62612967092071,6.09411207121933,8.50015676716654,1,2
19,33,5,6.90754798713335,3.49722386676696,4.44755070643138,5.94421530684194,8.66446765110049,1,2
19,33,11,6.90754798713335,3.49722386676696,4.45269154494803,5.16384347925335,8.58687582159896,1,2
19,33,13,6.90754798713335,3.49722386676696,5.5106241291675,5.89375756235784,9.0217039116871,1,2
19,33,17,6.90754798713335,3.49722386676696,6.33234734317134,6.18999194445908,9.05346370762911,1,2
19,33,19,6.90754798713335,3.49722386676696,3.64809831041572,6.10432819448424,8.3719314826431,1,2
19,33,21,6.90754798713335,3.49722386676696,5.10863353937605,6.09822862157271,8.97678915234091,1,2
19,33,22,6.90754798713335,3.49722386676696,4.83518636062771,6.02598874149196,8.64336122363651,1,2
19,33,23,6.90754798713335,3.49722386676696,4.30835290426256,5.56337022093157,8.58882808469691,1,2
19,33,30,6.90754798713335,3.49722386676696,5.99829914968973,5.72958244457507,8.94715400937237,1,2
19,33,31,6.90754798713335,3.49722386676696,5.3563430917496,6.37730357622219,8.54593591657291,1,2
19,33,34,6.90754798713335,3.49722386676696,5.13265133383881,6.05390900638169,8.95806576049597,1,2
19,33,35,6.90754798713335,3.49722386676696,5.63394631500312,6.96524184170502,8.68231241982262,1,2
19,33,36,6.90754798713335,3.49722386676696,5.01855742545089,5.8581815647882,8.71774971211814,1,2
19,33,39,6.90754798713335,3.49722386676696,5.43941666628653,6.16845844432817,9.07478286060891,1,2
19,33,40,6.90754798713335,3.49722386676696,5.36184480720967,6.5667431580895,8.73823530536089,1,2
19,33,41,6.90754798713335,3.49722386676696,6.15821561586132,5.58408201124886,8.7892621563595,1,2
19,33,42,6.90754798713335,3.49722386676696,6.81109997109195,6.38366843229232,9.50480400680589,1,2
19,33,43,6.90754798713335,3.49722386676696,5.63599230185666,6.30632752987193,9.23209811752506,1,2
19,33,46,6.90754798713335,3.49722386676696,5.15514630385708,6.19989205563918,8.46828091143173,1,2
19,33,48,6.90754798713335,3.49722386676696,6.10793236993664,5.77572208362313,8.96627939909698,1,2
19,33,50,6.90754798713335,3.49722386676696,3.84902891099485,6.60778410563383,7.83190172044521,1,2
19,33,54,6.90754798713335,3.49722386676696,6.02827192054814,5.7686878836353,8.9245604545641,1,2
19,33,56,6.90754798713335,3.49722386676696,4.79287411806281,6.29808352926857,8.76431816903513,1,2
19,33,57,6.90754798713335,3.49722386676696,5.66846128163406,5.14023400566779,8.75248286847867,1,2
19,33,59,6.90754798713335,3.49722386676696,6.95187619814994,5.12765428659458,8.89287256379558,1,2
19,33,62,6.90754798713335,3.49722386676696,4.97517429416212,5.81912743577359,8.70769919723824,1,2
19,33,63,6.90754798713335,3.49722386676696,4.05160714637166,6.33557953198488,8.26777014226733,1,2
19,33,64,6.90754798713335,3.49722386676696,3.43519496304577,6.74944440045422,8.57871076063779,1,2
19,33,65,6.90754798713335,3.49722386676696,5.07996824211782,5.8518038673311,9.39161046961943,1,2
19,34,2,6.90754798713335,3.49722386676696,5.39935500483278,5.7713681995536,8.88496660408996,1,2
19,34,4,6.90754798713335,3.49722386676696,4.25755114067114,5.83909226177668,9.1039248489702,1,2
19,34,7,6.90754798713335,3.49722386676696,5.29519729916918,5.44480029836129,8.63262098160334,1,2
19,34,8,6.90754798713335,3.49722386676696,5.56559594062622,5.94412137344713,8.81731344247362,1,2
19,34,10,6.90754798713335,3.49722386676696,5.73674572502293,6.23595868714724,8.28162371027097,1,2
19,34,12,6.90754798713335,3.49722386676696,4.43167476657377,6.10037813281643,8.67166909577201,1,2
19,34,13,6.90754798713335,3.49722386676696,6.37685568609102,6.02306483782996,9.34458058328369,1,2
19,34,14,6.90754798713335,3.49722386676696,3.07367524325435,5.74689305204102,9.05346398619409,1,2
19,34,15,6.90754798713335,3.49722386676696,4.67046269311081,5.87238098738183,9.13152700302178,1,2
19,34,16,6.90754798713335,3.49722386676696,3.51752463179189,6.25332637358992,8.73771424774608,1,2
19,34,17,6.90754798713335,3.49722386676696,4.41449724465532,6.39283311117618,8.59783319769844,1,2
19,34,18,6.90754798713335,3.49722386676696,5.49110623141976,5.90542962016754,8.92165336791517,1,2
19,34,20,6.90754798713335,3.49722386676696,6.66719298669429,6.81785534875698,9.40736765978041,1,2
19,34,21,6.90754798713335,3.49722386676696,5.96502997074648,5.78636656238845,8.46503011350353,1,2
19,34,23,6.90754798713335,3.49722386676696,4.37939401539444,5.382001965005,8.75693913637012,1,2
19,34,24,6.90754798713335,3.49722386676696,4.65858334562049,5.9565224045722,9.22465051909264,1,2
19,34,25,6.90754798713335,3.49722386676696,5.26686071873157,6.19770194851697,8.83035445307056,1,2
19,34,27,6.90754798713335,3.49722386676696,5.8756369660331,5.96042920465009,8.8523450037062,1,2
19,34,28,6.90754798713335,3.49722386676696,4.20932933847072,7.29444711141432,9.14634632840982,1,2
19,34,29,6.90754798713335,3.49722386676696,4.95156947265585,5.91825098124938,8.92166828898,1,2
19,34,30,6.90754798713335,3.49722386676696,2.49819777583127,5.71875193455658,8.55431404196037,1,2
19,34,31,6.90754798713335,3.49722386676696,4.97417585776802,5.65838716612418,8.79700585171979,1,2
19,34,32,6.90754798713335,3.49722386676696,4.6589375433427,5.28289255500842,9.24555962784762,1,2
19,34,34,6.90754798713335,3.49722386676696,4.69063828084951,6.71370856741808,9.2976676755384,1,2
19,34,35,6.90754798713335,3.49722386676696,6.36162423690543,6.4913665277247,9.31732613393755,1,2
19,34,37,6.90754798713335,3.49722386676696,5.41118295701781,5.96951312689553,8.7550798890148,1,2
19,34,38,6.90754798713335,3.49722386676696,5.0713686508585,6.03931621286085,8.94035342943466,1,2
19,34,40,6.90754798713335,3.49722386676696,6.14332471430248,5.6308578979541,8.97633487677608,1,2
19,34,41,6.90754798713335,3.49722386676696,4.67436494775885,5.04428798342823,9.11949131643638,1,2
19,34,44,6.90754798713335,3.49722386676696,4.37377548172412,6.72636437520098,9.35995803581456,1,2
19,34,45,6.90754798713335,3.49722386676696,5.23540969624868,5.61249654546573,8.31311624218378,1,2
19,34,46,6.90754798713335,3.49722386676696,6.32989475059546,5.8984212209945,9.25169349928403,1,2
19,34,48,6.90754798713335,3.49722386676696,6.83257107961376,5.48086085781505,8.74186425178272,1,2
19,34,50,6.90754798713335,3.49722386676696,5.15747610048708,6.29857829287175,9.74983479033359,1,2
19,34,53,6.90754798713335,3.49722386676696,3.06229161692899,6.4253058803606,9.13322994364475,1,2
19,34,55,6.90754798713335,3.49722386676696,4.13597025421181,5.7632988900561,7.92593416989137,1,2
19,34,56,6.90754798713335,3.49722386676696,4.76135803075983,6.51186648015649,9.24850339028116,1,2
19,34,57,6.90754798713335,3.49722386676696,5.70644720655576,5.82445289278656,8.90629633249978,1,2
19,34,58,6.90754798713335,3.49722386676696,5.53476863471554,5.31442904651139,8.96410132819011,1,2
19,34,60,6.90754798713335,3.49722386676696,5.74787967642896,5.76669051969935,8.63512635942678,1,2
19,34,61,6.90754798713335,3.49722386676696,6.07092197717992,5.65733292137091,8.94530820886534,1,2
19,35,2,6.90754798713335,3.49722386676696,4.78847016544194,5.92876560309171,9.19253212676666,1,2
19,35,4,6.90754798713335,3.49722386676696,5.39710761002393,5.50043129588355,9.24404569418276,1,2
19,35,7,6.90754798713335,3.49722386676696,5.45503542123089,6.26304090726967,9.21658065930128,1,2
19,35,11,6.90754798713335,3.49722386676696,4.85484323295406,6.17203339547435,9.40070516137087,1,2
19,35,12,6.90754798713335,3.49722386676696,6.42081659602953,6.10394116791092,9.45100337016542,1,2
19,35,13,6.90754798713335,3.49722386676696,6.30706124207145,6.43348432295599,9.62641660466583,1,2
19,35,17,6.90754798713335,3.49722386676696,6.03897877711722,6.1492487227852,9.56751769936159,1,2
19,35,18,6.90754798713335,3.49722386676696,5.16304914131702,6.45239939183385,10.0508734210475,1,2
19,35,19,6.90754798713335,3.49722386676696,5.413076026495,6.28852494097772,9.18974596990678,1,2
19,35,21,6.90754798713335,3.49722386676696,4.67208086890256,5.61481205970239,9.10851683362104,1,2
19,35,23,6.90754798713335,3.49722386676696,3.63769658143134,6.49692432276609,8.91821077793735,1,2
19,35,25,6.90754798713335,3.49722386676696,5.05815254620483,6.66937841412075,8.90218406846212,1,2
19,35,30,6.90754798713335,3.49722386676696,5.6970490223956,5.87288151447223,9.16484944828479,1,2
19,35,34,6.90754798713335,3.49722386676696,3.33049964843899,6.0416102528444,8.89247507486191,1,2
19,35,36,6.90754798713335,3.49722386676696,5.7991619528417,5.7486640074356,9.16327879808309,1,2
19,35,39,6.90754798713335,3.49722386676696,6.21027959520966,6.11921617628569,9.19146277684296,1,2
19,35,42,6.90754798713335,3.49722386676696,4.87358014243425,5.16683834301798,9.00679656339253,1,2
19,35,44,6.90754798713335,3.49722386676696,6.17845852573752,6.1736252919312,9.68372182923632,1,2
19,35,46,6.90754798713335,3.49722386676696,4.65694700116866,6.51373435569813,8.94760648500274,1,2
19,35,47,6.90754798713335,3.49722386676696,5.58257051503478,5.71522590493835,8.86820011627899,1,2
19,35,49,6.90754798713335,3.49722386676696,4.65804937453882,5.67909295948409,9.4947620248211,1,2
19,35,50,6.90754798713335,3.49722386676696,5.71544385182349,5.39634629716932,9.81845362139048,1,2
19,35,52,6.90754798713335,3.49722386676696,5.61322029678839,5.9275340382208,9.29915554263552,1,2
19,35,53,6.90754798713335,3.49722386676696,4.92521906318198,5.7903582859221,8.73724581601162,1,2
19,35,54,6.90754798713335,3.49722386676696,2.81538082659768,6.21244995138908,8.79959473463795,1,2
19,35,60,6.90754798713335,3.49722386676696,3.74164453378473,6.02675317335055,8.77299842881486,1,2
19,35,62,6.90754798713335,3.49722386676696,4.41120323142695,6.64677958437118,9.13964112406008,1,2
19,35,65,6.90754798713335,3.49722386676696,5.16693668301404,6.48730930608959,9.84192127829723,1,2
19,35,66,6.90754798713335,3.49722386676696,4.53493586578966,6.45075914207894,9.12281071426716,1,2
19,35,67,6.90754798713335,3.49722386676696,5.34477943221017,4.52556009312679,8.99721426077948,1,2
19,35,68,6.90754798713335,3.49722386676696,6.4962463582965,6.30614721821391,9.27699837336423,1,2
19,35,69,6.90754798713335,3.49722386676696,6.4940071671264,5.51878083803688,9.09517800066322,1,2
19,35,75,6.90754798713335,3.49722386676696,4.82262613862289,6.90326544402799,8.96150074864852,1,2
19,35,85,6.90754798713335,3.49722386676696,5.41017454841543,6.33478948797593,9.70580420775044,1,2
19,35,86,6.90754798713335,3.49722386676696,5.63804652266255,6.5290980378958,9.42575349221213,1,2
19,36,3,6.90754798713335,3.49722386676696,4.15866422794308,6.89175711447795,8.79732014638182,1,2
19,36,5,6.90754798713335,3.49722386676696,6.86318917251556,6.24343575600227,9.57170088523902,1,2
19,36,6,6.90754798713335,3.49722386676696,6.07046416444504,5.18409776544145,9.0629870836377,1,2
19,36,7,6.90754798713335,3.49722386676696,4.23924697199326,6.89186044511156,9.52785950627232,1,2
19,36,8,6.90754798713335,3.49722386676696,5.44766583539743,6.76916058919119,9.28186827932346,1,2
19,36,9,6.90754798713335,3.49722386676696,4.51390873510537,6.69260938165314,9.57139305458375,1,2
19,36,11,6.90754798713335,3.49722386676696,4.20399515616853,5.58463880800663,8.46805394337863,1,2
19,36,12,6.90754798713335,3.49722386676696,5.09631103029896,5.56549988063367,9.26156012225482,1,2
19,36,13,6.90754798713335,3.49722386676696,3.95886694690426,5.69807484907379,9.02002597903235,1,2
19,36,14,6.90754798713335,3.49722386676696,5.36843196972975,5.77459719301363,9.20012559752042,1,2
19,36,15,6.90754798713335,3.49722386676696,3.52542573442955,6.81791052931368,8.83405340545687,1,2
19,36,16,6.90754798713335,3.49722386676696,5.63997023164554,6.01951461338673,9.63052499909492,1,2
19,36,17,6.90754798713335,3.49722386676696,5.44201307538412,6.72829903890452,9.73278925175298,1,2
19,36,18,6.90754798713335,3.49722386676696,6.80009105023468,6.23588353210117,9.0791577853556,1,2
19,36,21,6.90754798713335,3.49722386676696,4.53588492153505,5.45204336386401,9.74526915326621,1,2
19,36,22,6.90754798713335,3.49722386676696,3.15296097836014,5.32795418216597,8.95258068211959,1,2
19,36,23,6.90754798713335,3.49722386676696,6.65780818518318,5.19497542306591,9.44525325431272,1,2
19,36,25,6.90754798713335,3.49722386676696,6.27488449632398,6.85464026647262,9.51791133164962,1,2
19,36,28,6.90754798713335,3.49722386676696,7.70395958787558,5.8405167646403,9.15884394596488,1,2
19,36,29,6.90754798713335,3.49722386676696,5.77474974553518,6.10401078542773,9.49284909356642,1,2
19,36,34,6.90754798713335,3.49722386676696,5.69937144805717,5.9412115139631,9.15747716557707,1,2
19,36,35,6.90754798713335,3.49722386676696,3.77387004415052,5.26549947953241,8.91834943675186,1,2
19,36,37,6.90754798713335,3.49722386676696,6.28213830600801,5.98342429703183,9.34583073687214,1,2
19,36,39,6.90754798713335,3.49722386676696,4.00748539581155,6.32478254395298,8.82975173590505,1,2
19,36,40,6.90754798713335,3.49722386676696,3.02729944283376,6.37695556956814,8.70136183350176,1,2
19,36,43,6.90754798713335,3.49722386676696,5.49648726244776,6.28516528274652,9.35548577221434,1,2
19,36,46,6.90754798713335,3.49722386676696,6.04922911650516,5.79413958095962,8.99658880905579,1,2
19,36,47,6.90754798713335,3.49722386676696,4.29775898073325,6.05854990721201,9.45337118374882,1,2
19,36,48,6.90754798713335,3.49722386676696,3.26020823493252,6.5122416404503,9.173983129868,1,2
19,36,50,6.90754798713335,3.49722386676696,2.43468907304116,6.27996422567756,9.26625742360724,1,2
19,36,52,6.90754798713335,3.49722386676696,4.61853772652103,5.46898591993074,8.9238241831731,1,2
19,36,53,6.90754798713335,3.49722386676696,5.36524219016384,5.40419338779535,9.31523076954256,1,2
19,36,55,6.90754798713335,3.49722386676696,5.44199980568741,5.74556375458628,9.19459939666728,1,2
19,36,56,6.90754798713335,3.49722386676696,7.27355462326233,6.13700256685849,9.27260101179916,1,2
19,36,57,6.90754798713335,3.49722386676696,5.07196687078299,5.91705988633141,9.53452422965462,1,2
19,36,58,6.90754798713335,3.49722386676696,5.74148714587921,5.25006009211321,8.92167750927767,1,2
19,36,59,6.90754798713335,3.49722386676696,5.36789686685211,6.65290776025101,9.8113739239678,1,2
19,36,60,6.90754798713335,3.49722386676696,5.3491768954185,7.22127836398036,9.45876355972346,1,2
19,36,62,6.90754798713335,3.49722386676696,5.01833442324565,6.63850601729005,9.55499248684765,1,2
19,36,65,6.90754798713335,3.49722386676696,3.78461564888621,6.09386867448401,9.45163992474778,1,2
19,36,67,6.90754798713335,3.49722386676696,5.88484835684484,5.97253722014782,9.5605879518262,1,2
19,36,69,6.90754798713335,3.49722386676696,4.91389029191457,6.69430154832356,8.80209789715858,1,2
19,37,3,6.90754798713335,3.49722386676696,4.78592791158571,6.01139637581984,8.98652667601012,1,2
19,37,6,6.90754798713335,3.49722386676696,4.06087419313115,6.10516355752678,9.17840253649043,1,2
19,37,7,6.90754798713335,3.49722386676696,4.28598450742949,6.2881851110447,9.24494525661919,1,2
19,37,8,6.90754798713335,3.49722386676696,4.3480413944922,5.90910676113839,9.06625364462994,1,2
19,37,11,6.90754798713335,3.49722386676696,5.1015618008295,6.07487269983115,8.63936808411632,1,2
19,37,12,6.90754798713335,3.49722386676696,4.54063963624807,5.787960394309,8.9668403497328,1,2
19,37,15,6.90754798713335,3.49722386676696,5.93247622918528,5.9510980792436,10.0738081054474,1,2
19,37,20,6.90754798713335,3.49722386676696,4.86391335538016,6.44219425350908,8.71915110075876,1,2
19,37,22,6.90754798713335,3.49722386676696,5.69607959761531,5.84028192619244,9.33145499073152,1,2
19,37,24,6.90754798713335,3.49722386676696,4.91229306891483,5.99416794394609,9.25566428604224,1,2
19,37,27,6.90754798713335,3.49722386676696,5.50475574691702,6.5793951575018,9.19055118863761,1,2
19,37,28,6.90754798713335,3.49722386676696,5.32089495400349,7.2217102177565,9.33233465179381,1,2
19,37,32,6.90754798713335,3.49722386676696,4.79707796144137,4.76916714709074,9.4123642994142,1,2
19,37,33,6.90754798713335,3.49722386676696,5.13219974795024,5.071086373177,8.93899872501172,1,2
19,37,34,6.90754798713335,3.49722386676696,5.13483133337698,6.20042927678904,9.24541071648695,1,2
19,37,35,6.90754798713335,3.49722386676696,5.56387024953801,6.63526243937421,9.31908449443979,1,2
19,37,37,6.90754798713335,3.49722386676696,5.40253845184486,6.82910480771847,8.53459593086892,1,2
19,37,39,6.90754798713335,3.49722386676696,3.17885839050716,6.44132783336343,8.91215257795813,1,2
19,37,40,6.90754798713335,3.49722386676696,3.99813182725165,6.24075740582318,9.36572246494592,1,2
19,37,41,6.90754798713335,3.49722386676696,4.91764192234222,6.55149681801253,8.96078428371154,1,2
19,37,42,6.90754798713335,3.49722386676696,6.61524979101987,6.2636081431554,9.81229816264233,1,2
19,37,43,6.90754798713335,3.49722386676696,4.04070553515946,6.22082500027654,8.74109081137426,1,2
19,37,48,6.90754798713335,3.49722386676696,3.84547783493847,5.72280030221431,8.94465669894003,1,2
19,37,49,6.90754798713335,3.49722386676696,3.59646569546499,6.8976110436697,9.45378958050813,1,2
19,37,50,6.90754798713335,3.49722386676696,2.93119841914871,5.05462069031866,9.16270370507097,1,2
19,37,51,6.90754798713335,3.49722386676696,2.8669813337506,5.85724961501183,9.34133275785982,1,2
19,37,52,6.90754798713335,3.49722386676696,4.58228455406942,5.18029159873244,9.65098029557638,1,2
19,37,54,6.90754798713335,3.49722386676696,5.55433199305067,6.45491301289292,9.78935336110368,1,2
19,37,58,6.90754798713335,3.49722386676696,2.85500269058842,5.62883947023286,9.26048279563892,1,2
19,37,59,6.90754798713335,3.49722386676696,5.51834828344319,5.64024354314875,9.28453207427978,1,2
19,37,61,6.90754798713335,3.49722386676696,4.19317151426878,7.128976819702,9.17401083520796,1,2
19,37,62,6.90754798713335,3.49722386676696,4.42165049811511,7.22580103881402,8.85138601629763,1,2
19,37,64,6.90754798713335,3.49722386676696,4.56598350327576,6.30333417190687,9.44007447002331,1,2
19,37,66,6.90754798713335,3.49722386676696,6.11788358524441,6.04255279284707,9.10941301298254,1,2
19,37,67,6.90754798713335,3.49722386676696,6.47982658301357,5.9282951718969,9.54583219051649,1,2
19,37,68,6.90754798713335,3.49722386676696,5.67709593541983,5.80424577902302,9.68758633545309,1,2
19,37,71,6.90754798713335,3.49722386676696,4.64178885685668,6.6266478039756,8.98857357628594,1,2
19,37,72,6.90754798713335,3.49722386676696,6.36684167811902,6.05586770039643,9.10431834089681,1,2
19,37,78,6.90754798713335,3.49722386676696,5.23377610816731,6.02480830496116,9.43881133399899,1,2
19,37,79,6.90754798713335,3.49722386676696,5.51360736865717,5.5557847897946,9.74242772921279,1,2
19,37,81,6.90754798713335,3.49722386676696,6.70474779261714,5.72912149262236,9.39540435980942,1,2
19,38,3,6.90754798713335,3.49722386676696,5.93447168575138,7.31236480310684,9.55939323574225,1,2
19,38,4,6.90754798713335,3.49722386676696,4.55072980360781,5.99825708600316,8.88275949977328,1,2
19,38,5,6.90754798713335,3.49722386676696,4.60286078431053,5.6060169881366,9.64810934719503,1,2
19,38,6,6.90754798713335,3.49722386676696,3.99501541369449,5.40621762890794,8.97914354997032,1,2
19,38,8,6.90754798713335,3.49722386676696,3.95940601748188,5.34464574022832,9.51786373865126,1,2
19,38,9,6.90754798713335,3.49722386676696,5.00167840106379,6.32222144227384,9.07065134233407,1,2
19,38,10,6.90754798713335,3.49722386676696,3.87961894282389,6.31827467412136,9.3979550307021,1,2
19,38,11,6.90754798713335,3.49722386676696,4.04153339939987,6.53655238294538,9.7093618301413,1,2
19,38,13,6.90754798713335,3.49722386676696,3.46599154004711,6.77832137169784,8.91084165241989,1,2
19,38,14,6.90754798713335,3.49722386676696,4.83236005635594,5.09620791173447,9.22183270509102,1,2
19,38,15,6.90754798713335,3.49722386676696,5.78743434213328,7.18649708546386,9.96646199599374,1,2
19,38,16,6.90754798713335,3.49722386676696,5.72247752240854,6.24448960077186,9.19254947866429,1,2
19,38,17,6.90754798713335,3.49722386676696,6.03977420750556,5.13865662220779,9.0937535345319,1,2
19,38,20,6.90754798713335,3.49722386676696,6.56348663076315,6.14354570921131,9.39436110526003,1,2
19,38,26,6.90754798713335,3.49722386676696,3.54356340964857,6.32731520242753,9.38629972427313,1,2
19,38,27,6.90754798713335,3.49722386676696,4.34610185226688,5.10619273739548,8.57284005877014,1,2
19,38,28,6.90754798713335,3.49722386676696,4.59160759696725,6.40850018084678,9.27521375385566,1,2
19,38,31,6.90754798713335,3.49722386676696,3.73069867670685,6.79422015044143,8.68882830914228,1,2
19,38,33,6.90754798713335,3.49722386676696,4.39666245344578,5.19458823740582,9.21632947933323,1,2
19,38,34,6.90754798713335,3.49722386676696,5.0915043437793,6.04740008178537,8.89580504497766,1,2
19,38,35,6.90754798713335,3.49722386676696,4.9035517986499,6.4393807786114,9.8889566194687,1,2
19,38,37,6.90754798713335,3.49722386676696,2.37388086050288,6.54614453367381,9.48887009737659,1,2
19,38,38,6.90754798713335,3.49722386676696,6.58068437316647,5.53346559836651,9.68167391493124,1,2
19,38,39,6.90754798713335,3.49722386676696,4.20645721225927,6.82024015438613,9.92116740819197,1,2
19,38,43,6.90754798713335,3.49722386676696,2.98554013943935,6.60866882166285,9.2291080989435,1,2
19,38,44,6.90754798713335,3.49722386676696,3.74564445894947,5.84982555090997,8.88906883273365,1,2
19,38,45,6.90754798713335,3.49722386676696,6.49769773996875,5.11821381901316,9.28248000200266,1,2
19,38,49,6.90754798713335,3.49722386676696,5.69825050666942,5.49087286190513,9.77683396085222,1,2
19,38,51,6.90754798713335,3.49722386676696,4.10632622215673,6.05302671216219,8.89938435432779,1,2
19,38,53,6.90754798713335,3.49722386676696,5.80873299013202,6.0443989740976,9.42828368395072,1,2
19,38,54,6.90754798713335,3.49722386676696,4.94340999245575,6.10826110451423,10.143427144317,1,2
19,38,56,6.90754798713335,3.49722386676696,6.90197561875514,5.88528619275782,9.21406620749966,1,2
19,38,57,6.90754798713335,3.49722386676696,3.40335527841556,6.2035512559219,9.01343106208579,1,2
19,38,58,6.90754798713335,3.49722386676696,6.59206259044054,6.62686293616219,9.5429800531363,1,2
19,38,59,6.90754798713335,3.49722386676696,5.64177760789619,5.60362010364592,9.06372173732095,1,2
19,38,62,6.90754798713335,3.49722386676696,3.59579492872072,5.47863029291521,9.24689611387964,1,2
19,38,63,6.90754798713335,3.49722386676696,4.43744175664728,6.00253952673238,9.69097446988901,1,2
19,38,64,6.90754798713335,3.49722386676696,4.9718337948593,4.85894461395135,9.41311984917354,1,2
19,38,65,6.90754798713335,3.49722386676696,4.02791799573643,4.56752746397012,9.06216185281606,1,2
19,38,66,6.90754798713335,3.49722386676696,3.01727148492275,6.84294056446714,9.718076375876,1,2
19,38,70,6.90754798713335,3.49722386676696,4.53297181330708,5.33924846914303,8.90209005257355,1,2
19,38,76,6.90754798713335,3.49722386676696,3.8622222944467,6.84613472373932,9.09508739476901,1,2
19,39,1,6.90754798713335,3.49722386676696,6.05578460167262,5.64036654648029,9.71202727722979,1,2
19,39,2,6.90754798713335,3.49722386676696,5.7485747613012,5.91588030320075,9.00408955507804,1,2
19,39,4,6.90754798713335,3.49722386676696,4.15340313188963,6.10828279096979,9.44404070176629,1,2
19,39,5,6.90754798713335,3.49722386676696,6.65016893759508,6.15728580054969,9.23070277670439,1,2
19,39,7,6.90754798713335,3.49722386676696,4.37382926471307,6.1366058534335,8.74288967621036,1,2
19,39,9,6.90754798713335,3.49722386676696,6.05570289769233,6.60084700498418,9.49574682715193,1,2
19,39,11,6.90754798713335,3.49722386676696,5.70717068237836,6.49264120872292,9.41940363515468,1,2
19,39,12,6.90754798713335,3.49722386676696,4.55986774393699,5.97609123394016,8.98272626536665,1,2
19,39,13,6.90754798713335,3.49722386676696,6.74816089543349,7.11300949978526,9.41169914669098,1,2
19,39,17,6.90754798713335,3.49722386676696,7.02889715679086,5.33890047574139,9.49050866735304,1,2
19,39,18,6.90754798713335,3.49722386676696,4.05408742253037,6.12774956899923,8.8441775014384,1,2
19,39,22,6.90754798713335,3.49722386676696,3.62855980965182,4.88485801574631,9.22241659239065,1,2
19,39,25,6.90754798713335,3.49722386676696,4.17710202022678,5.46425243166536,9.27603080918647,1,2
19,39,28,6.90754798713335,3.49722386676696,6.41912304286536,6.15886394459252,9.75935713271466,1,2
19,39,29,6.90754798713335,3.49722386676696,5.22573959230527,6.17599038525102,9.71628046971171,1,2
19,39,32,6.90754798713335,3.49722386676696,4.35863425166717,6.51612716398017,9.25941538582245,1,2
19,39,34,6.90754798713335,3.49722386676696,4.30093177886595,5.40586340983788,9.58193473727002,1,2
19,39,35,6.90754798713335,3.49722386676696,6.25865805674827,6.27798663301343,9.6789503955318,1,2
19,39,36,6.90754798713335,3.49722386676696,4.79690881263507,5.81455413404438,9.20193464576049,1,2
19,39,37,6.90754798713335,3.49722386676696,5.43898714711403,6.10154438897766,9.36553530897256,1,2
19,39,38,6.90754798713335,3.49722386676696,4.53852022320334,5.31745165027383,9.13765299759266,1,2
19,39,42,6.90754798713335,3.49722386676696,5.32310169734723,5.76542592898632,8.72682634201877,1,2
19,39,44,6.90754798713335,3.49722386676696,5.51729802646291,5.9611642968136,9.24488557794214,1,2
19,39,46,6.90754798713335,3.49722386676696,2.98989866355389,5.40576378605894,9.12645840992963,1,2
19,39,47,6.90754798713335,3.49722386676696,5.65442763220753,6.48312456726354,9.65265584176635,1,2
19,39,50,6.90754798713335,3.49722386676696,3.87501461663615,5.92264441071975,8.91241137052662,1,2
19,39,51,6.90754798713335,3.49722386676696,6.51825760677944,5.90978290823465,9.40091257234918,1,2
19,39,52,6.90754798713335,3.49722386676696,5.20258616510888,6.02552431014421,9.08894248432001,1,2
19,39,54,6.90754798713335,3.49722386676696,5.12479834284741,5.68599165602093,9.3840646569328,1,2
19,39,55,6.90754798713335,3.49722386676696,2.70332920650726,5.70686996427285,8.98667312316851,1,2
19,39,57,6.90754798713335,3.49722386676696,5.1126608610148,5.09137726738579,9.02651384648206,1,2
19,39,58,6.90754798713335,3.49722386676696,4.66063667146589,5.48535421158094,9.32179464826045,1,2
19,39,59,6.90754798713335,3.49722386676696,4.80262662297002,6.52454172678182,9.83547542367346,1,2
19,39,62,6.90754798713335,3.49722386676696,5.39250032268075,6.10977404240567,9.08359827701946,1,2
19,39,63,6.90754798713335,3.49722386676696,5.99343461159198,6.21494067214035,9.12702408708763,1,2
19,39,64,6.90754798713335,3.49722386676696,5.11209475754214,6.29706146338935,9.2560697987957,1,2
19,39,65,6.90754798713335,3.49722386676696,4.70774461049254,6.10233003789371,9.1982747453488,1,2
19,39,66,6.90754798713335,3.49722386676696,6.15327512862109,5.50726225315797,9.52453307879852,1,2
19,39,67,6.90754798713335,3.49722386676696,4.22554162250034,5.8234934424873,9.39832123985776,1,2
19,39,68,6.90754798713335,3.49722386676696,6.2995389616124,6.53400529790565,9.7891791619517,1,2
19,39,72,6.90754798713335,3.49722386676696,5.26634972964608,5.94728921320996,8.86097786299248,1,2
19,39,73,6.90754798713335,3.49722386676696,5.94353200137235,6.4360303058091,9.67565338298829,1,2
19,39,74,6.90754798713335,3.49722386676696,3.79257854985279,6.2204424900591,9.49069818325963,1,2
19,39,75,6.90754798713335,3.49722386676696,5.45479661640324,6.22936311930603,10.3349040180672,1,2
19,39,79,6.90754798713335,3.49722386676696,5.03396033807581,6.78105930647906,9.18233040152263,1,2
19,39,83,6.90754798713335,3.49722386676696,3.52716730927995,5.91015804651678,9.4339133667129,1,2
19,39,85,6.90754798713335,3.49722386676696,4.11874741352221,6.04991691638648,8.99484846229256,1,2
19,39,86,6.90754798713335,3.49722386676696,4.09867266513874,6.9709356726409,8.79430254054267,1,2
19,39,91,6.90754798713335,3.49722386676696,4.9334939744956,5.93045300186154,9.26755822776388,1,2
19,39,92,6.90754798713335,3.49722386676696,5.5248926597577,5.67988148966208,8.79621023748767,1,2
19,39,93,6.90754798713335,3.49722386676696,5.07949752385874,6.25635631259994,9.43640176267063,1,2
19,39,94,6.90754798713335,3.49722386676696,4.15027393932165,5.95752773944133,9.53479811568469,1,2
19,39,97,6.90754798713335,3.49722386676696,4.927198759188,6.1096339097828,9.1236500609642,1,2
19,40,1,6.90754798713335,3.49722386676696,6.10884078213384,6.65250015015646,9.55476586328348,1,2
19,40,2,6.90754798713335,3.49722386676696,3.58157454628946,6.42675407663728,8.669470094776,1,2
19,40,6,6.90754798713335,3.49722386676696,4.35740006105496,4.99323344237723,9.01892548997997,1,2
19,40,7,6.90754798713335,3.49722386676696,4.97973555498377,6.96165900794697,9.25247617755458,1,2
19,40,9,6.90754798713335,3.49722386676696,6.22982763363737,6.12597006106259,9.55098881641714,1,2
19,40,11,6.90754798713335,3.49722386676696,6.16310663507832,5.69341062873408,9.70776296168959,1,2
19,40,16,6.90754798713335,3.49722386676696,6.03549092870836,6.15532846147061,9.09022806592278,1,2
19,40,17,6.90754798713335,3.49722386676696,5.87800750232627,4.99304033841217,9.69660861181917,1,2
19,40,18,6.90754798713335,3.49722386676696,5.49092218604242,6.1917636325751,9.65065816537517,1,2
19,40,19,6.90754798713335,3.49722386676696,7.58120686560201,5.99165615599759,10.0656152013169,1,2
19,40,24,6.90754798713335,3.49722386676696,4.34468373229403,5.6472265327378,8.85843702053081,1,2
19,40,29,6.90754798713335,3.49722386676696,5.66854420758659,6.61231329704742,9.53891685259621,1,2
19,40,30,6.90754798713335,3.49722386676696,4.22066997071635,5.20508877800571,9.12774479482389,1,2
19,40,33,6.90754798713335,3.49722386676696,5.01562850747577,6.41806079437273,9.37053732573013,1,2
19,40,35,6.90754798713335,3.49722386676696,5.04779959358262,5.97388533813246,9.51773575163296,1,2
19,40,36,6.90754798713335,3.49722386676696,4.19204870939875,6.78790548451573,9.22738221990699,1,2
19,40,37,6.90754798713335,3.49722386676696,6.94768558763069,6.06333583619204,9.44335074285129,1,2
19,40,40,6.90754798713335,3.49722386676696,6.16490128442161,6.50710318815331,9.6045303270736,1,2
19,40,42,6.90754798713335,3.49722386676696,4.89964796879214,6.87320914577275,8.84157637037935,1,2
19,40,43,6.90754798713335,3.49722386676696,4.84868963519846,5.80488759388108,9.11916365056207,1,2
19,40,44,6.90754798713335,3.49722386676696,4.86188891501814,6.66562015918925,9.40062271800307,1,2
19,40,45,6.90754798713335,3.49722386676696,4.17094214502081,5.78932535030343,9.10597090427134,1,2
19,40,46,6.90754798713335,3.49722386676696,5.61971021054531,5.59068208824488,9.68943627192958,1,2
19,40,47,6.90754798713335,3.49722386676696,5.21004676970945,5.20333244963144,9.50211211970078,1,2
19,40,51,6.90754798713335,3.49722386676696,4.22686478811329,5.48935441501041,9.53552308037308,1,2
19,40,56,6.90754798713335,3.49722386676696,5.87173769435524,5.56430391926273,9.43598829159713,1,2
19,40,59,6.90754798713335,3.49722386676696,5.23417691911311,5.82240232537459,9.41251945903674,1,2
19,40,64,6.90754798713335,3.49722386676696,5.84059686023671,5.780528553308,9.45204805007818,1,2
19,40,67,6.90754798713335,3.49722386676696,5.05962188867037,6.79098831333816,9.09743585642983,1,2
19,40,69,6.90754798713335,3.49722386676696,5.35147776206265,6.01074506385083,9.46520597916815,1,2
19,40,70,6.90754798713335,3.49722386676696,3.66594992818802,5.29856305652231,9.76468787960865,1,2
19,40,73,6.90754798713335,3.49722386676696,4.62714431478611,5.21925233567805,9.25577416307066,1,2
19,40,76,6.90754798713335,3.49722386676696,6.2004279287757,5.95216288927277,9.34451923815708,1,2
19,40,77,6.90754798713335,3.49722386676696,4.70714194497952,5.25023866820939,9.40484533477733,1,2
19,40,78,6.90754798713335,3.49722386676696,5.92485397738599,5.67953397111157,9.30652089612079,1,2
19,40,80,6.90754798713335,3.49722386676696,7.65383027048465,6.03080810629237,9.5134188294282,1,2
19,40,83,6.90754798713335,3.49722386676696,5.70923648711354,6.80881219666815,9.69334643059393,1,2
19,40,84,6.90754798713335,3.49722386676696,5.59716074199127,5.71570679693941,9.29167759447063,1,2
19,40,86,6.90754798713335,3.49722386676696,5.60446549006664,5.99000233820517,9.34857098123589,1,2
19,40,88,6.90754798713335,3.49722386676696,5.05654962130051,5.16238740160668,9.62773872460201,1,2
19,40,93,6.90754798713335,3.49722386676696,5.02889575792166,5.4800698329126,9.54253565552114,1,2
19,40,94,6.90754798713335,3.49722386676696,5.32677501196773,4.86044535753792,10.1270569030685,1,2
19,40,96,6.90754798713335,3.49722386676696,4.42590262657599,6.19391319467653,8.82168390325134,1,2
19,40,97,6.90754798713335,3.49722386676696,3.86723910294214,5.44423551217819,9.05927463909365,1,2
19,40,98,6.90754798713335,3.49722386676696,4.83001502780577,6.56909014603538,9.24702376419643,1,2
19,41,1,6.90754798713335,3.49722386676696,3.65800965984392,6.22836158401972,9.66141627733994,1,2
19,41,2,6.90754798713335,3.49722386676696,3.67328256069187,5.15042325210038,9.36543467136758,1,2
19,41,4,6.90754798713335,3.49722386676696,5.55068510954293,5.32844611053556,9.87841953583598,1,2
19,41,5,6.90754798713335,3.49722386676696,5.13662036878717,6.15523203696674,9.44292027388053,1,2
19,41,8,6.90754798713335,3.49722386676696,5.53171979823225,6.65516961994819,9.30966225595345,1,2
19,41,9,6.90754798713335,3.49722386676696,4.56161489583885,6.64483798631149,9.87016245692222,1,2
19,41,10,6.90754798713335,3.49722386676696,3.50739142284164,5.34897884439454,9.47888780802101,1,2
19,41,11,6.90754798713335,3.49722386676696,6.00458129766176,6.85092979495055,9.71596678761893,1,2
19,41,13,6.90754798713335,3.49722386676696,4.63120295963648,5.08816905073433,9.67625693711134,1,2
19,41,16,6.90754798713335,3.49722386676696,5.8073596144382,5.59073311990024,10.1236586390655,1,2
19,41,17,6.90754798713335,3.49722386676696,4.566565065284,5.80360025664256,9.49087603582846,1,2
19,41,20,6.90754798713335,3.49722386676696,6.09418507962164,5.91064748293081,9.66742216684121,1,2
19,41,21,6.90754798713335,3.49722386676696,4.31445460257052,5.33020502545147,9.60538710892237,1,2
19,41,23,6.90754798713335,3.49722386676696,6.93335350058817,6.11732063968086,9.79213762028914,1,2
19,41,31,6.90754798713335,3.49722386676696,4.42121144951975,6.04795783801869,9.01633960130979,1,2
19,41,33,6.90754798713335,3.49722386676696,5.78142261761075,6.51559632056652,10.1140731649205,1,2
19,41,34,6.90754798713335,3.49722386676696,2.46878468523662,5.05443950471017,9.3554157404373,1,2
19,41,35,6.90754798713335,3.49722386676696,5.71200516559289,6.05434078992976,9.66234325027775,1,2
19,41,37,6.90754798713335,3.49722386676696,5.62529527317442,7.21413755164026,9.2220144494394,1,2
19,41,41,6.90754798713335,3.49722386676696,7.0741614735285,5.31963985896652,9.90366307952284,1,2
19,41,44,6.90754798713335,3.49722386676696,5.73206520460207,5.94096876295664,9.28424833926314,1,2
19,41,46,6.90754798713335,3.49722386676696,4.3618476087034,6.36448326353879,9.42813052710055,1,2
19,41,47,6.90754798713335,3.49722386676696,5.84779554205127,6.23401391448294,9.58050741211827,1,2
19,41,48,6.90754798713335,3.49722386676696,4.62786972314913,6.18606678492314,9.73162843193849,1,2
19,41,50,6.90754798713335,3.49722386676696,4.85854033994227,5.77781172616981,9.95848181205544,1,2
19,41,53,6.90754798713335,3.49722386676696,5.00239125437776,5.77452207685645,9.58929114863011,1,2
19,41,54,6.90754798713335,3.49722386676696,7.25065696448152,6.13387622731632,10.0447433064919,1,2
19,41,56,6.90754798713335,3.49722386676696,5.08771583694715,5.597854873969,9.87150937910581,1,2
19,41,58,6.90754798713335,3.49722386676696,5.71707860275709,5.88172370637049,9.7832569969287,1,2
19,41,62,6.90754798713335,3.49722386676696,5.50731382573484,5.77962589758208,10.2145860129042,1,2
19,41,63,6.90754798713335,3.49722386676696,4.56460344714031,6.08554309857763,9.11303995713537,1,2
19,41,64,6.90754798713335,3.49722386676696,3.7126898974388,5.17784064637457,9.35412106251803,1,2
19,41,65,6.90754798713335,3.49722386676696,4.67111289027842,5.77668279413259,8.95523213349445,1,2
19,41,66,6.90754798713335,3.49722386676696,3.37172918038223,5.27058017895119,9.45011313532198,1,2
19,41,68,6.90754798713335,3.49722386676696,4.9423293709432,6.57431775626012,10.4064978121592,1,2
19,41,69,6.90754798713335,3.49722386676696,5.60674602085007,6.2966366306588,9.62028632848245,1,2
19,41,70,6.90754798713335,3.49722386676696,2.89169331493775,6.4915268432319,8.80690641328092,1,2
20,1,1,7.88873721248677,3.38833766870965,5.14722981175956,5.80264207472222,2.1875552521286,1,2
20,1,2,7.88873721248677,3.38833766870965,7.07040161336842,5.30083945973232,1.95304326003284,1,2
20,1,5,7.88873721248677,3.38833766870965,5.53560687061874,6.44142591987202,2.46534874258642,1,2
20,1,10,7.88873721248677,3.38833766870965,4.574958993413,6.06845066292054,2.29680911312044,1,2
20,1,12,7.88873721248677,3.38833766870965,6.26032214457605,6.12983060549184,2.14181074794916,1,2
20,1,13,7.88873721248677,3.38833766870965,5.89674432080927,5.81416069980584,2.0817207887364,1,2
20,1,14,7.88873721248677,3.38833766870965,5.21532971099618,6.35909991556477,2.40094293127576,1,2
20,1,15,7.88873721248677,3.38833766870965,4.65540890482816,6.70407018743907,2.4207069880878,1,2
20,1,16,7.88873721248677,3.38833766870965,5.24636063743119,6.76378553437218,2.48184659177229,1,2
20,1,17,7.88873721248677,3.38833766870965,3.84395099488299,6.84679479515839,2.54487286575756,1,2
20,1,25,7.88873721248677,3.38833766870965,6.64103888473887,6.77008404604796,2.74547496391178,1,2
20,1,26,7.88873721248677,3.38833766870965,4.56436773649462,5.52324978538309,2.08708594598043,1,2
20,1,27,7.88873721248677,3.38833766870965,6.47616825544881,5.66483858549603,1.86034144627818,1,2
20,1,28,7.88873721248677,3.38833766870965,2.93655009119012,5.41647724641683,2.06171598312527,1,2
20,1,31,7.88873721248677,3.38833766870965,5.60798992266837,5.62432404945295,1.93267151882093,1,2
20,1,32,7.88873721248677,3.38833766870965,5.82483326155312,5.61765986280652,2.02606065832042,1,2
20,1,33,7.88873721248677,3.38833766870965,6.99902501442085,4.78196618768601,1.80464079778341,1,2
20,1,34,7.88873721248677,3.38833766870965,3.75563289337036,5.39894535607687,1.95700473211813,1,2
20,1,35,7.88873721248677,3.38833766870965,3.39132166324723,5.99292055029822,2.09386933597506,1,2
20,1,38,7.88873721248677,3.38833766870965,5.62952330253642,6.18961765721229,2.37293065098566,1,2
20,1,39,7.88873721248677,3.38833766870965,3.08676041146808,6.24094768982805,2.13595895721494,1,2
20,1,41,7.88873721248677,3.38833766870965,4.76818056199304,5.88445001673883,2.10675307358231,1,2
20,1,42,7.88873721248677,3.38833766870965,6.42105219016027,5.70675302528032,2.16502915396949,1,2
20,1,51,7.88873721248677,3.38833766870965,2.69771233651033,6.11061035618777,2.16298868459398,1,2
20,1,53,7.88873721248677,3.38833766870965,5.76314858469623,6.08170660144344,2.1921965421315,1,2
20,1,55,7.88873721248677,3.38833766870965,2.95868219951692,5.68490394274157,2.08245573180823,1,2
20,1,56,7.88873721248677,3.38833766870965,4.03721359919511,6.17621565271329,2.26841404283973,1,2
20,1,57,7.88873721248677,3.38833766870965,7.01060195842598,5.75958294374342,2.07224795379292,1,2
20,1,58,7.88873721248677,3.38833766870965,5.95546166406598,5.60403742131288,1.97829635567099,1,2
20,1,59,7.88873721248677,3.38833766870965,5.27341659380313,6.3221442148995,2.2503096271803,1,2
20,1,60,7.88873721248677,3.38833766870965,4.66535161959575,5.98361275405431,2.21672955974582,1,2
20,1,63,7.88873721248677,3.38833766870965,4.60557287230872,6.1303103678116,2.13855941718336,1,2
20,1,64,7.88873721248677,3.38833766870965,5.66202595314127,6.4429457023114,2.58752813406136,1,2
20,1,67,7.88873721248677,3.38833766870965,6.87186099453928,5.96823909544234,2.28393473753678,1,2
20,1,73,7.88873721248677,3.38833766870965,3.84288958000881,5.83606053103054,2.16520051328502,1,2
20,1,74,7.88873721248677,3.38833766870965,3.49723612513797,5.32267379830031,2.07164938668079,1,2
20,1,77,7.88873721248677,3.38833766870965,5.31481858746256,6.45208917355159,2.28349723976619,1,2
20,1,79,7.88873721248677,3.38833766870965,4.66386644387224,6.00786846141678,2.26905311521197,1,2
20,1,80,7.88873721248677,3.38833766870965,5.75460214286174,6.05931518608507,2.27170695951899,1,2
20,1,83,7.88873721248677,3.38833766870965,7.14949970106539,6.37107450266422,2.37643156150472,1,2
20,1,84,7.88873721248677,3.38833766870965,5.2817833868385,6.20464623118034,2.11150538256345,1,2
20,1,86,7.88873721248677,3.38833766870965,5.85855052701958,5.92529299677848,2.2197738442732,1,2
20,1,87,7.88873721248677,3.38833766870965,4.22019030375627,6.29920020968273,2.13557199380422,1,2
20,1,88,7.88873721248677,3.38833766870965,4.34488266583465,6.09601229404603,2.13093858012738,1,2
20,1,92,7.88873721248677,3.38833766870965,5.6331882460788,6.41941427743837,2.40630732058979,1,2
20,1,93,7.88873721248677,3.38833766870965,5.89779719573122,5.98187505417494,2.34253913469587,1,2
20,1,94,7.88873721248677,3.38833766870965,4.8453773698841,5.61727692998616,2.13764870520312,1,2
20,1,95,7.88873721248677,3.38833766870965,3.68194826154572,7.14584327324176,2.47924571815801,1,2
20,1,96,7.88873721248677,3.38833766870965,4.75592254007562,5.82093745388159,2.07441138013408,1,2
20,2,2,7.88873721248677,3.38833766870965,4.20352592926767,5.12199499138134,2.61756165914553,1,2
20,2,11,7.88873721248677,3.38833766870965,5.53833991236397,5.94342915887836,3.08928250685668,1,2
20,2,12,7.88873721248677,3.38833766870965,5.47311141012874,6.04016171193634,3.01538574987623,1,2
20,2,14,7.88873721248677,3.38833766870965,5.50242682863927,6.22743318659708,3.26282719245012,1,2
20,2,15,7.88873721248677,3.38833766870965,3.34436762513478,6.49859656923992,3.34607987890791,1,2
20,2,17,7.88873721248677,3.38833766870965,3.81484813273556,6.61064475238712,3.4407618249942,1,2
20,2,18,7.88873721248677,3.38833766870965,6.0852504880387,6.163974007093,3.13998394438074,1,2
20,2,19,7.88873721248677,3.38833766870965,5.21163494660616,5.70164834351225,3.10642085236571,1,2
20,2,21,7.88873721248677,3.38833766870965,5.52862531233759,6.01068408030752,3.1249856619677,1,2
20,2,22,7.88873721248677,3.38833766870965,5.06688745634936,5.82554759772554,3.27281806045603,1,2
20,2,23,7.88873721248677,3.38833766870965,5.79179384717197,5.2733353805939,2.91100365212942,1,2
20,2,24,7.88873721248677,3.38833766870965,5.0890435124026,6.29279910789114,3.1505260123072,1,2
20,2,25,7.88873721248677,3.38833766870965,4.27718717779026,6.46000912901657,3.35188815862015,1,2
20,2,26,7.88873721248677,3.38833766870965,4.71720333166686,5.89441070232769,3.0466984165653,1,2
20,2,28,7.88873721248677,3.38833766870965,5.22025028363638,5.84308245984902,2.93298428873709,1,2
20,2,31,7.88873721248677,3.38833766870965,4.16668080468967,5.56626440172725,2.77614952745118,1,2
20,2,33,7.88873721248677,3.38833766870965,4.59507607053223,6.38998314461208,3.54780771187289,1,2
20,2,36,7.88873721248677,3.38833766870965,4.26836598048678,6.06751683105016,3.1889033601396,1,2
20,2,39,7.88873721248677,3.38833766870965,5.62539001933571,6.47158171716124,3.30228015045418,1,2
20,2,40,7.88873721248677,3.38833766870965,4.73574603474845,5.51533805043457,2.85064447185115,1,2
20,2,41,7.88873721248677,3.38833766870965,4.90266058220005,5.47672638938721,2.91962452896064,1,2
20,2,43,7.88873721248677,3.38833766870965,3.6694946949109,5.93884678844692,3.04598536860319,1,2
20,2,45,7.88873721248677,3.38833766870965,2.58361241695994,6.46649048272659,3.42916245913396,1,2
20,2,47,7.88873721248677,3.38833766870965,4.68876391109131,5.29839423421678,2.97337915878249,1,2
20,2,49,7.88873721248677,3.38833766870965,5.53318263814019,5.74938135882792,3.09927160193909,1,2
20,2,50,7.88873721248677,3.38833766870965,3.31925839433069,5.31149967639025,2.90508365874274,1,2
20,2,51,7.88873721248677,3.38833766870965,4.73855690705823,5.69531926317568,3.05687690401266,1,2
20,2,54,7.88873721248677,3.38833766870965,6.1369786574658,6.02489016614435,3.08622984218623,1,2
20,2,55,7.88873721248677,3.38833766870965,6.04576885154729,6.40090763276544,3.36132475262413,1,2
20,2,56,7.88873721248677,3.38833766870965,5.32369329884644,5.59153389162792,2.93364137618944,1,2
20,2,57,7.88873721248677,3.38833766870965,5.53165398780158,6.5492945569468,3.23259384316171,1,2
20,2,59,7.88873721248677,3.38833766870965,3.86501230985021,5.36171663730768,2.92419823533513,1,2
20,2,60,7.88873721248677,3.38833766870965,4.77202908647575,6.81163791954894,3.43354328704152,1,2
20,3,2,7.88873721248677,3.38833766870965,5.51524207777198,5.65743034120384,3.72828245763342,1,2
20,3,3,7.88873721248677,3.38833766870965,5.63006618121098,6.66820076975234,3.98247139388563,1,2
20,3,4,7.88873721248677,3.38833766870965,4.24046181971007,6.29219237985155,3.84971942038079,1,2
20,3,5,7.88873721248677,3.38833766870965,4.87130649986497,5.44053046367605,3.44549577544136,1,2
20,3,8,7.88873721248677,3.38833766870965,6.74432126784106,6.62125796933656,3.90498474957976,1,2
20,3,9,7.88873721248677,3.38833766870965,3.0119391634108,4.71164199648798,3.22567104496221,1,2
20,3,12,7.88873721248677,3.38833766870965,4.8649614257188,5.88965541363584,3.46437216266953,1,2
20,3,21,7.88873721248677,3.38833766870965,5.30441276739442,6.4970543223914,3.83988753335863,1,2
20,3,24,7.88873721248677,3.38833766870965,4.24588376237861,6.16641064812051,3.67398544761228,1,2
20,3,25,7.88873721248677,3.38833766870965,4.60535170111362,6.75956550512238,4.13087833726426,1,2
20,3,26,7.88873721248677,3.38833766870965,7.0113492296029,6.49206530068284,4.0074647940449,1,2
20,3,27,7.88873721248677,3.38833766870965,5.08347992887469,5.80907338521851,3.69471054570821,1,2
20,3,28,7.88873721248677,3.38833766870965,5.28085732842745,6.48026719555797,3.91072935254955,1,2
20,3,31,7.88873721248677,3.38833766870965,5.97489706834653,5.36310595995059,3.42578501718514,1,2
20,3,32,7.88873721248677,3.38833766870965,6.68566320926378,4.94206063517144,3.43339026092911,1,2
20,3,33,7.88873721248677,3.38833766870965,4.2006613612833,6.14317291111768,3.80641119028237,1,2
20,3,34,7.88873721248677,3.38833766870965,2.68026185303033,5.79609311437056,3.69173262034193,1,2
20,3,36,7.88873721248677,3.38833766870965,4.85964294544734,5.31474167005328,3.34024554382479,1,2
20,3,38,7.88873721248677,3.38833766870965,5.43919291316152,7.08227578880311,4.21287858246858,1,2
20,3,43,7.88873721248677,3.38833766870965,3.22992634608721,6.72089069407072,3.96743475089479,1,2
20,3,44,7.88873721248677,3.38833766870965,7.3892111967657,6.1304423476881,3.66764967486706,1,2
20,3,46,7.88873721248677,3.38833766870965,6.61134179085312,5.86887645170395,3.57285906572432,1,2
20,3,50,7.88873721248677,3.38833766870965,3.69876825545219,5.5958548840963,3.40926918285617,1,2
20,3,52,7.88873721248677,3.38833766870965,5.2113397919096,6.61071067309063,3.96061746896085,1,2
20,3,54,7.88873721248677,3.38833766870965,5.24375295206714,5.87247807129867,3.7472017286716,1,2
20,3,57,7.88873721248677,3.38833766870965,4.79811773675272,5.88666451990989,3.65526945860228,1,2
20,4,2,7.88873721248677,3.38833766870965,6.99853543959945,5.67458136845548,3.93419254125357,1,2
20,4,6,7.88873721248677,3.38833766870965,5.50500859999353,5.7560039003209,4.16781565460328,1,2
20,4,9,7.88873721248677,3.38833766870965,4.8387388695248,5.91116815008422,4.13655379395871,1,2
20,4,11,7.88873721248677,3.38833766870965,4.52206453785791,6.14900809825422,4.1479883112266,1,2
20,4,15,7.88873721248677,3.38833766870965,5.74505420832074,6.81620403620366,4.5237990878364,1,2
20,4,24,7.88873721248677,3.38833766870965,4.66340374518361,6.12136510312578,4.07139678248007,1,2
20,4,26,7.88873721248677,3.38833766870965,6.07633465676082,5.99344714521833,4.21045450759679,1,2
20,4,30,7.88873721248677,3.38833766870965,3.26075412779352,5.24165031163659,3.7032993215591,1,2
20,4,31,7.88873721248677,3.38833766870965,5.48288791480327,5.30960609863709,3.84907347232776,1,2
20,4,32,7.88873721248677,3.38833766870965,3.72879955033474,5.48487360651429,4.08642904324767,1,2
20,4,33,7.88873721248677,3.38833766870965,5.42093410603198,6.14895745618447,4.19362084228671,1,2
20,4,34,7.88873721248677,3.38833766870965,4.94427756963947,6.28331706508725,4.30811891848445,1,2
20,4,35,7.88873721248677,3.38833766870965,4.79816155826228,6.67442335951312,4.47911103632621,1,2
20,4,36,7.88873721248677,3.38833766870965,5.8965388435479,5.72497978652996,4.11359180158498,1,2
20,4,37,7.88873721248677,3.38833766870965,5.98286845481266,5.75579215890205,4.26030163074024,1,2
20,4,41,7.88873721248677,3.38833766870965,6.4389668512495,6.19467791680242,4.1846511515838,1,2
20,4,42,7.88873721248677,3.38833766870965,5.34627963852577,5.5560684840363,3.98086474095679,1,2
20,4,43,7.88873721248677,3.38833766870965,5.87323988902904,6.30756366688567,4.15537606181084,1,2
20,4,44,7.88873721248677,3.38833766870965,3.99857218761757,5.56779859580279,3.95556438112422,1,2
20,4,45,7.88873721248677,3.38833766870965,5.2432729271791,5.10721735967441,3.73476004004161,1,2
20,4,47,7.88873721248677,3.38833766870965,5.56856482880586,5.61024397344101,4.24842279425127,1,2
20,4,48,7.88873721248677,3.38833766870965,5.37655377184652,6.85074019964278,4.49148471060425,1,2
20,4,50,7.88873721248677,3.38833766870965,4.53328302076156,6.01914740616376,4.15406335763804,1,2
20,4,52,7.88873721248677,3.38833766870965,7.19363806839978,4.82888959671418,3.67525428774932,1,2
20,4,53,7.88873721248677,3.38833766870965,5.63744590482501,5.82967273181379,4.03046440294926,1,2
20,4,55,7.88873721248677,3.38833766870965,4.71834844712357,6.06923028073689,4.26998422542387,1,2
20,4,57,7.88873721248677,3.38833766870965,4.4343006961928,6.35456816385582,4.30700961560755,1,2
20,4,60,7.88873721248677,3.38833766870965,5.35435565579518,6.57062997733468,4.23103596879992,1,2
20,4,61,7.88873721248677,3.38833766870965,6.10117069158221,5.64785725114426,4.21582404023236,1,2
20,4,63,7.88873721248677,3.38833766870965,3.19173843595356,5.44720114310948,3.88606839742886,1,2
20,4,64,7.88873721248677,3.38833766870965,5.86733943301708,5.27395635512263,3.78501760325148,1,2
20,4,65,7.88873721248677,3.38833766870965,3.58205313066691,5.97494562519559,4.17404170440634,1,2
20,4,70,7.88873721248677,3.38833766870965,4.52330084348916,6.52127062496871,4.21918685477809,1,2
20,4,71,7.88873721248677,3.38833766870965,4.67303325448124,5.66130371504783,4.00754800522101,1,2
20,4,72,7.88873721248677,3.38833766870965,4.97909848431896,5.81140368788283,4.13969696355983,1,2
20,4,74,7.88873721248677,3.38833766870965,5.23639191338537,5.88569676994222,4.0183683695857,1,2
20,4,76,7.88873721248677,3.38833766870965,4.37168964244917,5.92253937143957,4.16255489288092,1,2
20,4,77,7.88873721248677,3.38833766870965,6.07878061394095,4.8156341323181,3.67551940703235,1,2
20,4,78,7.88873721248677,3.38833766870965,7.68157102115201,4.85721386434399,3.69893818633077,1,2
20,4,81,7.88873721248677,3.38833766870965,5.60466194265827,6.24421135465047,4.18412545987391,1,2
20,4,83,7.88873721248677,3.38833766870965,4.89334805109783,6.00679329397482,4.17234415290784,1,2
20,4,84,7.88873721248677,3.38833766870965,5.33697480529392,6.73356856039461,4.50254361467216,1,2
20,4,85,7.88873721248677,3.38833766870965,4.82102840535307,5.50017482485644,3.96407322822922,1,2
20,4,88,7.88873721248677,3.38833766870965,5.29982359025204,6.46622186615034,4.26208869451002,1,2
20,4,91,7.88873721248677,3.38833766870965,4.38666664339155,5.61755292341366,3.96739457259829,1,2
20,4,92,7.88873721248677,3.38833766870965,6.14900698020265,5.8504907564842,4.08032277424402,1,2
20,4,94,7.88873721248677,3.38833766870965,3.35266718138263,6.30998051086849,4.22981444701769,1,2
20,4,97,7.88873721248677,3.38833766870965,5.50030857746826,6.37432766136218,4.20547086995377,1,2
20,5,1,7.88873721248677,3.38833766870965,5.42094259415416,6.58343745191152,5.05517759754894,1,2
20,5,3,7.88873721248677,3.38833766870965,4.62917167294336,5.23725188643642,4.38375668143262,1,2
20,5,6,7.88873721248677,3.38833766870965,4.51161637268419,6.37195473843427,4.89669834940148,1,2
20,5,8,7.88873721248677,3.38833766870965,4.9601399782808,5.61897778681598,4.61785024234445,1,2
20,5,11,7.88873721248677,3.38833766870965,4.32454983255022,6.37560349299302,4.88635237915859,1,2
20,5,12,7.88873721248677,3.38833766870965,6.01532506992833,6.42845570754528,4.99981848140874,1,2
20,5,13,7.88873721248677,3.38833766870965,4.68187227664221,6.45354012518123,4.85248035573526,1,2
20,5,14,7.88873721248677,3.38833766870965,4.25177393724711,5.98266974499203,4.61294218215363,1,2
20,5,15,7.88873721248677,3.38833766870965,4.31708822289676,5.84697161848717,4.63368493048002,1,2
20,5,16,7.88873721248677,3.38833766870965,2.28684686580895,6.14208572654796,4.7903602440738,1,2
20,5,18,7.88873721248677,3.38833766870965,4.42366250592428,5.28620146509423,4.49051563455177,1,2
20,5,19,7.88873721248677,3.38833766870965,3.45671690353157,5.48133103367559,4.66917022155248,1,2
20,5,21,7.88873721248677,3.38833766870965,5.26168277788851,5.35143064605996,4.39744042947133,1,2
20,5,24,7.88873721248677,3.38833766870965,4.87316683271819,5.99447240252091,4.74816850972543,1,2
20,5,25,7.88873721248677,3.38833766870965,5.64467793471943,6.366162558463,4.92469818330021,1,2
20,5,27,7.88873721248677,3.38833766870965,5.9017496875584,6.30784073689818,4.97954863139595,1,2
20,5,31,7.88873721248677,3.38833766870965,4.33207797254667,6.11342716734314,4.74414902781342,1,2
20,5,32,7.88873721248677,3.38833766870965,3.79699398367786,6.03709483457068,4.59432504958069,1,2
20,5,33,7.88873721248677,3.38833766870965,5.0405472737347,5.52099566485089,4.57286143677736,1,2
20,5,37,7.88873721248677,3.38833766870965,3.37251330979017,5.91061278170516,4.91734652200283,1,2
20,5,38,7.88873721248677,3.38833766870965,4.1269414125071,7.38423166825249,5.13872329655328,1,2
20,5,39,7.88873721248677,3.38833766870965,2.86439556497622,5.10363614061433,4.43655198537333,1,2
20,5,40,7.88873721248677,3.38833766870965,5.34429770969657,5.40553085742852,4.59409065149278,1,2
20,5,42,7.88873721248677,3.38833766870965,5.71940580947373,5.71206114427207,4.72765688369236,1,2
20,5,43,7.88873721248677,3.38833766870965,5.04073918496127,6.3684827133346,4.94644101923623,1,2
20,5,45,7.88873721248677,3.38833766870965,6.74352467165206,6.91939598034531,5.16047495790261,1,2
20,5,47,7.88873721248677,3.38833766870965,4.29976503102097,5.55095512301793,4.3003259678471,1,2
20,5,48,7.88873721248677,3.38833766870965,3.21042354174014,5.86895976405716,4.59412128787905,1,2
20,5,49,7.88873721248677,3.38833766870965,6.262367362386,5.53501157921352,4.45086234712979,1,2
20,5,51,7.88873721248677,3.38833766870965,4.45433645684681,5.70439476940849,4.63576236050054,1,2
20,5,52,7.88873721248677,3.38833766870965,3.86976320443422,6.34157208142618,4.71480215944113,1,2
20,5,55,7.88873721248677,3.38833766870965,5.17099142973681,6.38419891137637,5.0063018098371,1,2
20,5,57,7.88873721248677,3.38833766870965,4.85374059185166,5.44516538794903,4.53601465712198,1,2
20,5,60,7.88873721248677,3.38833766870965,5.61321543493724,6.33052952217092,4.92796720323776,1,2
20,5,63,7.88873721248677,3.38833766870965,5.07181668065508,5.79326406841463,4.47398802873627,1,2
20,5,64,7.88873721248677,3.38833766870965,4.8152858216249,6.05742014288696,4.86523108517247,1,2
20,5,67,7.88873721248677,3.38833766870965,5.2352061417479,5.93326613640099,4.54605396315424,1,2
20,5,69,7.88873721248677,3.38833766870965,7.16952485969302,6.86558468512699,4.97856856587968,1,2
20,5,70,7.88873721248677,3.38833766870965,4.81905256797176,6.05170692498287,4.80755164317513,1,2
20,5,72,7.88873721248677,3.38833766870965,4.16055151261183,6.63392347791107,4.99116744551491,1,2
20,5,73,7.88873721248677,3.38833766870965,4.54358679385975,5.76475468946125,4.69617908047678,1,2
20,5,75,7.88873721248677,3.38833766870965,5.9594809035703,6.40013124664706,5.00280624633759,1,2
20,5,83,7.88873721248677,3.38833766870965,2.84887788641891,5.90155123044689,4.70656323303466,1,2
20,5,85,7.88873721248677,3.38833766870965,5.39274562744248,5.48837867607759,4.62103463152139,1,2
20,5,86,7.88873721248677,3.38833766870965,6.1268181571276,6.14398049591584,4.83788441616292,1,2
20,5,90,7.88873721248677,3.38833766870965,3.48009148204193,6.22974360684919,4.68825006170133,1,2
20,5,91,7.88873721248677,3.38833766870965,5.56429439560266,6.06911956221475,4.78000555073793,1,2
20,5,92,7.88873721248677,3.38833766870965,5.26095837568633,6.24673599908957,4.98081792459708,1,2
20,6,6,7.88873721248677,3.38833766870965,5.68145131024759,5.57665330396803,4.92850541269832,1,2
20,6,7,7.88873721248677,3.38833766870965,5.41904990437894,6.29958351274387,4.96152513937479,1,2
20,6,8,7.88873721248677,3.38833766870965,4.60655076115194,6.79671451259128,5.37546467385523,1,2
20,6,9,7.88873721248677,3.38833766870965,5.02994561844912,5.64941398304288,4.80283580372725,1,2
20,6,10,7.88873721248677,3.38833766870965,3.92557122301937,5.54264639980155,4.86986394561308,1,2
20,6,12,7.88873721248677,3.38833766870965,4.46815698090984,6.20079090594396,4.92817821512311,1,2
20,6,14,7.88873721248677,3.38833766870965,6.27626861143063,7.16153626170146,5.44595769373709,1,2
20,6,16,7.88873721248677,3.38833766870965,4.7464073638705,6.00527694013167,4.83487728980364,1,2
20,6,20,7.88873721248677,3.38833766870965,3.53726215119686,6.6164516335907,5.20332108858198,1,2
20,6,21,7.88873721248677,3.38833766870965,5.51829028186528,6.1823699941967,5.21692295197396,1,2
20,6,22,7.88873721248677,3.38833766870965,4.92620104839513,5.50450594650315,4.83714275483155,1,2
20,6,23,7.88873721248677,3.38833766870965,5.29051394514389,6.04456598613348,4.99803149327602,1,2
20,6,25,7.88873721248677,3.38833766870965,4.51785039634113,5.51172824145161,4.82605281096225,1,2
20,6,26,7.88873721248677,3.38833766870965,5.58729976476926,5.87466179401793,4.95087632059217,1,2
20,6,28,7.88873721248677,3.38833766870965,4.16554221503909,5.62579766950931,4.98462827977997,1,2
20,6,29,7.88873721248677,3.38833766870965,5.4090843183553,6.14696604518749,5.03787929100464,1,2
20,6,30,7.88873721248677,3.38833766870965,5.84939733771496,5.20593198579308,4.64077027748393,1,2
20,6,33,7.88873721248677,3.38833766870965,4.7444606789254,5.82754861815197,4.98050478684838,1,2
20,6,35,7.88873721248677,3.38833766870965,5.81067445272707,6.14069622998785,5.12768820655401,1,2
20,6,36,7.88873721248677,3.38833766870965,4.9271203128136,5.49552418545909,4.73664240014596,1,2
20,6,38,7.88873721248677,3.38833766870965,3.85320517405937,6.0733654120196,4.96509651493298,1,2
20,6,41,7.88873721248677,3.38833766870965,5.17851009086252,5.18566648258253,4.55364087167159,1,2
20,6,42,7.88873721248677,3.38833766870965,4.7127826917361,6.09560898419075,4.87677208123694,1,2
20,6,45,7.88873721248677,3.38833766870965,6.26539179031649,5.66975093705854,5.05138642206398,1,2
20,6,47,7.88873721248677,3.38833766870965,4.99749138461037,6.99430912314366,5.52840536819217,1,2
20,6,49,7.88873721248677,3.38833766870965,3.74171489167416,5.30986295520903,4.88296861461051,1,2
20,6,50,7.88873721248677,3.38833766870965,5.33504461644109,5.35052464680288,4.65906538355803,1,2
20,6,51,7.88873721248677,3.38833766870965,4.48678494193451,5.2545393249,4.81370567518068,1,2
20,6,52,7.88873721248677,3.38833766870965,5.83565114562064,5.70172112232325,4.86891844195805,1,2
20,6,53,7.88873721248677,3.38833766870965,4.6899530974136,6.37864332856987,5.32135226468278,1,2
20,6,54,7.88873721248677,3.38833766870965,3.08902236200907,5.21566784385217,4.56048373657511,1,2
20,6,57,7.88873721248677,3.38833766870965,3.45507754881877,5.98166760307678,5.10083887421444,1,2
20,6,58,7.88873721248677,3.38833766870965,4.96261793813266,5.89599264306921,4.82142801786183,1,2
20,6,60,7.88873721248677,3.38833766870965,4.65199850260721,5.94360595743274,4.97198310546042,1,2
20,6,61,7.88873721248677,3.38833766870965,5.86294271230975,7.09404973138686,5.07150778860992,1,2
20,6,63,7.88873721248677,3.38833766870965,5.18855642274527,5.15637882077948,4.74444489602823,1,2
20,6,64,7.88873721248677,3.38833766870965,3.47424208465356,5.76683723381345,4.74657272797591,1,2
20,6,65,7.88873721248677,3.38833766870965,2.8669862876872,6.3430524845222,4.99677702687482,1,2
20,6,66,7.88873721248677,3.38833766870965,3.88628679068004,5.85333604029074,5.01587556090636,1,2
20,6,70,7.88873721248677,3.38833766870965,4.95272528314509,6.64321204581485,5.44600914477337,1,2
20,6,74,7.88873721248677,3.38833766870965,5.87598997738243,5.22356466462242,5.06715915537367,1,2
20,6,75,7.88873721248677,3.38833766870965,4.02967615876321,5.78393407694721,5.01625778065073,1,2
20,6,76,7.88873721248677,3.38833766870965,4.15627316945547,6.02220823610618,4.9256434018007,1,2
20,6,77,7.88873721248677,3.38833766870965,5.06695747474376,6.26371551165726,5.1354509834181,1,2
20,6,79,7.88873721248677,3.38833766870965,5.93217048556557,5.42367881357627,4.95779437011571,1,2
20,7,2,7.88873721248677,3.38833766870965,5.57727449831199,7.66533187101323,5.57956104011877,1,2
20,7,3,7.88873721248677,3.38833766870965,6.35202797097814,6.02895085208548,5.08460206206608,1,2
20,7,5,7.88873721248677,3.38833766870965,4.42744170653083,5.90110170321191,5.01372776361987,1,2
20,7,6,7.88873721248677,3.38833766870965,3.65490083857537,5.55530469926328,4.95009691339361,1,2
20,7,7,7.88873721248677,3.38833766870965,3.55575598852551,5.49743635906747,4.99412033662457,1,2
20,7,10,7.88873721248677,3.38833766870965,6.99231418736379,5.21219238870996,4.90042900725825,1,2
20,7,13,7.88873721248677,3.38833766870965,6.46990012582167,6.39628723751533,5.07044487977416,1,2
20,7,14,7.88873721248677,3.38833766870965,3.86846767794062,5.82253289251752,4.96967542031078,1,2
20,7,15,7.88873721248677,3.38833766870965,5.02973533824439,5.91851469904859,5.16856211828734,1,2
20,7,16,7.88873721248677,3.38833766870965,5.560975921721,6.60212252806645,5.39165899789546,1,2
20,7,18,7.88873721248677,3.38833766870965,6.10354764645536,5.91007974507868,5.0144619210762,1,2
20,7,19,7.88873721248677,3.38833766870965,6.12267659475402,5.44903617572417,4.93104670607079,1,2
20,7,20,7.88873721248677,3.38833766870965,4.53262340947259,6.56632949592244,5.3518807867574,1,2
20,7,21,7.88873721248677,3.38833766870965,5.37254225288815,5.47244782612813,5.11887820034908,1,2
20,7,22,7.88873721248677,3.38833766870965,5.70665906629889,6.42144576665861,5.21349436278336,1,2
20,7,28,7.88873721248677,3.38833766870965,6.47911089957862,5.89946482405755,5.08246438173383,1,2
20,7,30,7.88873721248677,3.38833766870965,4.95857625471605,5.36872779306026,4.8306963731731,1,2
20,7,31,7.88873721248677,3.38833766870965,6.60352572094743,6.18886781717156,5.20711761780766,1,2
20,7,32,7.88873721248677,3.38833766870965,5.68113496713247,5.7615701719098,5.25652470053983,1,2
20,7,33,7.88873721248677,3.38833766870965,6.1496216780747,5.51089198932439,4.96154064240892,1,2
20,7,34,7.88873721248677,3.38833766870965,5.53499289079073,6.69658196319687,5.38464678871023,1,2
20,7,35,7.88873721248677,3.38833766870965,5.05999882964277,5.60768043435188,5.23264436800909,1,2
20,7,36,7.88873721248677,3.38833766870965,5.49449053506169,6.87771932573306,5.48891653616452,1,2
20,7,44,7.88873721248677,3.38833766870965,5.78548866328385,5.91695182493689,5.14993692426806,1,2
20,7,48,7.88873721248677,3.38833766870965,5.04767452701149,5.75499587536857,4.76371053506702,1,2
20,7,49,7.88873721248677,3.38833766870965,4.47131573965208,6.03895373052151,5.13415362455871,1,2
20,7,52,7.88873721248677,3.38833766870965,5.54984903891553,6.15973131953384,5.15088213821088,1,2
20,7,53,7.88873721248677,3.38833766870965,6.53358705499621,6.55688090829931,5.48002022405736,1,2
20,7,55,7.88873721248677,3.38833766870965,6.88574427087665,5.2235977705712,4.94206191732565,1,2
20,7,57,7.88873721248677,3.38833766870965,5.00918021850678,6.47255986416274,5.27229286558904,1,2
20,7,58,7.88873721248677,3.38833766870965,5.22709070729665,6.33355976554815,5.30809064417477,1,2
20,7,59,7.88873721248677,3.38833766870965,4.11923678808371,6.5875343470641,5.25325386537466,1,2
20,7,60,7.88873721248677,3.38833766870965,4.49511797383662,4.91639652033919,4.74598753568485,1,2
20,7,62,7.88873721248677,3.38833766870965,4.21719474587305,6.17119956517578,5.2862660533604,1,2
20,7,63,7.88873721248677,3.38833766870965,5.66712568402085,6.52286406507283,5.46806671478518,1,2
20,7,64,7.88873721248677,3.38833766870965,5.36428078781463,5.49270947104301,4.99338170439722,1,2
20,7,65,7.88873721248677,3.38833766870965,3.87961635773226,6.71627881352065,5.50114909720889,1,2
20,7,67,7.88873721248677,3.38833766870965,3.00817466346727,6.01757499673566,5.14311201237316,1,2
20,7,68,7.88873721248677,3.38833766870965,3.89161286468476,5.29092678557141,4.76716090040662,1,2
20,7,69,7.88873721248677,3.38833766870965,4.43071889484923,6.15743641083258,5.03308174171361,1,2
20,8,3,7.88873721248677,3.38833766870965,4.90416133370941,6.71155288583088,5.54939522679397,1,2
20,8,4,7.88873721248677,3.38833766870965,5.39355275244907,6.30426449000754,5.40071215287237,1,2
20,8,5,7.88873721248677,3.38833766870965,6.36309891806282,6.01361397815468,5.69103304176676,1,2
20,8,7,7.88873721248677,3.38833766870965,4.96510288312263,6.79439269342167,5.53274443897251,1,2
20,8,8,7.88873721248677,3.38833766870965,4.65719954678446,6.3423252150609,5.63451301889661,1,2
20,8,10,7.88873721248677,3.38833766870965,4.57929930166189,5.76824921704718,5.03695321641278,1,2
20,8,11,7.88873721248677,3.38833766870965,5.24603882485371,5.2030900095776,5.20096161323031,1,2
20,8,16,7.88873721248677,3.38833766870965,5.26430741979396,5.51366799502925,5.20156860838706,1,2
20,8,17,7.88873721248677,3.38833766870965,4.2204973520998,6.44613281514363,5.467720564131,1,2
20,8,20,7.88873721248677,3.38833766870965,5.29627180482774,6.2281095455198,5.47193999942719,1,2
20,8,21,7.88873721248677,3.38833766870965,3.80219558063778,6.53440253257656,5.6648276166061,1,2
20,8,25,7.88873721248677,3.38833766870965,7.08024741716635,5.96873328373295,5.49047603767392,1,2
20,8,28,7.88873721248677,3.38833766870965,4.26540360884725,5.24156884841067,5.1320643687746,1,2
20,8,30,7.88873721248677,3.38833766870965,2.43108732324887,6.1447083711241,5.53707483422889,1,2
20,8,33,7.88873721248677,3.38833766870965,6.07183033098583,6.41122661077524,5.62865564141073,1,2
20,8,34,7.88873721248677,3.38833766870965,5.05240221035031,5.68577233219723,5.28152408399504,1,2
20,8,35,7.88873721248677,3.38833766870965,4.80779615771343,6.44908998137993,5.51872848664059,1,2
20,8,37,7.88873721248677,3.38833766870965,6.7282575925051,6.57579363368999,5.4618426542017,1,2
20,8,39,7.88873721248677,3.38833766870965,4.34433758308929,6.2504936590906,5.27070501420701,1,2
20,8,41,7.88873721248677,3.38833766870965,4.72105975818385,6.25086948641538,5.58827899548651,1,2
20,8,42,7.88873721248677,3.38833766870965,6.2863761207909,5.13867947077795,5.24081214821,1,2
20,8,45,7.88873721248677,3.38833766870965,4.03421585980866,5.83571317887152,5.28728831226661,1,2
20,8,49,7.88873721248677,3.38833766870965,4.61415568039885,5.8361347664932,5.23331900139725,1,2
20,8,52,7.88873721248677,3.38833766870965,5.00865352573576,5.91929775125917,5.29602911644511,1,2
20,8,55,7.88873721248677,3.38833766870965,3.98932418286606,5.35343612359854,4.94749259203711,1,2
20,8,56,7.88873721248677,3.38833766870965,4.23093378149741,5.89098882447571,5.20804118613021,1,2
20,8,57,7.88873721248677,3.38833766870965,3.55862458290638,6.9553030266996,5.70829645023895,1,2
20,8,58,7.88873721248677,3.38833766870965,3.86784784028525,6.98653867645405,5.78793432102614,1,2
20,8,59,7.88873721248677,3.38833766870965,6.02051063642376,5.42343949954734,5.52319053987353,1,2
20,8,61,7.88873721248677,3.38833766870965,5.11867916149925,5.00564214752474,5.09959179029945,1,2
20,9,2,7.88873721248677,3.38833766870965,4.91264180553323,6.37349154272311,5.91237502008228,1,2
20,9,4,7.88873721248677,3.38833766870965,4.88264064543624,6.79812980916462,6.07399861056075,1,2
20,9,11,7.88873721248677,3.38833766870965,5.49885339950929,5.99300248833786,5.55171687594561,1,2
20,9,15,7.88873721248677,3.38833766870965,4.29558328544149,5.81936121678428,5.65844379322154,1,2
20,9,16,7.88873721248677,3.38833766870965,4.14823802115055,6.22456014291318,5.84983557719403,1,2
20,9,19,7.88873721248677,3.38833766870965,5.31288782963058,6.21271323519259,5.69699825508206,1,2
20,9,20,7.88873721248677,3.38833766870965,4.49635931598281,5.60870337983949,5.73378991638524,1,2
20,9,24,7.88873721248677,3.38833766870965,3.64365696804338,6.53537546815449,5.85924455779296,1,2
20,9,26,7.88873721248677,3.38833766870965,5.02649473697922,6.52769364772711,5.95570276960085,1,2
20,9,27,7.88873721248677,3.38833766870965,5.73148745134443,5.85057518231865,5.78567037070948,1,2
20,9,30,7.88873721248677,3.38833766870965,5.28305516925144,6.37197294961588,5.77965158638278,1,2
20,9,31,7.88873721248677,3.38833766870965,4.54138753160197,6.92929956092714,6.0911640502208,1,2
20,9,35,7.88873721248677,3.38833766870965,6.41397407210528,6.7388559349846,6.22461376690728,1,2
20,9,36,7.88873721248677,3.38833766870965,5.17865505010363,6.2552555712438,5.8134810581853,1,2
20,9,37,7.88873721248677,3.38833766870965,4.16429284062826,6.13156445794425,5.88135156256551,1,2
20,9,38,7.88873721248677,3.38833766870965,5.8458396221858,6.69324990529122,6.13667162294256,1,2
20,9,40,7.88873721248677,3.38833766870965,5.48257888415601,6.13848469493943,6.04931844976178,1,2
20,9,41,7.88873721248677,3.38833766870965,3.80105003516219,5.54344399277426,5.7560963903169,1,2
20,9,42,7.88873721248677,3.38833766870965,6.54767483328262,6.42190203145097,6.00044284736163,1,2
20,9,43,7.88873721248677,3.38833766870965,5.10350482518703,6.16142432146853,5.96059443825027,1,2
20,9,44,7.88873721248677,3.38833766870965,5.14490562815104,6.56977854441441,6.13815749048404,1,2
20,9,46,7.88873721248677,3.38833766870965,5.05153879357199,6.62181276785579,5.97420647686589,1,2
20,9,47,7.88873721248677,3.38833766870965,5.9348069061793,5.48759736273305,5.82552490549118,1,2
20,9,48,7.88873721248677,3.38833766870965,5.6626115758794,5.65593227493836,5.54794650475889,1,2
20,9,49,7.88873721248677,3.38833766870965,3.01313407694332,5.56871361781608,5.6728013189059,1,2
20,9,50,7.88873721248677,3.38833766870965,5.16932075202664,6.37477280789444,5.94867261709085,1,2
20,9,53,7.88873721248677,3.38833766870965,4.30863044859812,5.40728347716346,5.6426622130498,1,2
20,9,54,7.88873721248677,3.38833766870965,5.70581438378212,5.25994327269428,5.70367052117153,1,2
20,9,58,7.88873721248677,3.38833766870965,4.19567947387869,5.46717931395073,5.74466068803901,1,2
20,9,59,7.88873721248677,3.38833766870965,4.74975911244848,6.06792381721029,6.02818499959162,1,2
20,9,60,7.88873721248677,3.38833766870965,3.50851713656936,7.1834421127679,6.114431020153,1,2
20,9,63,7.88873721248677,3.38833766870965,6.41680155053345,5.60031322541279,5.80122670366379,1,2
20,9,66,7.88873721248677,3.38833766870965,6.31225545584108,5.73705423800706,5.72363155566825,1,2
20,9,68,7.88873721248677,3.38833766870965,5.93721461600904,5.89948002323129,5.96978398920616,1,2
20,9,69,7.88873721248677,3.38833766870965,7.04775802804339,6.0797173281572,5.81583556703914,1,2
20,9,74,7.88873721248677,3.38833766870965,4.14105586633919,6.17866895941776,5.78788608245601,1,2
20,9,75,7.88873721248677,3.38833766870965,5.51706248873806,5.97305318626404,5.67273929063612,1,2
20,9,76,7.88873721248677,3.38833766870965,5.70744542194749,6.41048856752328,6.08449461700541,1,2
20,9,77,7.88873721248677,3.38833766870965,4.08660533516943,5.26986983246523,5.66673030652919,1,2
20,9,79,7.88873721248677,3.38833766870965,4.41589004764273,6.73037157638233,5.70806170636338,1,2
20,10,1,7.88873721248677,3.38833766870965,4.87818780448823,5.33447697719217,5.71140051892445,1,2
20,10,3,7.88873721248677,3.38833766870965,3.40423251751374,5.80004777217406,5.68949801626923,1,2
20,10,7,7.88873721248677,3.38833766870965,4.36403491782195,7.09048274819577,6.12975910663436,1,2
20,10,9,7.88873721248677,3.38833766870965,5.85131743361949,6.51419730334586,5.89627611985616,1,2
20,10,10,7.88873721248677,3.38833766870965,5.04137954539672,5.56316360240107,5.70305555991479,1,2
20,10,14,7.88873721248677,3.38833766870965,5.51908535639887,6.19176529542836,6.08130145343158,1,2
20,10,21,7.88873721248677,3.38833766870965,4.55584489320391,6.02561385399754,5.9319325696664,1,2
20,10,22,7.88873721248677,3.38833766870965,4.38697917928673,5.40374975712179,5.71714636485678,1,2
20,10,23,7.88873721248677,3.38833766870965,4.4599658791457,6.21944577533723,6.06683003058446,1,2
20,10,24,7.88873721248677,3.38833766870965,5.05228975199968,6.63866702100363,6.14225269949216,1,2
20,10,33,7.88873721248677,3.38833766870965,6.10991516161241,6.69266506521115,6.2515744322286,1,2
20,10,35,7.88873721248677,3.38833766870965,4.57845953477989,5.50771781053457,5.57170524203983,1,2
20,10,37,7.88873721248677,3.38833766870965,5.12472154631602,4.98301763347607,5.48166237673445,1,2
20,10,39,7.88873721248677,3.38833766870965,2.95641927673235,5.23243086809489,5.59556216216387,1,2
20,10,42,7.88873721248677,3.38833766870965,6.04421821135104,5.67336404665501,5.79613535707693,1,2
20,10,43,7.88873721248677,3.38833766870965,7.54092359505715,5.91463578337706,6.0174962724408,1,2
20,10,45,7.88873721248677,3.38833766870965,4.78008254450742,5.7510900332973,5.98149846611682,1,2
20,10,48,7.88873721248677,3.38833766870965,5.0100649756169,6.33193239319428,6.06053018389222,1,2
20,10,49,7.88873721248677,3.38833766870965,7.02813785937223,5.42910544999608,5.63495983623402,1,2
20,10,51,7.88873721248677,3.38833766870965,5.45848842631193,5.59774528686799,5.83583909887876,1,2
20,10,53,7.88873721248677,3.38833766870965,3.98035602940077,5.11807320924835,5.72441461910177,1,2
20,10,60,7.88873721248677,3.38833766870965,3.2260032761632,5.5491193528581,5.7738443005364,1,2
20,10,62,7.88873721248677,3.38833766870965,5.54207438266758,6.7961801521606,6.33439998534442,1,2
20,10,63,7.88873721248677,3.38833766870965,4.1439610947387,5.90777359991269,5.84469099424277,1,2
20,10,65,7.88873721248677,3.38833766870965,4.45823659185512,6.06554473006719,5.96774764743516,1,2
20,10,71,7.88873721248677,3.38833766870965,6.21895383675236,4.94162411222268,5.70008602674372,1,2
20,10,72,7.88873721248677,3.38833766870965,3.33136679044448,6.37676831549106,5.94039849494217,1,2
20,10,80,7.88873721248677,3.38833766870965,4.37363670330112,5.75812168055155,5.86771579338876,1,2
20,10,81,7.88873721248677,3.38833766870965,4.92752388578024,6.02141800598117,5.90894388127505,1,2
20,10,85,7.88873721248677,3.38833766870965,6.15103388169282,6.38442416619514,6.32223730613342,1,2
20,10,86,7.88873721248677,3.38833766870965,5.65505593298261,6.11480693036079,6.16121840076019,1,2
20,10,89,7.88873721248677,3.38833766870965,3.67543311081188,6.34227041092608,5.94272415623795,1,2
20,10,91,7.88873721248677,3.38833766870965,4.1519220834928,6.22284373184323,5.88747706888923,1,2
20,10,92,7.88873721248677,3.38833766870965,5.29716558955556,6.40118216216043,5.80503660793824,1,2
20,10,93,7.88873721248677,3.38833766870965,4.34882451615271,5.70016215436533,5.85563928696049,1,2
20,10,94,7.88873721248677,3.38833766870965,6.62143636319197,5.83000030919105,5.84590755144888,1,2
20,10,95,7.88873721248677,3.38833766870965,3.62728459679615,6.54010133342548,6.0763564489549,1,2
20,10,96,7.88873721248677,3.38833766870965,3.62647061142283,5.46577302402057,5.81074600555482,1,2
20,11,1,7.88873721248677,3.38833766870965,3.26077581970561,6.46222186742938,6.00410375147946,1,2
20,11,2,7.88873721248677,3.38833766870965,6.85333104465448,6.01863010561033,6.24044962581786,1,2
20,11,3,7.88873721248677,3.38833766870965,4.21623545182733,5.2569173990665,6.08807958819126,1,2
20,11,5,7.88873721248677,3.38833766870965,4.19964537769437,6.28475475982247,5.87234676675225,1,2
20,11,11,7.88873721248677,3.38833766870965,5.10023152250077,5.01524709935985,5.8349150744602,1,2
20,11,12,7.88873721248677,3.38833766870965,4.83827978657409,5.4341971574914,6.0400150585583,1,2
20,11,15,7.88873721248677,3.38833766870965,5.29475047975564,6.29615205511283,6.12738290050249,1,2
20,11,17,7.88873721248677,3.38833766870965,5.46300751305522,4.89657639682948,5.5597642870068,1,2
20,11,18,7.88873721248677,3.38833766870965,4.60670560615727,5.59289738603211,6.11859371383493,1,2
20,11,20,7.88873721248677,3.38833766870965,3.81734378272857,6.54610286988666,6.20962558129417,1,2
20,11,24,7.88873721248677,3.38833766870965,5.18532477615499,6.74983250338816,6.32158329793527,1,2
20,11,25,7.88873721248677,3.38833766870965,4.06734712406842,5.62830836596648,6.02997183031824,1,2
20,11,26,7.88873721248677,3.38833766870965,6.46029580775638,6.3853655744199,6.2365696527878,1,2
20,11,27,7.88873721248677,3.38833766870965,4.94788555425841,5.94323752731506,6.04378793518686,1,2
20,11,31,7.88873721248677,3.38833766870965,5.28483303953396,5.61940866273115,5.84921776993572,1,2
20,11,33,7.88873721248677,3.38833766870965,5.42317012990981,6.24718711227993,5.89319088559692,1,2
20,11,34,7.88873721248677,3.38833766870965,5.46107604900131,4.58167093530119,5.49134382827479,1,2
20,11,35,7.88873721248677,3.38833766870965,3.31940361034025,6.13515208387412,5.74727466929211,1,2
20,11,37,7.88873721248677,3.38833766870965,3.63285297144038,6.41412374153986,6.27570944640593,1,2
20,11,40,7.88873721248677,3.38833766870965,4.52595384083514,5.52711312931578,5.83303472461925,1,2
20,11,42,7.88873721248677,3.38833766870965,3.38573065759114,5.00018731712637,5.44380638858124,1,2
20,11,43,7.88873721248677,3.38833766870965,3.78090759903429,5.91408372930004,6.19867137752884,1,2
20,11,44,7.88873721248677,3.38833766870965,4.20610498923996,6.13571488830902,5.91906676626856,1,2
20,11,45,7.88873721248677,3.38833766870965,4.84769627558342,7.1852570585134,6.36916487238285,1,2
20,11,50,7.88873721248677,3.38833766870965,4.20135580694137,5.24552912429612,6.18456605649038,1,2
20,11,51,7.88873721248677,3.38833766870965,4.47341199330327,5.74796739613443,6.02847278006665,1,2
20,11,52,7.88873721248677,3.38833766870965,5.10985608816435,5.77116878786059,6.00688301791847,1,2
20,11,53,7.88873721248677,3.38833766870965,6.04778093493017,5.60153266369571,5.86272352335559,1,2
20,11,54,7.88873721248677,3.38833766870965,4.52729039020971,5.4566663360458,5.84953427176387,1,2
20,11,55,7.88873721248677,3.38833766870965,4.55816796984053,5.92378691466727,6.02280303058127,1,2
20,11,57,7.88873721248677,3.38833766870965,4.66706440039819,5.18126950645097,5.57291611526064,1,2
20,11,59,7.88873721248677,3.38833766870965,5.51298715418783,6.62782619042765,6.31704007362918,1,2
20,11,61,7.88873721248677,3.38833766870965,3.56778123826936,6.06950737476272,6.20931237457701,1,2
20,11,63,7.88873721248677,3.38833766870965,6.66075513079061,5.48819137527644,5.83983500567687,1,2
20,11,64,7.88873721248677,3.38833766870965,6.68322844382585,5.95666221886968,6.25675695822664,1,2
20,11,65,7.88873721248677,3.38833766870965,6.23650146630032,5.78410643448037,5.95862347327572,1,2
20,11,66,7.88873721248677,3.38833766870965,6.29201957644949,5.59315580143142,5.7181492176202,1,2
20,11,69,7.88873721248677,3.38833766870965,5.156273942994,6.27044927216354,6.03829872969128,1,2
20,11,70,7.88873721248677,3.38833766870965,4.28697122351588,5.99904878214474,6.07955302547638,1,2
20,11,72,7.88873721248677,3.38833766870965,4.80790683709809,6.17170794998876,6.11588914055994,1,2
20,11,73,7.88873721248677,3.38833766870965,6.63504898421987,6.09361048648879,6.25308797239656,1,2
20,11,74,7.88873721248677,3.38833766870965,5.08810834429621,6.65395022480818,6.4187476468169,1,2
20,11,78,7.88873721248677,3.38833766870965,4.94758018823151,4.89772378698924,5.79000637563958,1,2
20,11,79,7.88873721248677,3.38833766870965,4.14064851060771,5.90498626563397,6.09476845858782,1,2
20,11,81,7.88873721248677,3.38833766870965,4.64937743308737,5.39634350578107,5.88692621056194,1,2
20,11,82,7.88873721248677,3.38833766870965,5.85681151545587,6.88782430758035,6.41090785224855,1,2
20,11,83,7.88873721248677,3.38833766870965,6.7715089503103,5.48549239245488,6.02558362292307,1,2
20,11,84,7.88873721248677,3.38833766870965,4.64428183368861,5.08110847002645,5.8438674308371,1,2
20,11,85,7.88873721248677,3.38833766870965,5.36098180800323,5.68203157696077,5.70828238382905,1,2
20,11,88,7.88873721248677,3.38833766870965,4.34588822788925,5.05203418699054,5.81505010412138,1,2
20,11,89,7.88873721248677,3.38833766870965,3.95204775397621,4.84018286191234,5.50724671120733,1,2
20,11,91,7.88873721248677,3.38833766870965,3.91871768518814,6.81699496259116,6.35312678421254,1,2
20,11,93,7.88873721248677,3.38833766870965,4.45641004355801,5.70572170460775,6.01103069473342,1,2
20,11,99,7.88873721248677,3.38833766870965,5.26896625594906,5.90835048213798,5.90476264227453,1,2
20,12,4,7.88873721248677,3.38833766870965,6.85964282334548,6.2988766222287,6.424000414379,1,2
20,12,5,7.88873721248677,3.38833766870965,6.12371244245787,5.54859203195478,6.10069275807262,1,2
20,12,8,7.88873721248677,3.38833766870965,5.54507268236109,5.92321477232967,6.18126563272127,1,2
20,12,15,7.88873721248677,3.38833766870965,4.72820570392741,6.02553510483328,6.50634566933092,1,2
20,12,19,7.88873721248677,3.38833766870965,4.76936843071077,5.91240591328761,6.31124825985123,1,2
20,12,20,7.88873721248677,3.38833766870965,5.8354738448197,5.91388151605611,6.34744420018453,1,2
20,12,22,7.88873721248677,3.38833766870965,4.56245567460611,5.44347569669667,6.13896805617783,1,2
20,12,23,7.88873721248677,3.38833766870965,5.6130742045714,5.42747471887376,5.80286842980808,1,2
20,12,26,7.88873721248677,3.38833766870965,4.56654654402223,5.56826120547785,6.24098237966851,1,2
20,12,27,7.88873721248677,3.38833766870965,5.88747018640603,6.09807308651354,6.29541314670872,1,2
20,12,28,7.88873721248677,3.38833766870965,5.49213753492918,6.06241425978407,6.33840102294784,1,2
20,12,30,7.88873721248677,3.38833766870965,4.93442163429132,5.97319302953383,6.28015944678401,1,2
20,12,34,7.88873721248677,3.38833766870965,5.13877819619235,5.78006672476441,6.37352381841509,1,2
20,12,35,7.88873721248677,3.38833766870965,3.30240044619177,6.80585840817278,6.47748192566107,1,2
20,12,36,7.88873721248677,3.38833766870965,3.50536406016952,5.8888963407325,6.20805448846486,1,2
20,12,37,7.88873721248677,3.38833766870965,4.80557343188956,6.1783322462436,6.54667429815547,1,2
20,12,39,7.88873721248677,3.38833766870965,6.74002911828078,6.13116243046754,6.37583079495706,1,2
20,12,46,7.88873721248677,3.38833766870965,4.39611323846837,6.17773416593832,6.28934607972139,1,2
20,12,49,7.88873721248677,3.38833766870965,6.09881489586505,6.7130851647341,6.72579025441823,1,2
20,12,50,7.88873721248677,3.38833766870965,4.59606348262365,6.21260839909786,6.3674644372983,1,2
20,12,51,7.88873721248677,3.38833766870965,4.79690631991832,6.09045449957962,6.49510996241993,1,2
20,12,52,7.88873721248677,3.38833766870965,5.2639570914195,5.31768836567728,6.1657407574443,1,2
20,12,54,7.88873721248677,3.38833766870965,5.06877053076423,6.68899346474233,6.56786774942756,1,2
20,12,55,7.88873721248677,3.38833766870965,4.27156334455095,5.71364052168243,6.01604699034545,1,2
20,12,57,7.88873721248677,3.38833766870965,5.97458893387877,5.16326552451239,6.11723103425317,1,2
20,12,59,7.88873721248677,3.38833766870965,6.87170896298212,5.83277528476156,6.56080699694783,1,2
20,12,60,7.88873721248677,3.38833766870965,5.89506036211046,5.69864129412263,6.24228589557482,1,2
20,13,1,7.88873721248677,3.38833766870965,3.77652522568438,6.22655087967668,6.3927335788812,1,2
20,13,2,7.88873721248677,3.38833766870965,4.48614209832749,6.74963917716319,6.56207373664272,1,2
20,13,4,7.88873721248677,3.38833766870965,4.88807263564508,5.80754312914742,6.21813975421248,1,2
20,13,5,7.88873721248677,3.38833766870965,6.57351152881447,5.53310906667563,6.150542131627,1,2
20,13,7,7.88873721248677,3.38833766870965,3.86786664239925,6.4089841309816,6.57724581816838,1,2
20,13,8,7.88873721248677,3.38833766870965,4.13296946245602,5.16237649280263,5.98367184414732,1,2
20,13,9,7.88873721248677,3.38833766870965,5.0526645873458,5.92394229101144,6.42280505425719,1,2
20,13,10,7.88873721248677,3.38833766870965,5.23836610135654,5.88389278474457,6.14626745856008,1,2
20,13,11,7.88873721248677,3.38833766870965,4.03179864544637,5.53851446364003,6.10190916936417,1,2
20,13,12,7.88873721248677,3.38833766870965,3.17572627429555,6.53721172902948,6.63747401163471,1,2
20,13,13,7.88873721248677,3.38833766870965,6.09142266930398,6.72769818126649,6.76765639198615,1,2
20,13,17,7.88873721248677,3.38833766870965,4.26774143713551,6.30102418720716,6.30924474685832,1,2
20,13,18,7.88873721248677,3.38833766870965,4.7860150632782,5.60166742775087,6.23116720384776,1,2
20,13,19,7.88873721248677,3.38833766870965,5.01225194754694,6.71044001117901,6.66634502830956,1,2
20,13,22,7.88873721248677,3.38833766870965,3.69092761139273,6.39593370204049,6.29140735308959,1,2
20,13,27,7.88873721248677,3.38833766870965,3.75496751717327,6.76365141222458,6.44840703765318,1,2
20,13,29,7.88873721248677,3.38833766870965,3.67647796680863,5.99189495747402,6.27170873477502,1,2
20,13,30,7.88873721248677,3.38833766870965,6.01320084970705,5.23885461274795,6.26137812280313,1,2
20,13,31,7.88873721248677,3.38833766870965,4.99254915045504,6.46955674892369,6.68994480538618,1,2
20,13,33,7.88873721248677,3.38833766870965,4.01689439429377,6.16591839412801,6.48188027863889,1,2
20,13,35,7.88873721248677,3.38833766870965,4.25965577179484,5.49893228250566,6.14586745167411,1,2
20,13,36,7.88873721248677,3.38833766870965,4.83670070476109,6.38977777020011,6.33645721020919,1,2
20,13,37,7.88873721248677,3.38833766870965,6.6377861628006,6.66134725024733,6.79035383059682,1,2
20,13,40,7.88873721248677,3.38833766870965,5.15185169582751,5.76093088450039,6.24344701028724,1,2
20,13,42,7.88873721248677,3.38833766870965,5.67054330207339,6.03914868895046,6.65699824221831,1,2
20,13,43,7.88873721248677,3.38833766870965,5.86630875686155,6.88422654208627,6.68289071709962,1,2
20,13,45,7.88873721248677,3.38833766870965,5.18613775529355,6.22017673096093,6.43895598990981,1,2
20,13,46,7.88873721248677,3.38833766870965,6.40993924316889,5.56448151572864,6.17776970168915,1,2
20,13,48,7.88873721248677,3.38833766870965,4.80708595115513,6.44482826643274,6.48651039867316,1,2
20,13,49,7.88873721248677,3.38833766870965,5.13629557296378,6.01959943869745,6.30989429329476,1,2
20,13,50,7.88873721248677,3.38833766870965,6.12997715533165,6.69533726521959,6.76297627015633,1,2
20,13,54,7.88873721248677,3.38833766870965,4.63151569255516,5.40252032763241,6.28242582107945,1,2
20,13,55,7.88873721248677,3.38833766870965,5.09821400129376,5.60933656546933,6.24764311460271,1,2
20,13,56,7.88873721248677,3.38833766870965,5.35972570941529,6.19601468046987,6.25702531874606,1,2
20,13,58,7.88873721248677,3.38833766870965,2.39933290580074,6.1843619393484,6.37800259710309,1,2
20,13,59,7.88873721248677,3.38833766870965,6.13488972524853,5.49002882460291,6.25341628341527,1,2
20,13,61,7.88873721248677,3.38833766870965,4.30881617224332,5.5626146491514,6.32228164435732,1,2
20,13,63,7.88873721248677,3.38833766870965,3.09096371053307,6.03814617125551,6.52820598725294,1,2
20,13,66,7.88873721248677,3.38833766870965,5.32884727575896,5.08444201070282,6.25920812523785,1,2
20,13,67,7.88873721248677,3.38833766870965,3.9698233313322,5.15896243327542,6.1676422618618,1,2
20,13,72,7.88873721248677,3.38833766870965,5.97069833415938,6.03270671858974,6.36170845237665,1,2
20,13,73,7.88873721248677,3.38833766870965,3.72790785325542,5.21800093796132,6.246642841497,1,2
20,13,74,7.88873721248677,3.38833766870965,6.50387399689776,5.99794392391178,6.27006497692094,1,2
20,13,75,7.88873721248677,3.38833766870965,4.7951374488608,6.29720708452706,6.53748900276575,1,2
20,13,76,7.88873721248677,3.38833766870965,4.06278602889145,6.13892923192561,6.23638382158686,1,2
20,13,77,7.88873721248677,3.38833766870965,5.13838955694676,6.16909431930887,6.37416521181899,1,2
20,13,81,7.88873721248677,3.38833766870965,4.42867522743481,6.59280315918369,6.36000911759587,1,2
20,13,82,7.88873721248677,3.38833766870965,5.15445139076392,5.19959073951919,6.00248454141069,1,2
20,13,83,7.88873721248677,3.38833766870965,5.55486475899322,5.15024323123512,6.1001878981207,1,2
20,13,84,7.88873721248677,3.38833766870965,4.94909778921963,5.80804032744494,6.31215249687422,1,2
20,14,1,7.88873721248677,3.38833766870965,4.94883252794852,6.99776966665199,7.03820828103839,1,2
20,14,3,7.88873721248677,3.38833766870965,5.34904039114519,6.30427458595926,6.85704809284015,1,2
20,14,5,7.88873721248677,3.38833766870965,4.24691930694321,5.66540790189105,6.77148021533111,1,2
20,14,7,7.88873721248677,3.38833766870965,5.83369570243843,5.96582571036251,6.79135490222538,1,2
20,14,8,7.88873721248677,3.38833766870965,4.66602205738192,5.77995162651625,6.64091169778194,1,2
20,14,10,7.88873721248677,3.38833766870965,6.36344872957631,6.25921825291982,6.7553642714433,1,2
20,14,11,7.88873721248677,3.38833766870965,7.12765246777377,5.79758327186351,6.55356276395048,1,2
20,14,12,7.88873721248677,3.38833766870965,5.51053856948243,6.08143970065773,6.74265477989496,1,2
20,14,13,7.88873721248677,3.38833766870965,3.95704353235859,6.21381625179951,6.90046245424813,1,2
20,14,14,7.88873721248677,3.38833766870965,3.19815655820635,5.67226534008287,6.45757624835662,1,2
20,14,24,7.88873721248677,3.38833766870965,4.97705547398413,6.7709651205419,6.80780036723136,1,2
20,14,25,7.88873721248677,3.38833766870965,5.91483535261043,6.22976185286094,6.78348705530101,1,2
20,14,26,7.88873721248677,3.38833766870965,5.99837321794568,5.79664193388948,6.71084888703292,1,2
20,14,29,7.88873721248677,3.38833766870965,5.0619998867859,5.65909475076571,6.4989223115576,1,2
20,14,31,7.88873721248677,3.38833766870965,3.32471955316184,4.61964773444833,6.16002366801171,1,2
20,14,33,7.88873721248677,3.38833766870965,6.8225419854038,6.37040671930851,6.93247835027963,1,2
20,14,36,7.88873721248677,3.38833766870965,5.16587312939303,5.17406443707241,6.51517513022307,1,2
20,14,37,7.88873721248677,3.38833766870965,6.06273191065894,6.65252035900115,6.96366913841429,1,2
20,14,39,7.88873721248677,3.38833766870965,4.64239508244374,5.81931787804612,6.47896573397366,1,2
20,14,40,7.88873721248677,3.38833766870965,5.53093775000567,5.65473396283489,6.5604605301864,1,2
20,14,41,7.88873721248677,3.38833766870965,4.02276034627024,6.65701712846897,6.70228414472438,1,2
20,14,42,7.88873721248677,3.38833766870965,3.40540024018091,5.4965158207296,6.54472113466077,1,2
20,14,44,7.88873721248677,3.38833766870965,4.61344737131154,5.70404324676742,6.53942061518719,1,2
20,14,49,7.88873721248677,3.38833766870965,6.76643406466574,5.52248038531541,6.62258268287666,1,2
20,14,51,7.88873721248677,3.38833766870965,4.83622583704171,5.72495150811918,6.65622655833093,1,2
20,14,52,7.88873721248677,3.38833766870965,3.53974500157193,6.78498549283768,6.61733815561235,1,2
20,14,55,7.88873721248677,3.38833766870965,3.57709201219234,5.46167064105666,6.54202972185087,1,2
20,14,60,7.88873721248677,3.38833766870965,6.03747276005914,5.21244345905157,6.69320164043258,1,2
20,14,61,7.88873721248677,3.38833766870965,5.15718954485571,5.11530067565213,6.47064126012607,1,2
20,14,62,7.88873721248677,3.38833766870965,5.274007080523,5.34438884929543,6.41599482729146,1,2
20,14,64,7.88873721248677,3.38833766870965,5.70263835922413,5.614413498049,6.39406446200346,1,2
20,14,65,7.88873721248677,3.38833766870965,6.3746383942783,5.92338984264595,6.61239457561838,1,2
20,14,66,7.88873721248677,3.38833766870965,5.04341484725122,6.37850150870351,6.84916213936721,1,2
20,14,70,7.88873721248677,3.38833766870965,4.13836451904923,6.26933840934104,6.56844749426399,1,2
20,14,73,7.88873721248677,3.38833766870965,3.78126958592946,6.1244531538314,6.51390516288512,1,2
20,14,74,7.88873721248677,3.38833766870965,5.37677756681556,6.2067619802027,6.97736146450417,1,2
20,14,75,7.88873721248677,3.38833766870965,4.90072726604087,6.35758657563135,6.80297768833538,1,2
20,14,77,7.88873721248677,3.38833766870965,3.70411919364735,5.49721224594274,6.4881680187992,1,2
20,14,78,7.88873721248677,3.38833766870965,4.16757638884662,5.44020790130229,6.47793907423495,1,2
20,14,79,7.88873721248677,3.38833766870965,4.72856072079038,5.41279685139694,6.47921906678433,1,2
20,14,80,7.88873721248677,3.38833766870965,5.17610321973245,5.90154827342344,6.72193848161893,1,2
20,14,81,7.88873721248677,3.38833766870965,5.78645892749937,4.79823382094777,6.25914096175779,1,2
20,14,82,7.88873721248677,3.38833766870965,5.43563618555105,5.98197797689977,6.49144556080061,1,2
20,14,83,7.88873721248677,3.38833766870965,5.75964693055716,5.40424571119519,6.58053025966907,1,2
20,15,1,7.88873721248677,3.38833766870965,5.62722002592561,7.32980288738131,7.23790521480068,1,2
20,15,2,7.88873721248677,3.38833766870965,3.39069507655701,6.31133285188321,6.86939976780206,1,2
20,15,5,7.88873721248677,3.38833766870965,5.80464081475946,5.81132059906919,6.8035273086444,1,2
20,15,6,7.88873721248677,3.38833766870965,5.32993340183492,5.94388490656,6.86372481932073,1,2
20,15,9,7.88873721248677,3.38833766870965,5.19775516517608,6.26401108685802,6.87350114974833,1,2
20,15,11,7.88873721248677,3.38833766870965,8.02909946850936,5.58218875919538,6.85080152652174,1,2
20,15,12,7.88873721248677,3.38833766870965,4.54465853320505,6.49086986293035,6.91104624740874,1,2
20,15,16,7.88873721248677,3.38833766870965,5.91932685271246,5.47059421061218,6.65812204193445,1,2
20,15,19,7.88873721248677,3.38833766870965,5.27748086466955,5.88465319678844,6.83539065886207,1,2
20,15,23,7.88873721248677,3.38833766870965,6.12354525616536,5.54166655989169,6.83421879397069,1,2
20,15,24,7.88873721248677,3.38833766870965,5.22639569282387,6.77593961624867,7.02720885655881,1,2
20,15,25,7.88873721248677,3.38833766870965,4.78582666329921,5.80060008152131,6.64598127557672,1,2
20,15,27,7.88873721248677,3.38833766870965,4.1089273118808,6.12678671763711,6.65698571666787,1,2
20,15,28,7.88873721248677,3.38833766870965,6.96848182702861,5.80847276483077,6.77069360592332,1,2
20,15,30,7.88873721248677,3.38833766870965,5.26563609701023,5.95030819671139,6.64673557009342,1,2
20,15,31,7.88873721248677,3.38833766870965,5.52323509324638,6.37301251762461,6.66914865430909,1,2
20,15,33,7.88873721248677,3.38833766870965,6.91439791809443,6.84937431833937,7.21246032646564,1,2
20,15,34,7.88873721248677,3.38833766870965,6.00239779388572,5.88567280256516,6.87069318235501,1,2
20,15,35,7.88873721248677,3.38833766870965,5.19764359428067,5.25571095235827,6.44599795336061,1,2
20,15,37,7.88873721248677,3.38833766870965,6.42765124217494,5.33596325088937,6.65491376805975,1,2
20,15,38,7.88873721248677,3.38833766870965,5.44155082743293,5.55053342355425,6.67662762628269,1,2
20,15,39,7.88873721248677,3.38833766870965,5.68670605033887,5.83160481339474,6.84576641625437,1,2
20,15,41,7.88873721248677,3.38833766870965,5.97034056404074,5.51455093420492,6.78799972059063,1,2
20,15,42,7.88873721248677,3.38833766870965,5.90372447013143,5.16157295004362,6.54998943354909,1,2
20,15,43,7.88873721248677,3.38833766870965,4.78364582483576,5.71235660181794,6.62872010498774,1,2
20,15,45,7.88873721248677,3.38833766870965,4.58056997002821,6.61866035986217,6.66446479050159,1,2
20,15,47,7.88873721248677,3.38833766870965,5.78421136577968,6.53351035230611,6.86411152602681,1,2
20,15,49,7.88873721248677,3.38833766870965,5.194929054692,5.74526680336612,6.6383109076895,1,2
20,15,51,7.88873721248677,3.38833766870965,4.48686650923828,5.84415316218101,6.87827071627047,1,2
20,15,53,7.88873721248677,3.38833766870965,6.07856165178871,5.52933526811839,6.75923756358966,1,2
20,15,54,7.88873721248677,3.38833766870965,6.14673336019357,5.34400301398141,6.7139098947223,1,2
20,15,56,7.88873721248677,3.38833766870965,4.5867717368478,5.61206511578146,6.57292179853609,1,2
20,15,58,7.88873721248677,3.38833766870965,4.70034046968174,6.36122301521921,6.83516403290572,1,2
20,15,60,7.88873721248677,3.38833766870965,2.23422032286254,6.47975086026524,6.6570956778534,1,2
20,15,63,7.88873721248677,3.38833766870965,7.91948716513984,5.50132546210346,6.70344569954874,1,2
20,15,65,7.88873721248677,3.38833766870965,5.54866683718871,6.23399243169088,6.77441566832089,1,2
20,15,66,7.88873721248677,3.38833766870965,5.22223136043416,5.67092813455661,6.91767246749436,1,2
20,15,68,7.88873721248677,3.38833766870965,5.64467914903317,6.2958206215528,6.70815232780864,1,2
20,16,2,7.88873721248677,3.38833766870965,4.55690118830451,5.50802992561972,6.89537307813752,1,2
20,16,5,7.88873721248677,3.38833766870965,3.4395104479318,5.94410840864272,6.74909910285991,1,2
20,16,8,7.88873721248677,3.38833766870965,7.25605298961124,6.32494219309225,7.12879174631266,1,2
20,16,11,7.88873721248677,3.38833766870965,4.1526042423818,6.25978853960773,6.89717739125272,1,2
20,16,13,7.88873721248677,3.38833766870965,5.52563117150843,6.30927771082425,6.99416232059205,1,2
20,16,16,7.88873721248677,3.38833766870965,4.89586010434963,6.29934476353362,6.77509117041372,1,2
20,16,17,7.88873721248677,3.38833766870965,6.59806783707009,4.95121047853859,6.63123027965992,1,2
20,16,20,7.88873721248677,3.38833766870965,4.411036182745,6.28329007837162,7.02410622952482,1,2
20,16,21,7.88873721248677,3.38833766870965,4.7782691111987,5.24889512559034,6.82821808956097,1,2
20,16,22,7.88873721248677,3.38833766870965,3.94711801011598,6.47002608793266,7.07585506666104,1,2
20,16,25,7.88873721248677,3.38833766870965,3.46952837703691,6.51047613479345,7.21072514887669,1,2
20,16,26,7.88873721248677,3.38833766870965,6.9733930527485,7.20993897785099,7.35269015635989,1,2
20,16,29,7.88873721248677,3.38833766870965,6.38683138371696,6.66679689600826,6.91076069187938,1,2
20,16,33,7.88873721248677,3.38833766870965,4.65343724988073,6.78693131150353,7.12351788347996,1,2
20,16,34,7.88873721248677,3.38833766870965,5.77977952958255,6.03126142568813,6.89961638867056,1,2
20,16,35,7.88873721248677,3.38833766870965,5.44675017391388,5.53465572532995,6.79892679960875,1,2
20,16,39,7.88873721248677,3.38833766870965,3.39991535269918,5.69492003204947,6.95098317272163,1,2
20,16,40,7.88873721248677,3.38833766870965,4.53057917366487,5.54838584090753,6.80365547692476,1,2
20,16,41,7.88873721248677,3.38833766870965,4.77295823800866,5.59957591199546,6.95234019480549,1,2
20,16,43,7.88873721248677,3.38833766870965,4.60044413167547,5.32383838759739,6.89181374308272,1,2
20,16,44,7.88873721248677,3.38833766870965,3.64946910966589,6.03069908918977,6.96256737360235,1,2
20,16,45,7.88873721248677,3.38833766870965,4.29121721304086,5.35667299185516,6.6204537093269,1,2
20,16,47,7.88873721248677,3.38833766870965,4.42488279654381,5.03296697709748,6.56485085013515,1,2
20,16,50,7.88873721248677,3.38833766870965,3.755796606897,5.81000609037782,6.78851353693162,1,2
20,16,52,7.88873721248677,3.38833766870965,3.24652023517033,5.11957400207549,6.62504041470077,1,2
20,16,53,7.88873721248677,3.38833766870965,5.57526558782821,6.72521500877969,7.1930809814291,1,2
20,16,54,7.88873721248677,3.38833766870965,6.01970685672769,6.85344852414752,7.25392116788425,1,2
20,16,56,7.88873721248677,3.38833766870965,5.65058596531508,6.48173572306321,7.1681977405037,1,2
20,16,60,7.88873721248677,3.38833766870965,3.68506684097045,5.74216069891023,6.64536076766939,1,2
20,16,61,7.88873721248677,3.38833766870965,3.98274729028982,7.17560647832297,7.44773012452497,1,2
20,16,62,7.88873721248677,3.38833766870965,4.30597858198457,5.91356259005289,6.91579181470792,1,2
20,16,63,7.88873721248677,3.38833766870965,3.81147194908178,5.13734040918506,6.28602494650183,1,2
20,16,65,7.88873721248677,3.38833766870965,5.66338598865504,5.47152897539931,6.58886512238523,1,2
20,16,67,7.88873721248677,3.38833766870965,4.48029790960858,5.39402961959701,6.76388827455607,1,2
20,16,68,7.88873721248677,3.38833766870965,4.31997605754522,5.86308978020233,6.84805093089124,1,2
20,16,70,7.88873721248677,3.38833766870965,3.84585355209213,6.5463725909621,6.98636071827859,1,2
20,16,72,7.88873721248677,3.38833766870965,6.49586892145769,6.28153496136218,7.16673386369941,1,2
20,16,73,7.88873721248677,3.38833766870965,5.73620708914236,6.56856255997528,7.29434082437503,1,2
20,16,74,7.88873721248677,3.38833766870965,3.78068007731837,5.92756403698186,6.87410579644643,1,2
20,16,75,7.88873721248677,3.38833766870965,4.9273081513199,5.77952973104256,6.78628040381783,1,2
20,16,76,7.88873721248677,3.38833766870965,7.35357906476371,6.40300871852292,7.1589470877869,1,2
20,16,78,7.88873721248677,3.38833766870965,4.2934437129891,4.98218640239301,6.74680490703022,1,2
20,16,79,7.88873721248677,3.38833766870965,4.46581173881979,5.56079610511368,6.73011679797159,1,2
20,16,80,7.88873721248677,3.38833766870965,3.8631389776097,5.81831883959947,6.78573746522618,1,2
20,16,81,7.88873721248677,3.38833766870965,3.79345711618534,6.24995939627785,7.0450365585387,1,2
20,16,82,7.88873721248677,3.38833766870965,3.61367267520395,6.94735742746625,7.3671256241857,1,2
20,17,1,7.88873721248677,3.38833766870965,4.06542866606585,5.55610958704549,6.84329592155554,1,2
20,17,2,7.88873721248677,3.38833766870965,5.34988913080028,5.88737063183532,7.14378222143632,1,2
20,17,3,7.88873721248677,3.38833766870965,6.05157588775778,5.57154615004651,6.99925098901488,1,2
20,17,6,7.88873721248677,3.38833766870965,5.55503940997348,6.69621478284304,6.78409681057458,1,2
20,17,9,7.88873721248677,3.38833766870965,5.80046218236772,6.17461023983227,6.9614586843603,1,2
20,17,10,7.88873721248677,3.38833766870965,4.65247629596365,6.09483967535785,7.00151149256828,1,2
20,17,15,7.88873721248677,3.38833766870965,5.8792803688072,5.6645273575698,7.0457982452614,1,2
20,17,17,7.88873721248677,3.38833766870965,5.88163727223986,6.35647018503991,7.22144286013974,1,2
20,17,18,7.88873721248677,3.38833766870965,5.84151670075369,6.04184478409026,7.03574639061542,1,2
20,17,22,7.88873721248677,3.38833766870965,4.48383565955855,6.03562407250309,6.85896954114382,1,2
20,17,24,7.88873721248677,3.38833766870965,4.56457307324038,5.97083289358237,6.78446766582934,1,2
20,17,27,7.88873721248677,3.38833766870965,6.46434122657692,5.61669177431343,7.04130375523189,1,2
20,17,28,7.88873721248677,3.38833766870965,6.11985544668131,5.62823502180633,7.08910808854609,1,2
20,17,29,7.88873721248677,3.38833766870965,4.83981284586047,7.14293817034709,7.12826373040501,1,2
20,17,30,7.88873721248677,3.38833766870965,4.95917831452698,6.23078909538183,6.97496390110248,1,2
20,17,34,7.88873721248677,3.38833766870965,4.58108010143363,5.6311061318913,6.60381273525554,1,2
20,17,36,7.88873721248677,3.38833766870965,3.95415047550907,5.66927987075754,7.08000113652352,1,2
20,17,40,7.88873721248677,3.38833766870965,4.77219742643335,6.29012958261844,6.7889551946317,1,2
20,17,42,7.88873721248677,3.38833766870965,4.21293188741821,5.04081922566873,6.7872492565379,1,2
20,17,44,7.88873721248677,3.38833766870965,4.49947039623203,5.15513393959695,6.92727626840874,1,2
20,17,47,7.88873721248677,3.38833766870965,5.7788585312387,7.12677896687841,7.51005912221987,1,2
20,17,48,7.88873721248677,3.38833766870965,6.87758184195909,6.3587910614346,6.96521285201751,1,2
20,17,49,7.88873721248677,3.38833766870965,4.64680163703394,6.47710213741788,7.05546615718123,1,2
20,17,51,7.88873721248677,3.38833766870965,5.10729677184685,6.21683410628792,6.84682440999473,1,2
20,17,53,7.88873721248677,3.38833766870965,5.95154198931438,6.05994797195889,6.94661853378909,1,2
20,17,54,7.88873721248677,3.38833766870965,5.66814744613497,5.61381462853682,7.28695993491801,1,2
20,17,55,7.88873721248677,3.38833766870965,3.36305717522173,6.74036768686397,6.80428397286165,1,2
20,17,56,7.88873721248677,3.38833766870965,4.27093503250364,5.92733680453919,7.00016841259834,1,2
20,17,62,7.88873721248677,3.38833766870965,5.05659722385898,6.34078814769821,7.28023915792028,1,2
20,17,63,7.88873721248677,3.38833766870965,4.89412278655132,5.14287696412657,6.95994708772022,1,2
20,17,64,7.88873721248677,3.38833766870965,4.73663856486586,5.33913136365647,7.06321218468093,1,2
20,17,67,7.88873721248677,3.38833766870965,4.41060949504541,6.02954027649678,6.89618483337072,1,2
20,17,68,7.88873721248677,3.38833766870965,6.11485439912771,5.90388788036783,7.09976097837915,1,2
20,17,69,7.88873721248677,3.38833766870965,5.91839538969837,5.84524156293381,7.29502052186462,1,2
20,17,71,7.88873721248677,3.38833766870965,3.24405666786794,6.49272022316916,6.92743059414573,1,2
20,17,72,7.88873721248677,3.38833766870965,4.39113786597604,7.12737522905366,7.39787570015429,1,2
20,17,75,7.88873721248677,3.38833766870965,4.80971649301403,6.01970626592934,6.87171705239025,1,2
20,17,80,7.88873721248677,3.38833766870965,4.3999967359986,6.12190899801639,7.13382089879164,1,2
20,17,84,7.88873721248677,3.38833766870965,3.75055454056422,6.02931193068162,6.72692189620133,1,2
20,17,85,7.88873721248677,3.38833766870965,5.33195423724046,6.53680096176515,6.75864241818742,1,2
20,17,86,7.88873721248677,3.38833766870965,2.92843586686961,6.71731309485342,6.95138921725291,1,2
20,17,88,7.88873721248677,3.38833766870965,5.51137073490932,5.72495300954921,7.1621187482187,1,2
20,17,90,7.88873721248677,3.38833766870965,4.60550126726066,6.08014674157762,6.93460119931312,1,2
20,17,91,7.88873721248677,3.38833766870965,6.01495571184286,5.29363376105448,6.61163948558389,1,2
20,17,92,7.88873721248677,3.38833766870965,5.6208776721452,5.47950393619225,6.9229183293413,1,2
20,17,94,7.88873721248677,3.38833766870965,6.29471046069987,5.85158785457326,6.99121336470581,1,2
20,17,96,7.88873721248677,3.38833766870965,3.48573083345052,5.96298597691452,7.03732435097191,1,2
20,18,1,7.88873721248677,3.38833766870965,4.89809963721914,5.54276010692567,6.98552358256586,1,2
20,18,4,7.88873721248677,3.38833766870965,2.97881873155753,6.30864986894645,6.95391727610275,1,2
20,18,10,7.88873721248677,3.38833766870965,6.34552612454237,5.19379548691193,6.66566555801529,1,2
20,18,12,7.88873721248677,3.38833766870965,4.52495722768977,6.044785738064,7.10081737659618,1,2
20,18,13,7.88873721248677,3.38833766870965,5.49432984945469,5.71444235032858,7.00924901384728,1,2
20,18,16,7.88873721248677,3.38833766870965,5.62533932094379,5.72894077485031,7.01573393229995,1,2
20,18,18,7.88873721248677,3.38833766870965,5.9015335558816,6.1879004487991,7.38588262002955,1,2
20,18,21,7.88873721248677,3.38833766870965,5.72639784114031,6.69148393652095,7.26741317033255,1,2
20,18,23,7.88873721248677,3.38833766870965,6.58442702140469,6.39724017062638,7.11394469783844,1,2
20,18,26,7.88873721248677,3.38833766870965,4.33766237268864,6.48408365746979,7.15198987364135,1,2
20,18,28,7.88873721248677,3.38833766870965,7.34963455493314,5.87845753435376,7.24716993091593,1,2
20,18,29,7.88873721248677,3.38833766870965,4.94596476190617,5.50744929920819,6.68528258057766,1,2
20,18,31,7.88873721248677,3.38833766870965,6.72852398243715,6.21953748795819,7.42973378783674,1,2
20,18,34,7.88873721248677,3.38833766870965,4.21359002099765,5.8826354380477,6.93753332758417,1,2
20,18,38,7.88873721248677,3.38833766870965,5.05062868609839,5.35084934772547,6.62532001341353,1,2
20,18,43,7.88873721248677,3.38833766870965,4.97304326647367,5.2423456992069,7.03066808793118,1,2
20,18,44,7.88873721248677,3.38833766870965,5.68138781833927,6.02447330837273,7.24135790819471,1,2
20,18,46,7.88873721248677,3.38833766870965,5.66762370857261,5.88070079910511,6.90451594457287,1,2
20,18,50,7.88873721248677,3.38833766870965,4.94389531305126,5.37796175887305,6.95005095942884,1,2
20,18,51,7.88873721248677,3.38833766870965,3.45667227081352,6.02138221006245,7.06677040793087,1,2
20,18,52,7.88873721248677,3.38833766870965,4.46017367636216,6.08062506640176,6.77990590120056,1,2
20,18,53,7.88873721248677,3.38833766870965,4.44128071445736,6.19553539992536,6.98103870848701,1,2
20,18,55,7.88873721248677,3.38833766870965,6.55777688739952,6.26426470910499,7.21028133593617,1,2
20,18,56,7.88873721248677,3.38833766870965,3.38468138151533,5.39087680227735,7.13002204917486,1,2
20,18,57,7.88873721248677,3.38833766870965,5.34012773792099,6.09348991391167,7.14279399470447,1,2
20,18,58,7.88873721248677,3.38833766870965,4.55135833392291,6.62086218059933,7.50386475373656,1,2
20,18,59,7.88873721248677,3.38833766870965,5.09012334072227,6.02771839960396,6.89831678948349,1,2
20,18,64,7.88873721248677,3.38833766870965,5.62868027121823,6.24878607147351,6.91747654452369,1,2
20,18,68,7.88873721248677,3.38833766870965,4.06487875325971,6.04135202055349,7.13550119388316,1,2
20,18,74,7.88873721248677,3.38833766870965,4.21654920011728,6.06260659015143,6.82872092589563,1,2
20,18,75,7.88873721248677,3.38833766870965,3.90637214452553,5.68627318717963,6.66268173947388,1,2
20,18,80,7.88873721248677,3.38833766870965,6.55848322303033,7.08111099354778,7.58355317162918,1,2
20,18,81,7.88873721248677,3.38833766870965,3.42530083120694,5.82735676401618,7.1108569807755,1,2
20,18,82,7.88873721248677,3.38833766870965,4.77555106287592,5.49712243332984,6.95904343965095,1,2
20,18,84,7.88873721248677,3.38833766870965,5.26979485382931,5.80589777924483,6.78468642728969,1,2
20,18,87,7.88873721248677,3.38833766870965,4.85781612731335,5.89225409878625,6.87377947594709,1,2
20,18,88,7.88873721248677,3.38833766870965,6.25376797095675,6.26430850886473,6.96161315782955,1,2
20,18,91,7.88873721248677,3.38833766870965,4.73851749773809,5.58313263224964,6.85291170975798,1,2
20,18,92,7.88873721248677,3.38833766870965,5.56818211021893,6.37621227921514,7.1477978612224,1,2
20,18,93,7.88873721248677,3.38833766870965,4.14116729789508,6.24520276243455,6.94487185728587,1,2
20,18,94,7.88873721248677,3.38833766870965,3.75357928890131,5.44109310644659,6.80996984625917,1,2
20,18,95,7.88873721248677,3.38833766870965,6.55157604127306,5.61065995959332,7.28787623326408,1,2
20,19,1,7.88873721248677,3.38833766870965,3.14471140961883,6.35535542221033,7.03205890516924,1,2
20,19,2,7.88873721248677,3.38833766870965,4.56546041454695,6.4002340099691,7.37466982056985,1,2
20,19,3,7.88873721248677,3.38833766870965,4.93966371730487,4.94043040171236,6.94042483951017,1,2
20,19,7,7.88873721248677,3.38833766870965,5.02352105272616,6.64907990978314,6.98462727307372,1,2
20,19,10,7.88873721248677,3.38833766870965,6.06470865300857,6.16442505134772,7.43343978617662,1,2
20,19,12,7.88873721248677,3.38833766870965,7.46575207979585,5.84421713935467,7.41820268416864,1,2
20,19,15,7.88873721248677,3.38833766870965,6.3136278600335,6.8106393649586,7.63533563675322,1,2
20,19,16,7.88873721248677,3.38833766870965,5.70487325654876,6.26987025599634,7.36583200453155,1,2
20,19,17,7.88873721248677,3.38833766870965,5.7380815749169,5.98678722411057,7.29575054907166,1,2
20,19,19,7.88873721248677,3.38833766870965,5.33728166317132,6.35590812015049,7.25363782656782,1,2
20,19,20,7.88873721248677,3.38833766870965,3.80298913598369,5.91750744563265,7.31078427209438,1,2
20,19,21,7.88873721248677,3.38833766870965,4.26670774979499,6.34696438280709,7.12883852974584,1,2
20,19,22,7.88873721248677,3.38833766870965,5.13454035723887,5.93339253291062,7.29091298783542,1,2
20,19,25,7.88873721248677,3.38833766870965,3.66523947347953,5.87241708212602,7.29753121165501,1,2
20,19,28,7.88873721248677,3.38833766870965,6.03257262295546,5.75577939985904,7.51123100782219,1,2
20,19,36,7.88873721248677,3.38833766870965,4.96267602371762,5.86323992104917,7.44599815757358,1,2
20,19,37,7.88873721248677,3.38833766870965,5.98648905714336,6.16178149071318,7.20525473905321,1,2
20,19,40,7.88873721248677,3.38833766870965,2.68050189237014,6.89573311802862,7.21319800499301,1,2
20,19,41,7.88873721248677,3.38833766870965,5.62632472073921,5.51460462146185,6.967935387953,1,2
20,19,43,7.88873721248677,3.38833766870965,5.34591271298227,5.75527740699299,7.37929168550708,1,2
20,19,44,7.88873721248677,3.38833766870965,4.9733050815763,5.42890969119234,7.37951312969727,1,2
20,19,46,7.88873721248677,3.38833766870965,4.72776306043387,6.32771019010702,7.35002843161469,1,2
20,19,47,7.88873721248677,3.38833766870965,5.52843094376565,7.20391992920302,7.71387163403006,1,2
20,19,49,7.88873721248677,3.38833766870965,4.89172338754596,5.80047805169007,7.00238585523514,1,2
20,19,61,7.88873721248677,3.38833766870965,4.36477846317079,5.81585860010616,7.27308783567688,1,2
20,19,62,7.88873721248677,3.38833766870965,3.78914964813374,7.11756549153451,7.40815533503604,1,2
20,19,63,7.88873721248677,3.38833766870965,4.99515899296749,6.22509614332738,7.25293042815588,1,2
20,19,67,7.88873721248677,3.38833766870965,4.8766466956267,6.52445775694254,7.14904544800087,1,2
20,19,68,7.88873721248677,3.38833766870965,5.1332401540674,6.5073277635812,7.57707970366993,1,2
20,19,72,7.88873721248677,3.38833766870965,7.0418778710963,5.31871456288613,7.28348247450397,1,2
20,19,73,7.88873721248677,3.38833766870965,3.40683500025378,5.01444118693451,7.12152289985837,1,2
20,19,74,7.88873721248677,3.38833766870965,6.6468468613813,6.33887631481824,7.3343964060713,1,2
20,19,75,7.88873721248677,3.38833766870965,5.12021968458285,6.62105206495697,7.31718724235004,1,2
20,19,76,7.88873721248677,3.38833766870965,4.33882389536267,6.5389308706248,7.21907476903247,1,2
20,19,80,7.88873721248677,3.38833766870965,4.77518753976465,6.59369327053305,7.25923770225977,1,2
20,19,81,7.88873721248677,3.38833766870965,5.65174833838103,6.3482323239923,7.41438408076413,1,2
20,19,83,7.88873721248677,3.38833766870965,6.00467355931909,6.30861789057203,7.21425003379094,1,2
20,19,85,7.88873721248677,3.38833766870965,4.94059389138217,5.00714630492136,6.79782590834675,1,2
20,19,86,7.88873721248677,3.38833766870965,4.18852492139691,6.2123700898887,6.81194273104481,1,2
20,19,88,7.88873721248677,3.38833766870965,4.97550808096984,5.37637485915617,7.21112335824867,1,2
20,19,89,7.88873721248677,3.38833766870965,5.35130387676452,6.93263015707446,7.61936106476795,1,2
20,19,90,7.88873721248677,3.38833766870965,4.61824311527931,5.86988597458947,7.34869349919133,1,2
20,19,91,7.88873721248677,3.38833766870965,6.19925916519818,6.06449324813082,7.38299804791544,1,2
20,19,95,7.88873721248677,3.38833766870965,4.60126687620513,5.84283115645023,7.14875807503008,1,2
20,19,96,7.88873721248677,3.38833766870965,5.48361809300339,5.88210677433628,7.38092299693298,1,2
20,20,3,7.88873721248677,3.38833766870965,3.00726284072222,5.97636392798718,7.55921003098589,1,2
20,20,4,7.88873721248677,3.38833766870965,6.22538820199033,6.52970407386712,7.51968614186815,1,2
20,20,6,7.88873721248677,3.38833766870965,3.19547550085897,6.05435457286915,7.1983245035466,1,2
20,20,9,7.88873721248677,3.38833766870965,3.00018341449631,7.09177399810352,7.29927932667698,1,2
20,20,10,7.88873721248677,3.38833766870965,4.88670727965676,5.96293270969559,7.34405742409501,1,2
20,20,11,7.88873721248677,3.38833766870965,5.73806816581839,5.84338914383096,7.08466338573249,1,2
20,20,14,7.88873721248677,3.38833766870965,5.14913798180455,6.40911726856261,6.99984298809985,1,2
20,20,15,7.88873721248677,3.38833766870965,4.50716661155343,5.39605694965654,7.02434996865917,1,2
20,20,17,7.88873721248677,3.38833766870965,3.52665110744699,6.08689205140638,7.28218160784562,1,2
20,20,20,7.88873721248677,3.38833766870965,5.04610420480913,5.35489840601965,6.87511312698637,1,2
20,20,22,7.88873721248677,3.38833766870965,4.05734494519455,6.31181624889345,7.53106471430152,1,2
20,20,25,7.88873721248677,3.38833766870965,6.61879626585361,6.36311651084541,7.42644798975638,1,2
20,20,26,7.88873721248677,3.38833766870965,3.93992380333147,6.29019440488853,7.28537890419566,1,2
20,20,29,7.88873721248677,3.38833766870965,5.04564669775055,5.7831834240064,7.17061902743606,1,2
20,20,31,7.88873721248677,3.38833766870965,6.60745850213151,6.01223244575308,7.30620629988274,1,2
20,20,32,7.88873721248677,3.38833766870965,4.24811311190712,6.97991089608112,7.24642041252846,1,2
20,20,33,7.88873721248677,3.38833766870965,4.68315868970383,6.14132881065341,7.30066086851487,1,2
20,20,35,7.88873721248677,3.38833766870965,4.77781266270698,5.86695744928677,7.2698056830195,1,2
20,20,36,7.88873721248677,3.38833766870965,4.89730631548099,5.82500719925118,7.38363805022757,1,2
20,20,37,7.88873721248677,3.38833766870965,6.89142700774075,5.78432041392451,7.75993369813511,1,2
20,20,41,7.88873721248677,3.38833766870965,4.55387059995685,6.72495152612923,7.45985463067597,1,2
20,20,42,7.88873721248677,3.38833766870965,2.69031666483399,5.67057076851746,6.99266806469774,1,2
20,20,45,7.88873721248677,3.38833766870965,5.43588243859693,6.2415838110041,7.21707998501585,1,2
20,20,47,7.88873721248677,3.38833766870965,5.56134204663408,6.28525085894311,7.1378934201908,1,2
20,20,48,7.88873721248677,3.38833766870965,5.87356523921961,6.3019270398258,7.32001415505737,1,2
20,20,49,7.88873721248677,3.38833766870965,3.9159107815584,5.96714364174448,7.33317337428154,1,2
20,20,50,7.88873721248677,3.38833766870965,6.61031707350935,6.19073692993541,7.34775463641575,1,2
20,20,51,7.88873721248677,3.38833766870965,4.21779667889115,5.60985143892455,7.04214233173452,1,2
20,20,53,7.88873721248677,3.38833766870965,5.49468156028865,5.8838073974896,7.3319655681624,1,2
20,20,54,7.88873721248677,3.38833766870965,4.63770356556888,5.5788800381155,7.39404251929276,1,2
20,20,57,7.88873721248677,3.38833766870965,2.93650244915364,7.04119870004396,7.33093372437708,1,2
20,20,59,7.88873721248677,3.38833766870965,5.40139177249232,6.50235543436747,7.60088161669718,1,2
20,20,60,7.88873721248677,3.38833766870965,4.70641168214005,7.07494760237541,7.36467886074314,1,2
20,20,61,7.88873721248677,3.38833766870965,5.0070550842914,5.95938220538219,7.19351086574324,1,2
20,20,62,7.88873721248677,3.38833766870965,5.47432906070367,6.45794910715997,7.520389726898,1,2
20,20,63,7.88873721248677,3.38833766870965,5.82407177542999,5.77977237340523,6.90641589824973,1,2
20,20,66,7.88873721248677,3.38833766870965,6.84793078835431,6.93548187065717,7.62497871930223,1,2
20,20,67,7.88873721248677,3.38833766870965,6.06994613832337,5.53527462667817,6.82058722044576,1,2
20,20,69,7.88873721248677,3.38833766870965,6.36452985858552,6.9209463101109,7.4999007630443,1,2
20,20,70,7.88873721248677,3.38833766870965,4.3224945803504,5.19306297608369,7.04955413379112,1,2
20,20,71,7.88873721248677,3.38833766870965,4.86024309939502,6.52094942313329,6.96524198403698,1,2
20,20,73,7.88873721248677,3.38833766870965,6.08829557027713,6.47018225810045,7.33588711840524,1,2
20,20,74,7.88873721248677,3.38833766870965,4.23734114984194,6.15559881055465,7.11607793345384,1,2
20,20,76,7.88873721248677,3.38833766870965,5.3605401625268,5.50854891420222,7.18637516394325,1,2
20,20,77,7.88873721248677,3.38833766870965,4.73956382378928,6.23518760526345,7.2515998769909,1,2
20,20,78,7.88873721248677,3.38833766870965,5.10023145421345,5.30025841579663,6.93947623845687,1,2
20,20,80,7.88873721248677,3.38833766870965,4.1973743939203,6.15335692482996,7.33660884342912,1,2
20,21,4,7.88873721248677,3.38833766870965,7.96267792269748,5.54227299815693,7.26392561668565,1,2
20,21,5,7.88873721248677,3.38833766870965,4.44760478649239,5.16044853384662,7.06724272425475,1,2
20,21,10,7.88873721248677,3.38833766870965,4.61019342850118,5.71903087107413,7.60280358084797,1,2
20,21,11,7.88873721248677,3.38833766870965,6.44082311182534,6.29773384401332,8.01061230285854,1,2
20,21,13,7.88873721248677,3.38833766870965,6.059695391839,5.71032264021704,7.31481220742915,1,2
20,21,15,7.88873721248677,3.38833766870965,6.18386716824236,6.55177692833612,7.67684407696022,1,2
20,21,16,7.88873721248677,3.38833766870965,5.7094768978841,5.92899297619316,7.86619466215071,1,2
20,21,17,7.88873721248677,3.38833766870965,5.96297428084873,5.91989749775906,7.61616484612882,1,2
20,21,19,7.88873721248677,3.38833766870965,4.62988417732738,6.38288818607103,7.5975111690595,1,2
20,21,22,7.88873721248677,3.38833766870965,4.92267268101788,5.81350728635073,7.4228790244759,1,2
20,21,26,7.88873721248677,3.38833766870965,5.04456826465375,5.37542764830068,7.34582442319371,1,2
20,21,29,7.88873721248677,3.38833766870965,5.6864687824153,6.34346353212811,7.47229736119135,1,2
20,21,31,7.88873721248677,3.38833766870965,4.68124769822951,6.03935247060216,7.63163715224669,1,2
20,21,34,7.88873721248677,3.38833766870965,4.93607769858925,5.11635351399338,7.53830667027735,1,2
20,21,36,7.88873721248677,3.38833766870965,4.5947429970494,6.14569043536801,7.61403869010598,1,2
20,21,39,7.88873721248677,3.38833766870965,6.76723906126444,6.66206976743968,7.92689155817382,1,2
20,21,43,7.88873721248677,3.38833766870965,4.40048316875421,5.56594400474192,7.27885824778139,1,2
20,21,49,7.88873721248677,3.38833766870965,2.90267948553382,6.3587446895945,7.39477914059875,1,2
20,21,53,7.88873721248677,3.38833766870965,6.2986147542482,6.61138893998836,7.90117656664148,1,2
20,21,54,7.88873721248677,3.38833766870965,4.13128644176115,5.55090027678159,7.40525336931777,1,2
20,21,56,7.88873721248677,3.38833766870965,4.32213301851539,6.29125583402817,7.72008348273936,1,2
20,21,57,7.88873721248677,3.38833766870965,4.30161532841113,6.07421630996388,7.57757595264909,1,2
20,21,60,7.88873721248677,3.38833766870965,4.90330384328777,6.51663636039437,7.8498781848726,1,2
20,21,62,7.88873721248677,3.38833766870965,4.89252901288893,5.15292806052237,7.15752219571734,1,2
20,21,64,7.88873721248677,3.38833766870965,5.67216854991992,5.53968792482911,7.17265204518795,1,2
20,21,65,7.88873721248677,3.38833766870965,5.33882468492722,6.07621658821007,7.61311882066341,1,2
20,21,66,7.88873721248677,3.38833766870965,4.88824523613346,5.7304441241536,7.35970694806047,1,2
20,21,67,7.88873721248677,3.38833766870965,6.02004752730087,6.89944025603567,7.80310257680635,1,2
20,21,68,7.88873721248677,3.38833766870965,6.01398945874727,4.96998886683172,7.48440618486988,1,2
20,21,70,7.88873721248677,3.38833766870965,6.74839033989774,6.35068124303894,7.92973741683467,1,2
20,21,72,7.88873721248677,3.38833766870965,3.59380434689353,6.04264621552381,7.58019183770731,1,2
20,21,73,7.88873721248677,3.38833766870965,5.68063629393786,5.90506309480237,7.78414991446687,1,2
20,21,74,7.88873721248677,3.38833766870965,3.12735657327979,4.97061641768431,7.07486664720379,1,2
20,21,75,7.88873721248677,3.38833766870965,5.00224569829226,6.66152582628647,7.7107517080589,1,2
20,21,78,7.88873721248677,3.38833766870965,4.32671637865781,6.13571571583566,7.46046906494333,1,2
20,21,79,7.88873721248677,3.38833766870965,4.12603148898381,6.27498758843379,7.57632111768443,1,2
20,21,82,7.88873721248677,3.38833766870965,3.78558073420673,6.13372462392367,7.29698195878911,1,2
20,21,84,7.88873721248677,3.38833766870965,4.88064039926056,5.29489262769034,7.29598431056501,1,2
20,21,85,7.88873721248677,3.38833766870965,4.93314669430857,5.88702124192042,7.60106505940517,1,2
20,21,86,7.88873721248677,3.38833766870965,6.84932680220603,6.28773593024729,7.58008674984882,1,2
20,21,89,7.88873721248677,3.38833766870965,3.91977948458457,5.18130272172071,7.17235795699775,1,2
20,21,92,7.88873721248677,3.38833766870965,4.02760592799202,6.20238238666449,7.74028227754505,1,2
20,21,94,7.88873721248677,3.38833766870965,3.9885319652531,6.46935233715007,7.29798123931782,1,2
20,21,95,7.88873721248677,3.38833766870965,2.40185933568285,5.57860063581111,7.13825318775631,1,2
20,21,99,7.88873721248677,3.38833766870965,3.09039902217612,6.14418264237566,7.15805383899273,1,2
20,21,100,7.88873721248677,3.38833766870965,2.74139859062431,5.71558681586899,7.34478878586134,1,2
20,22,2,7.88873721248677,3.38833766870965,4.27537522119315,5.81057839539696,7.72788661541751,1,2
20,22,6,7.88873721248677,3.38833766870965,5.06483847487269,6.66092947706885,7.83691690610842,1,2
20,22,14,7.88873721248677,3.38833766870965,4.86601249229332,5.68638832720981,7.55631094035801,1,2
20,22,16,7.88873721248677,3.38833766870965,5.8786569598132,5.70701549144204,7.90535494152716,1,2
20,22,17,7.88873721248677,3.38833766870965,4.43591346997537,5.89968205489674,7.72728518622994,1,2
20,22,18,7.88873721248677,3.38833766870965,4.91769766106453,5.85543268103833,7.58624440154095,1,2
20,22,19,7.88873721248677,3.38833766870965,5.33909997995305,5.63727100147061,7.73903338603238,1,2
20,22,20,7.88873721248677,3.38833766870965,4.02426942816142,5.52543570191991,7.75154461632303,1,2
20,22,24,7.88873721248677,3.38833766870965,5.41929175723576,6.15952330499622,7.55575353303508,1,2
20,22,31,7.88873721248677,3.38833766870965,6.02468821475928,6.0413282973618,7.89310963037294,1,2
20,22,32,7.88873721248677,3.38833766870965,5.14494613050813,6.33457677151905,7.74305330884703,1,2
20,22,34,7.88873721248677,3.38833766870965,2.91941797521929,5.46867505668012,7.3507435712215,1,2
20,22,35,7.88873721248677,3.38833766870965,4.91117428186926,6.40751886256884,7.61993409872241,1,2
20,22,36,7.88873721248677,3.38833766870965,4.36382687043204,5.0886030612803,7.52632371504439,1,2
20,22,37,7.88873721248677,3.38833766870965,6.29136240680202,6.08786411141232,7.92110694053035,1,2
20,22,38,7.88873721248677,3.38833766870965,4.09158428932617,6.23324336796268,7.48944995995353,1,2
20,22,40,7.88873721248677,3.38833766870965,4.16379268708343,5.80145574742533,7.82282474936635,1,2
20,22,41,7.88873721248677,3.38833766870965,5.07486904769789,5.94047341507817,7.64676303529613,1,2
20,22,42,7.88873721248677,3.38833766870965,4.38349940616398,5.5379623916878,7.57560699803134,1,2
20,22,44,7.88873721248677,3.38833766870965,4.69074968449458,6.30612197095407,7.71200768783271,1,2
20,22,45,7.88873721248677,3.38833766870965,6.04486331966491,5.90882453597294,7.6301424729246,1,2
20,22,46,7.88873721248677,3.38833766870965,4.47684419301672,6.14447173179783,7.70561675102818,1,2
20,22,49,7.88873721248677,3.38833766870965,5.45388821593507,5.9160889244508,7.68912042620263,1,2
20,22,50,7.88873721248677,3.38833766870965,5.88035905054042,5.63415504550218,7.48001868674045,1,2
20,22,52,7.88873721248677,3.38833766870965,5.4713355726756,5.34206230229381,7.60328625909309,1,2
20,22,55,7.88873721248677,3.38833766870965,5.61329032037592,7.21188409045784,7.82454591537391,1,2
20,22,57,7.88873721248677,3.38833766870965,6.99886678245778,6.39240459707509,7.92454743767477,1,2
20,22,58,7.88873721248677,3.38833766870965,3.38915919611198,6.47622034316268,7.66728117355649,1,2
20,22,60,7.88873721248677,3.38833766870965,4.60336225024135,6.53950791652104,7.79345445130121,1,2
20,22,61,7.88873721248677,3.38833766870965,4.41183817898483,6.38662036729096,7.94630488059481,1,2
20,22,63,7.88873721248677,3.38833766870965,5.72762431270112,4.82290465342759,7.68073629262538,1,2
20,22,64,7.88873721248677,3.38833766870965,2.18056659695277,6.57794183400687,7.67172257153565,1,2
20,22,66,7.88873721248677,3.38833766870965,5.99959839657932,5.98109037820715,8.0329584517209,1,2
20,22,67,7.88873721248677,3.38833766870965,2.63424955112738,6.45885452417621,7.72315375886437,1,2
20,23,1,7.88873721248677,3.38833766870965,4.88529610359764,5.58729768167364,7.72942826895101,1,2
20,23,2,7.88873721248677,3.38833766870965,5.24774658734113,5.40248645381516,7.69966754542263,1,2
20,23,3,7.88873721248677,3.38833766870965,5.16114172238937,5.37430489383965,7.85240615428373,1,2
20,23,5,7.88873721248677,3.38833766870965,6.13153372957569,6.01109045785652,7.9911583109832,1,2
20,23,7,7.88873721248677,3.38833766870965,4.89575708080961,6.65012499056047,7.97987336911086,1,2
20,23,8,7.88873721248677,3.38833766870965,4.25333045674915,5.93487008312532,7.93528805277963,1,2
20,23,11,7.88873721248677,3.38833766870965,5.6057981357396,6.12899264707953,8.29998206984905,1,2
20,23,12,7.88873721248677,3.38833766870965,5.92774796113346,6.20348276005016,7.63820158397847,1,2
20,23,13,7.88873721248677,3.38833766870965,4.06879563960467,5.57772292460548,7.59391594293356,1,2
20,23,14,7.88873721248677,3.38833766870965,4.24440268297091,6.26947565044325,7.51448080465234,1,2
20,23,16,7.88873721248677,3.38833766870965,4.50202434318728,6.84760129204988,7.75145433647041,1,2
20,23,17,7.88873721248677,3.38833766870965,4.6820918001861,5.94587682585322,7.9166836159576,1,2
20,23,19,7.88873721248677,3.38833766870965,6.07446117751079,5.90242240057534,7.78065462858191,1,2
20,23,20,7.88873721248677,3.38833766870965,4.98541844639549,6.09268647843617,8.10654573245896,1,2
20,23,22,7.88873721248677,3.38833766870965,6.29792411337179,6.64396723980204,8.1779667111767,1,2
20,23,23,7.88873721248677,3.38833766870965,4.58341475906059,6.33786628418484,7.86873021198684,1,2
20,23,24,7.88873721248677,3.38833766870965,5.77701269300165,5.10021964532692,7.72030668151426,1,2
20,23,26,7.88873721248677,3.38833766870965,6.70175642530647,5.85563396233099,7.46428600531187,1,2
20,23,27,7.88873721248677,3.38833766870965,5.49804883005851,6.27519361296841,7.73248738543841,1,2
20,23,29,7.88873721248677,3.38833766870965,3.33934640895404,6.56500478565332,8.13267455884376,1,2
20,23,31,7.88873721248677,3.38833766870965,4.90228896576042,6.51619534817001,7.92057984429471,1,2
20,23,32,7.88873721248677,3.38833766870965,4.07042857521849,5.87047277824001,8.02735723788633,1,2
20,23,34,7.88873721248677,3.38833766870965,4.85993656334227,5.7981466529668,7.71982274092001,1,2
20,23,37,7.88873721248677,3.38833766870965,4.90473615395673,6.01243735227104,7.99370275829183,1,2
20,23,38,7.88873721248677,3.38833766870965,5.37528997215863,5.57909584191429,7.67830752305578,1,2
20,23,40,7.88873721248677,3.38833766870965,5.20812450642184,6.34461497325229,7.82144067898182,1,2
20,23,44,7.88873721248677,3.38833766870965,5.10264914639954,6.39982052376369,7.88155378171298,1,2
20,23,46,7.88873721248677,3.38833766870965,5.60017099861353,5.09650317533801,7.65704673991642,1,2
20,23,48,7.88873721248677,3.38833766870965,4.21900210029667,6.51570295069245,7.80792411643789,1,2
20,23,49,7.88873721248677,3.38833766870965,4.8237091665836,5.87217480953998,7.54329438043914,1,2
20,23,51,7.88873721248677,3.38833766870965,5.61110305094513,5.94017093395942,7.65552861310523,1,2
20,23,53,7.88873721248677,3.38833766870965,3.97454411094179,6.4740276371663,8.22370462296467,1,2
20,23,55,7.88873721248677,3.38833766870965,3.25186893011981,5.79134902452627,7.77704753118179,1,2
20,23,56,7.88873721248677,3.38833766870965,2.51314698069717,5.99708821708868,7.85616384715543,1,2
20,23,57,7.88873721248677,3.38833766870965,3.77976459929674,5.53206145871557,7.81929649379336,1,2
20,23,60,7.88873721248677,3.38833766870965,4.41951386396563,5.35875963591895,7.39623762614839,1,2
20,23,61,7.88873721248677,3.38833766870965,5.02235151289654,6.73835583957671,7.92726708346887,1,2
20,23,63,7.88873721248677,3.38833766870965,5.29660861428665,5.0624871692933,7.43620068013233,1,2
20,23,65,7.88873721248677,3.38833766870965,4.05954460612824,6.78291141066841,7.59298972376375,1,2
20,23,70,7.88873721248677,3.38833766870965,4.32684161813213,5.31311402596481,7.73924999832901,1,2
20,23,71,7.88873721248677,3.38833766870965,4.24743814393304,6.44444768836011,7.7550647228969,1,2
20,23,73,7.88873721248677,3.38833766870965,5.92260693512997,6.08034238562199,7.45173705807383,1,2
20,23,75,7.88873721248677,3.38833766870965,5.34064112972256,6.11956719468196,8.13484054651189,1,2
20,23,76,7.88873721248677,3.38833766870965,4.76816084533421,5.27581250257269,7.60620692486388,1,2
20,23,77,7.88873721248677,3.38833766870965,5.35211313752655,4.77465348917764,7.65021426542549,1,2
20,23,79,7.88873721248677,3.38833766870965,3.84682707670102,6.32508809072721,8.07462974649484,1,2
20,23,82,7.88873721248677,3.38833766870965,5.13196095071506,4.65623543282245,7.83675764798093,1,2
20,23,85,7.88873721248677,3.38833766870965,6.04588762389796,6.48340629091355,8.1942966176359,1,2
20,23,87,7.88873721248677,3.38833766870965,3.93844286116559,4.99457484117101,7.57738335445231,1,2
20,24,2,7.88873721248677,3.38833766870965,3.76960947172727,6.12761172499149,7.70221104240638,1,2
20,24,6,7.88873721248677,3.38833766870965,3.93784468377727,5.86026171186033,7.96948852755851,1,2
20,24,8,7.88873721248677,3.38833766870965,5.47584702172406,5.80163320556223,8.04406736569131,1,2
20,24,9,7.88873721248677,3.38833766870965,5.856099491717,6.42092213329343,8.25338848626455,1,2
20,24,16,7.88873721248677,3.38833766870965,4.11821840448599,6.04962060864154,8.11313336730579,1,2
20,24,17,7.88873721248677,3.38833766870965,4.31989115183454,6.42481760617648,7.77415520754446,1,2
20,24,18,7.88873721248677,3.38833766870965,3.41559474904151,6.52354608897193,7.75408485277925,1,2
20,24,21,7.88873721248677,3.38833766870965,4.25743762207621,6.04592446574103,7.86045779179533,1,2
20,24,22,7.88873721248677,3.38833766870965,4.90252746064246,6.49462262261621,7.64973274232928,1,2
20,24,23,7.88873721248677,3.38833766870965,7.07363320382704,6.93074135164611,8.00528902748162,1,2
20,24,24,7.88873721248677,3.38833766870965,4.73877444544919,5.61687554611159,7.755840385518,1,2
20,24,26,7.88873721248677,3.38833766870965,4.37176661800545,5.39835678040649,7.37331516868064,1,2
20,24,30,7.88873721248677,3.38833766870965,5.17918045087091,6.89995613833182,7.8584178116783,1,2
20,24,31,7.88873721248677,3.38833766870965,3.36973580587226,5.33701600878763,7.87126739495942,1,2
20,24,34,7.88873721248677,3.38833766870965,5.7790890395955,5.95543014230042,7.68011606375766,1,2
20,24,35,7.88873721248677,3.38833766870965,6.8672602608382,6.78785732792233,8.01176116220774,1,2
20,24,38,7.88873721248677,3.38833766870965,4.35823908885486,6.267887907603,7.65702666849883,1,2
20,24,41,7.88873721248677,3.38833766870965,5.0565946603202,6.00819227857528,7.69336020333205,1,2
20,24,42,7.88873721248677,3.38833766870965,6.23601280883841,6.19324641037761,8.29281710384332,1,2
20,24,43,7.88873721248677,3.38833766870965,3.49301626159268,6.43629411972488,7.73561004190727,1,2
20,24,47,7.88873721248677,3.38833766870965,5.096114352496,6.25038660579721,7.81343238765441,1,2
20,24,48,7.88873721248677,3.38833766870965,3.63046654016982,6.27984718292632,7.79181456110367,1,2
20,24,49,7.88873721248677,3.38833766870965,4.59285784564579,5.00853352271843,7.73340619095204,1,2
20,24,51,7.88873721248677,3.38833766870965,5.86115597810023,6.02805420918282,8.05286573292468,1,2
20,24,52,7.88873721248677,3.38833766870965,4.58151801362955,5.88434904339458,7.83975122804874,1,2
20,24,54,7.88873721248677,3.38833766870965,5.31709156016433,6.41818149010753,8.09302563029824,1,2
20,24,55,7.88873721248677,3.38833766870965,4.35686783140845,6.767431660404,8.0863599302088,1,2
20,24,57,7.88873721248677,3.38833766870965,6.15776895914501,7.19491617219027,8.35749597532947,1,2
20,24,60,7.88873721248677,3.38833766870965,3.53496414694652,6.38058044174018,7.83205678065,1,2
20,24,62,7.88873721248677,3.38833766870965,5.39526354397587,6.01923408635246,7.74596913347046,1,2
20,24,63,7.88873721248677,3.38833766870965,5.89031248369043,5.23423465233641,7.53961058324468,1,2
20,24,64,7.88873721248677,3.38833766870965,4.2906871188866,5.96844310980603,7.76399800849983,1,2
20,24,65,7.88873721248677,3.38833766870965,3.80901270959434,6.28026506793558,7.79972223900108,1,2
20,24,66,7.88873721248677,3.38833766870965,4.34931419437438,6.19512777157703,7.73623347231954,1,2
20,25,3,7.88873721248677,3.38833766870965,5.49609294964602,6.10601942725583,7.68914643358955,1,2
20,25,6,7.88873721248677,3.38833766870965,3.71370985692304,6.08541970418717,7.67544574997697,1,2
20,25,8,7.88873721248677,3.38833766870965,5.09277327024444,6.02365092982418,7.77400711338453,1,2
20,25,9,7.88873721248677,3.38833766870965,6.91134100050654,6.3343345826774,8.01787713272615,1,2
20,25,11,7.88873721248677,3.38833766870965,3.67957179780089,5.5979478318074,7.73753020614521,1,2
20,25,12,7.88873721248677,3.38833766870965,4.98185073704001,6.40101856921988,7.81414945464946,1,2
20,25,14,7.88873721248677,3.38833766870965,4.44490356836121,5.67466680445403,7.73281393834061,1,2
20,25,16,7.88873721248677,3.38833766870965,6.21632618164896,5.06576908040236,7.67079440067942,1,2
20,25,17,7.88873721248677,3.38833766870965,5.61616712369474,6.03530281053575,8.03158795070305,1,2
20,25,19,7.88873721248677,3.38833766870965,3.36598672511429,6.02805782263992,8.03119081816983,1,2
20,25,21,7.88873721248677,3.38833766870965,5.62481475208811,5.80949824217271,8.2091290163428,1,2
20,25,22,7.88873721248677,3.38833766870965,3.28469276515227,6.13540160854812,7.65847203190536,1,2
20,25,24,7.88873721248677,3.38833766870965,5.43420711365209,6.33664116198771,7.79052779414603,1,2
20,25,25,7.88873721248677,3.38833766870965,4.95640298218213,6.04398090292792,7.65933609929838,1,2
20,25,26,7.88873721248677,3.38833766870965,5.30883096419428,6.50539389343637,7.7570441323692,1,2
20,25,36,7.88873721248677,3.38833766870965,4.71347650519109,6.3697960858659,8.01225934516882,1,2
20,25,38,7.88873721248677,3.38833766870965,8.23461159388271,5.39128933574941,8.10849975649402,1,2
20,25,41,7.88873721248677,3.38833766870965,5.66850805323528,5.8202024533248,7.71890181980694,1,2
20,25,42,7.88873721248677,3.38833766870965,4.34622983049305,5.70837053161275,7.94627047311625,1,2
20,25,43,7.88873721248677,3.38833766870965,4.81210983186264,5.67649600492223,7.97951093185844,1,2
20,25,44,7.88873721248677,3.38833766870965,3.67955441815374,5.1403854475504,7.49444172874263,1,2
20,25,45,7.88873721248677,3.38833766870965,4.58038657437707,5.89996384068028,7.88865922344584,1,2
20,25,47,7.88873721248677,3.38833766870965,6.29890094299496,5.47494105472397,7.93392818238349,1,2
20,25,48,7.88873721248677,3.38833766870965,6.13548478300883,5.89336973228515,7.83959795705875,1,2
20,25,52,7.88873721248677,3.38833766870965,7.56024107574857,5.25695710907485,8.14093928774563,1,2
20,25,55,7.88873721248677,3.38833766870965,5.50987438471885,5.87275981273003,8.17810990964133,1,2
20,25,56,7.88873721248677,3.38833766870965,4.9555725906531,6.24248146994023,7.56791799030253,1,2
20,25,57,7.88873721248677,3.38833766870965,4.1267332732835,4.69138791674207,7.81083961103156,1,2
20,25,59,7.88873721248677,3.38833766870965,7.10326965612615,6.1883904917546,8.08117456085481,1,2
20,25,60,7.88873721248677,3.38833766870965,5.59304039298235,6.43496117330898,7.58527719542574,1,2
20,25,61,7.88873721248677,3.38833766870965,4.57419334832105,6.26468979964441,7.81451892203774,1,2
20,25,62,7.88873721248677,3.38833766870965,5.00548811907628,5.7874488430219,7.63153574981814,1,2
20,25,63,7.88873721248677,3.38833766870965,4.59975788278908,5.99615170568233,7.6781059410792,1,2
20,25,64,7.88873721248677,3.38833766870965,5.33586226053181,6.75467468438849,8.16578112448019,1,2
20,25,65,7.88873721248677,3.38833766870965,4.95165584947034,5.86115337107731,7.84108127080423,1,2
20,25,66,7.88873721248677,3.38833766870965,3.81477467795363,7.25946018101929,8.20173088142144,1,2
20,25,67,7.88873721248677,3.38833766870965,5.52236334110401,5.65091250136051,7.65194793840088,1,2
20,25,70,7.88873721248677,3.38833766870965,5.39619494081318,5.28320960051095,7.65126484550577,1,2
20,25,71,7.88873721248677,3.38833766870965,5.64418007205731,6.47415411283022,8.26444039336818,1,2
20,25,72,7.88873721248677,3.38833766870965,4.16890417443133,6.55303024776893,7.69608906475597,1,2
20,25,73,7.88873721248677,3.38833766870965,3.79976831652483,6.41072604239339,8.08861187268665,1,2
20,25,74,7.88873721248677,3.38833766870965,6.9067417964583,6.28096473640575,8.11120141918889,1,2
20,25,75,7.88873721248677,3.38833766870965,4.29382831687047,5.92276483662999,7.81328382332126,1,2
20,26,1,7.88873721248677,3.38833766870965,6.37695248506145,6.17306410863883,7.78836085332026,1,2
20,26,3,7.88873721248677,3.38833766870965,5.27052544668877,5.38464887095776,8.07134127355609,1,2
20,26,4,7.88873721248677,3.38833766870965,4.76684223580495,6.95753537704669,8.39914551114732,1,2
20,26,7,7.88873721248677,3.38833766870965,5.19536972731669,5.87020421607872,8.06687209619136,1,2
20,26,14,7.88873721248677,3.38833766870965,5.14573261949677,5.56371784636513,8.112650312981,1,2
20,26,15,7.88873721248677,3.38833766870965,6.43995444215777,6.47409205960716,8.17191480717474,1,2
20,26,17,7.88873721248677,3.38833766870965,5.90925416791036,6.58831318962006,8.53558196840138,1,2
20,26,18,7.88873721248677,3.38833766870965,4.04147667571884,6.0748966621544,7.62492309637751,1,2
20,26,22,7.88873721248677,3.38833766870965,7.02191344687502,6.40941610327814,8.10836046932494,1,2
20,26,25,7.88873721248677,3.38833766870965,5.22158576647184,5.58814916433787,7.99217064957352,1,2
20,26,27,7.88873721248677,3.38833766870965,4.93811249075264,6.5111923756295,8.44125501901169,1,2
20,26,29,7.88873721248677,3.38833766870965,3.62262812287181,6.3108492895209,7.98878885782268,1,2
20,26,30,7.88873721248677,3.38833766870965,6.60183797803891,4.84619441632114,7.93254058491259,1,2
20,26,33,7.88873721248677,3.38833766870965,4.51705139856696,6.29688145623513,8.1837682136449,1,2
20,26,37,7.88873721248677,3.38833766870965,4.0906253834699,6.21714586377678,8.24506764875648,1,2
20,26,43,7.88873721248677,3.38833766870965,3.62840197457749,5.92511754895398,7.68853355539112,1,2
20,26,45,7.88873721248677,3.38833766870965,4.06774328424828,6.07623063132355,8.15083577384895,1,2
20,26,46,7.88873721248677,3.38833766870965,5.23947546017426,7.01470853601331,8.28712084653621,1,2
20,26,47,7.88873721248677,3.38833766870965,5.3359585054347,5.71286943783232,8.10647722335353,1,2
20,26,48,7.88873721248677,3.38833766870965,5.98112093721289,5.77672418289219,8.14742663209499,1,2
20,26,51,7.88873721248677,3.38833766870965,6.21131331708791,5.44208055370172,8.09571303180961,1,2
20,26,52,7.88873721248677,3.38833766870965,4.6405712855036,6.07924344086673,8.26991809088082,1,2
20,26,53,7.88873721248677,3.38833766870965,4.11815981183939,6.24818910899879,7.705864599116,1,2
20,26,54,7.88873721248677,3.38833766870965,4.92585420096809,6.35674976736126,8.27501209154317,1,2
20,26,55,7.88873721248677,3.38833766870965,4.12697765944274,6.90640096596769,8.39263464708189,1,2
20,26,56,7.88873721248677,3.38833766870965,4.47720775780999,5.80635094431663,7.87218907086824,1,2
20,26,58,7.88873721248677,3.38833766870965,6.64760429979851,5.93603475915685,8.18422787489218,1,2
20,26,60,7.88873721248677,3.38833766870965,5.72287220148262,6.63817147468226,8.08729693955346,1,2
20,26,62,7.88873721248677,3.38833766870965,5.29236608673244,4.71685134553859,7.78517407318363,1,2
20,26,63,7.88873721248677,3.38833766870965,5.06423500790271,5.74030652632431,8.00323353440418,1,2
20,26,64,7.88873721248677,3.38833766870965,3.35511441136298,6.19981368769516,8.12720869965679,1,2
20,26,69,7.88873721248677,3.38833766870965,5.52638214945131,6.80231135020266,8.11031264813802,1,2
20,26,70,7.88873721248677,3.38833766870965,5.56729732744933,5.56301150923293,7.73915029080893,1,2
20,26,73,7.88873721248677,3.38833766870965,4.45004532914818,5.42033335564489,8.12998378655352,1,2
20,26,74,7.88873721248677,3.38833766870965,4.86407815722011,6.85961092990567,8.03473576267344,1,2
20,26,82,7.88873721248677,3.38833766870965,3.98104981865608,5.84202540802184,8.18441816782947,1,2
20,26,84,7.88873721248677,3.38833766870965,5.91473120746116,5.34683895101418,8.40384857243599,1,2
20,26,87,7.88873721248677,3.38833766870965,3.76440246502582,6.89912540903586,7.79963101506635,1,2
20,26,88,7.88873721248677,3.38833766870965,4.4241385058021,5.70418139337118,8.38444637705145,1,2
20,26,90,7.88873721248677,3.38833766870965,5.14280582880477,5.44496316142742,7.96949372518937,1,2
20,27,1,7.88873721248677,3.38833766870965,4.47923817303339,6.12441689731525,8.06973810273277,1,2
20,27,3,7.88873721248677,3.38833766870965,3.90715002758944,6.09084776599818,8.34453232074415,1,2
20,27,5,7.88873721248677,3.38833766870965,6.51195853518792,7.31672154398554,8.37968347050508,1,2
20,27,8,7.88873721248677,3.38833766870965,4.51211623797048,6.18326778945537,8.31362917729766,1,2
20,27,13,7.88873721248677,3.38833766870965,6.8325097386787,6.15650245802777,8.07724703087248,1,2
20,27,14,7.88873721248677,3.38833766870965,6.41773516051798,6.43122234884177,8.40678275905525,1,2
20,27,17,7.88873721248677,3.38833766870965,2.50063686819018,5.72722011287056,7.64299479488705,1,2
20,27,19,7.88873721248677,3.38833766870965,7.0928814740627,5.34296093083504,8.18966437423076,1,2
20,27,21,7.88873721248677,3.38833766870965,6.97452836295576,6.19600510567566,8.566377977562,1,2
20,27,22,7.88873721248677,3.38833766870965,5.37396484445995,6.07037520495279,7.925216322048,1,2
20,27,23,7.88873721248677,3.38833766870965,4.48085028137765,6.39448167787972,8.31687915447748,1,2
20,27,25,7.88873721248677,3.38833766870965,5.64715843992152,6.6033604952379,8.26109755911996,1,2
20,27,27,7.88873721248677,3.38833766870965,5.90688180479152,5.35598113012784,7.58858278858934,1,2
20,27,28,7.88873721248677,3.38833766870965,5.637564220454,5.94920700856891,8.51558606015518,1,2
20,27,30,7.88873721248677,3.38833766870965,5.01352375817747,5.81000524681209,7.82430896016502,1,2
20,27,31,7.88873721248677,3.38833766870965,4.79152891353158,6.15249713828001,7.86381137208402,1,2
20,27,34,7.88873721248677,3.38833766870965,4.47052635226798,6.88281936628621,8.46455599781703,1,2
20,27,35,7.88873721248677,3.38833766870965,6.17974422862567,5.67038574437225,8.37428119863803,1,2
20,27,36,7.88873721248677,3.38833766870965,4.99312834507668,6.17284232057814,8.4513555561792,1,2
20,27,39,7.88873721248677,3.38833766870965,5.22638479308541,5.38116897838646,8.30235949270475,1,2
20,27,40,7.88873721248677,3.38833766870965,5.69334796010921,5.08365499049266,8.11935595425033,1,2
20,27,41,7.88873721248677,3.38833766870965,5.05158581144226,5.65018894010408,7.77915446606212,1,2
20,27,43,7.88873721248677,3.38833766870965,4.44776664216905,5.41423307690481,7.93730246832285,1,2
20,27,44,7.88873721248677,3.38833766870965,5.73707555748927,5.8193769925518,8.21879441788695,1,2
20,27,47,7.88873721248677,3.38833766870965,6.37906382576619,6.40557313307712,8.3373334167105,1,2
20,27,49,7.88873721248677,3.38833766870965,6.65716711865302,6.61927675585192,8.26559610803715,1,2
20,27,50,7.88873721248677,3.38833766870965,3.05746278461564,6.08766948531669,7.85041819395034,1,2
20,27,54,7.88873721248677,3.38833766870965,5.93590489447194,5.93660269049268,7.95366774596482,1,2
20,27,55,7.88873721248677,3.38833766870965,3.86703657529954,6.66905469578506,8.18679284005792,1,2
20,27,56,7.88873721248677,3.38833766870965,6.53910014967867,6.17472964561185,8.48423278257049,1,2
20,27,57,7.88873721248677,3.38833766870965,3.18574310007499,5.62498402616193,7.87949612087743,1,2
20,27,58,7.88873721248677,3.38833766870965,3.16917690937258,6.6784468488513,8.40701695388676,1,2
20,27,60,7.88873721248677,3.38833766870965,4.94992147494336,6.63305390744631,8.41451905836738,1,2
20,27,61,7.88873721248677,3.38833766870965,4.47930992791831,6.06076616917088,8.00919040110598,1,2
20,27,63,7.88873721248677,3.38833766870965,5.60330398659376,6.06411929443414,8.25555457676414,1,2
20,27,65,7.88873721248677,3.38833766870965,5.08486033067642,6.17996219467641,8.11218654596769,1,2
20,27,66,7.88873721248677,3.38833766870965,7.28587216759665,6.57343184695321,8.27633661244275,1,2
20,27,67,7.88873721248677,3.38833766870965,6.51183267218457,6.78243444221083,8.31906754313111,1,2
20,27,72,7.88873721248677,3.38833766870965,5.177474271691,5.92299881664765,7.83990531542844,1,2
20,27,75,7.88873721248677,3.38833766870965,4.55744648463116,6.14380418999131,8.17318799456328,1,2
20,27,79,7.88873721248677,3.38833766870965,4.64498428875129,5.91287796338653,7.56626351831907,1,2
20,27,81,7.88873721248677,3.38833766870965,4.67005163168403,5.8970957829213,8.03022258613282,1,2
20,28,2,7.88873721248677,3.38833766870965,5.4008893172482,5.09314120313632,7.97927712824545,1,2
20,28,6,7.88873721248677,3.38833766870965,4.93716960748742,5.62643179815642,8.63346735143589,1,2
20,28,7,7.88873721248677,3.38833766870965,6.07099110642695,5.89601239569456,8.27068684632789,1,2
20,28,8,7.88873721248677,3.38833766870965,5.10003152823991,5.633110652237,8.28146808887532,1,2
20,28,12,7.88873721248677,3.38833766870965,4.21937092237953,5.59432058187486,8.19934946443623,1,2
20,28,15,7.88873721248677,3.38833766870965,6.35059351468849,6.73120776105552,8.67397295171718,1,2
20,28,16,7.88873721248677,3.38833766870965,5.16052108991414,5.23380491563905,8.49855445587265,1,2
20,28,18,7.88873721248677,3.38833766870965,5.27774445448496,6.12636889441111,8.75154893246655,1,2
20,28,20,7.88873721248677,3.38833766870965,3.44672504166213,5.46339236920131,8.08922678870468,1,2
20,28,22,7.88873721248677,3.38833766870965,4.17094890952966,5.86510891671593,8.36888417761534,1,2
20,28,24,7.88873721248677,3.38833766870965,5.63015726165044,6.347205474064,8.53190311187748,1,2
20,28,29,7.88873721248677,3.38833766870965,4.40784788490197,5.50895321399969,8.44726560956235,1,2
20,28,30,7.88873721248677,3.38833766870965,6.00370149691544,6.49289207912202,8.79446432446076,1,2
20,28,35,7.88873721248677,3.38833766870965,4.55761879431943,7.10004861918614,8.26007353825706,1,2
20,28,37,7.88873721248677,3.38833766870965,4.09249259507189,6.05347291284134,8.88817462068294,1,2
20,28,38,7.88873721248677,3.38833766870965,5.72355664926528,5.22814825518317,8.60038655835083,1,2
20,28,41,7.88873721248677,3.38833766870965,4.06711834179023,5.51837404518758,8.49682302721717,1,2
20,28,42,7.88873721248677,3.38833766870965,4.57816161436111,6.35704866176598,8.95595977381328,1,2
20,28,44,7.88873721248677,3.38833766870965,3.90502281435476,6.31003900971968,8.50364455282336,1,2
20,28,45,7.88873721248677,3.38833766870965,4.18887376990992,5.46194877288194,8.3078000912119,1,2
20,28,46,7.88873721248677,3.38833766870965,3.67248738915468,6.04217404501786,7.89746770420427,1,2
20,28,49,7.88873721248677,3.38833766870965,4.60137491399944,5.90927440697432,8.07969544240626,1,2
20,28,50,7.88873721248677,3.38833766870965,5.21628795276219,5.99187431586853,8.6166787420274,1,2
20,28,51,7.88873721248677,3.38833766870965,5.34714075545688,6.26905599997949,8.90025451431266,1,2
20,28,52,7.88873721248677,3.38833766870965,5.04621197591719,6.12003325010152,8.42470948953718,1,2
20,28,53,7.88873721248677,3.38833766870965,6.43855594181592,6.18794585771817,8.76104009960225,1,2
20,28,54,7.88873721248677,3.38833766870965,6.21442852803355,5.8120798643825,8.55365492115921,1,2
20,28,55,7.88873721248677,3.38833766870965,4.75305288753483,6.24428763564375,8.28023629531222,1,2
20,28,56,7.88873721248677,3.38833766870965,4.77451526777835,6.03674622953423,8.42368977428799,1,2
20,28,57,7.88873721248677,3.38833766870965,4.35027046632418,5.94725542132987,8.45687390461159,1,2
20,28,58,7.88873721248677,3.38833766870965,5.04026202324297,4.84020413843533,7.85926229987904,1,2
20,28,61,7.88873721248677,3.38833766870965,2.78550935353405,6.24919869140356,8.36902667432599,1,2
20,28,62,7.88873721248677,3.38833766870965,4.98312244135553,7.05356096984024,8.24290024851522,1,2
20,28,63,7.88873721248677,3.38833766870965,3.78726767321759,6.16860547396728,8.11048186628844,1,2
20,28,64,7.88873721248677,3.38833766870965,4.88855476919289,5.76676395433388,8.14924382618051,1,2
20,28,65,7.88873721248677,3.38833766870965,4.6949762692152,5.54472854428711,7.97034031266391,1,2
20,28,66,7.88873721248677,3.38833766870965,5.46241549015065,5.83377123830423,8.45721692276196,1,2
20,28,67,7.88873721248677,3.38833766870965,5.45335597473293,5.81189798858173,8.35516183229608,1,2
20,28,69,7.88873721248677,3.38833766870965,4.47386942379107,6.24287003333445,8.29947078098077,1,2
20,28,70,7.88873721248677,3.38833766870965,4.18169484969699,5.7182994620381,8.29460864781556,1,2
20,28,72,7.88873721248677,3.38833766870965,5.28608143257651,6.37837943479827,8.51280546329402,1,2
20,28,76,7.88873721248677,3.38833766870965,5.10961233354884,6.54718910251811,8.22736729339619,1,2
20,28,77,7.88873721248677,3.38833766870965,6.56655573273791,6.33552910387919,8.69780357754457,1,2
20,28,78,7.88873721248677,3.38833766870965,4.88247214972616,6.28135369078779,8.4124542200783,1,2
20,28,79,7.88873721248677,3.38833766870965,5.63186043543562,6.08538026655938,8.57386410675995,1,2
20,29,1,7.88873721248677,3.38833766870965,3.14494124870212,6.36781097676368,7.98736376063616,1,2
20,29,2,7.88873721248677,3.38833766870965,4.95953665649462,6.78336707004691,8.73582292542737,1,2
20,29,4,7.88873721248677,3.38833766870965,3.66777098094626,6.18855438128574,8.17885887920237,1,2
20,29,8,7.88873721248677,3.38833766870965,5.9444063311877,6.42962498770901,8.60908530359292,1,2
20,29,13,7.88873721248677,3.38833766870965,4.01437337431687,5.54107441960631,8.56096086101437,1,2
20,29,14,7.88873721248677,3.38833766870965,5.55533160729043,6.75794093185612,8.56384485149602,1,2
20,29,19,7.88873721248677,3.38833766870965,4.89050979129713,5.83738189971226,8.24511450514066,1,2
20,29,21,7.88873721248677,3.38833766870965,5.15686357020722,6.04936402905438,8.31809638091906,1,2
20,29,23,7.88873721248677,3.38833766870965,3.42295742585448,7.02850547759617,8.60507674620358,1,2
20,29,27,7.88873721248677,3.38833766870965,5.50501327852887,5.97834842656255,8.60511179934036,1,2
20,29,28,7.88873721248677,3.38833766870965,6.64568258610256,6.70870403344991,9.16333252722749,1,2
20,29,29,7.88873721248677,3.38833766870965,4.7043416719972,6.24736618114715,8.66698050502787,1,2
20,29,32,7.88873721248677,3.38833766870965,4.57322309821849,6.22959576586941,8.38508379685293,1,2
20,29,33,7.88873721248677,3.38833766870965,5.56731068240335,5.67046728318872,8.52539107643014,1,2
20,29,35,7.88873721248677,3.38833766870965,5.18282209151296,6.03780950676663,8.61746263825961,1,2
20,29,39,7.88873721248677,3.38833766870965,3.42569961944908,4.98682815206132,8.20267312470954,1,2
20,29,43,7.88873721248677,3.38833766870965,5.51428443792651,5.44003566181015,7.81730571360652,1,2
20,29,44,7.88873721248677,3.38833766870965,4.66346998510541,6.96261496553041,9.05344254330294,1,2
20,29,45,7.88873721248677,3.38833766870965,4.89116543005287,5.52258658814231,8.65827175472876,1,2
20,29,46,7.88873721248677,3.38833766870965,5.17612178180357,5.59446750328282,8.36499807115247,1,2
20,29,47,7.88873721248677,3.38833766870965,3.22966591707313,6.13751230500081,8.4687669338375,1,2
20,29,48,7.88873721248677,3.38833766870965,5.57691205119045,6.0494117219797,8.87608444762767,1,2
20,29,49,7.88873721248677,3.38833766870965,5.96809005232973,6.06160438344619,8.46491468346782,1,2
20,29,50,7.88873721248677,3.38833766870965,4.75930102242721,5.09763786854165,8.56961554093272,1,2
20,29,51,7.88873721248677,3.38833766870965,4.89681666294087,6.71631967327699,8.5158191992453,1,2
20,29,53,7.88873721248677,3.38833766870965,4.18856656892276,5.37396529621801,8.35548141147647,1,2
20,29,57,7.88873721248677,3.38833766870965,8.44376996157899,6.72228357182355,9.06138274473321,1,2
20,29,58,7.88873721248677,3.38833766870965,5.21819014710394,6.16783882050193,8.74140826936297,1,2
20,29,59,7.88873721248677,3.38833766870965,5.12392996989849,5.776753706345,8.56108509514378,1,2
20,29,60,7.88873721248677,3.38833766870965,4.5034472814923,5.99088589553982,8.10060774875177,1,2
20,29,62,7.88873721248677,3.38833766870965,3.99117575357893,5.51569592644001,8.01264404996531,1,2
20,29,63,7.88873721248677,3.38833766870965,4.25486351751701,6.08405431289043,8.51755401139459,1,2
20,29,64,7.88873721248677,3.38833766870965,5.4630015955645,5.62003935411643,8.54977963253494,1,2
20,29,68,7.88873721248677,3.38833766870965,5.24067058992795,5.94910424380036,8.39710876061537,1,2
20,29,71,7.88873721248677,3.38833766870965,3.29028487236961,6.00354424037106,8.07840010060843,1,2
20,29,72,7.88873721248677,3.38833766870965,5.64868876376177,5.47368915238968,8.20289090390953,1,2
20,30,3,7.88873721248677,3.38833766870965,5.98048709942305,5.89643971451939,8.56810938985891,1,2
20,30,4,7.88873721248677,3.38833766870965,3.42439692364699,6.62756823491292,8.52580952119888,1,2
20,30,6,7.88873721248677,3.38833766870965,4.52031120293145,6.54156691088916,8.46280999977082,1,2
20,30,7,7.88873721248677,3.38833766870965,5.33557441457308,5.70805554432466,8.50040041593283,1,2
20,30,8,7.88873721248677,3.38833766870965,4.75735690791935,6.77949832748675,8.31250165705119,1,2
20,30,10,7.88873721248677,3.38833766870965,5.90047366111745,6.53839583975415,8.94317380669539,1,2
20,30,12,7.88873721248677,3.38833766870965,3.60576383491852,5.76836297239939,8.40944542137777,1,2
20,30,13,7.88873721248677,3.38833766870965,4.84765377783936,5.25174152589594,8.6214594761394,1,2
20,30,17,7.88873721248677,3.38833766870965,5.47296394210074,6.58347359219791,8.25815176249458,1,2
20,30,18,7.88873721248677,3.38833766870965,5.70328800065149,5.54952194895368,8.13231736035339,1,2
20,30,19,7.88873721248677,3.38833766870965,4.02819330289571,5.02439880165161,8.51521469576901,1,2
20,30,20,7.88873721248677,3.38833766870965,5.34783111463016,6.20276691346576,8.64637832147023,1,2
20,30,22,7.88873721248677,3.38833766870965,3.66571764724047,6.58914656572524,8.73222077827516,1,2
20,30,24,7.88873721248677,3.38833766870965,4.34655124990883,6.53486052931875,8.50417167401744,1,2
20,30,26,7.88873721248677,3.38833766870965,4.95966907223471,6.34757208009064,8.30030952692455,1,2
20,30,27,7.88873721248677,3.38833766870965,5.28312380920736,5.9903469197688,8.28500640538172,1,2
20,30,30,7.88873721248677,3.38833766870965,4.09461923952293,6.98919434977198,8.4369487397035,1,2
20,30,31,7.88873721248677,3.38833766870965,4.73819993376172,6.63494444922752,8.43766137728341,1,2
20,30,34,7.88873721248677,3.38833766870965,4.9542071252081,5.56809874303933,8.57720760701343,1,2
20,30,37,7.88873721248677,3.38833766870965,6.12138084231993,5.65310576771081,8.52400127443434,1,2
20,30,39,7.88873721248677,3.38833766870965,3.85863296788291,5.78854849552155,8.66565115493751,1,2
20,30,41,7.88873721248677,3.38833766870965,6.55949158276954,5.7649729388576,8.54272886967471,1,2
20,30,43,7.88873721248677,3.38833766870965,3.86919811522653,5.85014258952177,8.40616834847329,1,2
20,30,44,7.88873721248677,3.38833766870965,4.58591189359742,5.89999589509302,8.51458893587218,1,2
20,30,45,7.88873721248677,3.38833766870965,5.4208731479342,6.42377764631768,8.52680478274913,1,2
20,30,46,7.88873721248677,3.38833766870965,3.70352634448047,6.10375752716081,8.35839019415809,1,2
20,30,50,7.88873721248677,3.38833766870965,2.69075437948699,5.52036527011339,7.7145510146688,1,2
20,30,51,7.88873721248677,3.38833766870965,4.16332559063654,5.73901214815294,8.42769387571897,1,2
20,30,52,7.88873721248677,3.38833766870965,3.85463525186414,5.49264311555086,8.40490257231184,1,2
20,30,54,7.88873721248677,3.38833766870965,6.91298210318366,6.44369613573701,8.54041753608092,1,2
20,30,55,7.88873721248677,3.38833766870965,5.36701093897047,6.695449150048,8.59143413800077,1,2
20,30,56,7.88873721248677,3.38833766870965,3.44000921880045,5.12327730860183,8.27494164879913,1,2
20,30,57,7.88873721248677,3.38833766870965,5.64217091339158,6.36341973775484,8.34349533711708,1,2
20,30,58,7.88873721248677,3.38833766870965,4.36401010845179,6.45395838812387,8.48623306784328,1,2
20,30,61,7.88873721248677,3.38833766870965,5.33036118786037,5.7971490875462,8.50879140280479,1,2
20,30,64,7.88873721248677,3.38833766870965,5.27438223948476,5.7256209303937,8.41064289294348,1,2
20,30,68,7.88873721248677,3.38833766870965,5.79750775614572,5.25502660190847,8.29029894795026,1,2
20,31,2,7.88873721248677,3.38833766870965,5.24477279870593,6.33142811324524,8.69880530774688,1,2
20,31,3,7.88873721248677,3.38833766870965,5.54407876190546,6.3338834270087,8.94848357637074,1,2
20,31,4,7.88873721248677,3.38833766870965,4.74352428549904,5.13930954928033,8.3327342956426,1,2
20,31,5,7.88873721248677,3.38833766870965,3.98359377194013,6.01908783133569,8.44111036004713,1,2
20,31,6,7.88873721248677,3.38833766870965,6.37241863419989,5.71199894389514,8.29101215716209,1,2
20,31,8,7.88873721248677,3.38833766870965,6.46646972732934,6.34249845553626,8.55915706860522,1,2
20,31,9,7.88873721248677,3.38833766870965,4.42013377073453,7.01767880417467,8.84572258983659,1,2
20,31,11,7.88873721248677,3.38833766870965,4.35413218078528,5.88810469191716,8.30967244343972,1,2
20,31,12,7.88873721248677,3.38833766870965,4.03070535711895,4.98156059527106,8.30107543474509,1,2
20,31,13,7.88873721248677,3.38833766870965,4.36944877394359,5.4495908726453,8.49375820280071,1,2
20,31,15,7.88873721248677,3.38833766870965,6.09593432662954,5.10931248653595,8.17285437464431,1,2
20,31,16,7.88873721248677,3.38833766870965,5.29964959107396,5.76289378399166,8.20224580804136,1,2
20,31,17,7.88873721248677,3.38833766870965,5.25275305206892,5.81444231238805,8.25494744149347,1,2
20,31,18,7.88873721248677,3.38833766870965,4.07394995914934,6.28421000460098,8.02520842488274,1,2
20,31,19,7.88873721248677,3.38833766870965,6.37653184707245,6.84465583549041,8.79786752419973,1,2
20,31,20,7.88873721248677,3.38833766870965,3.6891730731985,5.22787170051493,8.404526575912,1,2
20,31,22,7.88873721248677,3.38833766870965,6.18946089987915,6.08914150812053,8.61628457678435,1,2
20,31,23,7.88873721248677,3.38833766870965,4.95740371910832,6.54989036769219,8.7121000617741,1,2
20,31,24,7.88873721248677,3.38833766870965,6.01521856453658,6.31592082875753,8.38648745669066,1,2
20,31,27,7.88873721248677,3.38833766870965,5.5653945001203,6.26837269559997,8.81669372557333,1,2
20,31,28,7.88873721248677,3.38833766870965,4.08678380408898,5.78412549786616,8.6723460456182,1,2
20,31,29,7.88873721248677,3.38833766870965,2.92356966080317,5.56105579017592,8.29584071438227,1,2
20,31,30,7.88873721248677,3.38833766870965,5.22029218023487,6.00483901378438,8.8487114134622,1,2
20,31,31,7.88873721248677,3.38833766870965,7.37956255460431,5.40436388362776,8.64900245532063,1,2
20,31,34,7.88873721248677,3.38833766870965,7.06258002873223,6.79565627951061,9.01606190104485,1,2
20,31,35,7.88873721248677,3.38833766870965,4.57702977252499,6.36839342323683,8.6113854877583,1,2
20,31,36,7.88873721248677,3.38833766870965,5.57424021331966,6.01258151618242,8.52472952106983,1,2
20,31,37,7.88873721248677,3.38833766870965,3.92470141694283,6.9034826971648,8.56408924971598,1,2
20,31,38,7.88873721248677,3.38833766870965,3.62459717454042,5.77033436377959,8.40762510893879,1,2
20,31,39,7.88873721248677,3.38833766870965,4.94795483305184,5.57301853779324,8.85433642496102,1,2
20,31,40,7.88873721248677,3.38833766870965,4.35180085553891,6.36065097808431,8.5422340048645,1,2
20,31,41,7.88873721248677,3.38833766870965,4.25539191453414,5.61618337335383,8.33109582910604,1,2
20,31,42,7.88873721248677,3.38833766870965,5.74991973508723,6.1341630232633,8.52482084137104,1,2
20,31,43,7.88873721248677,3.38833766870965,5.29257136060158,5.16948908849531,8.51784798885795,1,2
20,31,45,7.88873721248677,3.38833766870965,5.98824730835514,5.95621836018205,9.15874549379379,1,2
20,31,46,7.88873721248677,3.38833766870965,5.0250471666806,6.31959601649398,8.18580493355607,1,2
20,31,49,7.88873721248677,3.38833766870965,4.85504046621242,6.51470248318777,8.27998081193192,1,2
20,31,52,7.88873721248677,3.38833766870965,4.18299950264787,6.68072243382974,8.15801312166799,1,2
20,31,53,7.88873721248677,3.38833766870965,5.15085879930875,6.78316142520164,8.48774075941012,1,2
20,31,56,7.88873721248677,3.38833766870965,7.39791783500508,5.7943779220004,8.36396535594839,1,2
20,31,57,7.88873721248677,3.38833766870965,3.96373805640168,6.43077999625289,8.27027081527277,1,2
20,31,59,7.88873721248677,3.38833766870965,4.67800579553755,5.54900326268696,8.35602244694537,1,2
20,31,60,7.88873721248677,3.38833766870965,8.92788408967821,5.6818579422471,9.23255626209951,1,2
20,31,64,7.88873721248677,3.38833766870965,5.90928394855214,6.56088909021935,8.9119910797508,1,2
20,31,66,7.88873721248677,3.38833766870965,4.54871966154492,6.2457928416143,8.42482314008524,1,2
20,31,70,7.88873721248677,3.38833766870965,4.75728489779109,5.76144124931242,8.33308260510939,1,2
20,31,72,7.88873721248677,3.38833766870965,4.52421218379219,5.80551961091718,8.33957613964572,1,2
20,31,74,7.88873721248677,3.38833766870965,6.37814673159481,6.1066074047738,8.77818197764355,1,2
20,31,79,7.88873721248677,3.38833766870965,4.87066296714721,5.56390987131776,8.23946628412861,1,2
20,31,82,7.88873721248677,3.38833766870965,4.95460030081322,6.21190757645326,8.31766265019635,1,2
20,31,87,7.88873721248677,3.38833766870965,3.36770716929888,6.10802388421033,8.55543436346879,1,2
20,31,89,7.88873721248677,3.38833766870965,5.20288880226974,5.79324996859794,8.8223002513039,1,2
20,31,94,7.88873721248677,3.38833766870965,7.44739866888023,5.09392201923019,8.67963890215013,1,2
20,31,95,7.88873721248677,3.38833766870965,5.06499096379525,5.48243979969751,8.62495402499711,1,2
20,31,96,7.88873721248677,3.38833766870965,6.06043324701392,5.37919743692088,8.77898948224807,1,2
20,31,97,7.88873721248677,3.38833766870965,4.60458903517156,6.57554243259371,8.33532813822804,1,2
20,31,99,7.88873721248677,3.38833766870965,6.05539139257309,6.74022265778472,8.65604526698361,1,2
20,31,100,7.88873721248677,3.38833766870965,4.38812558611909,6.06963902395261,8.10553507890199,1,2
20,32,1,7.88873721248677,3.38833766870965,4.58754256455167,5.90592595981821,8.57942533608441,1,2
20,32,4,7.88873721248677,3.38833766870965,3.49500395982462,7.21268163625098,8.85901830506072,1,2
20,32,5,7.88873721248677,3.38833766870965,5.00362192649301,5.46303790730934,8.45211173539878,1,2
20,32,6,7.88873721248677,3.38833766870965,3.71142590594486,6.10675553198496,9.14821859919876,1,2
20,32,8,7.88873721248677,3.38833766870965,6.55350912801418,5.62381592950522,8.42939216241489,1,2
20,32,9,7.88873721248677,3.38833766870965,5.32289060816797,6.50677432315334,9.23098239520001,1,2
20,32,10,7.88873721248677,3.38833766870965,6.54615988523534,5.98743230425273,8.95016801322424,1,2
20,32,11,7.88873721248677,3.38833766870965,5.66223652264479,6.44635275072999,8.51309929903662,1,2
20,32,14,7.88873721248677,3.38833766870965,4.87429557064013,6.24387907065231,8.934739432074,1,2
20,32,16,7.88873721248677,3.38833766870965,5.74243362435919,5.84204905731303,8.45873075811548,1,2
20,32,17,7.88873721248677,3.38833766870965,4.31177485272663,6.91766784514156,9.05927863680176,1,2
20,32,18,7.88873721248677,3.38833766870965,4.48084545864739,5.9924162856543,8.80015675921085,1,2
20,32,21,7.88873721248677,3.38833766870965,5.03605943580855,6.477317346294,8.85521405093371,1,2
20,32,22,7.88873721248677,3.38833766870965,4.26369385611949,5.64235475120166,8.47766206189469,1,2
20,32,23,7.88873721248677,3.38833766870965,3.0907566311306,5.37031919588769,8.70067189597501,1,2
20,32,25,7.88873721248677,3.38833766870965,5.01446188284105,5.98361790324906,9.14591943921953,1,2
20,32,26,7.88873721248677,3.38833766870965,4.98717437568949,5.34123215515497,9.1899371686607,1,2
20,32,27,7.88873721248677,3.38833766870965,4.01230271903057,5.3901717854287,8.963791836493,1,2
20,32,28,7.88873721248677,3.38833766870965,5.19698981551932,5.92999284232516,8.48612630088288,1,2
20,32,29,7.88873721248677,3.38833766870965,6.27372523101776,6.29219949460933,9.04925383307034,1,2
20,32,30,7.88873721248677,3.38833766870965,6.53800635115818,5.41154529406348,8.9578461151309,1,2
20,32,31,7.88873721248677,3.38833766870965,3.97026131536336,6.41692364238178,9.00645368126143,1,2
20,32,32,7.88873721248677,3.38833766870965,5.16961850445576,6.11826123984574,9.19678226998126,1,2
20,32,34,7.88873721248677,3.38833766870965,5.8999129299429,6.33465467176201,9.24785776695315,1,2
20,32,37,7.88873721248677,3.38833766870965,5.29303447069545,6.17445275546,8.65312643169329,1,2
20,32,40,7.88873721248677,3.38833766870965,4.97779636578501,6.60102983024022,8.82408259088647,1,2
20,32,43,7.88873721248677,3.38833766870965,3.70312548568815,6.17450157306328,8.77569285987805,1,2
20,32,47,7.88873721248677,3.38833766870965,5.63772818995319,5.76613999706224,8.785430627265,1,2
20,32,49,7.88873721248677,3.38833766870965,4.87873313469332,5.74658999916355,8.73689074594751,1,2
20,32,51,7.88873721248677,3.38833766870965,4.96511007759907,6.41660984320018,8.76904170871521,1,2
20,32,53,7.88873721248677,3.38833766870965,3.58224485527155,5.82610611480556,8.57716325449479,1,2
20,32,55,7.88873721248677,3.38833766870965,3.36574314355629,5.7321952117838,8.81539347102999,1,2
20,32,56,7.88873721248677,3.38833766870965,4.90615981416834,5.93500313009882,8.60304119760317,1,2
20,32,57,7.88873721248677,3.38833766870965,5.67580342990301,6.00306847026799,8.89399796582078,1,2
20,32,61,7.88873721248677,3.38833766870965,6.38352461669895,6.42213225421523,8.80374139279253,1,2
20,32,63,7.88873721248677,3.38833766870965,4.75909482919804,6.43183563697053,9.0188793333686,1,2
20,32,64,7.88873721248677,3.38833766870965,3.43345848665925,6.4062839615742,8.69065046677311,1,2
20,32,66,7.88873721248677,3.38833766870965,5.96023101637014,6.05086433235525,8.80630046598601,1,2
20,32,69,7.88873721248677,3.38833766870965,5.5264779305075,5.52732477178571,8.26161358854989,1,2
20,32,72,7.88873721248677,3.38833766870965,6.67176977196936,5.98561397356658,9.0976157043787,1,2
20,32,76,7.88873721248677,3.38833766870965,6.67361518524845,7.08480585186835,8.5529608014371,1,2
20,32,78,7.88873721248677,3.38833766870965,5.68899105928304,5.75262175654765,8.65829024669761,1,2
20,32,84,7.88873721248677,3.38833766870965,4.63948776058569,4.76536623890908,8.681297910296,1,2
20,32,85,7.88873721248677,3.38833766870965,4.49392789066984,6.96329648233923,8.70564057256284,1,2
20,32,90,7.88873721248677,3.38833766870965,4.68057472388015,6.42055815551767,9.16885559482756,1,2
20,33,2,7.88873721248677,3.38833766870965,5.61503357346228,6.06712606265652,9.03441753955307,1,2
20,33,4,7.88873721248677,3.38833766870965,3.23322606705445,6.23936844336776,8.94152456279822,1,2
20,33,7,7.88873721248677,3.38833766870965,4.07057516341758,4.54374023862851,8.78558243399455,1,2
20,33,11,7.88873721248677,3.38833766870965,5.36083065626302,6.03064622299092,9.03861088706333,1,2
20,33,12,7.88873721248677,3.38833766870965,3.17220777359263,6.00720429731177,8.91724429988654,1,2
20,33,13,7.88873721248677,3.38833766870965,6.00906393695255,5.78147546094287,9.17646406817338,1,2
20,33,17,7.88873721248677,3.38833766870965,6.76186238551258,6.0899084026395,9.09503804811689,1,2
20,33,20,7.88873721248677,3.38833766870965,6.02528498813072,5.92467451401225,9.13837046819092,1,2
20,33,23,7.88873721248677,3.38833766870965,5.65747297515811,7.28640852715289,9.16832924720135,1,2
20,33,26,7.88873721248677,3.38833766870965,4.10612620946058,5.97234426892122,8.73421415611409,1,2
20,33,27,7.88873721248677,3.38833766870965,4.64722345397013,5.94316581051815,8.66499684508818,1,2
20,33,33,7.88873721248677,3.38833766870965,5.44191431437727,6.29775868240826,9.27824042671186,1,2
20,33,34,7.88873721248677,3.38833766870965,8.06197191893897,5.94800272260695,9.06570942334365,1,2
20,33,35,7.88873721248677,3.38833766870965,4.61325540643051,5.65647425053467,9.00606204885126,1,2
20,33,39,7.88873721248677,3.38833766870965,5.36053835952504,6.24043004804516,8.85372888875566,1,2
20,33,41,7.88873721248677,3.38833766870965,3.39516510313519,5.60892059431137,9.12763321800597,1,2
20,33,43,7.88873721248677,3.38833766870965,6.25872285767287,5.7195550831282,9.08979147749435,1,2
20,33,45,7.88873721248677,3.38833766870965,4.95152496073808,6.48796970349237,8.77225504396489,1,2
20,33,47,7.88873721248677,3.38833766870965,3.68407174113206,6.08342022416111,8.5759486185676,1,2
20,33,49,7.88873721248677,3.38833766870965,4.48982174969323,6.50125476659477,8.78233863741975,1,2
20,33,52,7.88873721248677,3.38833766870965,6.99483130632099,5.91279100203376,9.36754672188942,1,2
20,33,54,7.88873721248677,3.38833766870965,4.87528775929809,5.88685200968169,8.96188036182992,1,2
20,33,56,7.88873721248677,3.38833766870965,3.89374998262328,5.76273852365112,8.56318842479435,1,2
20,33,58,7.88873721248677,3.38833766870965,2.85990288345775,5.78125773842707,9.16814157880083,1,2
20,33,59,7.88873721248677,3.38833766870965,5.93051665212145,5.74194906454612,9.12551933375531,1,2
20,33,63,7.88873721248677,3.38833766870965,4.96661155614813,6.33221600290607,9.44607193434147,1,2
20,33,65,7.88873721248677,3.38833766870965,5.023240433044,5.84317256124454,8.62146607217629,1,2
20,33,67,7.88873721248677,3.38833766870965,6.81606544103426,5.59886025488732,9.68202735996875,1,2
20,33,68,7.88873721248677,3.38833766870965,5.45104796688438,6.53058970908327,9.15532227705108,1,2
20,33,70,7.88873721248677,3.38833766870965,5.78108959374131,6.34178047558075,8.88935294326794,1,2
20,33,71,7.88873721248677,3.38833766870965,4.24786326249528,5.69996674281112,8.81769327327903,1,2
20,33,72,7.88873721248677,3.38833766870965,5.84277056485105,6.1351299940475,9.34723876451026,1,2
20,33,73,7.88873721248677,3.38833766870965,3.87469377906138,6.38760595562553,9.25735444879117,1,2
20,33,74,7.88873721248677,3.38833766870965,6.24864886770656,6.17609163690739,9.27837505767117,1,2
20,33,75,7.88873721248677,3.38833766870965,3.60420789704067,5.37574205090717,8.58824317167003,1,2
20,33,76,7.88873721248677,3.38833766870965,5.58126181407281,5.96544406057635,9.40525709624536,1,2
20,33,77,7.88873721248677,3.38833766870965,4.8916572986767,6.01737738247161,9.29907889950259,1,2
20,33,78,7.88873721248677,3.38833766870965,4.09875772803732,5.75116191726206,9.02026628171012,1,2
20,33,80,7.88873721248677,3.38833766870965,3.44808765052323,6.26919205613877,8.37836693908403,1,2
20,33,82,7.88873721248677,3.38833766870965,5.31022021551331,5.90022157282727,9.03530183656829,1,2
20,33,86,7.88873721248677,3.38833766870965,5.2371244582246,5.54008547261668,8.55406478397068,1,2
20,34,1,7.88873721248677,3.38833766870965,3.04768800844512,6.2572011656315,8.62550556002634,1,2
20,34,3,7.88873721248677,3.38833766870965,5.52341915665334,6.3206174675788,9.15546229304803,1,2
20,34,6,7.88873721248677,3.38833766870965,7.31167579400958,5.93761308780474,9.18044419143671,1,2
20,34,7,7.88873721248677,3.38833766870965,3.09620137630555,5.98265042123288,9.04418733987827,1,2
20,34,9,7.88873721248677,3.38833766870965,4.45982269894036,6.34708561035756,8.69256544121686,1,2
20,34,10,7.88873721248677,3.38833766870965,3.89522777487147,5.8856937454468,8.5280978397712,1,2
20,34,14,7.88873721248677,3.38833766870965,5.21125632040315,6.13269830932498,9.00613499889657,1,2
20,34,15,7.88873721248677,3.38833766870965,5.96721894570874,5.51597977726314,9.27678138012163,1,2
20,34,18,7.88873721248677,3.38833766870965,5.85220393445905,5.73429219948544,9.29927621075481,1,2
20,34,20,7.88873721248677,3.38833766870965,4.39715930423275,6.62185570355818,8.86762355830348,1,2
20,34,21,7.88873721248677,3.38833766870965,6.89099899093239,5.80404957996712,8.9212729607666,1,2
20,34,22,7.88873721248677,3.38833766870965,6.28257587995401,6.46125904196426,9.00778654175977,1,2
20,34,24,7.88873721248677,3.38833766870965,5.98261623753457,6.56066183018358,9.83694583962128,1,2
20,34,25,7.88873721248677,3.38833766870965,6.02678061405273,5.36776136677384,9.17361480734282,1,2
20,34,26,7.88873721248677,3.38833766870965,6.70973048767345,6.2379000948569,9.42426533879303,1,2
20,34,27,7.88873721248677,3.38833766870965,6.37793009106722,6.3653466349943,8.99927348884457,1,2
20,34,29,7.88873721248677,3.38833766870965,3.89557392741699,6.19806478550672,9.05972760615833,1,2
20,34,30,7.88873721248677,3.38833766870965,5.01996403433012,5.57323417232023,9.07419292068178,1,2
20,34,32,7.88873721248677,3.38833766870965,4.23384115883894,5.10119197523674,8.7859619637874,1,2
20,34,38,7.88873721248677,3.38833766870965,5.16301992723968,6.15912609696759,8.91273035529234,1,2
20,34,39,7.88873721248677,3.38833766870965,5.44790065588989,5.19548978144279,9.34641076527255,1,2
20,34,40,7.88873721248677,3.38833766870965,5.70142955720635,6.40443869967755,9.15139360170305,1,2
20,34,43,7.88873721248677,3.38833766870965,4.00265846917226,6.18937154254837,9.17666843100702,1,2
20,34,44,7.88873721248677,3.38833766870965,5.14125397365726,5.7037328730902,8.74922160662778,1,2
20,34,46,7.88873721248677,3.38833766870965,7.23911491268651,5.98660529993046,9.67695313862573,1,2
20,34,47,7.88873721248677,3.38833766870965,4.33868243442818,6.7794516513509,9.29036600804825,1,2
20,34,49,7.88873721248677,3.38833766870965,4.04475027122828,5.47191204632648,9.07637679217322,1,2
20,34,51,7.88873721248677,3.38833766870965,3.89077898276006,5.6448705345847,9.15963456654117,1,2
20,34,53,7.88873721248677,3.38833766870965,6.08020850122457,5.57137291604202,9.44818040236657,1,2
20,34,59,7.88873721248677,3.38833766870965,2.88451276469997,5.09177971520775,8.42549091171293,1,2
20,34,60,7.88873721248677,3.38833766870965,6.85111804747625,6.05091139857197,9.13754330849399,1,2
20,34,61,7.88873721248677,3.38833766870965,2.50755304861697,6.39623003763018,8.82025050560051,1,2
20,34,66,7.88873721248677,3.38833766870965,2.57504906562065,6.47395782641459,8.13319663685786,1,2
20,35,2,7.88873721248677,3.38833766870965,3.94170444374145,5.85363139841851,9.17078695108293,1,2
20,35,3,7.88873721248677,3.38833766870965,6.0885638117053,6.26400986942255,9.73335484938865,1,2
20,35,4,7.88873721248677,3.38833766870965,4.77269695880013,6.06160370419611,9.5070523936014,1,2
20,35,5,7.88873721248677,3.38833766870965,4.97279022688714,5.63155761467129,8.77363113367994,1,2
20,35,6,7.88873721248677,3.38833766870965,6.41244772142161,5.50675069704989,9.30730994670308,1,2
20,35,7,7.88873721248677,3.38833766870965,4.95136772358435,5.30537897263875,8.87200149212577,1,2
20,35,8,7.88873721248677,3.38833766870965,4.97217985834739,5.91635712044457,9.32561725971968,1,2
20,35,10,7.88873721248677,3.38833766870965,5.26671761188583,6.36540462214966,9.33083200338853,1,2
20,35,12,7.88873721248677,3.38833766870965,7.079691048166,5.55511179105772,9.37444332330325,1,2
20,35,14,7.88873721248677,3.38833766870965,5.33353653004989,7.68154349937359,9.43751522433789,1,2
20,35,15,7.88873721248677,3.38833766870965,6.14014315716204,5.46086590748006,9.36650853034303,1,2
20,35,16,7.88873721248677,3.38833766870965,6.10945342646043,5.88044263047334,8.95736733826244,1,2
20,35,17,7.88873721248677,3.38833766870965,3.75037033437811,6.14455828261237,9.43135553756634,1,2
20,35,18,7.88873721248677,3.38833766870965,4.81513715602017,6.87304183387524,9.0189009075746,1,2
20,35,19,7.88873721248677,3.38833766870965,4.71693428892111,6.43011253673787,9.07017167803842,1,2
20,35,21,7.88873721248677,3.38833766870965,5.22563977423537,5.29131315456467,9.33236810219971,1,2
20,35,23,7.88873721248677,3.38833766870965,4.56494603546442,5.91944789337774,9.20473424212456,1,2
20,35,25,7.88873721248677,3.38833766870965,5.01537336070301,6.60399266744704,8.84273654455754,1,2
20,35,29,7.88873721248677,3.38833766870965,5.18103368809132,6.52101454087542,9.23469212050355,1,2
20,35,31,7.88873721248677,3.38833766870965,3.97303139488847,5.93202258198336,9.11962764760331,1,2
20,35,35,7.88873721248677,3.38833766870965,4.31458653599477,5.25197579252187,8.43577179499493,1,2
20,35,39,7.88873721248677,3.38833766870965,4.05868470281986,5.44337549659756,9.43449976079852,1,2
20,35,40,7.88873721248677,3.38833766870965,5.74706056765287,5.41759047442034,9.37130377773852,1,2
20,35,41,7.88873721248677,3.38833766870965,3.81568542784029,7.37232654257914,8.92355216543541,1,2
20,35,45,7.88873721248677,3.38833766870965,4.96996947566192,6.01512853030548,9.48478634398701,1,2
20,35,46,7.88873721248677,3.38833766870965,4.33542234892711,5.90425486111468,9.20237226005277,1,2
20,35,49,7.88873721248677,3.38833766870965,6.82976510087465,5.47526879400058,9.2684939464929,1,2
20,35,50,7.88873721248677,3.38833766870965,3.20492984496159,5.82709528766781,9.08443892484141,1,2
20,35,51,7.88873721248677,3.38833766870965,6.30402179703165,5.96058633979155,9.09771050434144,1,2
20,35,52,7.88873721248677,3.38833766870965,4.77723590738662,6.5220492652348,9.26947792293333,1,2
20,35,53,7.88873721248677,3.38833766870965,5.36436597673159,6.19938395053153,8.99136470922819,1,2
20,35,54,7.88873721248677,3.38833766870965,5.40075057094463,5.62243181055413,9.13897683373722,1,2
20,35,58,7.88873721248677,3.38833766870965,4.75581184635626,6.30575884533622,9.0505110357444,1,2
20,35,59,7.88873721248677,3.38833766870965,5.27220722422489,5.66376377671532,9.20919275181482,1,2
20,35,60,7.88873721248677,3.38833766870965,7.04692452932375,5.72042444670614,9.17398281910863,1,2
20,36,2,7.88873721248677,3.38833766870965,6.63207226338525,5.77338106608953,9.25380448687661,1,2
20,36,5,7.88873721248677,3.38833766870965,5.4314314232723,6.11348932038387,8.88578650764884,1,2
20,36,9,7.88873721248677,3.38833766870965,3.73134452844403,5.42535941235801,8.93246090527351,1,2
20,36,11,7.88873721248677,3.38833766870965,4.15478958666665,6.67596439782048,9.00253205254134,1,2
20,36,12,7.88873721248677,3.38833766870965,5.30353292643658,5.73985871395787,8.91185964121596,1,2
20,36,15,7.88873721248677,3.38833766870965,5.51289824114736,6.4416252761215,9.82241554990687,1,2
20,36,17,7.88873721248677,3.38833766870965,6.14908507926165,6.12929857989188,9.00787458094141,1,2
20,36,21,7.88873721248677,3.38833766870965,5.74789239872075,5.88044111716804,9.39040055907646,1,2
20,36,23,7.88873721248677,3.38833766870965,5.63296046506945,5.50068229687972,9.47869044529059,1,2
20,36,26,7.88873721248677,3.38833766870965,6.04840724812248,6.68923883708055,9.41211902508453,1,2
20,36,28,7.88873721248677,3.38833766870965,4.1063197179046,5.62339418092803,8.83186339017541,1,2
20,36,31,7.88873721248677,3.38833766870965,5.47980002666098,5.99390706139931,9.21436248258286,1,2
20,36,37,7.88873721248677,3.38833766870965,3.54993769997782,6.50670921916371,9.12856122979447,1,2
20,36,39,7.88873721248677,3.38833766870965,5.2830364949913,5.64109402459699,8.63732741049127,1,2
20,36,43,7.88873721248677,3.38833766870965,5.00250476545485,5.51813819552535,9.10548529638153,1,2
20,36,45,7.88873721248677,3.38833766870965,5.34187004639497,6.88062467835707,9.06336288560783,1,2
20,36,46,7.88873721248677,3.38833766870965,4.77866576902229,5.97638214985908,8.93543802462576,1,2
20,36,47,7.88873721248677,3.38833766870965,5.67495930233245,5.96718874976801,8.91344714123169,1,2
20,36,49,7.88873721248677,3.38833766870965,4.1388996038004,6.69509214054438,8.80295134048592,1,2
20,36,52,7.88873721248677,3.38833766870965,4.8412045516503,6.137048637611,9.17586312983149,1,2
20,36,54,7.88873721248677,3.38833766870965,7.05063819814962,6.0605053938174,9.28256058919449,1,2
20,36,55,7.88873721248677,3.38833766870965,4.48702217918241,5.9441000170055,8.70424961927244,1,2
20,36,57,7.88873721248677,3.38833766870965,5.70941399507862,5.75020306936604,9.39813588271136,1,2
20,36,60,7.88873721248677,3.38833766870965,5.25876777315155,6.63372343224455,9.32221784207543,1,2
20,36,62,7.88873721248677,3.38833766870965,4.6075130222896,5.954096415727,9.31127484974918,1,2
20,36,65,7.88873721248677,3.38833766870965,5.5943764647737,6.27005296943994,9.56567977765007,1,2
20,37,4,7.88873721248677,3.38833766870965,4.55886330229058,6.5299825764852,9.4024293067001,1,2
20,37,6,7.88873721248677,3.38833766870965,5.37892253936015,6.52034867554512,9.60643105888971,1,2
20,37,7,7.88873721248677,3.38833766870965,3.80458354891085,6.19135568327763,9.06296298908729,1,2
20,37,10,7.88873721248677,3.38833766870965,5.22722722586734,6.35321674168428,9.14018079851198,1,2
20,37,11,7.88873721248677,3.38833766870965,5.56273982419904,6.81518059026372,9.21181089070196,1,2
20,37,14,7.88873721248677,3.38833766870965,6.60824858884102,5.56645191473158,9.43352432402135,1,2
20,37,16,7.88873721248677,3.38833766870965,7.526220330343,6.5137428534765,9.37441800927241,1,2
20,37,25,7.88873721248677,3.38833766870965,4.48574707953889,6.25923981299142,8.63909017268466,1,2
20,37,26,7.88873721248677,3.38833766870965,3.66804305297935,5.67098519611615,8.87562749138946,1,2
20,37,27,7.88873721248677,3.38833766870965,6.11462441962383,6.19733787206855,9.6711214692503,1,2
20,37,28,7.88873721248677,3.38833766870965,5.12082313402226,5.59087686287761,9.88723307376275,1,2
20,37,30,7.88873721248677,3.38833766870965,5.6881352855946,6.35028163164686,8.91614225266455,1,2
20,37,32,7.88873721248677,3.38833766870965,5.14290743685612,6.2437341721526,9.57915701533324,1,2
20,37,34,7.88873721248677,3.38833766870965,4.76993000011735,5.97076452510754,9.16628795658826,1,2
20,37,37,7.88873721248677,3.38833766870965,4.74627401925386,6.5329207000374,9.0815627565836,1,2
20,37,39,7.88873721248677,3.38833766870965,2.28106410096601,5.70138965622004,9.23059989824118,1,2
20,37,40,7.88873721248677,3.38833766870965,4.66629315296404,5.12069268472459,9.04267254577185,1,2
20,37,42,7.88873721248677,3.38833766870965,4.54503359521538,5.40471169387125,9.42313322221771,1,2
20,37,48,7.88873721248677,3.38833766870965,6.7010012280328,6.0338203393157,9.92232640673982,1,2
20,37,49,7.88873721248677,3.38833766870965,4.41265751510024,6.78146249623128,8.88146512990303,1,2
20,37,53,7.88873721248677,3.38833766870965,5.52426986834661,6.62481904534792,9.15549990892277,1,2
20,37,56,7.88873721248677,3.38833766870965,5.16212330390899,6.6177608972611,9.49423692559436,1,2
20,37,63,7.88873721248677,3.38833766870965,5.01481356096495,6.63194355487357,9.36781915290081,1,2
20,37,65,7.88873721248677,3.38833766870965,5.00400900467466,6.28987539009213,9.02601691223454,1,2
20,37,66,7.88873721248677,3.38833766870965,5.17385051703979,6.18545412354798,9.14795649339801,1,2
20,37,72,7.88873721248677,3.38833766870965,4.06589617253125,5.50991606180994,8.45332041455161,1,2
20,37,76,7.88873721248677,3.38833766870965,6.09221263758066,6.13964282139878,9.38718840113777,1,2
20,37,77,7.88873721248677,3.38833766870965,4.81306498776043,6.37806314129116,9.1423983561356,1,2
20,37,82,7.88873721248677,3.38833766870965,3.80506970941933,6.26004354191595,8.83203923240072,1,2
20,37,83,7.88873721248677,3.38833766870965,6.05430510105051,5.15308756647283,9.18105876735877,1,2
20,37,84,7.88873721248677,3.38833766870965,5.33157485446597,4.7800682793838,9.56570048939247,1,2
20,37,88,7.88873721248677,3.38833766870965,4.69648097195386,5.19028419376774,9.1989373561454,1,2
20,37,89,7.88873721248677,3.38833766870965,3.96563480228376,5.3023980250396,9.128679226761,1,2
20,37,91,7.88873721248677,3.38833766870965,5.53936707990141,5.3532522673592,9.46982501030849,1,2
20,37,92,7.88873721248677,3.38833766870965,6.35143415387126,5.0256623729399,8.68391206274461,1,2
20,37,95,7.88873721248677,3.38833766870965,5.85853639425624,6.59126411490464,9.5628468391146,1,2
20,37,96,7.88873721248677,3.38833766870965,4.5737944471082,6.56145442590014,9.02178482446205,1,2
20,37,98,7.88873721248677,3.38833766870965,4.57130534263408,5.64207921580146,9.25371438980231,1,2
20,38,1,7.88873721248677,3.38833766870965,5.62485465302079,6.05993632697347,9.46611849218666,1,2
20,38,2,7.88873721248677,3.38833766870965,7.12168574015961,7.26174504294978,9.84793938578868,1,2
20,38,7,7.88873721248677,3.38833766870965,3.64023481548371,5.83051703279799,9.17667912030036,1,2
20,38,12,7.88873721248677,3.38833766870965,4.87854612899678,5.33361406278232,9.25349877646255,1,2
20,38,13,7.88873721248677,3.38833766870965,5.50079982409123,5.98070433736997,9.33788834260863,1,2
20,38,14,7.88873721248677,3.38833766870965,4.48056973116486,6.03356949327984,9.01458020501771,1,2
20,38,16,7.88873721248677,3.38833766870965,3.91313774392971,5.94938840751138,8.6889198069324,1,2
20,38,17,7.88873721248677,3.38833766870965,5.57577936435136,5.5108577738673,9.28538059629762,1,2
20,38,19,7.88873721248677,3.38833766870965,6.77720013627966,5.83117610877893,9.09354846694513,1,2
20,38,21,7.88873721248677,3.38833766870965,5.2083545451138,5.97928396823609,9.16660678664562,1,2
20,38,28,7.88873721248677,3.38833766870965,4.82827638471757,6.49081574685839,9.37257821603226,1,2
20,38,29,7.88873721248677,3.38833766870965,6.08326084971314,6.63112699283755,9.58552022059876,1,2
20,38,30,7.88873721248677,3.38833766870965,4.87080330664697,5.10707126491367,9.4003983821838,1,2
20,38,31,7.88873721248677,3.38833766870965,3.94965795057653,5.71400329525449,8.70387733576236,1,2
20,38,33,7.88873721248677,3.38833766870965,6.11241301248289,5.94013977036993,9.50508264205485,1,2
20,38,34,7.88873721248677,3.38833766870965,5.47531955340844,5.78492531624711,9.30099415608412,1,2
20,38,37,7.88873721248677,3.38833766870965,4.70217458517458,6.89852344708512,9.21071738077098,1,2
20,38,38,7.88873721248677,3.38833766870965,4.12412611158962,5.48039545753882,8.65074020744813,1,2
20,38,39,7.88873721248677,3.38833766870965,6.02641997433931,6.11891846903928,10.0013374081894,1,2
20,38,41,7.88873721248677,3.38833766870965,2.73223610987112,5.9137309750782,8.49383300197398,1,2
20,38,42,7.88873721248677,3.38833766870965,6.37079526318708,6.6378669705124,9.31989136101817,1,2
20,38,45,7.88873721248677,3.38833766870965,6.5867134304444,5.86418037154243,9.6310468076486,1,2
20,38,46,7.88873721248677,3.38833766870965,6.44649575485107,5.16636369687597,9.8523828546528,1,2
20,38,48,7.88873721248677,3.38833766870965,3.72254160452631,6.07273702291604,9.4053634025159,1,2
20,38,50,7.88873721248677,3.38833766870965,5.60241379853648,5.1933258594326,9.14264288946715,1,2
20,38,51,7.88873721248677,3.38833766870965,5.52884260794594,6.21668341578207,9.78081004064079,1,2
20,38,52,7.88873721248677,3.38833766870965,3.51350719044444,6.03602865181046,8.85858150861773,1,2
20,38,53,7.88873721248677,3.38833766870965,4.9323813715578,7.05155301107986,9.16306594635349,1,2
20,38,55,7.88873721248677,3.38833766870965,5.60686721535676,6.0657351041038,9.11242533360666,1,2
20,38,56,7.88873721248677,3.38833766870965,3.63896238707525,5.33644453926525,9.21501774599909,1,2
20,38,60,7.88873721248677,3.38833766870965,3.2286028147885,5.46436567005862,9.2477700067341,1,2
20,38,61,7.88873721248677,3.38833766870965,4.48711144549322,6.08848151404513,9.33837319825782,1,2
20,39,3,7.88873721248677,3.38833766870965,5.68454876167439,6.45551065401288,9.31135909609963,1,2
20,39,7,7.88873721248677,3.38833766870965,4.7361897601112,6.2272194291594,9.28217618949007,1,2
20,39,9,7.88873721248677,3.38833766870965,5.08393265954072,6.27193464219239,9.89917794644795,1,2
20,39,13,7.88873721248677,3.38833766870965,5.45612870993792,6.48890248197731,9.05772152510835,1,2
20,39,15,7.88873721248677,3.38833766870965,4.95649962831044,5.47548438101333,9.46622735031588,1,2
20,39,18,7.88873721248677,3.38833766870965,7.51983129758156,7.14100544572926,9.70156130163886,1,2
20,39,19,7.88873721248677,3.38833766870965,6.36049630200771,5.67820560592302,9.60930085340106,1,2
20,39,20,7.88873721248677,3.38833766870965,5.15907579295417,5.9521139856688,9.46723172376641,1,2
20,39,22,7.88873721248677,3.38833766870965,4.8419359138788,6.0236834569641,9.42830206076662,1,2
20,39,23,7.88873721248677,3.38833766870965,4.66540316572328,5.82300511803136,9.66565373577348,1,2
20,39,24,7.88873721248677,3.38833766870965,4.93607644931579,6.58541625886653,9.40177586822775,1,2
20,39,27,7.88873721248677,3.38833766870965,5.71484547410432,5.8591499291725,10.5517368157133,1,2
20,39,28,7.88873721248677,3.38833766870965,3.14787874866013,5.21569411085655,9.0348399238466,1,2
20,39,30,7.88873721248677,3.38833766870965,6.14309832235496,5.61570457654377,9.55397721724778,1,2
20,39,31,7.88873721248677,3.38833766870965,3.99582524098252,5.27259372521804,8.96955217589198,1,2
20,39,32,7.88873721248677,3.38833766870965,6.31219836149747,5.40799736585699,9.67483882002572,1,2
20,39,33,7.88873721248677,3.38833766870965,4.98490838249725,6.9837699184406,9.03755858557112,1,2
20,39,34,7.88873721248677,3.38833766870965,4.39196365319447,5.31750027431078,9.54814699987184,1,2
20,39,35,7.88873721248677,3.38833766870965,5.89857672043482,6.08114596366174,9.16350854598265,1,2
20,39,36,7.88873721248677,3.38833766870965,3.88109673995625,4.76453323731353,9.72781358081933,1,2
20,39,37,7.88873721248677,3.38833766870965,5.85042197255658,5.74409039815727,9.14611245316022,1,2
20,39,40,7.88873721248677,3.38833766870965,6.8413750662195,5.51703570260639,9.74624191623341,1,2
20,39,41,7.88873721248677,3.38833766870965,4.90226721571329,5.87692748174872,9.64575424082243,1,2
20,39,43,7.88873721248677,3.38833766870965,4.92747616775513,6.44231277451872,9.34294957891462,1,2
20,39,44,7.88873721248677,3.38833766870965,4.02619621377808,6.41911940057774,9.03930851725909,1,2
20,39,45,7.88873721248677,3.38833766870965,6.75819520974079,6.85554747552204,10.0023923632836,1,2
20,39,47,7.88873721248677,3.38833766870965,5.88638276591721,5.80342098535223,9.54360857644634,1,2
20,39,51,7.88873721248677,3.38833766870965,3.12493686713002,6.29879374512905,9.18489589146285,1,2
20,39,53,7.88873721248677,3.38833766870965,4.88932640935198,4.82517944501293,9.4393427039661,1,2
20,39,54,7.88873721248677,3.38833766870965,5.68699764573425,6.16026565562224,9.73039978471537,1,2
20,39,55,7.88873721248677,3.38833766870965,5.6155491837803,5.40674420382984,9.31044924322197,1,2
20,39,57,7.88873721248677,3.38833766870965,4.74822836582676,5.51621053072443,9.25377766996631,1,2
20,39,58,7.88873721248677,3.38833766870965,5.1924899914653,6.2060599624732,9.34237514295648,1,2
20,39,60,7.88873721248677,3.38833766870965,5.44323120724036,5.90734335555416,9.2533541250422,1,2
20,39,61,7.88873721248677,3.38833766870965,5.26833119610522,6.4618476345944,9.36686404007305,1,2
20,39,63,7.88873721248677,3.38833766870965,6.28179392999356,6.62997981531425,9.00929534686822,1,2
20,39,68,7.88873721248677,3.38833766870965,6.09262926942654,6.46845537243822,9.84095653182695,1,2
20,39,70,7.88873721248677,3.38833766870965,6.39558401980459,6.4911828236988,10.1909812189576,1,2
20,39,71,7.88873721248677,3.38833766870965,3.55837335795045,6.5197919206284,9.24336705282255,1,2
20,39,74,7.88873721248677,3.38833766870965,5.42043155061164,5.78065181919414,9.56587625354713,1,2
20,39,77,7.88873721248677,3.38833766870965,5.07906606352857,6.39312256614865,9.68929023484701,1,2
20,39,78,7.88873721248677,3.38833766870965,5.48026357334914,5.38406535112736,9.26809790790775,1,2
20,39,79,7.88873721248677,3.38833766870965,6.0607594645315,5.90690767901209,9.5777802883671,1,2
20,39,81,7.88873721248677,3.38833766870965,5.68404597012798,5.67419939504307,9.83208673008037,1,2
20,39,82,7.88873721248677,3.38833766870965,3.71213471992218,5.92465036907061,9.52379660263259,1,2
20,39,84,7.88873721248677,3.38833766870965,7.18950261638561,5.58789020134057,10.1868563370601,1,2
20,39,90,7.88873721248677,3.38833766870965,6.24784495847672,5.88503432295548,9.6646473574645,1,2
20,40,4,7.88873721248677,3.38833766870965,4.6988029680831,5.65032710506855,9.83648187478332,1,2
20,40,5,7.88873721248677,3.38833766870965,5.08629050766776,6.47886680298531,9.45491866616967,1,2
20,40,6,7.88873721248677,3.38833766870965,4.53699070145088,5.91639974087163,8.95592141068928,1,2
20,40,8,7.88873721248677,3.38833766870965,3.88389471091617,5.94786019984645,9.59869897240038,1,2
20,40,12,7.88873721248677,3.38833766870965,5.702271662122,6.46778526422066,9.01842110049336,1,2
20,40,13,7.88873721248677,3.38833766870965,4.20642670790445,6.43404237004928,9.34443417421691,1,2
20,40,14,7.88873721248677,3.38833766870965,4.52466867406265,5.65555772362369,8.95508032206361,1,2
20,40,15,7.88873721248677,3.38833766870965,5.8165165772417,5.36259234814151,9.58838085971042,1,2
20,40,16,7.88873721248677,3.38833766870965,3.67595213629116,6.0747721807654,9.19682668278912,1,2
20,40,17,7.88873721248677,3.38833766870965,5.70280281755077,5.86208889040832,9.2158784127411,1,2
20,40,20,7.88873721248677,3.38833766870965,5.87451759837402,5.82092068290045,9.0918737277341,1,2
20,40,21,7.88873721248677,3.38833766870965,4.41645992837776,6.3803020410664,9.29953402013306,1,2
20,40,22,7.88873721248677,3.38833766870965,5.96645485649161,6.12939632638798,9.35607150291978,1,2
20,40,23,7.88873721248677,3.38833766870965,5.018609979691,5.92492431051728,8.89854973274114,1,2
20,40,24,7.88873721248677,3.38833766870965,4.95651129932366,5.5056358440375,9.41878351026013,1,2
20,40,28,7.88873721248677,3.38833766870965,6.29496665393068,5.52905183345199,9.8928567096852,1,2
20,40,33,7.88873721248677,3.38833766870965,6.18854077134524,6.23362765911836,9.77905459778473,1,2
20,40,37,7.88873721248677,3.38833766870965,5.13047054218697,6.97029800229839,10.1127864622964,1,2
20,40,39,7.88873721248677,3.38833766870965,5.17521835801294,6.10227012135947,9.6653528799551,1,2
20,40,41,7.88873721248677,3.38833766870965,6.38392756653994,6.40891570904917,9.4702393779077,1,2
20,40,42,7.88873721248677,3.38833766870965,6.7676263589367,5.02978824711617,9.80152367825879,1,2
20,40,44,7.88873721248677,3.38833766870965,5.6951900521752,5.3648268754585,9.24942596085047,1,2
20,40,46,7.88873721248677,3.38833766870965,5.47104762840419,6.63480168070499,9.50007997783259,1,2
20,40,47,7.88873721248677,3.38833766870965,4.91030935425768,6.21790163520761,10.1460920906919,1,2
20,40,51,7.88873721248677,3.38833766870965,6.00605517634015,6.41244364912793,9.06436719207913,1,2
20,40,53,7.88873721248677,3.38833766870965,5.41987541220785,5.85883624010374,9.74770143650619,1,2
20,40,54,7.88873721248677,3.38833766870965,3.51768249327464,6.69578016893688,9.0261816753049,1,2
20,40,56,7.88873721248677,3.38833766870965,4.68008975003733,5.78475556317889,9.10236162127438,1,2
20,40,58,7.88873721248677,3.38833766870965,5.96311629315253,6.91487236647636,9.31969174782924,1,2
20,40,60,7.88873721248677,3.38833766870965,4.6162185126118,6.75438503845303,8.97756102229789,1,2
20,40,63,7.88873721248677,3.38833766870965,7.25144492741175,5.83436836626441,8.94462617730517,1,2
20,40,64,7.88873721248677,3.38833766870965,3.88525705888105,5.35160335085164,8.83354673162097,1,2
20,40,65,7.88873721248677,3.38833766870965,4.44139264473115,6.1062612942268,9.47407854517047,1,2
20,41,1,7.88873721248677,3.38833766870965,3.52298098902931,5.07357541883103,9.72514411639571,1,2
20,41,2,7.88873721248677,3.38833766870965,3.94189228000679,5.56181119743177,9.79824589851097,1,2
20,41,4,7.88873721248677,3.38833766870965,3.97660971312698,5.85283095876032,10.0419505153531,1,2
20,41,6,7.88873721248677,3.38833766870965,5.90511639390458,5.56045458155241,9.96448952717001,1,2
20,41,7,7.88873721248677,3.38833766870965,3.59204442635143,5.61209149284957,9.40512120410175,1,2
20,41,9,7.88873721248677,3.38833766870965,5.3832351901548,6.50710225901333,9.7270842900253,1,2
20,41,10,7.88873721248677,3.38833766870965,5.31374033443023,5.61449734782655,10.5526044639007,1,2
20,41,12,7.88873721248677,3.38833766870965,5.93475827025565,6.73635811595924,10.1487076019062,1,2
20,41,15,7.88873721248677,3.38833766870965,4.94757328085699,6.29218619022692,10.034719713321,1,2
20,41,18,7.88873721248677,3.38833766870965,5.1844409933919,5.33827361821571,10.3220567006195,1,2
20,41,20,7.88873721248677,3.38833766870965,5.86072335933237,6.06255222236216,10.068946169979,1,2
20,41,22,7.88873721248677,3.38833766870965,5.30480852109441,6.20257254712141,10.1386229568005,1,2
20,41,23,7.88873721248677,3.38833766870965,6.10863535840529,6.02328686708048,9.8036694723721,1,2
20,41,27,7.88873721248677,3.38833766870965,6.78784921218942,6.08006336323649,10.1828853306102,1,2
20,41,28,7.88873721248677,3.38833766870965,2.82718341128263,5.9162746411052,9.69531398289979,1,2
20,41,29,7.88873721248677,3.38833766870965,4.90850320605288,6.03892339793459,9.53499068663725,1,2
20,41,30,7.88873721248677,3.38833766870965,4.49819709255095,6.93793417815183,10.12668830113,1,2
20,41,31,7.88873721248677,3.38833766870965,4.77585352485744,5.06105849998879,10.2546290470038,1,2
20,41,37,7.88873721248677,3.38833766870965,5.05313149565049,6.06507145082806,9.20180379862707,1,2
20,41,39,7.88873721248677,3.38833766870965,6.66319916874571,6.1488504667792,10.1686107019972,1,2
20,41,40,7.88873721248677,3.38833766870965,1.87975316911913,6.06892815464885,9.81715131417435,1,2
20,41,41,7.88873721248677,3.38833766870965,4.87851910888967,6.17158396593105,9.50975689740266,1,2
20,41,43,7.88873721248677,3.38833766870965,6.01931292030759,5.87287863558258,10.5057630802619,1,2
20,41,44,7.88873721248677,3.38833766870965,5.46651016638597,7.0377316007175,10.5613501579987,1,2
20,41,45,7.88873721248677,3.38833766870965,4.93192422513953,6.070506045095,9.0752387740487,1,2
20,41,46,7.88873721248677,3.38833766870965,3.99389957560474,5.29717070625688,9.38542485102014,1,2
20,41,47,7.88873721248677,3.38833766870965,5.34390031435176,5.73255097530236,10.1236474464625,1,2
20,41,48,7.88873721248677,3.38833766870965,5.15885380289613,5.52450459074891,9.83738165137287,1,2
20,41,49,7.88873721248677,3.38833766870965,3.28613973004848,6.75612261344275,9.48566148871246,1,2
20,41,51,7.88873721248677,3.38833766870965,4.30202889946122,6.49139679129875,9.30363085148775,1,2
20,41,52,7.88873721248677,3.38833766870965,5.11807742106645,6.9319423998044,9.64289087432007,1,2
20,41,53,7.88873721248677,3.38833766870965,4.89347058014166,6.31790809759672,9.95636219627966,1,2
20,41,56,7.88873721248677,3.38833766870965,4.08327072122842,6.400131592669,9.80185932773422,1,2
20,41,62,7.88873721248677,3.38833766870965,4.85460470933256,5.43674184250505,9.47319698414729,1,2
20,41,64,7.88873721248677,3.38833766870965,5.1055678095499,6.1773040346632,9.77389732582899,1,2
20,41,70,7.88873721248677,3.38833766870965,4.22606532887205,6.90567680632682,9.9472596099165,1,2
20,41,72,7.88873721248677,3.38833766870965,5.19732429623978,5.80562243138897,9.75451826503965,1,2
20,41,74,7.88873721248677,3.38833766870965,4.03233206183178,5.92778829668419,9.50827267577709,1,2
20,41,75,7.88873721248677,3.38833766870965,4.99639298726223,5.59500938002356,9.7724081825215,1,2
20,41,79,7.88873721248677,3.38833766870965,5.80527728865253,6.26479351686247,10.4159379962864,1,2
20,41,80,7.88873721248677,3.38833766870965,3.77077217129536,4.96052657081491,9.70598004373077,1,2
20,41,81,7.88873721248677,3.38833766870965,4.28016357349335,6.09136134902267,9.7629748863932,1,2
20,41,82,7.88873721248677,3.38833766870965,6.11435322870578,6.39903702904467,10.4792950155955,1,2
20,41,86,7.88873721248677,3.38833766870965,5.70784604306423,6.80667004086721,10.2022298169904,1,2
20,41,89,7.88873721248677,3.38833766870965,5.50800414601732,5.19920013699783,9.36344614758039,1,2
20,41,92,7.88873721248677,3.38833766870965,4.96218546564516,5.72721421174813,9.86002013318669,1,2
21,1,6,7.44099471730433,3.3940832910023,4.34010068843714,6.11807362730487,2.61724053803755,1,2
21,1,7,7.44099471730433,3.3940832910023,4.95625728228311,6.40736871774807,2.58993945233089,1,2
21,1,8,7.44099471730433,3.3940832910023,3.53068751048631,6.01929369177703,2.42754995442972,1,2
21,1,9,7.44099471730433,3.3940832910023,4.81318254024786,6.55719408051087,2.57639443058645,1,2
21,1,10,7.44099471730433,3.3940832910023,5.95375938871455,5.52002061604476,2.22274332590915,1,2
21,1,16,7.44099471730433,3.3940832910023,3.9998141359449,5.79291971876951,2.2318909822519,1,2
21,1,17,7.44099471730433,3.3940832910023,3.66401707634427,6.59357257135075,2.56196472509381,1,2
21,1,18,7.44099471730433,3.3940832910023,4.3016463575923,5.85957708156527,2.30542787269445,1,2
21,1,19,7.44099471730433,3.3940832910023,5.51182022553236,5.74522713122195,2.20169368150776,1,2
21,1,21,7.44099471730433,3.3940832910023,4.61302434277571,5.26709584292518,2.27138310901041,1,2
21,1,23,7.44099471730433,3.3940832910023,4.09661355084384,6.40981060873249,2.36669908033848,1,2
21,1,25,7.44099471730433,3.3940832910023,5.84446970803454,6.1951848659225,2.36188808523587,1,2
21,1,26,7.44099471730433,3.3940832910023,4.89599924677374,5.67127966819291,2.33850763413721,1,2
21,1,27,7.44099471730433,3.3940832910023,5.48003306799451,6.28674279592869,2.51299109701754,1,2
21,1,28,7.44099471730433,3.3940832910023,5.01628155385642,5.90529981079856,2.56087188488592,1,2
21,1,31,7.44099471730433,3.3940832910023,2.64512211540419,6.22405509985146,2.65921487523499,1,2
21,1,32,7.44099471730433,3.3940832910023,6.69821651532742,5.66788452118213,2.30573977933105,1,2
21,1,33,7.44099471730433,3.3940832910023,5.7223543931845,5.20145277006359,2.03222148733252,1,2
21,1,34,7.44099471730433,3.3940832910023,4.60205944408797,5.93146966211803,2.15877743911857,1,2
21,1,36,7.44099471730433,3.3940832910023,4.71356744769256,5.79190740775701,2.18088658607872,1,2
21,1,42,7.44099471730433,3.3940832910023,5.66146874687688,6.01638546371706,2.60579962640139,1,2
21,1,43,7.44099471730433,3.3940832910023,4.96285429160317,5.70963202371094,2.24165388219178,1,2
21,1,45,7.44099471730433,3.3940832910023,5.49221632150847,6.09233218523396,2.40914672505177,1,2
21,1,47,7.44099471730433,3.3940832910023,4.33821339938589,5.91428828578521,2.3016015530912,1,2
21,1,49,7.44099471730433,3.3940832910023,4.62984916379805,6.1624038253655,2.60764603188819,1,2
21,1,53,7.44099471730433,3.3940832910023,4.15585907983581,5.14136105277419,1.83371702329028,1,2
21,1,55,7.44099471730433,3.3940832910023,4.57775677135863,6.07295166454714,2.43413276099729,1,2
21,1,58,7.44099471730433,3.3940832910023,4.52856940067877,6.03025454437288,2.361862344942,1,2
21,1,61,7.44099471730433,3.3940832910023,6.28810919689624,5.98637729630428,2.42198308027636,1,2
21,1,64,7.44099471730433,3.3940832910023,3.9576144500485,6.07705196663982,2.49026743585705,1,2
21,1,65,7.44099471730433,3.3940832910023,5.99270854477037,5.78727649151476,2.31641188311587,1,2
21,1,68,7.44099471730433,3.3940832910023,5.70448266372348,5.52774275153675,2.26540481019727,1,2
21,1,70,7.44099471730433,3.3940832910023,7.01745839302239,5.83509628987736,2.35548614998564,1,2
21,2,4,7.44099471730433,3.3940832910023,5.05666133216227,5.33728379638341,3.21529149083693,1,2
21,2,5,7.44099471730433,3.3940832910023,5.0375414615217,5.74169405582083,3.30698611420081,1,2
21,2,6,7.44099471730433,3.3940832910023,5.74994620288377,6.3474034244639,3.48031291300087,1,2
21,2,10,7.44099471730433,3.3940832910023,5.66126683510124,5.7027080147823,3.07664815778184,1,2
21,2,11,7.44099471730433,3.3940832910023,4.62989259709637,6.15166504580339,3.47899116150084,1,2
21,2,16,7.44099471730433,3.3940832910023,4.95364958616336,5.60262124250332,3.22580263445777,1,2
21,2,20,7.44099471730433,3.3940832910023,3.77811286680392,6.07120948103138,3.3487043425585,1,2
21,2,21,7.44099471730433,3.3940832910023,4.53631393368824,5.76503467031442,3.416881587619,1,2
21,2,22,7.44099471730433,3.3940832910023,4.69603677403561,5.47429685658608,3.24499280471632,1,2
21,2,23,7.44099471730433,3.3940832910023,4.62163754790787,6.13185035452676,3.29956816931662,1,2
21,2,24,7.44099471730433,3.3940832910023,5.23760243723153,6.27184485072092,3.37087188331245,1,2
21,2,25,7.44099471730433,3.3940832910023,7.34905120355459,6.00424373229739,3.25502082375909,1,2
21,2,26,7.44099471730433,3.3940832910023,4.9561926524515,5.29992845107563,3.11860555573854,1,2
21,2,29,7.44099471730433,3.3940832910023,4.10762370166304,5.60249434747422,3.01235806409933,1,2
21,2,30,7.44099471730433,3.3940832910023,4.8316981909725,6.23252850106766,3.41324866173555,1,2
21,2,32,7.44099471730433,3.3940832910023,3.93940104569605,5.86816801977184,3.29875078574432,1,2
21,2,33,7.44099471730433,3.3940832910023,3.93479627351423,6.05093763140054,3.43478283443797,1,2
21,2,34,7.44099471730433,3.3940832910023,5.05359375047369,5.75935817766145,3.3282306478312,1,2
21,2,35,7.44099471730433,3.3940832910023,5.3068539523452,6.79250264184456,3.72131934323488,1,2
21,2,36,7.44099471730433,3.3940832910023,6.04716513090083,6.05539366166031,3.36962982757558,1,2
21,2,37,7.44099471730433,3.3940832910023,5.42890950147414,4.67550513954063,2.71329625462314,1,2
21,2,38,7.44099471730433,3.3940832910023,4.865305090869,5.4477286771219,3.06098838900335,1,2
21,2,39,7.44099471730433,3.3940832910023,5.7690553663594,5.59674382570531,3.11962294786005,1,2
21,2,40,7.44099471730433,3.3940832910023,6.10048646025658,6.79646722264145,3.62443830799267,1,2
21,2,43,7.44099471730433,3.3940832910023,4.46284926534698,5.59260748059166,3.14206760485043,1,2
21,2,46,7.44099471730433,3.3940832910023,5.02237241294919,6.03116623296237,3.4489612911167,1,2
21,2,48,7.44099471730433,3.3940832910023,6.60473294232042,6.23676019327955,3.2860004415395,1,2
21,2,51,7.44099471730433,3.3940832910023,5.54801807740048,5.78276720402519,3.33223966685432,1,2
21,2,52,7.44099471730433,3.3940832910023,4.46417295272773,5.45037130430187,2.90937660285574,1,2
21,2,53,7.44099471730433,3.3940832910023,4.87332063691217,6.49253838647119,3.67704779110676,1,2
21,2,54,7.44099471730433,3.3940832910023,4.06985353339618,6.12940784735468,3.41037226728966,1,2
21,2,55,7.44099471730433,3.3940832910023,5.47357060362475,5.08968460871867,3.17252092315163,1,2
21,2,57,7.44099471730433,3.3940832910023,5.30943584823615,5.97417449880888,3.48657390647437,1,2
21,2,59,7.44099471730433,3.3940832910023,4.03672364531656,5.87861508215549,3.26685423073367,1,2
21,2,61,7.44099471730433,3.3940832910023,6.35988480578506,6.17247426898254,3.30387580465337,1,2
21,2,63,7.44099471730433,3.3940832910023,4.06559130352895,6.17483608433635,3.50635358079956,1,2
21,2,66,7.44099471730433,3.3940832910023,5.66585724024371,6.37316345850476,3.61729181380575,1,2
21,3,3,7.44099471730433,3.3940832910023,4.00035245974013,5.87368040233502,3.65981665793527,1,2
21,3,6,7.44099471730433,3.3940832910023,4.76316396235583,6.12177826917176,3.84502503240137,1,2
21,3,8,7.44099471730433,3.3940832910023,6.07121960885066,5.46973221246855,3.51915771707302,1,2
21,3,9,7.44099471730433,3.3940832910023,3.65249420978809,6.24609315084595,3.79629473512229,1,2
21,3,12,7.44099471730433,3.3940832910023,5.79225107591389,6.30174353569466,4.04744882739215,1,2
21,3,14,7.44099471730433,3.3940832910023,5.05688295113692,6.06449914387509,3.73928978114113,1,2
21,3,16,7.44099471730433,3.3940832910023,4.23561243744141,5.82679461507189,3.75140473294235,1,2
21,3,17,7.44099471730433,3.3940832910023,5.14152674739068,6.32180442492412,3.87777346550647,1,2
21,3,18,7.44099471730433,3.3940832910023,3.86192865383558,5.79697155798662,3.43447058076244,1,2
21,3,20,7.44099471730433,3.3940832910023,6.89044276818661,4.88329001236773,3.40334490604625,1,2
21,3,25,7.44099471730433,3.3940832910023,3.59068425008507,5.74815723725907,3.71972315172633,1,2
21,3,26,7.44099471730433,3.3940832910023,4.73332630742982,6.43379294996759,4.03900690701786,1,2
21,3,27,7.44099471730433,3.3940832910023,5.47363870199398,6.38300234774646,4.14485825346656,1,2
21,3,28,7.44099471730433,3.3940832910023,8.44181904306387,6.38717216594498,3.81700591955285,1,2
21,3,29,7.44099471730433,3.3940832910023,4.65496559132687,5.88370524959318,3.55694166761405,1,2
21,3,30,7.44099471730433,3.3940832910023,5.69227531353565,5.36422857362265,3.60815917708932,1,2
21,3,31,7.44099471730433,3.3940832910023,4.6163773613392,6.76607612266824,3.93515699028628,1,2
21,3,32,7.44099471730433,3.3940832910023,3.61307215416938,5.92532583367079,3.61300217672914,1,2
21,3,34,7.44099471730433,3.3940832910023,5.32787384031459,6.69632118313769,4.04505587795319,1,2
21,3,38,7.44099471730433,3.3940832910023,4.62235806610292,5.62754730818671,3.6715748548451,1,2
21,3,41,7.44099471730433,3.3940832910023,5.17883795926324,6.22648778400619,3.87976400245959,1,2
21,3,42,7.44099471730433,3.3940832910023,5.73031074250851,5.12038371127821,3.39057645648861,1,2
21,3,43,7.44099471730433,3.3940832910023,5.59156344736847,6.24066974628217,3.87374504625968,1,2
21,3,45,7.44099471730433,3.3940832910023,4.3661109689473,5.66120289207157,3.71430154757401,1,2
21,3,47,7.44099471730433,3.3940832910023,4.74590673991868,6.23117680649123,3.82380692469535,1,2
21,3,48,7.44099471730433,3.3940832910023,5.14052235742244,5.05738613033152,3.49047831094178,1,2
21,3,49,7.44099471730433,3.3940832910023,5.55846057604696,6.60539004363075,4.06725738043425,1,2
21,3,53,7.44099471730433,3.3940832910023,4.18362112833684,6.84834563304764,4.11239817818482,1,2
21,3,57,7.44099471730433,3.3940832910023,4.12015439104165,5.64139247133752,3.72724160069271,1,2
21,3,58,7.44099471730433,3.3940832910023,4.11598753312977,5.75619858234303,3.66375967671604,1,2
21,3,60,7.44099471730433,3.3940832910023,5.51919031567658,5.12891399932568,3.54429590080824,1,2
21,3,62,7.44099471730433,3.3940832910023,3.50437922365438,6.54251022795175,4.10921537181621,1,2
21,3,63,7.44099471730433,3.3940832910023,6.23164445874973,5.53623833718301,3.56424553473676,1,2
21,3,64,7.44099471730433,3.3940832910023,4.56765015218887,5.19973413076873,3.53133731569983,1,2
21,3,65,7.44099471730433,3.3940832910023,5.40704021180295,6.11179972682357,3.85852907368599,1,2
21,3,67,7.44099471730433,3.3940832910023,4.71467644328491,6.5508960891726,3.77145094238595,1,2
21,3,69,7.44099471730433,3.3940832910023,7.16699623690347,6.6302602221086,3.98150804288673,1,2
21,3,72,7.44099471730433,3.3940832910023,4.1663964429815,5.86583412625558,3.98402429193009,1,2
21,3,77,7.44099471730433,3.3940832910023,4.91050057473389,6.64037557148728,3.93956066802356,1,2
21,3,78,7.44099471730433,3.3940832910023,3.93348698518854,6.28709053311019,3.89645533045276,1,2
21,3,81,7.44099471730433,3.3940832910023,3.48794868597051,5.50989194014377,3.61763270010893,1,2
21,3,83,7.44099471730433,3.3940832910023,4.80639635999981,6.14139427401252,3.75585795677369,1,2
21,3,87,7.44099471730433,3.3940832910023,4.70061821661824,5.87324543309684,3.69922123699941,1,2
21,3,88,7.44099471730433,3.3940832910023,6.90558693291458,5.30228060572601,3.66048622181419,1,2
21,3,89,7.44099471730433,3.3940832910023,5.5424031942058,6.20718441232195,3.88148995304988,1,2
21,3,91,7.44099471730433,3.3940832910023,5.07494003827202,5.56643297296093,3.58046933602264,1,2
21,3,93,7.44099471730433,3.3940832910023,5.04149929813612,6.13950599573218,3.99073139008219,1,2
21,4,2,7.44099471730433,3.3940832910023,4.95108173694314,7.06099216488646,4.70256845287139,1,2
21,4,6,7.44099471730433,3.3940832910023,5.33119899828234,5.85604694866189,4.12383562309801,1,2
21,4,8,7.44099471730433,3.3940832910023,4.74288063917764,6.11216803350137,4.35867644428104,1,2
21,4,11,7.44099471730433,3.3940832910023,5.35246670624661,6.70800448907514,4.49873714287575,1,2
21,4,12,7.44099471730433,3.3940832910023,6.07161426576108,6.15496573587238,4.21728172671708,1,2
21,4,13,7.44099471730433,3.3940832910023,6.12101536642328,5.2508952224252,3.9219521298219,1,2
21,4,14,7.44099471730433,3.3940832910023,3.85839310480773,6.09552882093717,4.34534407353628,1,2
21,4,15,7.44099471730433,3.3940832910023,4.67742222725753,5.34576602639648,3.91338232222008,1,2
21,4,16,7.44099471730433,3.3940832910023,4.43643432749318,6.68111476058375,4.4237860887426,1,2
21,4,17,7.44099471730433,3.3940832910023,5.16169534184237,5.72369927217118,3.90028247788612,1,2
21,4,18,7.44099471730433,3.3940832910023,6.00963325047918,6.27451802780441,4.42548923789734,1,2
21,4,21,7.44099471730433,3.3940832910023,5.9221121603276,5.98540444565298,4.17609068308541,1,2
21,4,22,7.44099471730433,3.3940832910023,6.67606910901775,6.68858468217284,4.60684726116034,1,2
21,4,26,7.44099471730433,3.3940832910023,6.51156151874606,5.9549002365194,4.35021390447603,1,2
21,4,27,7.44099471730433,3.3940832910023,5.83457000699482,6.7830060079944,4.36976632154718,1,2
21,4,30,7.44099471730433,3.3940832910023,6.29039450873563,5.55381140524063,3.93351507416169,1,2
21,4,31,7.44099471730433,3.3940832910023,5.12335415375959,5.42825364433517,3.96035261402889,1,2
21,4,38,7.44099471730433,3.3940832910023,7.12064133503444,6.52962502657117,4.37882952525846,1,2
21,4,39,7.44099471730433,3.3940832910023,5.30762870175305,5.44373950624691,3.95831139378893,1,2
21,4,41,7.44099471730433,3.3940832910023,7.59467495874197,5.93002628319116,4.29870489924492,1,2
21,4,45,7.44099471730433,3.3940832910023,5.44890979191094,4.87327681897918,3.96237891090729,1,2
21,4,46,7.44099471730433,3.3940832910023,5.98666893929937,5.54925341936857,4.18141922355689,1,2
21,4,47,7.44099471730433,3.3940832910023,5.3616527273161,7.24709987091956,4.7406218228963,1,2
21,4,48,7.44099471730433,3.3940832910023,4.9726404829679,6.15276830212885,4.25635488497104,1,2
21,4,49,7.44099471730433,3.3940832910023,5.51091242785065,5.50758059120233,4.2077517149198,1,2
21,4,50,7.44099471730433,3.3940832910023,5.3831239301912,6.43224197857672,4.46745328303854,1,2
21,4,53,7.44099471730433,3.3940832910023,4.56311862134529,6.2334313669289,4.32812579050148,1,2
21,4,54,7.44099471730433,3.3940832910023,5.42876578439269,6.17054224751135,4.32040198730332,1,2
21,4,55,7.44099471730433,3.3940832910023,5.32251617581981,6.82188751634222,4.60872705681891,1,2
21,4,56,7.44099471730433,3.3940832910023,5.21053194925473,6.55486649250346,4.41183927444112,1,2
21,4,57,7.44099471730433,3.3940832910023,1.36770585362219,5.16982270182481,3.84251069640241,1,2
21,4,59,7.44099471730433,3.3940832910023,4.75858786637778,6.51841863397246,4.40682673027957,1,2
21,4,61,7.44099471730433,3.3940832910023,6.32485706013145,5.15265600399986,3.75090191446605,1,2
21,4,62,7.44099471730433,3.3940832910023,6.50885976601344,5.92879527031993,4.11913386290753,1,2
21,4,63,7.44099471730433,3.3940832910023,3.60492424400347,6.46157176856012,4.41833864103876,1,2
21,4,64,7.44099471730433,3.3940832910023,6.56957299202807,5.63161382263904,4.17472330950249,1,2
21,4,65,7.44099471730433,3.3940832910023,5.71888967793189,5.8234678045922,4.16152380370742,1,2
21,4,66,7.44099471730433,3.3940832910023,4.67216964275158,5.49893302661161,3.9169162729917,1,2
21,4,68,7.44099471730433,3.3940832910023,3.96837391879862,6.08581346216329,4.3378123821196,1,2
21,4,69,7.44099471730433,3.3940832910023,3.4278965155759,6.53039063536835,4.37781197740806,1,2
21,4,72,7.44099471730433,3.3940832910023,3.30990642850035,5.1548294616073,3.76608199933191,1,2
21,4,74,7.44099471730433,3.3940832910023,5.5449806377392,6.60393232940046,4.52353723026551,1,2
21,4,75,7.44099471730433,3.3940832910023,4.99579887442834,6.04388131196766,4.25350462691087,1,2
21,4,76,7.44099471730433,3.3940832910023,5.19562482464108,5.75246159979842,4.08428439820557,1,2
21,4,78,7.44099471730433,3.3940832910023,4.43338104605342,6.25165678715985,4.34706431162688,1,2
21,5,1,7.44099471730433,3.3940832910023,5.52668746115927,5.68500442110184,4.69159243156273,1,2
21,5,2,7.44099471730433,3.3940832910023,5.63578183548841,5.76496080885911,4.54669022941785,1,2
21,5,4,7.44099471730433,3.3940832910023,4.39132964018952,6.06281252111352,4.51632995278374,1,2
21,5,5,7.44099471730433,3.3940832910023,6.12412263897816,5.976111967824,4.49512617737363,1,2
21,5,7,7.44099471730433,3.3940832910023,4.80601945736884,5.68631678680646,4.40468980538879,1,2
21,5,8,7.44099471730433,3.3940832910023,4.16500077671997,5.7262952376237,4.45844644139016,1,2
21,5,10,7.44099471730433,3.3940832910023,3.43014844954007,5.83889652712918,4.52920135892932,1,2
21,5,12,7.44099471730433,3.3940832910023,4.90249596376274,6.58149510489706,4.66982666227264,1,2
21,5,13,7.44099471730433,3.3940832910023,4.74348050421541,7.31227098403259,5.18362354153568,1,2
21,5,20,7.44099471730433,3.3940832910023,3.19126554752487,5.76758119343209,4.48822009606233,1,2
21,5,21,7.44099471730433,3.3940832910023,4.93569087917398,5.9231138116235,4.58732477509519,1,2
21,5,22,7.44099471730433,3.3940832910023,4.09349061449549,6.36060445574227,4.751958447878,1,2
21,5,24,7.44099471730433,3.3940832910023,4.86098211933961,6.24631959942615,4.74458621632949,1,2
21,5,30,7.44099471730433,3.3940832910023,3.36660548201957,5.51739234572083,4.31243501937101,1,2
21,5,31,7.44099471730433,3.3940832910023,4.50533587945196,6.15193356120872,4.83497308716636,1,2
21,5,33,7.44099471730433,3.3940832910023,4.87887972777548,5.8854888641508,4.48012052065066,1,2
21,5,35,7.44099471730433,3.3940832910023,5.03683969246754,5.36005179680315,4.41089879290899,1,2
21,5,37,7.44099471730433,3.3940832910023,5.20513895339984,6.63525837273531,4.99330997041192,1,2
21,5,38,7.44099471730433,3.3940832910023,4.65401867509672,6.30594785764591,4.59279612982427,1,2
21,5,39,7.44099471730433,3.3940832910023,3.93800338821213,5.1358315064018,4.28231592331191,1,2
21,5,43,7.44099471730433,3.3940832910023,4.95251854158036,6.38933397662598,4.94586197903866,1,2
21,5,45,7.44099471730433,3.3940832910023,3.44994091738688,4.99762758273349,4.1954656788742,1,2
21,5,50,7.44099471730433,3.3940832910023,5.70668449190273,5.54553215631233,4.60265984500236,1,2
21,5,52,7.44099471730433,3.3940832910023,5.46996068452748,4.81793123487017,4.22433181683888,1,2
21,5,53,7.44099471730433,3.3940832910023,3.97516732895885,6.63312067053843,4.83882973861832,1,2
21,5,57,7.44099471730433,3.3940832910023,4.68147258202547,6.25040936974625,4.7964795360539,1,2
21,5,63,7.44099471730433,3.3940832910023,4.84520674504021,6.42021148590901,4.74864702971045,1,2
21,5,64,7.44099471730433,3.3940832910023,4.27801489087294,6.1791969728534,4.81351404011523,1,2
21,5,65,7.44099471730433,3.3940832910023,5.71259151890047,5.22928322601714,4.3116405774379,1,2
21,5,71,7.44099471730433,3.3940832910023,6.62532138164889,6.8975943072837,4.9967405549575,1,2
21,5,74,7.44099471730433,3.3940832910023,3.86143764109873,6.33423821503694,4.79902395985474,1,2
21,5,81,7.44099471730433,3.3940832910023,5.27572853566949,6.60042709298809,5.142565157644,1,2
21,5,82,7.44099471730433,3.3940832910023,4.38411680521112,5.75103491378611,4.36470927921302,1,2
21,5,83,7.44099471730433,3.3940832910023,5.58172182743192,5.73330421178033,4.42703405923087,1,2
21,5,84,7.44099471730433,3.3940832910023,4.08072543887576,7.2730521079887,5.1970234612639,1,2
21,5,87,7.44099471730433,3.3940832910023,5.48372488954394,6.97250480964434,4.80752974375087,1,2
21,5,88,7.44099471730433,3.3940832910023,6.3688869788347,6.24192885593403,4.56792260343696,1,2
21,5,92,7.44099471730433,3.3940832910023,4.11940179603701,5.72164792917278,4.67889951774907,1,2
21,6,1,7.44099471730433,3.3940832910023,3.94445284853069,6.46496558161663,5.24433658581828,1,2
21,6,2,7.44099471730433,3.3940832910023,4.26983928596004,6.77665201358039,5.35578660471645,1,2
21,6,4,7.44099471730433,3.3940832910023,5.79829865032535,6.46296372963896,5.23632166151852,1,2
21,6,5,7.44099471730433,3.3940832910023,2.98484962854995,5.54007751110894,5.05334871210813,1,2
21,6,7,7.44099471730433,3.3940832910023,4.68806122016425,6.14282821339365,5.08637207228545,1,2
21,6,10,7.44099471730433,3.3940832910023,5.39693506124159,6.12122533896071,5.06168599100586,1,2
21,6,11,7.44099471730433,3.3940832910023,3.42544954850181,5.93038701162621,5.06110203890942,1,2
21,6,13,7.44099471730433,3.3940832910023,3.33028918143338,5.89177636242804,4.97598527548855,1,2
21,6,16,7.44099471730433,3.3940832910023,5.5303099856634,5.82440384073314,4.9077873478053,1,2
21,6,17,7.44099471730433,3.3940832910023,7.23488415728304,6.79145855562557,5.36306520496203,1,2
21,6,19,7.44099471730433,3.3940832910023,6.23067768513844,6.56167276082533,5.47892418482714,1,2
21,6,22,7.44099471730433,3.3940832910023,4.55667955263788,6.23161293502992,5.0178601737209,1,2
21,6,23,7.44099471730433,3.3940832910023,6.00572977415725,6.34316215319438,5.4306889792983,1,2
21,6,25,7.44099471730433,3.3940832910023,6.51428107570435,5.68363058237803,5.02427262806683,1,2
21,6,27,7.44099471730433,3.3940832910023,4.61246743639042,5.97688933701719,5.29328537044869,1,2
21,6,28,7.44099471730433,3.3940832910023,4.78443466678338,6.14204367888735,5.14919356594807,1,2
21,6,29,7.44099471730433,3.3940832910023,5.93388601527256,5.99598814146256,5.20297912535493,1,2
21,6,35,7.44099471730433,3.3940832910023,6.02541448960494,5.72416761443274,4.95637299801148,1,2
21,6,36,7.44099471730433,3.3940832910023,5.18354151787404,5.07147783578953,4.82320414075831,1,2
21,6,39,7.44099471730433,3.3940832910023,5.04778432722013,5.86125567791095,5.27382865023904,1,2
21,6,40,7.44099471730433,3.3940832910023,4.57171001121011,5.08401275409387,4.83639177576868,1,2
21,6,44,7.44099471730433,3.3940832910023,7.05079226661497,6.05026591891753,5.20496400607719,1,2
21,6,46,7.44099471730433,3.3940832910023,4.90621541885438,5.71241361336603,5.11680128924594,1,2
21,6,48,7.44099471730433,3.3940832910023,5.5648349181532,5.31098653438113,4.69720361325596,1,2
21,6,50,7.44099471730433,3.3940832910023,4.69112230803126,5.29288706766239,4.7475304064486,1,2
21,6,51,7.44099471730433,3.3940832910023,6.62122851931377,6.47280650166305,5.36898872459783,1,2
21,6,52,7.44099471730433,3.3940832910023,5.27773896180481,5.50872314911911,5.18450304948597,1,2
21,6,53,7.44099471730433,3.3940832910023,4.7091210233548,6.23067985134082,5.24943758268974,1,2
21,6,54,7.44099471730433,3.3940832910023,6.98608999002137,5.4335290288302,5.17084982712783,1,2
21,6,57,7.44099471730433,3.3940832910023,5.27322047683239,5.18161615498471,4.85216036736342,1,2
21,6,58,7.44099471730433,3.3940832910023,5.33119020671109,6.67753572572868,5.19560644542948,1,2
21,6,59,7.44099471730433,3.3940832910023,5.14345227407502,5.86391977296231,4.81142309723532,1,2
21,6,60,7.44099471730433,3.3940832910023,5.50024103331704,5.16808877964927,4.86220516253144,1,2
21,6,61,7.44099471730433,3.3940832910023,4.84264686262679,5.56368946859534,4.93835403403453,1,2
21,6,64,7.44099471730433,3.3940832910023,5.09379316962214,5.87311936854378,5.01890348125754,1,2
21,6,67,7.44099471730433,3.3940832910023,4.32919824490131,6.24855802218418,5.21191755379873,1,2
21,6,68,7.44099471730433,3.3940832910023,5.68199078767488,5.30590835064678,4.84064440848571,1,2
21,6,69,7.44099471730433,3.3940832910023,3.32319507562245,5.84487289997145,5.15449137181369,1,2
21,6,73,7.44099471730433,3.3940832910023,5.62203512839176,6.27221929737758,5.17875994092605,1,2
21,6,74,7.44099471730433,3.3940832910023,6.5411742798801,6.10480217183873,5.27652506289282,1,2
21,6,75,7.44099471730433,3.3940832910023,5.13581689117948,5.35787618849337,4.87473052242444,1,2
21,6,76,7.44099471730433,3.3940832910023,4.28409819054272,6.25955725684241,5.05426461255833,1,2
21,6,77,7.44099471730433,3.3940832910023,2.83578397403858,5.57004909926124,4.91072259821234,1,2
21,6,78,7.44099471730433,3.3940832910023,5.8629742588559,5.78336567133682,5.10654844684768,1,2
21,6,79,7.44099471730433,3.3940832910023,3.3854378556774,5.01705814167999,4.70659445353441,1,2
21,7,2,7.44099471730433,3.3940832910023,6.59620719582008,6.30025811055456,5.21839018522664,1,2
21,7,5,7.44099471730433,3.3940832910023,6.19889760445308,6.14925864489336,5.24537656018052,1,2
21,7,7,7.44099471730433,3.3940832910023,5.13920437264589,5.61604498655461,5.10205762092554,1,2
21,7,9,7.44099471730433,3.3940832910023,5.49685551653505,5.70551283041136,5.3274202336892,1,2
21,7,10,7.44099471730433,3.3940832910023,3.53166377410609,6.32446603379784,5.44356251242799,1,2
21,7,19,7.44099471730433,3.3940832910023,4.97545850200098,4.96403594431445,4.78234368582698,1,2
21,7,21,7.44099471730433,3.3940832910023,3.64051028641487,5.52334756958041,5.15443634668067,1,2
21,7,22,7.44099471730433,3.3940832910023,4.87107919291654,5.91459557000025,5.22832171884097,1,2
21,7,24,7.44099471730433,3.3940832910023,4.86978928133717,6.41101812551406,5.50542645027755,1,2
21,7,26,7.44099471730433,3.3940832910023,4.41302169964121,5.54551132214032,5.03145088123123,1,2
21,7,27,7.44099471730433,3.3940832910023,4.96241515607686,5.67582529061523,5.11806796287613,1,2
21,7,28,7.44099471730433,3.3940832910023,3.58133180678121,6.30813661564084,5.42527452970777,1,2
21,7,29,7.44099471730433,3.3940832910023,4.69455404750326,5.88319138353851,5.16833890112881,1,2
21,7,33,7.44099471730433,3.3940832910023,4.62931185692496,6.53206150554596,5.3980022261587,1,2
21,7,34,7.44099471730433,3.3940832910023,3.49161576471676,6.80640640654654,5.39178565574299,1,2
21,7,35,7.44099471730433,3.3940832910023,4.89083761859324,6.36221340178787,5.33652559172422,1,2
21,7,38,7.44099471730433,3.3940832910023,5.56450342963182,5.97303781527807,5.17815806752084,1,2
21,7,40,7.44099471730433,3.3940832910023,3.33793013147168,7.42896301573408,5.75841042384847,1,2
21,7,41,7.44099471730433,3.3940832910023,6.15077191414227,6.66552316778639,5.64005735115004,1,2
21,7,42,7.44099471730433,3.3940832910023,4.1275706484376,5.8592935734037,5.36621389722034,1,2
21,7,43,7.44099471730433,3.3940832910023,4.3419682959871,6.55611150827409,5.43016610797215,1,2
21,7,45,7.44099471730433,3.3940832910023,5.36680190379237,5.27700665230427,4.9948926900862,1,2
21,7,52,7.44099471730433,3.3940832910023,4.68482867709885,6.01561208701022,5.37959621866041,1,2
21,7,56,7.44099471730433,3.3940832910023,4.63510134982452,6.05308972536609,5.20386475201622,1,2
21,7,57,7.44099471730433,3.3940832910023,6.85643459404851,6.21306470680665,5.58140026091125,1,2
21,7,60,7.44099471730433,3.3940832910023,7.02008814735614,6.31942073225229,5.483340789425,1,2
21,7,61,7.44099471730433,3.3940832910023,6.10372190540444,6.25660770221407,5.16162362751925,1,2
21,7,63,7.44099471730433,3.3940832910023,5.80648411639744,5.18911922185448,5.07861865249534,1,2
21,7,64,7.44099471730433,3.3940832910023,4.89422537000883,6.25959714617194,5.22562064972797,1,2
21,7,66,7.44099471730433,3.3940832910023,5.02643620693306,5.59651213847509,5.16724464264154,1,2
21,7,67,7.44099471730433,3.3940832910023,4.92298435939429,5.98070548720758,5.27144993964182,1,2
21,7,68,7.44099471730433,3.3940832910023,5.27780860566042,6.02631910967572,5.11697697685608,1,2
21,7,70,7.44099471730433,3.3940832910023,2.95110526801184,5.22942667377081,4.88582327594859,1,2
21,7,71,7.44099471730433,3.3940832910023,5.19928493687151,5.88301087577432,5.15168864111028,1,2
21,7,72,7.44099471730433,3.3940832910023,5.96785356038893,6.86544334163689,5.55041335075445,1,2
21,7,73,7.44099471730433,3.3940832910023,6.77209988888003,6.04485796114696,5.29729046833378,1,2
21,7,74,7.44099471730433,3.3940832910023,5.5407582036292,5.89786982216018,5.19078695528921,1,2
21,7,75,7.44099471730433,3.3940832910023,6.43392204345063,5.78115381020031,5.29242588259269,1,2
21,7,77,7.44099471730433,3.3940832910023,7.49170559601205,5.71871321151756,5.146760734164,1,2
21,7,83,7.44099471730433,3.3940832910023,5.03223139652629,5.8971985876315,5.28086170428446,1,2
21,7,87,7.44099471730433,3.3940832910023,4.68007176026237,5.99336553328194,5.33069910809987,1,2
21,7,90,7.44099471730433,3.3940832910023,5.39578134275039,6.37966848837868,5.43449854983879,1,2
21,7,93,7.44099471730433,3.3940832910023,5.59912127366149,5.51177718033968,4.97093822950225,1,2
21,7,94,7.44099471730433,3.3940832910023,4.29085548519324,5.44696751341424,5.11965835739812,1,2
21,7,96,7.44099471730433,3.3940832910023,4.17684298275501,6.07851282518478,5.50378091456184,1,2
21,7,97,7.44099471730433,3.3940832910023,4.58008837388032,6.34508051361237,5.5397277300759,1,2
21,7,100,7.44099471730433,3.3940832910023,7.74164138586529,5.90892733184561,5.37108736118952,1,2
21,8,1,7.44099471730433,3.3940832910023,5.53714893970837,5.51813272129532,5.36841126760975,1,2
21,8,5,7.44099471730433,3.3940832910023,5.31066686696305,6.26393555841233,5.59159306354046,1,2
21,8,9,7.44099471730433,3.3940832910023,5.56502194280481,5.92943351710518,5.27864322739397,1,2
21,8,11,7.44099471730433,3.3940832910023,3.28558529337219,6.56096053412009,5.68696570250607,1,2
21,8,13,7.44099471730433,3.3940832910023,4.47691550858162,6.66739030626304,5.78092115701998,1,2
21,8,15,7.44099471730433,3.3940832910023,4.18894170321836,5.75067698023114,5.41047256701508,1,2
21,8,18,7.44099471730433,3.3940832910023,6.91099986395671,6.53225669647245,5.83068412794529,1,2
21,8,19,7.44099471730433,3.3940832910023,6.27363236381079,5.96162501270916,5.69701104827949,1,2
21,8,21,7.44099471730433,3.3940832910023,5.20628820210331,5.37386147077244,5.37386368456961,1,2
21,8,24,7.44099471730433,3.3940832910023,4.4656180387739,6.99949189922539,5.78909960867659,1,2
21,8,26,7.44099471730433,3.3940832910023,4.35937664009706,6.45063138811153,5.4426210083759,1,2
21,8,27,7.44099471730433,3.3940832910023,5.84085503462475,6.07017001828198,5.50622451736264,1,2
21,8,28,7.44099471730433,3.3940832910023,4.11992068012406,6.47161525832278,5.55926254067246,1,2
21,8,30,7.44099471730433,3.3940832910023,5.33464537379393,5.8051745447066,5.49863316366975,1,2
21,8,32,7.44099471730433,3.3940832910023,6.97221974930224,5.50350183049941,5.11179166213134,1,2
21,8,34,7.44099471730433,3.3940832910023,4.16751028903006,5.47234220925023,5.21380588329342,1,2
21,8,39,7.44099471730433,3.3940832910023,6.65784545395079,5.80226041308524,5.60140066875265,1,2
21,8,40,7.44099471730433,3.3940832910023,4.68812152449837,5.93138437266785,5.40320010207242,1,2
21,8,41,7.44099471730433,3.3940832910023,3.56809103711804,6.22328628025487,5.58055024450361,1,2
21,8,43,7.44099471730433,3.3940832910023,4.93860826393258,5.73546365570045,5.51950998690487,1,2
21,8,45,7.44099471730433,3.3940832910023,5.70200862235537,5.31863195680917,5.11030756629328,1,2
21,8,48,7.44099471730433,3.3940832910023,4.90348682967584,5.81683089959119,5.28887701953778,1,2
21,8,54,7.44099471730433,3.3940832910023,6.32976130214709,5.37686651450775,5.10463529293037,1,2
21,8,55,7.44099471730433,3.3940832910023,1.77703302319031,5.73059035950078,5.29857201045797,1,2
21,8,59,7.44099471730433,3.3940832910023,5.1188328180951,6.0657110821796,5.48806771816254,1,2
21,8,60,7.44099471730433,3.3940832910023,6.51031322106915,6.02558405876695,5.59094951051156,1,2
21,8,63,7.44099471730433,3.3940832910023,4.41561210615511,5.98309788276927,5.46096397538887,1,2
21,8,64,7.44099471730433,3.3940832910023,3.78769997132501,6.82773414072426,5.54627052678059,1,2
21,8,65,7.44099471730433,3.3940832910023,4.40048570373212,6.11895381458115,5.66157913403182,1,2
21,8,66,7.44099471730433,3.3940832910023,6.52007760502968,5.75430925281185,5.4401378157907,1,2
21,8,72,7.44099471730433,3.3940832910023,4.95880151932116,5.74453787702148,5.25498116806587,1,2
21,8,74,7.44099471730433,3.3940832910023,5.28338459924108,6.04890314443265,5.59728370993062,1,2
21,8,75,7.44099471730433,3.3940832910023,5.7585124881912,6.54047689892441,5.70093555959763,1,2
21,8,77,7.44099471730433,3.3940832910023,5.04094160971719,6.64047446515726,5.78769517559163,1,2
21,8,78,7.44099471730433,3.3940832910023,5.66187315031157,6.6628899268491,5.62597914971561,1,2
21,8,82,7.44099471730433,3.3940832910023,4.62598961667432,5.80253583609424,5.47627944022309,1,2
21,8,83,7.44099471730433,3.3940832910023,4.84035332638739,6.12495457653141,5.58760768336441,1,2
21,9,1,7.44099471730433,3.3940832910023,7.57005709947107,5.73778154701679,5.4345766799868,1,2
21,9,3,7.44099471730433,3.3940832910023,4.78446062645029,6.47869142871543,5.58375748745683,1,2
21,9,7,7.44099471730433,3.3940832910023,4.26252230907109,6.59178338217842,5.81054841691844,1,2
21,9,11,7.44099471730433,3.3940832910023,5.90218421921558,5.54062533540828,5.41799276601067,1,2
21,9,12,7.44099471730433,3.3940832910023,5.72349921462948,6.60318619047574,5.64986377727948,1,2
21,9,15,7.44099471730433,3.3940832910023,5.27770945310287,5.89342866908768,5.52428784643464,1,2
21,9,17,7.44099471730433,3.3940832910023,4.59819740109392,6.09496278496011,5.57807416953753,1,2
21,9,18,7.44099471730433,3.3940832910023,5.14294729408196,5.20907928280847,5.26015866212018,1,2
21,9,19,7.44099471730433,3.3940832910023,4.8110685237778,6.09596532179673,5.41532104388663,1,2
21,9,20,7.44099471730433,3.3940832910023,5.10541111141693,5.77647254712404,5.44118873217267,1,2
21,9,21,7.44099471730433,3.3940832910023,5.62647226262271,5.66834887652463,5.60745554436379,1,2
21,9,23,7.44099471730433,3.3940832910023,6.11777169613442,6.37831311872883,5.86579258598909,1,2
21,9,24,7.44099471730433,3.3940832910023,3.94402620991403,5.93212952516819,5.48732273262761,1,2
21,9,28,7.44099471730433,3.3940832910023,5.73430380034435,5.08413599788372,5.23439393423753,1,2
21,9,29,7.44099471730433,3.3940832910023,5.18149562104289,6.26251168955073,5.58232478053236,1,2
21,9,31,7.44099471730433,3.3940832910023,5.02177823081826,7.1877473980095,6.00673984974097,1,2
21,9,34,7.44099471730433,3.3940832910023,3.95112144742646,6.40776514902133,5.68097083922537,1,2
21,9,35,7.44099471730433,3.3940832910023,3.53245680318897,5.89525567750918,5.55784981363735,1,2
21,9,37,7.44099471730433,3.3940832910023,5.17087992055576,6.27070373612051,5.57038315973199,1,2
21,9,38,7.44099471730433,3.3940832910023,5.18908611807147,6.38892015340498,5.64707069338704,1,2
21,9,39,7.44099471730433,3.3940832910023,4.65754922885168,6.12406391427676,5.39618618779526,1,2
21,9,41,7.44099471730433,3.3940832910023,5.27824488586035,6.22049721197261,5.60962109011136,1,2
21,9,43,7.44099471730433,3.3940832910023,5.89734638624129,5.35979593346934,5.10666977850865,1,2
21,9,44,7.44099471730433,3.3940832910023,4.26577075933222,5.90486163351982,5.59975495646179,1,2
21,9,50,7.44099471730433,3.3940832910023,5.18475274106103,5.44547029032163,5.40575753829498,1,2
21,9,52,7.44099471730433,3.3940832910023,3.35358717299441,5.54588633043646,5.2405146230894,1,2
21,9,53,7.44099471730433,3.3940832910023,5.51267751915425,6.15518004370928,5.73035805134458,1,2
21,9,56,7.44099471730433,3.3940832910023,7.68441321396488,5.901681412375,5.39007656100164,1,2
21,9,57,7.44099471730433,3.3940832910023,5.17922467661392,6.12630958296743,5.50299720877329,1,2
21,9,59,7.44099471730433,3.3940832910023,5.56062920407621,6.94713503776513,5.88912734170664,1,2
21,9,62,7.44099471730433,3.3940832910023,5.87521714280224,6.22420485088967,5.51617637097482,1,2
21,9,73,7.44099471730433,3.3940832910023,5.77304045677526,4.5642305535468,5.00846134402577,1,2
21,9,74,7.44099471730433,3.3940832910023,2.81487029418464,5.73562827610442,5.58137438473002,1,2
21,9,77,7.44099471730433,3.3940832910023,3.83753378354316,5.85778625146473,5.46385861061614,1,2
21,9,78,7.44099471730433,3.3940832910023,4.53473483738243,6.47178290350809,5.79761690755488,1,2
21,9,79,7.44099471730433,3.3940832910023,3.87848393238387,6.02296745364898,5.47135477150802,1,2
21,9,81,7.44099471730433,3.3940832910023,5.10355515292178,5.91724320711503,5.57869665513764,1,2
21,9,83,7.44099471730433,3.3940832910023,5.01434295037499,6.61028280242625,5.70882878675369,1,2
21,9,85,7.44099471730433,3.3940832910023,5.03819677181358,6.09800174778963,5.59353624282973,1,2
21,9,88,7.44099471730433,3.3940832910023,3.59095779435084,6.30322791485121,5.46303763741125,1,2
21,9,89,7.44099471730433,3.3940832910023,4.74125227836347,6.63988225158756,5.76602923625856,1,2
21,9,90,7.44099471730433,3.3940832910023,5.26655465548071,6.15735851543576,5.62671570764628,1,2
21,9,92,7.44099471730433,3.3940832910023,3.42812275915773,6.69322269927302,5.69675593590482,1,2
21,9,94,7.44099471730433,3.3940832910023,5.07923319512427,6.91238716627973,5.92330410311832,1,2
21,10,2,7.44099471730433,3.3940832910023,5.33303247209383,5.32729714770167,5.68819383335505,1,2
21,10,5,7.44099471730433,3.3940832910023,5.91930863426307,6.223100995937,6.0950411476496,1,2
21,10,6,7.44099471730433,3.3940832910023,5.28392387251977,5.81299704086249,5.70128112632088,1,2
21,10,7,7.44099471730433,3.3940832910023,6.61763605061168,5.30682144395281,5.56904553828259,1,2
21,10,9,7.44099471730433,3.3940832910023,5.79054078572829,5.59651381816337,5.70416386206288,1,2
21,10,10,7.44099471730433,3.3940832910023,2.41376356310385,5.53741898398673,5.79438507261225,1,2
21,10,12,7.44099471730433,3.3940832910023,6.01610200524662,6.40861622523693,5.89002631438894,1,2
21,10,13,7.44099471730433,3.3940832910023,5.76048300908407,5.85084862713192,5.98747579894536,1,2
21,10,14,7.44099471730433,3.3940832910023,4.49532819373266,6.37162088348363,6.04298692553593,1,2
21,10,16,7.44099471730433,3.3940832910023,4.47840919455913,6.12397523545248,5.81844422051225,1,2
21,10,18,7.44099471730433,3.3940832910023,6.46188146912866,5.32869037339355,5.53438062014187,1,2
21,10,19,7.44099471730433,3.3940832910023,6.06461697001777,5.76143575634309,5.95168682494233,1,2
21,10,20,7.44099471730433,3.3940832910023,4.33657636954189,5.78897359198588,6.04022675599332,1,2
21,10,21,7.44099471730433,3.3940832910023,5.78794615984799,6.97561093081952,6.20605614733755,1,2
21,10,22,7.44099471730433,3.3940832910023,4.62512102358845,6.09865880248256,5.9495234324407,1,2
21,10,24,7.44099471730433,3.3940832910023,4.75143071731829,6.16286020072823,6.01684623634587,1,2
21,10,26,7.44099471730433,3.3940832910023,6.11198366017189,5.83110389390738,5.80927038415588,1,2
21,10,29,7.44099471730433,3.3940832910023,5.75168002987288,6.17959736101218,6.10822848785848,1,2
21,10,31,7.44099471730433,3.3940832910023,6.14977872120859,5.77946378025559,5.59857394757362,1,2
21,10,32,7.44099471730433,3.3940832910023,3.99195764035892,6.15428397212071,5.98639825427146,1,2
21,10,36,7.44099471730433,3.3940832910023,5.13343665481842,5.31109032756262,5.78520754481366,1,2
21,10,37,7.44099471730433,3.3940832910023,6.1525986580109,6.3010174450214,6.10602374100582,1,2
21,10,40,7.44099471730433,3.3940832910023,4.79440782146284,6.20040355126818,6.06948604970191,1,2
21,10,42,7.44099471730433,3.3940832910023,4.34623864045566,6.67669533797629,6.05047399902128,1,2
21,10,43,7.44099471730433,3.3940832910023,5.60999416962514,6.42254558118743,5.95537393005694,1,2
21,10,48,7.44099471730433,3.3940832910023,2.97478964380688,5.66951012608875,5.80469926616898,1,2
21,10,51,7.44099471730433,3.3940832910023,5.65715820254113,6.82611600010352,6.07545179063531,1,2
21,10,54,7.44099471730433,3.3940832910023,5.83346876207208,6.15386187020392,6.04839317683857,1,2
21,10,60,7.44099471730433,3.3940832910023,5.35423114768752,7.08192932425516,6.21185154159001,1,2
21,10,61,7.44099471730433,3.3940832910023,4.27325385807569,6.59033147878109,6.31964689907863,1,2
21,10,62,7.44099471730433,3.3940832910023,5.67689600726395,6.04126019188308,5.92220316024611,1,2
21,10,64,7.44099471730433,3.3940832910023,5.49795827866075,6.13060769669657,6.07825884125857,1,2
21,10,65,7.44099471730433,3.3940832910023,5.55397992773359,5.17458591670894,5.63014171163907,1,2
21,10,69,7.44099471730433,3.3940832910023,4.58273726763183,5.22354935726726,5.50128456177548,1,2
21,10,70,7.44099471730433,3.3940832910023,4.75427186174318,5.31312823867375,5.77840122919811,1,2
21,10,74,7.44099471730433,3.3940832910023,6.56136888208427,6.07739113202716,6.15291926739451,1,2
21,10,76,7.44099471730433,3.3940832910023,3.16442687537649,5.79051582006335,5.94080376196682,1,2
21,10,77,7.44099471730433,3.3940832910023,5.90909240048406,6.11385670335428,6.10973564833561,1,2
21,10,78,7.44099471730433,3.3940832910023,4.46942368792098,6.43202498423067,6.24954416326365,1,2
21,10,82,7.44099471730433,3.3940832910023,5.71198411538621,5.67128668684597,5.89118269882383,1,2
21,10,85,7.44099471730433,3.3940832910023,5.12727860564982,6.77943907652337,6.25133990522987,1,2
21,11,1,7.44099471730433,3.3940832910023,3.94882983252421,5.59084714380476,6.05377783694582,1,2
21,11,3,7.44099471730433,3.3940832910023,5.73409447053615,6.0266491004113,6.15121270883466,1,2
21,11,4,7.44099471730433,3.3940832910023,4.16896711347406,5.86872308664002,5.9414880556708,1,2
21,11,7,7.44099471730433,3.3940832910023,5.01321750532317,6.28752359327275,6.44932452517436,1,2
21,11,11,7.44099471730433,3.3940832910023,5.15136715853436,6.3066349222954,6.50165520343253,1,2
21,11,12,7.44099471730433,3.3940832910023,5.11420812824551,5.73933069861447,6.08511383824084,1,2
21,11,13,7.44099471730433,3.3940832910023,5.5871951253452,6.3462465730771,6.38159371651806,1,2
21,11,14,7.44099471730433,3.3940832910023,5.61218566517563,5.03900881865794,5.95709570394693,1,2
21,11,15,7.44099471730433,3.3940832910023,4.56492116746788,6.88648917539745,6.58335226464606,1,2
21,11,19,7.44099471730433,3.3940832910023,4.39218047415512,7.10963268222524,6.57645527068071,1,2
21,11,20,7.44099471730433,3.3940832910023,3.99175350152322,5.33598534679982,5.93951293427484,1,2
21,11,21,7.44099471730433,3.3940832910023,5.13603276095111,6.13169132873914,6.33904337179413,1,2
21,11,22,7.44099471730433,3.3940832910023,5.09909209481926,6.1754068590657,6.14922666096203,1,2
21,11,23,7.44099471730433,3.3940832910023,4.12030676145286,5.88040648593475,6.30245324068285,1,2
21,11,24,7.44099471730433,3.3940832910023,3.06362116143186,6.24621227059346,6.2735763272894,1,2
21,11,25,7.44099471730433,3.3940832910023,3.83062792175943,5.65088282400308,5.90839696512996,1,2
21,11,28,7.44099471730433,3.3940832910023,3.12361954469799,6.05058834006062,6.18577736401476,1,2
21,11,30,7.44099471730433,3.3940832910023,6.05283659075231,5.56117604462893,6.15839980923947,1,2
21,11,32,7.44099471730433,3.3940832910023,3.41222445335544,6.37224074150822,6.07497813841987,1,2
21,11,33,7.44099471730433,3.3940832910023,5.98081945845046,5.63409629016971,6.04337773221984,1,2
21,11,36,7.44099471730433,3.3940832910023,4.21369452284682,6.2200850316607,6.2117403024433,1,2
21,11,37,7.44099471730433,3.3940832910023,6.09713598708227,6.39764861317263,6.50574397082609,1,2
21,11,38,7.44099471730433,3.3940832910023,5.060911533745,5.57022750547723,5.99631494430986,1,2
21,11,39,7.44099471730433,3.3940832910023,3.47514499477191,5.97506216906704,6.08908784957242,1,2
21,11,42,7.44099471730433,3.3940832910023,3.76747790229549,5.61289752725097,6.03331264257128,1,2
21,11,45,7.44099471730433,3.3940832910023,4.88289720583169,5.63507157875217,6.27216549565442,1,2
21,11,46,7.44099471730433,3.3940832910023,5.40429175310081,6.68242422773987,6.19979371007394,1,2
21,11,49,7.44099471730433,3.3940832910023,4.27677269382517,5.8153206147374,6.00158094110089,1,2
21,11,50,7.44099471730433,3.3940832910023,4.7980411346105,6.52110344515646,6.41708716365735,1,2
21,11,53,7.44099471730433,3.3940832910023,4.25837291805759,5.66569393197656,6.03066741006595,1,2
21,11,56,7.44099471730433,3.3940832910023,5.45058363837537,6.65829945147525,6.29998018423331,1,2
21,11,58,7.44099471730433,3.3940832910023,4.96751342597572,5.6992596535841,6.16517188635078,1,2
21,11,60,7.44099471730433,3.3940832910023,4.91284959249749,5.12116669386999,5.79648283323873,1,2
21,11,62,7.44099471730433,3.3940832910023,5.49272470958616,6.2036763318956,6.24399839738948,1,2
21,11,64,7.44099471730433,3.3940832910023,4.35924918045072,6.25204675882484,6.40064042330655,1,2
21,11,66,7.44099471730433,3.3940832910023,5.48952327199676,5.38453078050995,5.88265598909548,1,2
21,11,68,7.44099471730433,3.3940832910023,3.62215524921094,4.79721742167499,5.68600041267043,1,2
21,11,73,7.44099471730433,3.3940832910023,4.33834071322921,5.81197922200656,6.24489681268541,1,2
21,12,2,7.44099471730433,3.3940832910023,4.80757219394876,5.48863207107612,6.0825387998725,1,2
21,12,6,7.44099471730433,3.3940832910023,7.15765106483577,6.38393413014194,6.4590664128685,1,2
21,12,7,7.44099471730433,3.3940832910023,3.88456239721759,6.61403525792303,6.52294830381019,1,2
21,12,10,7.44099471730433,3.3940832910023,6.31597275669257,5.726381441553,6.48357937818791,1,2
21,12,11,7.44099471730433,3.3940832910023,4.16858037470852,5.31434997326525,6.2807763613665,1,2
21,12,13,7.44099471730433,3.3940832910023,4.32846495290264,5.10487624242995,6.03977901724666,1,2
21,12,19,7.44099471730433,3.3940832910023,5.57237441476921,6.02817971884047,6.53427297008935,1,2
21,12,20,7.44099471730433,3.3940832910023,5.25725236852935,6.88423127411583,6.59359016466051,1,2
21,12,21,7.44099471730433,3.3940832910023,4.844679629081,7.28279181413341,6.68729337165088,1,2
21,12,23,7.44099471730433,3.3940832910023,5.24417844788185,5.95765624613446,6.62767294742084,1,2
21,12,24,7.44099471730433,3.3940832910023,5.50863520728325,5.47921106265216,6.09869569670138,1,2
21,12,25,7.44099471730433,3.3940832910023,5.37052586362087,6.33395052354574,6.39699037240279,1,2
21,12,26,7.44099471730433,3.3940832910023,4.9966795321784,5.93830158329081,6.65038545039919,1,2
21,12,35,7.44099471730433,3.3940832910023,5.98112478236823,5.85238767813802,6.36601137480437,1,2
21,12,38,7.44099471730433,3.3940832910023,5.64404677066132,5.14917017223238,6.11040383730869,1,2
21,12,40,7.44099471730433,3.3940832910023,5.47868061277847,5.68100598038165,6.39453848219302,1,2
21,12,41,7.44099471730433,3.3940832910023,5.26637350137664,4.82894782585154,6.27359082487428,1,2
21,12,46,7.44099471730433,3.3940832910023,4.62773894549471,6.16131737466629,6.41311502410052,1,2
21,12,48,7.44099471730433,3.3940832910023,4.70710174608847,5.89672830087407,6.58567133761518,1,2
21,12,49,7.44099471730433,3.3940832910023,4.38054586143422,5.72013371297497,6.24880968170757,1,2
21,12,50,7.44099471730433,3.3940832910023,4.91739376130846,5.8964504640689,6.49418369904249,1,2
21,12,56,7.44099471730433,3.3940832910023,3.66558843109874,5.79061124772727,6.01560024796376,1,2
21,12,57,7.44099471730433,3.3940832910023,4.29224266276229,6.43873093359462,6.74697013105855,1,2
21,12,58,7.44099471730433,3.3940832910023,3.63110301327857,7.1150184396935,6.34735440848103,1,2
21,12,60,7.44099471730433,3.3940832910023,5.08745471525892,6.20123061299658,6.34584626715974,1,2
21,12,61,7.44099471730433,3.3940832910023,3.32993629184081,5.76903824385295,6.40365243076838,1,2
21,12,65,7.44099471730433,3.3940832910023,5.12960374274119,5.29715235935828,6.08932069358134,1,2
21,12,66,7.44099471730433,3.3940832910023,4.79476022447769,6.08403235348134,6.43116774881719,1,2
21,12,69,7.44099471730433,3.3940832910023,5.43578463806982,6.26748059819647,6.44602639350606,1,2
21,12,70,7.44099471730433,3.3940832910023,6.28918279827725,5.61833310244874,6.36409315811318,1,2
21,12,71,7.44099471730433,3.3940832910023,2.6776553318403,6.62070606035644,6.6548519424839,1,2
21,12,72,7.44099471730433,3.3940832910023,3.55175025733257,6.27767209663657,6.29937755886548,1,2
21,12,75,7.44099471730433,3.3940832910023,4.23805327106888,5.6499146095391,6.26275344544263,1,2
21,12,76,7.44099471730433,3.3940832910023,5.92512247102249,5.65548511403514,6.69406720486921,1,2
21,12,77,7.44099471730433,3.3940832910023,5.42155364299674,5.91632630441957,6.4032682098578,1,2
21,13,4,7.44099471730433,3.3940832910023,5.96529767909728,5.80258692508754,6.55573029307199,1,2
21,13,6,7.44099471730433,3.3940832910023,4.79107380780386,6.14105877474938,6.62180562567059,1,2
21,13,7,7.44099471730433,3.3940832910023,5.20150456474737,6.58925819790772,6.9190161124614,1,2
21,13,9,7.44099471730433,3.3940832910023,5.02448881498034,6.78068034797968,6.82086576434287,1,2
21,13,11,7.44099471730433,3.3940832910023,6.20855487049128,5.28729295661926,6.41785375658762,1,2
21,13,12,7.44099471730433,3.3940832910023,3.95945843156262,5.43464477931721,6.65100316190017,1,2
21,13,13,7.44099471730433,3.3940832910023,2.64366709771655,5.52862681154684,6.27542073780908,1,2
21,13,15,7.44099471730433,3.3940832910023,5.49341941299569,6.47129787870113,6.90657252888709,1,2
21,13,16,7.44099471730433,3.3940832910023,5.93849693395369,5.66332270511041,6.65056749657188,1,2
21,13,19,7.44099471730433,3.3940832910023,5.79140602619258,5.65467203700297,6.51353452952052,1,2
21,13,20,7.44099471730433,3.3940832910023,2.92796463609813,6.02455167889945,6.53098481607503,1,2
21,13,21,7.44099471730433,3.3940832910023,4.66485167681078,6.28519772222612,6.57894520950246,1,2
21,13,22,7.44099471730433,3.3940832910023,5.25894965383139,6.11625263587667,6.64085512454476,1,2
21,13,23,7.44099471730433,3.3940832910023,4.81847660951434,6.21208335918067,6.63478520271657,1,2
21,13,27,7.44099471730433,3.3940832910023,5.56968902647193,5.66420801674472,6.56264581988941,1,2
21,13,29,7.44099471730433,3.3940832910023,4.2407308087198,5.77661907380486,6.47970537855235,1,2
21,13,33,7.44099471730433,3.3940832910023,5.75742041895068,6.02488879522356,6.65206130165451,1,2
21,13,34,7.44099471730433,3.3940832910023,5.97180681627219,6.71559901269125,7.05573015735869,1,2
21,13,38,7.44099471730433,3.3940832910023,5.03509172015518,5.556927426004,6.15713954770687,1,2
21,13,40,7.44099471730433,3.3940832910023,4.85709429953154,5.85498710048153,6.46556883822456,1,2
21,13,41,7.44099471730433,3.3940832910023,4.68567878568778,6.28388363720426,6.57168280301258,1,2
21,13,47,7.44099471730433,3.3940832910023,6.27132348182339,5.83306516029166,6.85427875694425,1,2
21,13,50,7.44099471730433,3.3940832910023,6.15189410125281,5.71952000926149,6.53120947134944,1,2
21,13,52,7.44099471730433,3.3940832910023,4.52674720393178,5.46888470083944,6.36384400300898,1,2
21,13,55,7.44099471730433,3.3940832910023,5.39847818618843,5.76771671547466,6.56288683243931,1,2
21,13,57,7.44099471730433,3.3940832910023,3.97897461745626,5.48010247408757,6.3368886773046,1,2
21,13,60,7.44099471730433,3.3940832910023,3.03476088940733,6.86047450228866,6.75692493996794,1,2
21,13,61,7.44099471730433,3.3940832910023,3.80239417818948,5.68507598299486,6.56396572666692,1,2
21,13,65,7.44099471730433,3.3940832910023,5.43759596683962,5.80687174169734,6.64032340864843,1,2
21,13,68,7.44099471730433,3.3940832910023,4.15144473376817,7.17831582166332,7.08117786566339,1,2
21,13,71,7.44099471730433,3.3940832910023,4.45736264739441,5.21376183864416,6.4037302107087,1,2
21,13,77,7.44099471730433,3.3940832910023,4.52425402942161,6.04551710793964,6.56376341522132,1,2
21,13,81,7.44099471730433,3.3940832910023,5.33692065864696,5.82423071026734,6.55776866149349,1,2
21,14,4,7.44099471730433,3.3940832910023,6.42881773781706,5.99598195556667,6.81689231426334,1,2
21,14,5,7.44099471730433,3.3940832910023,4.55225236940978,6.6897901869391,7.1271920204368,1,2
21,14,6,7.44099471730433,3.3940832910023,4.95258473588546,6.62551484649666,7.01248023856402,1,2
21,14,9,7.44099471730433,3.3940832910023,5.60690117210162,5.79178491902405,6.61531275587092,1,2
21,14,10,7.44099471730433,3.3940832910023,4.37342425130893,5.88297970905426,6.72860578476,1,2
21,14,13,7.44099471730433,3.3940832910023,2.03661473370113,5.76938449873255,6.75397896528455,1,2
21,14,16,7.44099471730433,3.3940832910023,3.98376793950948,5.44362631862255,6.43745444668587,1,2
21,14,17,7.44099471730433,3.3940832910023,5.0688772413642,5.42102241215835,6.50944506717248,1,2
21,14,18,7.44099471730433,3.3940832910023,5.84442933737052,6.06932756064114,6.82305546076631,1,2
21,14,20,7.44099471730433,3.3940832910023,4.11568184161642,5.90698358861986,6.59638554021263,1,2
21,14,21,7.44099471730433,3.3940832910023,3.25162882360221,6.37324591114291,6.80565805455902,1,2
21,14,22,7.44099471730433,3.3940832910023,5.3898891138967,5.82426217820559,6.52926355391064,1,2
21,14,23,7.44099471730433,3.3940832910023,5.13364016127105,6.37124038575543,6.77459011691475,1,2
21,14,25,7.44099471730433,3.3940832910023,4.09834062309416,6.86383488633903,7.09587320321878,1,2
21,14,28,7.44099471730433,3.3940832910023,4.60438212968938,6.5745061385282,7.129195583329,1,2
21,14,31,7.44099471730433,3.3940832910023,5.30191864994858,5.75589732671928,6.80635496855358,1,2
21,14,33,7.44099471730433,3.3940832910023,5.30154088724776,4.99015445992758,6.34773949625201,1,2
21,14,35,7.44099471730433,3.3940832910023,6.21552734064023,5.52926798346347,6.63282113133966,1,2
21,14,36,7.44099471730433,3.3940832910023,6.2165170341643,6.32145535766391,7.04171776316371,1,2
21,14,39,7.44099471730433,3.3940832910023,5.12352303786413,6.30748829324467,6.93029296498627,1,2
21,14,41,7.44099471730433,3.3940832910023,4.08044385931778,6.00287254185564,6.72756817182831,1,2
21,14,43,7.44099471730433,3.3940832910023,4.18199927106624,6.05174987494358,6.75125672811729,1,2
21,14,45,7.44099471730433,3.3940832910023,3.47263941200409,6.13836849285572,6.76020662878658,1,2
21,14,53,7.44099471730433,3.3940832910023,4.79282758922631,6.77366519602718,7.02245717025932,1,2
21,14,55,7.44099471730433,3.3940832910023,6.55169799648234,6.26266915676691,7.05472474463461,1,2
21,14,56,7.44099471730433,3.3940832910023,4.37491727208263,6.1556809498449,6.930904686528,1,2
21,14,57,7.44099471730433,3.3940832910023,5.3232933460844,6.36490674058912,6.68158346619651,1,2
21,14,60,7.44099471730433,3.3940832910023,2.85975820889143,6.75627633224043,6.99335661645585,1,2
21,14,61,7.44099471730433,3.3940832910023,4.89379547949417,5.87393843434939,6.7548301125533,1,2
21,14,62,7.44099471730433,3.3940832910023,6.66071598081186,5.46719480303651,6.78233551857857,1,2
21,14,63,7.44099471730433,3.3940832910023,5.60997573895402,6.27694390607933,6.58888010669243,1,2
21,14,64,7.44099471730433,3.3940832910023,5.55594546765267,5.63261789332478,6.58892945996897,1,2
21,14,66,7.44099471730433,3.3940832910023,6.25881142217481,5.15685789660651,6.40810619370044,1,2
21,14,69,7.44099471730433,3.3940832910023,5.7737465279914,6.26746767839701,6.9353628999417,1,2
21,14,70,7.44099471730433,3.3940832910023,5.58216798455455,5.50471892149667,6.34579860054711,1,2
21,14,71,7.44099471730433,3.3940832910023,4.54910570968503,5.50620686968212,6.61394729227589,1,2
21,14,73,7.44099471730433,3.3940832910023,5.94306144620637,5.59068748134504,6.70045500708346,1,2
21,14,74,7.44099471730433,3.3940832910023,4.58087476223868,5.66521952308014,6.56259741622963,1,2
21,14,75,7.44099471730433,3.3940832910023,6.54698462009307,5.41177314363412,6.45982585177144,1,2
21,14,76,7.44099471730433,3.3940832910023,5.70366484977135,5.13690266875711,6.61135134197086,1,2
21,14,77,7.44099471730433,3.3940832910023,4.65399833242788,6.10741873924221,6.83427400626324,1,2
21,14,78,7.44099471730433,3.3940832910023,5.10894008177323,5.21263356511765,6.54647064135569,1,2
21,14,81,7.44099471730433,3.3940832910023,3.66594363951883,6.32877905954855,6.85649409878471,1,2
21,14,84,7.44099471730433,3.3940832910023,5.21585842783458,5.74866759001441,6.73938149824934,1,2
21,14,85,7.44099471730433,3.3940832910023,5.09314033169068,5.26725287884066,6.2702765663409,1,2
21,15,6,7.44099471730433,3.3940832910023,6.61876226744176,6.599093789857,7.22791127967674,1,2
21,15,9,7.44099471730433,3.3940832910023,4.61952792405169,5.60793527412556,6.75247209449562,1,2
21,15,12,7.44099471730433,3.3940832910023,4.04012856780432,5.62348594192422,6.91430231532098,1,2
21,15,13,7.44099471730433,3.3940832910023,5.98199679252973,5.64003943820066,6.91291781455327,1,2
21,15,14,7.44099471730433,3.3940832910023,3.76996745604846,5.75502698352008,6.85573377975433,1,2
21,15,17,7.44099471730433,3.3940832910023,4.08771055881782,6.45828668756584,7.22198351406271,1,2
21,15,19,7.44099471730433,3.3940832910023,5.34724389733186,6.14977324880639,7.02979547217402,1,2
21,15,20,7.44099471730433,3.3940832910023,5.0010208300406,5.03176241564001,6.7029731356589,1,2
21,15,21,7.44099471730433,3.3940832910023,4.42630277853428,4.72949511339904,6.6590953927356,1,2
21,15,22,7.44099471730433,3.3940832910023,3.86029455763368,4.96496914618843,6.26939426795707,1,2
21,15,23,7.44099471730433,3.3940832910023,4.40288278829041,6.06666878227256,6.81950274216956,1,2
21,15,24,7.44099471730433,3.3940832910023,3.73314626723315,6.10848423578193,6.74947238795934,1,2
21,15,26,7.44099471730433,3.3940832910023,6.3336977555537,6.0696701003759,7.00758670689379,1,2
21,15,30,7.44099471730433,3.3940832910023,3.77465289252532,6.09805959326501,6.74646826479833,1,2
21,15,31,7.44099471730433,3.3940832910023,4.57698441843812,5.93500810233069,6.76328675430132,1,2
21,15,33,7.44099471730433,3.3940832910023,4.67574481841622,6.46941452603273,6.87246265817632,1,2
21,15,34,7.44099471730433,3.3940832910023,4.78450254853215,5.60273227481153,6.94508633522743,1,2
21,15,35,7.44099471730433,3.3940832910023,5.29094758886553,6.76243362153195,7.26353270114242,1,2
21,15,36,7.44099471730433,3.3940832910023,6.45298384188866,6.11592702834442,6.99569579681124,1,2
21,15,38,7.44099471730433,3.3940832910023,5.33201395165642,6.0706174688495,6.62924790971729,1,2
21,15,39,7.44099471730433,3.3940832910023,3.19410161284093,6.01605497489246,6.89506937336931,1,2
21,15,45,7.44099471730433,3.3940832910023,4.17497548091948,5.8808621266059,6.91026482744737,1,2
21,15,46,7.44099471730433,3.3940832910023,7.01947327770013,5.42004414309438,6.66320329966366,1,2
21,15,51,7.44099471730433,3.3940832910023,4.78757730732916,6.81182787130502,6.96634066703079,1,2
21,15,53,7.44099471730433,3.3940832910023,5.17094571164317,5.95182796797507,6.99687583716892,1,2
21,15,56,7.44099471730433,3.3940832910023,3.29820705091445,7.10226773999322,6.86030645119995,1,2
21,15,57,7.44099471730433,3.3940832910023,5.6790600634705,7.07189559344584,7.24032268672361,1,2
21,15,59,7.44099471730433,3.3940832910023,5.04031010102421,6.09135380301276,6.7456876996895,1,2
21,16,3,7.44099471730433,3.3940832910023,3.82166408638179,5.70656111188786,6.77559266154306,1,2
21,16,4,7.44099471730433,3.3940832910023,4.83572293830997,5.53958764850372,7.05071337589786,1,2
21,16,7,7.44099471730433,3.3940832910023,6.39975673832501,6.15532327624435,7.08570270501909,1,2
21,16,11,7.44099471730433,3.3940832910023,6.04295999244133,5.18423316379631,6.62801740387795,1,2
21,16,13,7.44099471730433,3.3940832910023,4.34520101617104,5.9051552303285,6.86805453010547,1,2
21,16,20,7.44099471730433,3.3940832910023,4.08580723702735,5.3280462413427,6.65246233077406,1,2
21,16,21,7.44099471730433,3.3940832910023,5.23528043649053,6.19824726756547,6.89964447753723,1,2
21,16,23,7.44099471730433,3.3940832910023,5.58628113620452,5.31924914770377,6.44078907293047,1,2
21,16,24,7.44099471730433,3.3940832910023,5.87904798647003,4.86045562767435,6.84244964922255,1,2
21,16,25,7.44099471730433,3.3940832910023,5.12453294552611,7.32255735786593,7.60565505587703,1,2
21,16,30,7.44099471730433,3.3940832910023,6.14748343232618,5.66330514484982,6.95772045905548,1,2
21,16,31,7.44099471730433,3.3940832910023,4.49178740128105,6.15991950631479,6.93046476172765,1,2
21,16,36,7.44099471730433,3.3940832910023,7.35961599109968,6.04038097091891,7.17670495970763,1,2
21,16,37,7.44099471730433,3.3940832910023,6.1811623693079,6.56343021202326,7.25774876566818,1,2
21,16,39,7.44099471730433,3.3940832910023,3.99454619388703,6.31481305800694,6.87978434697,1,2
21,16,40,7.44099471730433,3.3940832910023,3.66189589090436,6.4009663394653,7.01888571686314,1,2
21,16,41,7.44099471730433,3.3940832910023,5.86703471694536,6.03981115134824,6.93675931365635,1,2
21,16,42,7.44099471730433,3.3940832910023,5.57360274374031,5.91404107460518,6.8659866950252,1,2
21,16,43,7.44099471730433,3.3940832910023,5.58280720983197,6.48786093008683,7.11550375383894,1,2
21,16,44,7.44099471730433,3.3940832910023,6.23019422101679,6.88258107011409,7.34544346952861,1,2
21,16,47,7.44099471730433,3.3940832910023,3.99228570672934,5.0464995861362,6.71133050865005,1,2
21,16,49,7.44099471730433,3.3940832910023,5.48707097705572,6.1409075721899,7.24776129914769,1,2
21,16,50,7.44099471730433,3.3940832910023,5.64357396695715,5.51196796827771,6.86222258270907,1,2
21,16,52,7.44099471730433,3.3940832910023,4.36241144413042,5.08228258198507,6.63019346615489,1,2
21,16,54,7.44099471730433,3.3940832910023,4.73793917327538,6.76231699630622,7.04722041612415,1,2
21,16,55,7.44099471730433,3.3940832910023,4.82655876704363,6.30848495265249,6.86620475862396,1,2
21,16,56,7.44099471730433,3.3940832910023,6.4946843698818,6.09738872120314,7.26442365544075,1,2
21,16,65,7.44099471730433,3.3940832910023,4.42493364366959,6.47443076933603,7.21252246273933,1,2
21,16,68,7.44099471730433,3.3940832910023,5.23928075813827,5.70605308107055,6.82211177857307,1,2
21,16,69,7.44099471730433,3.3940832910023,5.41848646134937,6.36787026800309,7.1577433727018,1,2
21,16,70,7.44099471730433,3.3940832910023,5.18064716643157,6.17381584535618,7.02993030420932,1,2
21,16,71,7.44099471730433,3.3940832910023,4.20590073121661,5.19977613537864,6.94986118341963,1,2
21,16,73,7.44099471730433,3.3940832910023,4.82822457354475,7.33069401388183,7.27820930700859,1,2
21,16,74,7.44099471730433,3.3940832910023,5.14398623287231,5.84535924713679,6.99894888727961,1,2
21,16,76,7.44099471730433,3.3940832910023,4.06185880211532,6.11966725718477,6.8896722790086,1,2
21,16,77,7.44099471730433,3.3940832910023,6.33295355157812,6.11350579917735,6.93103470860325,1,2
21,16,79,7.44099471730433,3.3940832910023,4.2143582847903,5.26046867004908,6.89102505126523,1,2
21,16,81,7.44099471730433,3.3940832910023,3.67962083087076,6.00890410276414,6.87353084364639,1,2
21,16,82,7.44099471730433,3.3940832910023,3.73003602252915,6.11821647606886,6.89207623167771,1,2
21,16,83,7.44099471730433,3.3940832910023,3.95354948750554,6.66622845996557,7.04686081847815,1,2
21,16,89,7.44099471730433,3.3940832910023,5.68644514646159,6.48547707654092,6.88972650375769,1,2
21,16,90,7.44099471730433,3.3940832910023,5.69617652178043,5.86872062634258,7.03950744944765,1,2
21,16,92,7.44099471730433,3.3940832910023,5.34155041948059,6.20624894794863,6.94998429966363,1,2
21,16,93,7.44099471730433,3.3940832910023,3.49470676746046,5.67615645423574,6.95597310094284,1,2
21,16,95,7.44099471730433,3.3940832910023,4.49697288571724,6.12921984719382,6.75531085129815,1,2
21,16,97,7.44099471730433,3.3940832910023,4.22897637090343,6.17920797915798,7.09673766930944,1,2
21,17,3,7.44099471730433,3.3940832910023,6.77759600566077,5.81606391564743,7.0384106208237,1,2
21,17,6,7.44099471730433,3.3940832910023,5.49903177250917,6.58872559451662,7.03789811050256,1,2
21,17,7,7.44099471730433,3.3940832910023,5.30951233238698,5.06753778426328,6.63019048181107,1,2
21,17,8,7.44099471730433,3.3940832910023,3.9853026700164,4.70767578930453,6.59518313828012,1,2
21,17,10,7.44099471730433,3.3940832910023,4.50676580236996,6.18364681531165,6.99292074107956,1,2
21,17,11,7.44099471730433,3.3940832910023,4.51618394892089,5.62598531382237,6.7258805065008,1,2
21,17,15,7.44099471730433,3.3940832910023,4.37367507269787,6.29213532586864,6.99672063939559,1,2
21,17,18,7.44099471730433,3.3940832910023,5.70896312550883,6.30233314715561,7.08104269566193,1,2
21,17,22,7.44099471730433,3.3940832910023,6.86972534574461,5.95699706558879,7.10186613757351,1,2
21,17,23,7.44099471730433,3.3940832910023,4.81504704493909,5.90703097667656,7.05312574056687,1,2
21,17,24,7.44099471730433,3.3940832910023,4.98683198675947,5.3381520069481,6.88590676512012,1,2
21,17,31,7.44099471730433,3.3940832910023,4.86438739687077,6.48650739324782,7.19927668620349,1,2
21,17,36,7.44099471730433,3.3940832910023,4.84780825936589,5.26267682052496,6.58707916022719,1,2
21,17,37,7.44099471730433,3.3940832910023,6.59968263111878,6.25970154936835,6.96360398792966,1,2
21,17,39,7.44099471730433,3.3940832910023,5.27143326568801,5.71498594856329,6.7986664122253,1,2
21,17,40,7.44099471730433,3.3940832910023,4.44100653053124,5.01699800687194,6.73007860264513,1,2
21,17,41,7.44099471730433,3.3940832910023,5.30849892926542,5.71453641024391,6.73338608527436,1,2
21,17,43,7.44099471730433,3.3940832910023,4.73830822164427,5.69600163439957,6.83702953845445,1,2
21,17,44,7.44099471730433,3.3940832910023,5.54463963090855,5.84408052215707,6.96077856656952,1,2
21,17,46,7.44099471730433,3.3940832910023,5.34641026809908,5.81964012827961,6.81237027100978,1,2
21,17,47,7.44099471730433,3.3940832910023,5.25773443760101,6.21166562333128,7.06846833324887,1,2
21,17,49,7.44099471730433,3.3940832910023,4.5484358723289,5.29672392374966,7.05662309112904,1,2
21,17,51,7.44099471730433,3.3940832910023,4.36573342294963,5.31589756118014,6.67696646358275,1,2
21,17,53,7.44099471730433,3.3940832910023,4.46922191563877,5.61021098843242,7.06092363466954,1,2
21,17,54,7.44099471730433,3.3940832910023,3.60504003364544,6.2860446400516,7.00901701460859,1,2
21,17,57,7.44099471730433,3.3940832910023,6.09815812248233,5.67913003438977,6.66380557596604,1,2
21,17,60,7.44099471730433,3.3940832910023,4.14670803018362,5.22750236086004,6.64339553693142,1,2
21,17,61,7.44099471730433,3.3940832910023,4.28119790757241,6.10649344830971,6.95403635222479,1,2
21,17,66,7.44099471730433,3.3940832910023,3.43349919486579,5.41048816990606,6.71582955648465,1,2
21,17,68,7.44099471730433,3.3940832910023,3.3704385327968,5.73547381014238,7.02155495031024,1,2
21,17,69,7.44099471730433,3.3940832910023,4.72940237963711,6.24155801006468,7.08905332772984,1,2
21,17,73,7.44099471730433,3.3940832910023,3.81088559046021,5.79434030069198,6.68695458406308,1,2
21,17,75,7.44099471730433,3.3940832910023,5.57468960533614,5.41533242016044,6.71350006953192,1,2
21,17,81,7.44099471730433,3.3940832910023,6.92947618335946,6.43043079311296,7.21503928380956,1,2
21,17,83,7.44099471730433,3.3940832910023,4.46822377689002,5.92136693281825,6.96660321066573,1,2
21,17,88,7.44099471730433,3.3940832910023,4.15180149932485,6.04765299764372,7.01219873370268,1,2
21,17,90,7.44099471730433,3.3940832910023,5.83544868149336,5.76909528225101,6.95943726897614,1,2
21,17,91,7.44099471730433,3.3940832910023,3.82138318415391,5.71093475289069,6.74440805540192,1,2
21,18,4,7.44099471730433,3.3940832910023,4.96026075086862,6.23217761518554,7.12099000908459,1,2
21,18,8,7.44099471730433,3.3940832910023,4.59001013122042,5.91859150005675,7.06106511423055,1,2
21,18,9,7.44099471730433,3.3940832910023,3.98718714328759,5.30407552523962,7.12667983844642,1,2
21,18,11,7.44099471730433,3.3940832910023,5.2380505564508,5.85427126916076,6.85296443977205,1,2
21,18,12,7.44099471730433,3.3940832910023,5.59803906570435,5.85925827847365,7.00656164481333,1,2
21,18,15,7.44099471730433,3.3940832910023,5.15450304523051,6.29865089729456,6.97915030613606,1,2
21,18,16,7.44099471730433,3.3940832910023,5.34710998959562,6.69803939792136,7.31540321224372,1,2
21,18,18,7.44099471730433,3.3940832910023,6.60364010208187,5.2149037835108,6.90228313861946,1,2
21,18,19,7.44099471730433,3.3940832910023,5.22619328901301,5.61589066887513,7.21905496511991,1,2
21,18,21,7.44099471730433,3.3940832910023,5.84354021486113,6.27230743515146,7.31771653264612,1,2
21,18,23,7.44099471730433,3.3940832910023,3.33252707135828,6.11317594933136,7.12103755418773,1,2
21,18,24,7.44099471730433,3.3940832910023,5.08538123499768,5.8497367089902,7.19984515668699,1,2
21,18,27,7.44099471730433,3.3940832910023,3.55622329627248,6.28013764096901,7.16480128383542,1,2
21,18,28,7.44099471730433,3.3940832910023,5.93382069675017,5.91248293325373,6.94537446707785,1,2
21,18,30,7.44099471730433,3.3940832910023,4.05200913835332,5.96773391614955,6.94354187450316,1,2
21,18,31,7.44099471730433,3.3940832910023,5.89866024960589,6.13955114533011,7.23197117444823,1,2
21,18,32,7.44099471730433,3.3940832910023,3.51798285140513,5.86707205914024,7.05052584597523,1,2
21,18,33,7.44099471730433,3.3940832910023,5.70186194692806,6.38479855406723,7.34487859699824,1,2
21,18,34,7.44099471730433,3.3940832910023,4.71361073855552,5.82475619355156,7.22659873641452,1,2
21,18,36,7.44099471730433,3.3940832910023,6.07182623728009,5.88653190215475,7.23470893587012,1,2
21,18,38,7.44099471730433,3.3940832910023,4.00317977936357,5.98750692154621,6.89545212781557,1,2
21,18,39,7.44099471730433,3.3940832910023,4.83623437261237,5.40733985827978,6.78981427771273,1,2
21,18,42,7.44099471730433,3.3940832910023,2.62731617343289,6.40849958438299,7.31696843787444,1,2
21,18,43,7.44099471730433,3.3940832910023,6.32080487194343,6.36717311831,7.18826789476756,1,2
21,18,47,7.44099471730433,3.3940832910023,5.76418499856239,6.58519553958003,7.18791419702796,1,2
21,18,48,7.44099471730433,3.3940832910023,4.98586157394779,5.00933579641777,6.99016073371444,1,2
21,18,49,7.44099471730433,3.3940832910023,6.62702037152119,6.2895739828809,7.23443793130723,1,2
21,18,50,7.44099471730433,3.3940832910023,4.75435934037137,6.02721681210463,7.31188306644652,1,2
21,18,51,7.44099471730433,3.3940832910023,5.48045887470828,6.86664688125509,7.09668365849578,1,2
21,18,53,7.44099471730433,3.3940832910023,5.32637416980034,5.93613588627544,7.01857943523341,1,2
21,18,55,7.44099471730433,3.3940832910023,6.1458058660656,5.48460546562777,6.65409422873156,1,2
21,18,56,7.44099471730433,3.3940832910023,3.64638093973445,6.65399437992345,7.036645848572,1,2
21,18,57,7.44099471730433,3.3940832910023,4.95005468527063,6.86478529467235,7.1676813579066,1,2
21,18,59,7.44099471730433,3.3940832910023,5.17412882633585,6.14160281133263,7.15103546137037,1,2
21,18,60,7.44099471730433,3.3940832910023,5.69895290397831,5.04945344127494,6.98020792839553,1,2
21,18,62,7.44099471730433,3.3940832910023,4.0676403759854,5.19930446811658,6.78406613252652,1,2
21,18,63,7.44099471730433,3.3940832910023,4.41191793749301,6.10618374800926,6.99914811786942,1,2
21,18,64,7.44099471730433,3.3940832910023,5.16492478290194,6.89202861028873,7.12858533712353,1,2
21,18,65,7.44099471730433,3.3940832910023,5.25001936473432,5.46508350694449,7.14421401620894,1,2
21,18,70,7.44099471730433,3.3940832910023,3.20877938105591,6.05697686229495,6.71101943739198,1,2
21,18,71,7.44099471730433,3.3940832910023,2.69603540354952,5.9406316571124,6.70363822229706,1,2
21,18,76,7.44099471730433,3.3940832910023,5.04554770355791,6.68879780956817,7.29178211841691,1,2
21,18,77,7.44099471730433,3.3940832910023,6.27633142418401,6.09399443477952,7.19788224841397,1,2
21,19,4,7.44099471730433,3.3940832910023,4.19738290787108,6.82806715825078,7.39703373636496,1,2
21,19,5,7.44099471730433,3.3940832910023,5.0665767265455,6.19268499943275,7.3599855921479,1,2
21,19,6,7.44099471730433,3.3940832910023,6.13976289358052,6.0496465409797,7.36067114595853,1,2
21,19,7,7.44099471730433,3.3940832910023,5.82977505352508,6.60514006150054,7.17855346077553,1,2
21,19,9,7.44099471730433,3.3940832910023,4.74634369223846,7.07572436270695,7.22731523521416,1,2
21,19,10,7.44099471730433,3.3940832910023,4.69518472761783,5.82422365636136,7.24306946021469,1,2
21,19,11,7.44099471730433,3.3940832910023,5.29127717767398,6.92745503970488,7.47543938929914,1,2
21,19,13,7.44099471730433,3.3940832910023,4.29559717756428,5.32228529926248,7.17813687460112,1,2
21,19,19,7.44099471730433,3.3940832910023,5.51365374620776,6.55120715121478,7.35881323896581,1,2
21,19,20,7.44099471730433,3.3940832910023,5.79582192952435,6.17123682538847,7.19855449448278,1,2
21,19,22,7.44099471730433,3.3940832910023,3.285194703373,5.44409126108352,6.9353934732411,1,2
21,19,24,7.44099471730433,3.3940832910023,4.65310950694701,6.96954873938249,7.51268627488092,1,2
21,19,26,7.44099471730433,3.3940832910023,4.36385381856338,6.25604397157998,7.41028892997103,1,2
21,19,28,7.44099471730433,3.3940832910023,4.81724473569245,6.14014262377988,7.24627531188007,1,2
21,19,30,7.44099471730433,3.3940832910023,4.69768836571945,5.51018967283074,6.91585086426197,1,2
21,19,31,7.44099471730433,3.3940832910023,6.692043328143,5.6576121503582,7.42038690233363,1,2
21,19,34,7.44099471730433,3.3940832910023,5.48888181557785,7.06906124819419,7.46622884851731,1,2
21,19,35,7.44099471730433,3.3940832910023,5.04756799036118,5.63677317357493,7.18189907163503,1,2
21,19,38,7.44099471730433,3.3940832910023,7.37463753735132,6.31428415241789,7.5419669160806,1,2
21,19,40,7.44099471730433,3.3940832910023,4.55415167330523,5.59085509957749,6.86116859279595,1,2
21,19,45,7.44099471730433,3.3940832910023,5.04579701203237,5.63468397041253,7.2096184888408,1,2
21,19,46,7.44099471730433,3.3940832910023,4.44042275225557,5.72683801806748,7.37925635378573,1,2
21,19,49,7.44099471730433,3.3940832910023,4.82064396146914,6.07307524186525,7.5675620539678,1,2
21,19,53,7.44099471730433,3.3940832910023,6.20019399254688,5.02056146397171,7.09789365728938,1,2
21,19,54,7.44099471730433,3.3940832910023,5.74630548159983,6.17448325471585,7.68216879164493,1,2
21,19,57,7.44099471730433,3.3940832910023,3.29862014268558,6.28350813973577,7.06880741255627,1,2
21,19,58,7.44099471730433,3.3940832910023,4.42191420726117,6.14856035250913,7.53845963507721,1,2
21,19,60,7.44099471730433,3.3940832910023,4.08027634653411,5.99043398691546,7.49077025860094,1,2
21,19,61,7.44099471730433,3.3940832910023,6.44350237419563,5.99189740925938,7.43761598927583,1,2
21,19,65,7.44099471730433,3.3940832910023,4.31569813962268,6.32264308895714,7.14735947770465,1,2
21,19,69,7.44099471730433,3.3940832910023,5.11624888048585,6.62277304659997,7.36079005407901,1,2
21,19,71,7.44099471730433,3.3940832910023,4.40254079576931,5.53462793547311,7.11347874850558,1,2
21,20,4,7.44099471730433,3.3940832910023,4.92773662861774,5.83152705624614,7.38757074975131,1,2
21,20,5,7.44099471730433,3.3940832910023,5.22014150752849,5.89014841700279,7.47056801058862,1,2
21,20,8,7.44099471730433,3.3940832910023,6.59849931352727,5.66901228061885,7.54940538809525,1,2
21,20,10,7.44099471730433,3.3940832910023,4.10055208981342,5.02954868527494,6.93373544495065,1,2
21,20,12,7.44099471730433,3.3940832910023,5.74129242066268,6.00214621836962,7.36788828408354,1,2
21,20,13,7.44099471730433,3.3940832910023,6.35011654929684,5.5150150841988,7.44912340783479,1,2
21,20,14,7.44099471730433,3.3940832910023,6.10112084190198,7.05046978556856,7.82246328873007,1,2
21,20,15,7.44099471730433,3.3940832910023,3.13801353956122,5.91272825882444,7.5813083792197,1,2
21,20,23,7.44099471730433,3.3940832910023,5.67009264041451,6.16080371387907,7.4054576382116,1,2
21,20,25,7.44099471730433,3.3940832910023,5.99057351980813,5.55244833320634,7.71897602547465,1,2
21,20,27,7.44099471730433,3.3940832910023,4.84230453212096,5.64277548649964,7.30659740920804,1,2
21,20,30,7.44099471730433,3.3940832910023,3.96948050863541,7.08010904418971,7.68947750232147,1,2
21,20,32,7.44099471730433,3.3940832910023,7.00158962553448,5.59775537681344,7.55168542245535,1,2
21,20,34,7.44099471730433,3.3940832910023,6.54165572132063,5.31002085880654,7.22758617659458,1,2
21,20,35,7.44099471730433,3.3940832910023,6.60302513414173,5.72064884932843,7.19215138019619,1,2
21,20,40,7.44099471730433,3.3940832910023,4.78768902280764,6.00671397315196,7.16484056467677,1,2
21,20,41,7.44099471730433,3.3940832910023,4.19361908047534,6.82607550359738,7.73333045288015,1,2
21,20,43,7.44099471730433,3.3940832910023,3.8630283034895,5.89721655992317,7.37190996800858,1,2
21,20,44,7.44099471730433,3.3940832910023,5.15063341347419,6.27030347228326,7.18826042639194,1,2
21,20,45,7.44099471730433,3.3940832910023,3.62136949494985,5.70494391225738,7.37544093962122,1,2
21,20,47,7.44099471730433,3.3940832910023,4.45793257101357,6.07773435541564,7.12851855180129,1,2
21,20,54,7.44099471730433,3.3940832910023,5.20892978243763,5.90284866519644,7.59118442063733,1,2
21,20,55,7.44099471730433,3.3940832910023,5.50484654485559,5.46991329854427,7.77194950716845,1,2
21,20,59,7.44099471730433,3.3940832910023,6.18272055788086,5.70080778733416,7.50933852017553,1,2
21,20,64,7.44099471730433,3.3940832910023,3.52360751633895,6.01757585819447,7.48083369295255,1,2
21,20,65,7.44099471730433,3.3940832910023,4.33499818365282,5.40934970473969,7.36211110193304,1,2
21,20,67,7.44099471730433,3.3940832910023,4.40289625713168,5.96300115453533,7.63280390201992,1,2
21,20,68,7.44099471730433,3.3940832910023,5.12958031719691,6.45470839941495,7.75908563765008,1,2
21,20,69,7.44099471730433,3.3940832910023,5.41406395700959,5.89511241581512,7.3973220080228,1,2
21,20,70,7.44099471730433,3.3940832910023,3.51896964699881,5.91218172048274,7.55253538588439,1,2
21,21,1,7.44099471730433,3.3940832910023,5.85385786899524,6.17763036456104,7.56089356932159,1,2
21,21,3,7.44099471730433,3.3940832910023,6.27551279515397,5.65888178184302,7.51661213114725,1,2
21,21,4,7.44099471730433,3.3940832910023,4.7381031648956,6.31199124038816,7.51450104076273,1,2
21,21,7,7.44099471730433,3.3940832910023,5.50441802250821,4.82953674717499,6.99391415631196,1,2
21,21,8,7.44099471730433,3.3940832910023,5.65845386011136,5.84362899550149,7.5335193055162,1,2
21,21,10,7.44099471730433,3.3940832910023,4.39340175782004,5.51391662054933,7.19580573619664,1,2
21,21,11,7.44099471730433,3.3940832910023,3.97653471795869,6.23352391558352,7.42125153281335,1,2
21,21,13,7.44099471730433,3.3940832910023,6.09913136201194,6.51717446778658,7.71302521183661,1,2
21,21,14,7.44099471730433,3.3940832910023,6.85726818944418,5.99319402056828,7.49221976111273,1,2
21,21,15,7.44099471730433,3.3940832910023,5.82782626721746,6.99986652727051,7.74441255771158,1,2
21,21,19,7.44099471730433,3.3940832910023,5.43203390594574,5.73893318268448,7.34250448931133,1,2
21,21,20,7.44099471730433,3.3940832910023,5.79643671104225,6.00521835785466,7.62783927927969,1,2
21,21,23,7.44099471730433,3.3940832910023,4.12302360010868,6.94086110371433,7.53628405859478,1,2
21,21,25,7.44099471730433,3.3940832910023,5.50161724043056,6.13651175844345,7.18008140119022,1,2
21,21,26,7.44099471730433,3.3940832910023,5.42939360848591,6.16096868014992,7.48225698709249,1,2
21,21,27,7.44099471730433,3.3940832910023,4.71091656154394,6.098264478123,7.26686658962667,1,2
21,21,29,7.44099471730433,3.3940832910023,3.76672833889703,6.37387279464218,7.45199505701767,1,2
21,21,30,7.44099471730433,3.3940832910023,3.78201191083756,6.08599320561089,7.38858618011748,1,2
21,21,32,7.44099471730433,3.3940832910023,2.77539256031063,5.77199823662976,7.37261181424912,1,2
21,21,35,7.44099471730433,3.3940832910023,4.52683010285509,6.32689976252308,7.49984454205751,1,2
21,21,36,7.44099471730433,3.3940832910023,3.58872723267382,6.77191763096651,7.40827053302124,1,2
21,21,37,7.44099471730433,3.3940832910023,4.26768170381525,6.64722577370488,7.51993337803429,1,2
21,21,39,7.44099471730433,3.3940832910023,5.56929121700294,6.32695362670979,7.47439007612823,1,2
21,21,41,7.44099471730433,3.3940832910023,5.72967502808544,5.9513943330531,7.80544197829052,1,2
21,21,42,7.44099471730433,3.3940832910023,5.54625533448237,6.02209202584359,7.64564855734137,1,2
21,21,44,7.44099471730433,3.3940832910023,3.40912541537867,5.09813929979514,7.31987389544866,1,2
21,21,45,7.44099471730433,3.3940832910023,4.92096580761798,5.76131297799138,7.36479481398304,1,2
21,21,47,7.44099471730433,3.3940832910023,4.97662864314039,5.65575189491575,7.48870766189878,1,2
21,21,50,7.44099471730433,3.3940832910023,3.92810859164406,6.76678364335162,7.30566998862381,1,2
21,21,51,7.44099471730433,3.3940832910023,3.9386322674193,6.22140864748318,7.3830500481692,1,2
21,21,57,7.44099471730433,3.3940832910023,4.90961684599504,5.87064496276348,7.08179786454704,1,2
21,21,59,7.44099471730433,3.3940832910023,4.87017358906113,5.77754466129031,7.12342943578534,1,2
21,21,60,7.44099471730433,3.3940832910023,5.75163154617294,6.33982400275629,7.27889803689212,1,2
21,21,62,7.44099471730433,3.3940832910023,5.58933616973607,6.3343888074899,7.45845597543916,1,2
21,21,63,7.44099471730433,3.3940832910023,3.64197987181558,5.89967773927477,7.36586411033364,1,2
21,21,64,7.44099471730433,3.3940832910023,7.68260353097656,5.04753517071631,7.61868004048109,1,2
21,21,65,7.44099471730433,3.3940832910023,4.85732533103462,5.46566254278382,7.26378281170816,1,2
21,22,1,7.44099471730433,3.3940832910023,5.78948459452756,5.59748017084504,7.31364114650804,1,2
21,22,2,7.44099471730433,3.3940832910023,4.95983135578803,5.61605974333207,7.44710680679509,1,2
21,22,3,7.44099471730433,3.3940832910023,4.95436743782408,6.5603172322674,7.85870462809967,1,2
21,22,4,7.44099471730433,3.3940832910023,3.63925533800537,6.81116836528848,7.73497615018122,1,2
21,22,5,7.44099471730433,3.3940832910023,4.44932749504761,5.21080411038465,7.62318906674868,1,2
21,22,6,7.44099471730433,3.3940832910023,5.40828473576165,5.79499673991624,7.76150875489896,1,2
21,22,7,7.44099471730433,3.3940832910023,6.82545121416972,6.13553667988302,7.9646220759224,1,2
21,22,11,7.44099471730433,3.3940832910023,4.87560916485002,6.4832301076626,7.52465098984016,1,2
21,22,12,7.44099471730433,3.3940832910023,5.55205781321124,6.65860059360445,7.9861296374757,1,2
21,22,14,7.44099471730433,3.3940832910023,5.01617143581069,6.2011115554721,7.57114656212857,1,2
21,22,18,7.44099471730433,3.3940832910023,4.02046135339437,6.01528690865949,7.80268287337751,1,2
21,22,19,7.44099471730433,3.3940832910023,3.72588910483677,6.46084160060251,7.90712025703275,1,2
21,22,20,7.44099471730433,3.3940832910023,4.82949758937795,6.33504264539004,7.88044053001981,1,2
21,22,23,7.44099471730433,3.3940832910023,5.11309367520567,6.13748677444139,7.76735354625032,1,2
21,22,24,7.44099471730433,3.3940832910023,6.15406452497391,6.12445194680769,8.05254533796429,1,2
21,22,25,7.44099471730433,3.3940832910023,4.17496622823433,5.98928481112319,7.86567042355986,1,2
21,22,27,7.44099471730433,3.3940832910023,5.01467859417455,5.71543920272132,7.50539476739987,1,2
21,22,29,7.44099471730433,3.3940832910023,4.88297902783577,6.11051313706143,7.81505118362799,1,2
21,22,33,7.44099471730433,3.3940832910023,5.30443351945931,6.26582265524881,7.68931130483847,1,2
21,22,36,7.44099471730433,3.3940832910023,4.5326968245502,5.68371472119777,7.63806669732693,1,2
21,22,46,7.44099471730433,3.3940832910023,7.27511492833643,5.58613166705109,7.67422598944785,1,2
21,22,48,7.44099471730433,3.3940832910023,6.55128783137312,6.3042542167984,8.13841657830636,1,2
21,22,49,7.44099471730433,3.3940832910023,5.69704573833218,5.19731213975167,7.60581357851473,1,2
21,22,50,7.44099471730433,3.3940832910023,4.39639763180938,5.44545107012952,7.96493211768421,1,2
21,22,54,7.44099471730433,3.3940832910023,6.82998803127242,5.56452200470361,7.66604277547303,1,2
21,22,56,7.44099471730433,3.3940832910023,4.64822612512012,6.25851674439235,7.77460176574878,1,2
21,22,59,7.44099471730433,3.3940832910023,4.85314730962464,6.29870351668745,7.8099957536176,1,2
21,22,60,7.44099471730433,3.3940832910023,7.51051259598189,6.63273897618764,7.92635148447169,1,2
21,22,62,7.44099471730433,3.3940832910023,2.84271840645696,6.11435828931748,7.70196482171315,1,2
21,22,64,7.44099471730433,3.3940832910023,4.71866896991272,6.18321361961299,7.91046355722506,1,2
21,22,66,7.44099471730433,3.3940832910023,5.43117818474584,5.32453090882157,7.52421766113996,1,2
21,22,67,7.44099471730433,3.3940832910023,5.13789306070123,6.66199243274302,7.92317544615485,1,2
21,22,68,7.44099471730433,3.3940832910023,4.3902958648811,5.89098703844037,7.81416840731877,1,2
21,22,70,7.44099471730433,3.3940832910023,3.42646388609934,5.51929025756834,7.54339539809312,1,2
21,22,72,7.44099471730433,3.3940832910023,4.44087260429351,6.32169604920077,8.15811048518347,1,2
21,22,76,7.44099471730433,3.3940832910023,4.90298998808457,6.60813055593999,8.02438646061577,1,2
21,22,77,7.44099471730433,3.3940832910023,5.36891718546723,5.82161886052915,7.66489817781345,1,2
21,22,79,7.44099471730433,3.3940832910023,5.76847858356751,5.93269298604582,7.50595497601774,1,2
21,22,83,7.44099471730433,3.3940832910023,4.59751430198515,6.77143197014176,7.79189524234351,1,2
21,23,4,7.44099471730433,3.3940832910023,4.17816568347308,5.39031863899084,7.63553657536198,1,2
21,23,9,7.44099471730433,3.3940832910023,4.94948191220389,5.99553484405691,7.60386457616699,1,2
21,23,12,7.44099471730433,3.3940832910023,4.179369209748,6.67723542219168,7.8124394293253,1,2
21,23,13,7.44099471730433,3.3940832910023,4.93616284356498,5.68133132400145,7.34103223285152,1,2
21,23,17,7.44099471730433,3.3940832910023,5.72605975772854,6.09626284382274,7.66332547282195,1,2
21,23,18,7.44099471730433,3.3940832910023,5.81900943862078,5.80483894500676,7.78707784876754,1,2
21,23,19,7.44099471730433,3.3940832910023,6.34225008906044,6.67825343354278,8.07332732433907,1,2
21,23,20,7.44099471730433,3.3940832910023,5.62045784910982,5.51617189424333,7.86058993992076,1,2
21,23,21,7.44099471730433,3.3940832910023,5.74538309362477,6.18753972483274,7.88056306554718,1,2
21,23,23,7.44099471730433,3.3940832910023,4.74253129107078,5.55812576204369,7.61499463685702,1,2
21,23,25,7.44099471730433,3.3940832910023,5.80175949049787,4.96590375551322,7.48752687734214,1,2
21,23,26,7.44099471730433,3.3940832910023,4.37209274399056,6.25241281600945,7.66387023599537,1,2
21,23,27,7.44099471730433,3.3940832910023,5.03897369076069,5.93854227221098,8.03856595025187,1,2
21,23,31,7.44099471730433,3.3940832910023,5.89571403494358,5.16885638599968,7.77153221808775,1,2
21,23,32,7.44099471730433,3.3940832910023,5.07620061940903,5.88146894737337,7.53559613183458,1,2
21,23,33,7.44099471730433,3.3940832910023,5.93090044291389,5.34738757454414,7.89163076258773,1,2
21,23,34,7.44099471730433,3.3940832910023,4.89027985380352,6.43057644623886,7.54963730098897,1,2
21,23,37,7.44099471730433,3.3940832910023,7.9278770429214,6.55475214072223,8.09850469065129,1,2
21,23,38,7.44099471730433,3.3940832910023,3.3384859669874,5.29451325012744,7.61020140349028,1,2
21,23,40,7.44099471730433,3.3940832910023,5.75819457621352,5.8974010229269,7.99040187631993,1,2
21,23,42,7.44099471730433,3.3940832910023,4.62822495794084,6.12071113484012,7.64193039879337,1,2
21,23,43,7.44099471730433,3.3940832910023,5.0128011458351,6.00813263070979,7.55814592586019,1,2
21,23,45,7.44099471730433,3.3940832910023,3.82210115860721,4.43681131819901,7.29803473643891,1,2
21,23,47,7.44099471730433,3.3940832910023,4.97613962560504,5.93852415647618,7.34726582017977,1,2
21,23,52,7.44099471730433,3.3940832910023,4.99581293325994,6.17007692083707,7.86693669265574,1,2
21,23,54,7.44099471730433,3.3940832910023,5.62777973125994,5.58429525136509,7.70725534416717,1,2
21,23,58,7.44099471730433,3.3940832910023,4.53894159164494,5.534079372798,7.72481021240842,1,2
21,23,59,7.44099471730433,3.3940832910023,5.26967966735722,6.00606246391429,7.81976624558138,1,2
21,24,1,7.44099471730433,3.3940832910023,4.30549973032429,5.96716297895163,7.94375524224885,1,2
21,24,8,7.44099471730433,3.3940832910023,7.31503119524714,6.39209623813721,8.20648355831954,1,2
21,24,12,7.44099471730433,3.3940832910023,5.33156046208721,5.7123748911114,8.01741320157562,1,2
21,24,13,7.44099471730433,3.3940832910023,4.18472947836914,5.60098548301306,7.55582602528475,1,2
21,24,15,7.44099471730433,3.3940832910023,3.94224433993832,5.8248255513791,7.44893062165687,1,2
21,24,16,7.44099471730433,3.3940832910023,4.51140023358941,5.90379462057914,8.19274270184298,1,2
21,24,17,7.44099471730433,3.3940832910023,4.36773991698433,6.55785495898155,8.05750844162593,1,2
21,24,19,7.44099471730433,3.3940832910023,3.18720352574464,5.48261075749803,7.68562474453718,1,2
21,24,21,7.44099471730433,3.3940832910023,4.65706961189107,6.34867326305611,7.88710831957767,1,2
21,24,25,7.44099471730433,3.3940832910023,2.54625925094532,7.39909964497357,8.50739598516689,1,2
21,24,26,7.44099471730433,3.3940832910023,5.08304695988202,5.97986267506564,8.00456370296944,1,2
21,24,31,7.44099471730433,3.3940832910023,3.73981063713245,6.28035704630148,7.89160653342983,1,2
21,24,34,7.44099471730433,3.3940832910023,5.91510598924214,6.36565379294121,8.59923461262734,1,2
21,24,35,7.44099471730433,3.3940832910023,4.5695604106472,5.66414083951578,7.50743347637105,1,2
21,24,37,7.44099471730433,3.3940832910023,5.88536285270005,6.09645139130594,7.66060676422096,1,2
21,24,40,7.44099471730433,3.3940832910023,3.20376050555728,6.0908606482412,7.9029148157878,1,2
21,24,43,7.44099471730433,3.3940832910023,4.67921852656071,6.91303671984486,8.07740892857388,1,2
21,24,44,7.44099471730433,3.3940832910023,4.1739734417034,5.60778137266439,8.32898702703016,1,2
21,24,45,7.44099471730433,3.3940832910023,4.42670152880073,6.64227985961272,8.2794062129381,1,2
21,24,47,7.44099471730433,3.3940832910023,5.487623169553,6.12428482834741,8.09253009110339,1,2
21,24,48,7.44099471730433,3.3940832910023,4.80258380761929,6.14591996656627,8.18331676963802,1,2
21,24,50,7.44099471730433,3.3940832910023,4.5922332576335,5.3727349282617,7.75600702449621,1,2
21,24,51,7.44099471730433,3.3940832910023,4.24182374447742,6.25510160626224,8.03076701627156,1,2
21,24,52,7.44099471730433,3.3940832910023,6.30934107413031,6.05862983100437,7.92484183283175,1,2
21,24,53,7.44099471730433,3.3940832910023,4.64022802754635,6.27263634839223,7.82101337428843,1,2
21,24,54,7.44099471730433,3.3940832910023,6.88521687524572,5.36395468648007,7.84150625155409,1,2
21,24,61,7.44099471730433,3.3940832910023,4.63065017324125,6.11845381186266,8.1926431258538,1,2
21,24,62,7.44099471730433,3.3940832910023,4.44280512617198,6.38304715551132,8.41519306409329,1,2
21,24,64,7.44099471730433,3.3940832910023,2.84887907399297,6.6503669111295,8.03554237792895,1,2
21,24,67,7.44099471730433,3.3940832910023,5.91274577377492,5.88786133414846,7.58411033629167,1,2
21,24,69,7.44099471730433,3.3940832910023,4.43585099072144,6.16814052673081,8.18263953531812,1,2
21,24,70,7.44099471730433,3.3940832910023,5.97166733742581,5.31920728302063,8.19790494705405,1,2
21,24,77,7.44099471730433,3.3940832910023,4.86279409499274,5.39789267265847,7.78413840219485,1,2
21,25,1,7.44099471730433,3.3940832910023,6.8090568006466,5.20888847808523,7.91280358920741,1,2
21,25,2,7.44099471730433,3.3940832910023,5.96978611633078,6.6089264627082,8.26802037527642,1,2
21,25,3,7.44099471730433,3.3940832910023,5.33315379798794,5.37705492251791,7.6826040060273,1,2
21,25,4,7.44099471730433,3.3940832910023,4.39409590883292,6.32249296315024,7.76261303405929,1,2
21,25,5,7.44099471730433,3.3940832910023,4.59906404112926,5.84445773882586,8.11337012386007,1,2
21,25,6,7.44099471730433,3.3940832910023,4.47209494379229,6.12827923674388,7.9211591912856,1,2
21,25,7,7.44099471730433,3.3940832910023,6.16910824694909,5.79574298501481,7.97789350847456,1,2
21,25,8,7.44099471730433,3.3940832910023,5.12363234511502,5.9807039525708,7.97591964458064,1,2
21,25,14,7.44099471730433,3.3940832910023,5.13687429330452,5.85267247465293,8.11840280371622,1,2
21,25,16,7.44099471730433,3.3940832910023,5.05695137244909,6.75426462192908,8.05209477505665,1,2
21,25,17,7.44099471730433,3.3940832910023,4.08111845291143,5.3853470511655,7.83417078663487,1,2
21,25,18,7.44099471730433,3.3940832910023,5.10443312663803,6.01570012019915,8.1480825329725,1,2
21,25,19,7.44099471730433,3.3940832910023,5.76771208815847,6.58639543914979,8.03388238357741,1,2
21,25,21,7.44099471730433,3.3940832910023,4.88343069468142,6.10848959078054,7.87718564294666,1,2
21,25,22,7.44099471730433,3.3940832910023,3.92590695024942,5.51514119764388,7.66532396208894,1,2
21,25,23,7.44099471730433,3.3940832910023,3.64839389399808,5.05128938653038,7.77477667471316,1,2
21,25,26,7.44099471730433,3.3940832910023,5.06613879855508,6.74552190265579,7.92204393510299,1,2
21,25,31,7.44099471730433,3.3940832910023,2.99850535861825,5.0721151441495,7.64863372473694,1,2
21,25,33,7.44099471730433,3.3940832910023,5.28328768519972,5.88829515796658,7.89514560249428,1,2
21,25,34,7.44099471730433,3.3940832910023,3.57850431095163,5.48722506029935,7.58174773045497,1,2
21,25,35,7.44099471730433,3.3940832910023,4.33409692678176,6.31849995785626,7.83523516857436,1,2
21,25,38,7.44099471730433,3.3940832910023,4.73564499034352,6.05989147347498,7.99103493080341,1,2
21,25,39,7.44099471730433,3.3940832910023,6.45331904749718,6.30628552414222,7.93442852987183,1,2
21,25,44,7.44099471730433,3.3940832910023,6.08711976032355,5.80118552704353,7.76834402595288,1,2
21,25,46,7.44099471730433,3.3940832910023,5.01072577759152,6.35210789497591,8.15304936919884,1,2
21,25,49,7.44099471730433,3.3940832910023,4.53834364663561,5.89725485987741,8.02164699856042,1,2
21,25,50,7.44099471730433,3.3940832910023,5.9203047163069,6.10466683516902,8.26828093245634,1,2
21,25,53,7.44099471730433,3.3940832910023,5.13590585469524,6.14937425802083,8.17626876943794,1,2
21,25,56,7.44099471730433,3.3940832910023,4.28532008677472,5.4545171622397,7.73805802846021,1,2
21,25,57,7.44099471730433,3.3940832910023,4.86326554425346,6.86288128114769,7.9578196651504,1,2
21,25,58,7.44099471730433,3.3940832910023,5.34656971157769,5.27107651580857,8.0371885967691,1,2
21,25,59,7.44099471730433,3.3940832910023,4.75648234024545,5.77062298426071,8.0144676855361,1,2
21,25,60,7.44099471730433,3.3940832910023,3.85029681072805,6.12440660163238,7.80843021662776,1,2
21,25,62,7.44099471730433,3.3940832910023,3.86610059561211,6.32251303705353,8.2843368532153,1,2
21,25,65,7.44099471730433,3.3940832910023,4.76003262545844,6.45851300351537,8.01975858555384,1,2
21,25,69,7.44099471730433,3.3940832910023,4.90803056814476,4.85603960087232,7.89356352730835,1,2
21,25,71,7.44099471730433,3.3940832910023,4.2534290863321,6.25895655488736,7.70664129414259,1,2
21,25,72,7.44099471730433,3.3940832910023,5.38452709987308,5.96500992548222,8.12060062498394,1,2
21,25,74,7.44099471730433,3.3940832910023,5.70100332412408,5.84772734596254,8.18468944732114,1,2
21,25,75,7.44099471730433,3.3940832910023,4.43273063731829,5.14578354725616,7.73153611845989,1,2
21,25,76,7.44099471730433,3.3940832910023,4.96996346442522,5.1282577677427,7.84236944918423,1,2
21,25,77,7.44099471730433,3.3940832910023,6.20271824303584,5.21789180358919,8.03052259355239,1,2
21,25,78,7.44099471730433,3.3940832910023,3.41719137374857,6.25640081361428,7.58264669975019,1,2
21,25,80,7.44099471730433,3.3940832910023,5.00630819742374,6.47259437742515,8.20154649523129,1,2
21,25,81,7.44099471730433,3.3940832910023,5.63203230520344,5.75001118570359,8.28102820364929,1,2
21,25,82,7.44099471730433,3.3940832910023,5.99676188428753,6.73222490268349,8.31042868974009,1,2
21,25,86,7.44099471730433,3.3940832910023,6.11794390482427,5.85021758732992,7.93859242543792,1,2
21,25,89,7.44099471730433,3.3940832910023,5.72924360213792,6.76617146905793,8.04709176366733,1,2
21,26,1,7.44099471730433,3.3940832910023,5.77178117358975,6.26052660539352,8.02769160827471,1,2
21,26,4,7.44099471730433,3.3940832910023,4.03017423518699,6.31568732602552,7.9561255560019,1,2
21,26,7,7.44099471730433,3.3940832910023,6.97033374391953,4.58868925316843,7.97313774013866,1,2
21,26,8,7.44099471730433,3.3940832910023,6.40120154581406,4.79215350908509,7.8260264528942,1,2
21,26,9,7.44099471730433,3.3940832910023,4.95695707101838,5.38360681139433,8.36758617234031,1,2
21,26,11,7.44099471730433,3.3940832910023,5.36798723227722,5.733472165964,8.04368682445478,1,2
21,26,13,7.44099471730433,3.3940832910023,5.55259762161117,6.34010813426248,8.05861845005633,1,2
21,26,15,7.44099471730433,3.3940832910023,5.71731382285538,6.62826274347861,8.49507993731188,1,2
21,26,16,7.44099471730433,3.3940832910023,6.0258086885075,5.95975291838839,8.32906259428205,1,2
21,26,18,7.44099471730433,3.3940832910023,4.51084263400286,5.39066918951724,7.98600707051432,1,2
21,26,20,7.44099471730433,3.3940832910023,3.29770666427306,5.74782613559717,7.89209672009012,1,2
21,26,22,7.44099471730433,3.3940832910023,6.34691635199556,5.5839437652025,8.22545746448514,1,2
21,26,25,7.44099471730433,3.3940832910023,5.66032653452644,6.21386683275826,7.92551873605605,1,2
21,26,27,7.44099471730433,3.3940832910023,4.69207281924104,5.40642775929506,8.16323516986625,1,2
21,26,28,7.44099471730433,3.3940832910023,4.55098935316229,5.62078873045075,8.17655184397792,1,2
21,26,29,7.44099471730433,3.3940832910023,3.32053490802599,5.44489697479355,7.84638827296411,1,2
21,26,30,7.44099471730433,3.3940832910023,5.55360532033613,5.59953632927271,8.04695479080115,1,2
21,26,32,7.44099471730433,3.3940832910023,5.97002320946764,5.31070060073858,8.20815950959725,1,2
21,26,34,7.44099471730433,3.3940832910023,5.54476771767503,6.19849604683217,8.34209185619423,1,2
21,26,37,7.44099471730433,3.3940832910023,7.07428374235869,5.68090282238638,7.90669394912837,1,2
21,26,39,7.44099471730433,3.3940832910023,2.78824723155362,5.42361721987415,8.14802211529655,1,2
21,26,42,7.44099471730433,3.3940832910023,4.12254059816453,5.69428639152552,8.38124907142436,1,2
21,26,43,7.44099471730433,3.3940832910023,5.22483724388948,6.51788815842635,7.72178643336747,1,2
21,26,45,7.44099471730433,3.3940832910023,4.18643670308303,5.88803370849583,8.23197192030378,1,2
21,26,46,7.44099471730433,3.3940832910023,3.42314670429913,6.59471699931821,7.83639852114849,1,2
21,26,47,7.44099471730433,3.3940832910023,5.44447967042382,5.31379471529618,8.00733444034607,1,2
21,26,51,7.44099471730433,3.3940832910023,5.77252674759006,6.27982882654378,8.34065985075537,1,2
21,26,60,7.44099471730433,3.3940832910023,4.96056835539658,6.29173118558015,8.10619311421611,1,2
21,26,61,7.44099471730433,3.3940832910023,4.95986696576998,6.03179118093881,8.2125870563718,1,2
21,26,66,7.44099471730433,3.3940832910023,7.07868688494439,5.24470200604253,7.89315881860443,1,2
21,26,67,7.44099471730433,3.3940832910023,5.42602687963792,6.1588412182529,8.03848198940282,1,2
21,26,68,7.44099471730433,3.3940832910023,4.53668422651571,5.97015553613871,8.02684243214667,1,2
21,26,70,7.44099471730433,3.3940832910023,5.59225096589441,5.50865713097777,8.22621206388098,1,2
21,26,72,7.44099471730433,3.3940832910023,4.73686689130721,5.5670289378112,7.91015142653136,1,2
21,26,74,7.44099471730433,3.3940832910023,4.29732745021977,5.5745761738372,7.82187865920694,1,2
21,26,77,7.44099471730433,3.3940832910023,6.2286341765389,6.12266759146965,8.18487572031084,1,2
21,26,78,7.44099471730433,3.3940832910023,4.22381280110593,5.46192804761295,8.1368878320451,1,2
21,26,79,7.44099471730433,3.3940832910023,5.46050372059567,6.24890268392621,8.22664585061816,1,2
21,26,80,7.44099471730433,3.3940832910023,4.65643888374853,5.74410319834727,8.24801880714983,1,2
21,26,83,7.44099471730433,3.3940832910023,4.33504459938359,7.03151983111578,8.47646981559879,1,2
21,26,85,7.44099471730433,3.3940832910023,5.93281752468884,6.09204814507366,8.37511857988164,1,2
21,26,88,7.44099471730433,3.3940832910023,5.57726954803122,6.31466475362358,8.03229844252254,1,2
21,26,89,7.44099471730433,3.3940832910023,4.22509998536151,6.7848145977188,8.36827495287422,1,2
21,26,90,7.44099471730433,3.3940832910023,5.31944416888174,7.12369852616848,7.60729276147804,1,2
21,26,91,7.44099471730433,3.3940832910023,5.3618331128307,5.7326464674286,7.86010442745969,1,2
21,26,93,7.44099471730433,3.3940832910023,6.2922421002379,5.55211898251306,8.20018749170319,1,2
21,27,1,7.44099471730433,3.3940832910023,5.58413041937568,6.1278649232431,8.07441127575732,1,2
21,27,2,7.44099471730433,3.3940832910023,5.52237652509283,5.78660309642818,7.83484465675224,1,2
21,27,7,7.44099471730433,3.3940832910023,4.1764485522624,5.47243987482648,7.71326014379413,1,2
21,27,9,7.44099471730433,3.3940832910023,5.07052315091736,6.06092274515319,8.12714945465241,1,2
21,27,14,7.44099471730433,3.3940832910023,5.17629042207523,6.00486661253869,8.1640838086536,1,2
21,27,16,7.44099471730433,3.3940832910023,5.17646052352522,6.0898039556169,8.23789023928795,1,2
21,27,22,7.44099471730433,3.3940832910023,5.23537978050964,5.10908123151242,8.27410905537883,1,2
21,27,23,7.44099471730433,3.3940832910023,5.02068071331412,5.69170357642671,8.45654656544856,1,2
21,27,24,7.44099471730433,3.3940832910023,5.2750908978841,6.7128082597753,8.57083400622994,1,2
21,27,28,7.44099471730433,3.3940832910023,4.4290327208805,6.46902739403777,8.06551722844281,1,2
21,27,29,7.44099471730433,3.3940832910023,5.7240478994802,5.86218151495908,8.44438213696847,1,2
21,27,31,7.44099471730433,3.3940832910023,5.08909767211363,4.98611617688042,8.09668266227275,1,2
21,27,32,7.44099471730433,3.3940832910023,5.22640043772968,5.77475275225234,8.49981603178251,1,2
21,27,33,7.44099471730433,3.3940832910023,4.09221923764975,5.76525379954682,8.08100153462869,1,2
21,27,34,7.44099471730433,3.3940832910023,3.317945066662,5.51888110963776,8.00725185446445,1,2
21,27,36,7.44099471730433,3.3940832910023,6.18634186872473,5.74879208178617,8.46921962890012,1,2
21,27,38,7.44099471730433,3.3940832910023,5.87181099110194,7.55958999434183,8.66928683595486,1,2
21,27,42,7.44099471730433,3.3940832910023,3.98531796364068,4.55344663694519,8.19214349583564,1,2
21,27,43,7.44099471730433,3.3940832910023,5.21631842332603,5.58397944320095,7.81961003733217,1,2
21,27,45,7.44099471730433,3.3940832910023,5.57821268924203,6.30487606449615,8.27437525408286,1,2
21,27,46,7.44099471730433,3.3940832910023,5.72862185485434,5.9906871599438,8.36108885515571,1,2
21,27,47,7.44099471730433,3.3940832910023,5.34517367030514,5.94259477894448,8.3877981991652,1,2
21,27,48,7.44099471730433,3.3940832910023,5.68032548477703,5.6227931482283,8.75027163997202,1,2
21,27,49,7.44099471730433,3.3940832910023,5.129729754651,6.11068354072169,8.19787765462573,1,2
21,27,51,7.44099471730433,3.3940832910023,5.88246837943151,6.01743187504958,8.25978200886595,1,2
21,27,52,7.44099471730433,3.3940832910023,4.45021379162815,6.06028686937366,7.86704450486268,1,2
21,27,53,7.44099471730433,3.3940832910023,4.63812719177416,7.01034389903105,8.19064992169071,1,2
21,27,56,7.44099471730433,3.3940832910023,5.42849605602151,5.61617272412512,8.15084485692026,1,2
21,27,58,7.44099471730433,3.3940832910023,6.24499705162572,5.15447129714488,8.18314006385465,1,2
21,27,59,7.44099471730433,3.3940832910023,5.02826484130615,5.51508176109107,8.38040843947187,1,2
21,27,62,7.44099471730433,3.3940832910023,6.08142333770944,5.90869469286654,8.18976844958978,1,2
21,27,65,7.44099471730433,3.3940832910023,4.54505975760998,6.88371941511477,8.17322948059532,1,2
21,27,67,7.44099471730433,3.3940832910023,4.25376116201548,6.24716854973254,8.09832784430149,1,2
21,27,68,7.44099471730433,3.3940832910023,6.84402535292637,6.16784390239684,8.42422569241615,1,2
21,27,69,7.44099471730433,3.3940832910023,6.30936732961503,6.17458898451359,8.30202981190878,1,2
21,27,70,7.44099471730433,3.3940832910023,6.67553723462022,6.27729813294818,8.44863523226355,1,2
21,27,78,7.44099471730433,3.3940832910023,3.62616135798494,5.21337324849476,7.83637225993142,1,2
21,27,79,7.44099471730433,3.3940832910023,4.88404795188507,6.10160174164835,7.89300798514301,1,2
21,27,80,7.44099471730433,3.3940832910023,5.72357462112824,6.41244361225215,8.16263531679761,1,2
21,27,83,7.44099471730433,3.3940832910023,4.77970543380781,5.59446253752185,8.06655133256976,1,2
21,27,85,7.44099471730433,3.3940832910023,5.67589091086946,6.37574950082578,8.37815252055787,1,2
21,27,88,7.44099471730433,3.3940832910023,6.06995817785349,5.67124711816755,8.37093850954437,1,2
21,27,90,7.44099471730433,3.3940832910023,4.58403374608355,6.60392642987047,8.38759584884136,1,2
21,27,91,7.44099471730433,3.3940832910023,5.3087521718536,5.82587244611209,8.34314638868571,1,2
21,28,2,7.44099471730433,3.3940832910023,4.68443362326625,6.47773026600446,8.25856519067089,1,2
21,28,4,7.44099471730433,3.3940832910023,6.55232537213512,6.08667307120829,8.64834598187608,1,2
21,28,5,7.44099471730433,3.3940832910023,4.24939949097723,6.14016377441343,8.31361428187068,1,2
21,28,10,7.44099471730433,3.3940832910023,6.16949515307745,6.52637827526601,8.38673347572218,1,2
21,28,13,7.44099471730433,3.3940832910023,5.71438633425512,5.76948044448551,7.8985708730591,1,2
21,28,19,7.44099471730433,3.3940832910023,2.87710347358317,5.79926704891093,8.19374948835931,1,2
21,28,20,7.44099471730433,3.3940832910023,7.21347387243029,5.88412110779469,8.95075854815473,1,2
21,28,22,7.44099471730433,3.3940832910023,5.51403157298371,6.97542519037821,8.52634156643851,1,2
21,28,23,7.44099471730433,3.3940832910023,3.78073687956426,6.05019764842903,8.43233702157026,1,2
21,28,24,7.44099471730433,3.3940832910023,4.09857406055159,6.28616527226054,8.24774485146042,1,2
21,28,27,7.44099471730433,3.3940832910023,3.10676026538881,6.21870960502415,8.22600226397298,1,2
21,28,28,7.44099471730433,3.3940832910023,5.46522975973316,5.6602936493998,8.53296458563885,1,2
21,28,29,7.44099471730433,3.3940832910023,6.02844319352276,6.44225882093804,8.3789741785214,1,2
21,28,31,7.44099471730433,3.3940832910023,4.93184215804579,6.02804308356613,8.31755468085504,1,2
21,28,33,7.44099471730433,3.3940832910023,5.98740567165863,5.13182895163426,8.34124015308441,1,2
21,28,34,7.44099471730433,3.3940832910023,4.83383064348039,6.25011438889664,8.24139984840707,1,2
21,28,35,7.44099471730433,3.3940832910023,3.79750116008934,5.16953373425139,7.93277198580866,1,2
21,28,36,7.44099471730433,3.3940832910023,4.10910125727183,6.51515929045986,8.33361858095943,1,2
21,28,38,7.44099471730433,3.3940832910023,5.00065232808874,6.32761645289596,8.33503213543813,1,2
21,28,39,7.44099471730433,3.3940832910023,4.6482745566868,5.859979060022,8.43467487794406,1,2
21,28,40,7.44099471730433,3.3940832910023,3.39412942482979,5.69449185130136,8.34667884946148,1,2
21,28,41,7.44099471730433,3.3940832910023,3.39367558679508,5.54102176919342,8.16002191655457,1,2
21,28,42,7.44099471730433,3.3940832910023,6.24182153477534,6.30144144570429,8.24954810054669,1,2
21,28,43,7.44099471730433,3.3940832910023,4.53494089546235,5.7095286236253,8.41872895069559,1,2
21,28,44,7.44099471730433,3.3940832910023,4.14119727108151,6.17606495379631,8.32364112450801,1,2
21,28,46,7.44099471730433,3.3940832910023,3.6439729238312,6.55772247836754,8.14318427153352,1,2
21,28,47,7.44099471730433,3.3940832910023,6.23722582270552,6.6652760757715,8.5727872185728,1,2
21,28,48,7.44099471730433,3.3940832910023,4.74813568960937,6.09970965935401,8.45105300704017,1,2
21,28,49,7.44099471730433,3.3940832910023,5.82435252129163,6.37944117987553,8.25934385609225,1,2
21,28,52,7.44099471730433,3.3940832910023,4.71871437483721,5.72590223317025,7.97238858605797,1,2
21,28,55,7.44099471730433,3.3940832910023,4.85417336292808,5.89990765172316,8.26798190097087,1,2
21,28,60,7.44099471730433,3.3940832910023,5.14971859016806,5.81566051014319,7.9484368330182,1,2
21,28,61,7.44099471730433,3.3940832910023,5.50735712896944,5.25035995606297,7.78101726848216,1,2
21,28,63,7.44099471730433,3.3940832910023,5.44976567454887,5.90075105072341,7.98633177942113,1,2
21,28,64,7.44099471730433,3.3940832910023,4.60384606456862,6.84812862875255,8.42262724877194,1,2
21,28,65,7.44099471730433,3.3940832910023,6.15243099608705,6.25064077631967,8.68497515808711,1,2
21,28,66,7.44099471730433,3.3940832910023,2.55589262954326,6.33472566650089,8.15330498698512,1,2
21,28,67,7.44099471730433,3.3940832910023,5.82352789988675,6.38177625583931,8.53569886294789,1,2
21,28,69,7.44099471730433,3.3940832910023,5.99671264705581,5.62699230389234,8.36658429548458,1,2
21,28,71,7.44099471730433,3.3940832910023,4.22783213561351,6.12372139871124,8.22579545861633,1,2
21,28,72,7.44099471730433,3.3940832910023,2.81313396076715,5.96868463746856,8.45493588547978,1,2
21,28,73,7.44099471730433,3.3940832910023,6.52238164284588,5.54294404096422,8.14640805004844,1,2
21,28,75,7.44099471730433,3.3940832910023,3.513880282141,5.97167394626227,7.85919726382172,1,2
21,28,76,7.44099471730433,3.3940832910023,5.93699038026815,6.07847353270635,8.55278046798685,1,2
21,28,78,7.44099471730433,3.3940832910023,6.69483654377805,6.25239088494183,8.49325808357747,1,2
21,28,81,7.44099471730433,3.3940832910023,6.4857448692146,6.24394643060355,8.56169544396321,1,2
21,28,82,7.44099471730433,3.3940832910023,6.62519226238443,5.2889429494289,8.40498638462265,1,2
21,28,84,7.44099471730433,3.3940832910023,4.81377145771092,5.82760307794341,7.73136549334216,1,2
21,28,90,7.44099471730433,3.3940832910023,6.35589333868968,5.74274267178221,8.50181557402844,1,2
21,28,91,7.44099471730433,3.3940832910023,5.74998511921708,5.27104758909576,8.41754246102954,1,2
21,29,2,7.44099471730433,3.3940832910023,5.64605294726668,6.35891342784908,8.07635937553151,1,2
21,29,4,7.44099471730433,3.3940832910023,5.35609230903878,4.64924858171728,8.08794006753116,1,2
21,29,6,7.44099471730433,3.3940832910023,4.89068350371344,7.59360192636909,8.53243847839811,1,2
21,29,10,7.44099471730433,3.3940832910023,4.87816375874007,5.98564770868493,8.60198448700953,1,2
21,29,11,7.44099471730433,3.3940832910023,6.78453722298027,6.41857397383627,8.1461030205225,1,2
21,29,13,7.44099471730433,3.3940832910023,5.40735966702204,5.42022189550409,8.37162668840258,1,2
21,29,15,7.44099471730433,3.3940832910023,4.12005462480775,5.82966858949172,8.29176236399894,1,2
21,29,16,7.44099471730433,3.3940832910023,5.98871708411504,6.24383092289728,8.59586763730153,1,2
21,29,17,7.44099471730433,3.3940832910023,5.8278561386149,5.06643695601548,8.0989027478283,1,2
21,29,18,7.44099471730433,3.3940832910023,6.90308243978558,5.88827307126187,8.36748336750834,1,2
21,29,19,7.44099471730433,3.3940832910023,6.4725423000613,5.97016644174433,8.51889264588085,1,2
21,29,20,7.44099471730433,3.3940832910023,5.34334948702775,6.2814280260495,8.60725027413279,1,2
21,29,24,7.44099471730433,3.3940832910023,2.98642522217142,5.78060516455942,7.99715142900255,1,2
21,29,27,7.44099471730433,3.3940832910023,5.51386070386523,5.17705674878523,8.17332742612276,1,2
21,29,28,7.44099471730433,3.3940832910023,5.21634884726437,6.08647840118115,8.16865971795486,1,2
21,29,29,7.44099471730433,3.3940832910023,5.67070867985672,6.49882444526936,8.111149533422,1,2
21,29,30,7.44099471730433,3.3940832910023,5.63510767391855,5.9742223133228,8.53351644837184,1,2
21,29,31,7.44099471730433,3.3940832910023,5.07042872266211,5.70341521018025,8.04595479408286,1,2
21,29,33,7.44099471730433,3.3940832910023,5.41740996670908,6.52281244994111,8.54650161683379,1,2
21,29,34,7.44099471730433,3.3940832910023,4.66211461531894,6.08701269668548,8.23065654415617,1,2
21,29,36,7.44099471730433,3.3940832910023,3.88848554434565,5.53841104765654,7.69304004162398,1,2
21,29,39,7.44099471730433,3.3940832910023,5.15653669002125,5.97391694149983,8.31315633949486,1,2
21,29,40,7.44099471730433,3.3940832910023,4.73548316744185,6.52678624527642,7.90950348509766,1,2
21,29,42,7.44099471730433,3.3940832910023,5.0493001476023,5.66665013617584,7.9107528225455,1,2
21,29,43,7.44099471730433,3.3940832910023,4.86374507783284,5.73622560670459,8.2864715229273,1,2
21,29,46,7.44099471730433,3.3940832910023,6.39006785392043,6.31788551724561,8.84183067989566,1,2
21,29,47,7.44099471730433,3.3940832910023,4.76404410162325,6.14514837249417,8.12373186040304,1,2
21,29,61,7.44099471730433,3.3940832910023,6.24471945882491,5.46187907938797,8.39009468539367,1,2
21,29,62,7.44099471730433,3.3940832910023,5.3035512978871,5.83936056809606,8.21109111831553,1,2
21,29,63,7.44099471730433,3.3940832910023,5.06671171430376,5.71693506338384,8.35995493361163,1,2
21,29,66,7.44099471730433,3.3940832910023,6.13565500146298,6.62141913369395,8.05183102948474,1,2
21,29,67,7.44099471730433,3.3940832910023,3.66836298569656,5.36543194790621,8.29114366739499,1,2
21,29,69,7.44099471730433,3.3940832910023,3.29040669621045,6.18942114815572,8.38765514802602,1,2
21,29,70,7.44099471730433,3.3940832910023,7.38899143151661,5.7444300943021,7.94125069895731,1,2
21,29,76,7.44099471730433,3.3940832910023,3.74653224281439,7.44461329995724,8.18692617453947,1,2
21,30,3,7.44099471730433,3.3940832910023,5.61974963089473,6.01185617537845,8.37942658358337,1,2
21,30,7,7.44099471730433,3.3940832910023,5.21808379857677,6.12513831285217,8.70478668784175,1,2
21,30,8,7.44099471730433,3.3940832910023,4.22634598113873,6.51254405814598,8.80013805253307,1,2
21,30,9,7.44099471730433,3.3940832910023,6.22454628769265,6.01414609121191,8.76027965965388,1,2
21,30,14,7.44099471730433,3.3940832910023,4.96476841256663,5.70048023467857,8.76216672117943,1,2
21,30,15,7.44099471730433,3.3940832910023,6.56324881319781,6.56878098565712,8.75425887742363,1,2
21,30,17,7.44099471730433,3.3940832910023,6.1490904633715,5.71289509577837,8.45374721571675,1,2
21,30,18,7.44099471730433,3.3940832910023,3.26925571766223,4.97454477297,8.5384297738262,1,2
21,30,20,7.44099471730433,3.3940832910023,5.08693561743971,4.93167199545123,8.49434709538968,1,2
21,30,23,7.44099471730433,3.3940832910023,3.81538057689557,6.47439814993575,8.22383638475841,1,2
21,30,24,7.44099471730433,3.3940832910023,5.88004413688644,6.47295856292978,8.67775195608503,1,2
21,30,29,7.44099471730433,3.3940832910023,4.93503569851308,6.63024262865616,8.54321452816471,1,2
21,30,31,7.44099471730433,3.3940832910023,4.10341027897332,6.13815592398704,8.44541695017772,1,2
21,30,32,7.44099471730433,3.3940832910023,3.34800294787756,5.33249917009547,8.59968601114774,1,2
21,30,33,7.44099471730433,3.3940832910023,4.49250796676153,5.94527767301617,8.4488624592798,1,2
21,30,35,7.44099471730433,3.3940832910023,6.13182926626929,6.29867772964782,8.62019778839253,1,2
21,30,36,7.44099471730433,3.3940832910023,5.5221483041939,5.55243326414087,8.08819512447337,1,2
21,30,37,7.44099471730433,3.3940832910023,4.88275976956537,6.04444001008405,8.30750534757159,1,2
21,30,39,7.44099471730433,3.3940832910023,4.59559397751653,5.25805797602768,8.67820292341273,1,2
21,30,42,7.44099471730433,3.3940832910023,4.53641333130561,5.58815640351735,8.50186069002502,1,2
21,30,43,7.44099471730433,3.3940832910023,3.09675092827139,5.46762436502075,8.02041949219723,1,2
21,30,47,7.44099471730433,3.3940832910023,4.84245024327382,5.58749141892536,8.50411598713762,1,2
21,30,48,7.44099471730433,3.3940832910023,3.83904727196192,5.86676438936948,8.46952283486754,1,2
21,30,49,7.44099471730433,3.3940832910023,3.38758683942788,5.38179303073621,8.15984983804607,1,2
21,30,53,7.44099471730433,3.3940832910023,4.46193106931028,6.26475719576104,8.42348024924886,1,2
21,30,57,7.44099471730433,3.3940832910023,7.49644572527174,5.99647965334533,8.98322550287936,1,2
21,30,59,7.44099471730433,3.3940832910023,4.34455766004113,6.43725958318917,8.48217943012931,1,2
21,30,60,7.44099471730433,3.3940832910023,5.69965349314953,5.60783776611113,8.58158226846056,1,2
21,30,61,7.44099471730433,3.3940832910023,5.78263363359454,6.04363874261085,8.42125841876844,1,2
21,30,63,7.44099471730433,3.3940832910023,5.95806113332997,6.34496359193505,8.78352406231743,1,2
21,30,65,7.44099471730433,3.3940832910023,3.82737653633611,5.59994222704824,8.72901426286461,1,2
21,30,69,7.44099471730433,3.3940832910023,5.09980017280233,6.04442548069194,8.43660106568634,1,2
21,30,70,7.44099471730433,3.3940832910023,4.12125099863584,6.06741904048001,8.38615353478679,1,2
21,30,71,7.44099471730433,3.3940832910023,3.75416957841317,6.22167928438312,8.82789912014476,1,2
21,30,72,7.44099471730433,3.3940832910023,3.37667503167683,5.17414288510561,8.47999698326457,1,2
21,30,74,7.44099471730433,3.3940832910023,7.24020652461513,6.54207311854693,8.73253005696417,1,2
21,31,2,7.44099471730433,3.3940832910023,5.35593403096346,5.92972500588678,8.62901502088241,1,2
21,31,3,7.44099471730433,3.3940832910023,6.17229523281914,4.84672101411694,8.08562080337835,1,2
21,31,4,7.44099471730433,3.3940832910023,5.19971819858424,6.26373770353837,8.83414697004906,1,2
21,31,5,7.44099471730433,3.3940832910023,4.0864736148136,6.54602572818085,8.35626428900634,1,2
21,31,6,7.44099471730433,3.3940832910023,6.23088863581846,6.25990641938848,8.78758434829928,1,2
21,31,16,7.44099471730433,3.3940832910023,4.85522007591777,6.30041033390442,8.6649070688691,1,2
21,31,17,7.44099471730433,3.3940832910023,5.36684724489116,5.87203545261906,8.61294718611048,1,2
21,31,18,7.44099471730433,3.3940832910023,5.74433761519288,6.08412514697828,8.74576694362676,1,2
21,31,19,7.44099471730433,3.3940832910023,5.09920672207318,6.78991310701364,8.69822287598015,1,2
21,31,21,7.44099471730433,3.3940832910023,4.08050766274466,6.14412747698085,8.83864414460529,1,2
21,31,24,7.44099471730433,3.3940832910023,4.37211025066143,6.49931535813101,8.71512826327645,1,2
21,31,27,7.44099471730433,3.3940832910023,5.19077935670939,6.51485819355242,8.59858907529486,1,2
21,31,34,7.44099471730433,3.3940832910023,6.16328341404142,6.64059987714419,8.40094746996237,1,2
21,31,39,7.44099471730433,3.3940832910023,6.25583610714195,5.95847465018457,8.52083870241427,1,2
21,31,42,7.44099471730433,3.3940832910023,5.20628218268553,6.2213022799367,8.42033890005033,1,2
21,31,43,7.44099471730433,3.3940832910023,5.0747880857193,5.11715002431688,8.80202979116198,1,2
21,31,44,7.44099471730433,3.3940832910023,3.57914653860091,6.49227614738842,8.41962498279174,1,2
21,31,45,7.44099471730433,3.3940832910023,4.48070374672548,6.47773616542867,8.90097397293048,1,2
21,31,47,7.44099471730433,3.3940832910023,3.59024731937953,6.73561350555105,8.58380904300029,1,2
21,31,48,7.44099471730433,3.3940832910023,5.20785172710037,6.41533375898068,8.59128757644783,1,2
21,31,49,7.44099471730433,3.3940832910023,4.93055426413807,6.17505849158136,8.29213196515715,1,2
21,31,50,7.44099471730433,3.3940832910023,6.21028886450719,5.77702236864295,8.34726566145473,1,2
21,31,52,7.44099471730433,3.3940832910023,5.3827569465385,5.49376178616454,8.54119544769925,1,2
21,31,53,7.44099471730433,3.3940832910023,5.23993777044535,5.7442818253158,9.01889004732106,1,2
21,31,54,7.44099471730433,3.3940832910023,6.1103781330044,5.87169120623804,8.52949151218494,1,2
21,31,55,7.44099471730433,3.3940832910023,5.37697914652179,5.53910867323342,8.30657797494847,1,2
21,31,56,7.44099471730433,3.3940832910023,4.33681232002761,6.38985184090298,8.68396834101961,1,2
21,31,57,7.44099471730433,3.3940832910023,6.39796510976598,6.45973453247681,8.56694995822088,1,2
21,31,58,7.44099471730433,3.3940832910023,5.30174046520537,6.00568076697549,8.32889317841281,1,2
21,31,60,7.44099471730433,3.3940832910023,6.19193924123367,5.43987608293021,8.2892439052146,1,2
21,31,61,7.44099471730433,3.3940832910023,5.04039660485857,6.4417877928363,8.56276884728844,1,2
21,31,62,7.44099471730433,3.3940832910023,4.82069979950739,5.27773034820073,8.04973240235398,1,2
21,31,69,7.44099471730433,3.3940832910023,3.91259713740412,4.71600524082568,8.3958927422596,1,2
21,31,70,7.44099471730433,3.3940832910023,4.4681699423151,6.36393965050443,8.41384575247543,1,2
21,31,75,7.44099471730433,3.3940832910023,2.39228127932826,6.4381051553354,8.33999549374957,1,2
21,31,76,7.44099471730433,3.3940832910023,4.0428695756498,5.48695465126314,8.29255253827412,1,2
21,31,78,7.44099471730433,3.3940832910023,4.05956635493074,6.12902695672586,8.35599492963004,1,2
21,31,80,7.44099471730433,3.3940832910023,4.39441244285272,6.1851085220141,8.8658783541097,1,2
21,31,83,7.44099471730433,3.3940832910023,4.33116582298349,6.40709915517431,8.60614801383401,1,2
21,31,85,7.44099471730433,3.3940832910023,7.09934451549401,5.97607385702556,8.8061420582212,1,2
21,31,87,7.44099471730433,3.3940832910023,5.31034563441217,4.95149850261134,8.32960134051129,1,2
21,31,89,7.44099471730433,3.3940832910023,4.34541663436235,6.16511186099133,8.42819224126901,1,2
21,31,92,7.44099471730433,3.3940832910023,3.93188369689505,5.90176916569364,8.71745973518569,1,2
21,31,93,7.44099471730433,3.3940832910023,5.68211629082714,6.09343592397988,8.6163774161305,1,2
21,31,94,7.44099471730433,3.3940832910023,3.24065112428383,5.46695466472123,8.60106624022774,1,2
21,31,97,7.44099471730433,3.3940832910023,6.58585346529489,5.81463682597571,8.68741835585145,1,2
21,32,4,7.44099471730433,3.3940832910023,5.28422658002617,6.87252290763012,8.81702348818683,1,2
21,32,13,7.44099471730433,3.3940832910023,5.45680059968702,5.83354583540097,8.6772022806854,1,2
21,32,15,7.44099471730433,3.3940832910023,5.48671033768201,5.85769361108549,9.24618324427978,1,2
21,32,21,7.44099471730433,3.3940832910023,4.39641028056367,5.04055485040722,8.87046997690646,1,2
21,32,23,7.44099471730433,3.3940832910023,5.99885026826579,5.79664808340222,9.37238856901307,1,2
21,32,24,7.44099471730433,3.3940832910023,3.25436376899364,5.32406322367474,8.57298403755621,1,2
21,32,25,7.44099471730433,3.3940832910023,4.27397824965933,5.61317790383025,8.22625933922434,1,2
21,32,31,7.44099471730433,3.3940832910023,5.2838568155405,5.40953670184018,8.87002964486187,1,2
21,32,32,7.44099471730433,3.3940832910023,4.32830612213994,6.12817820367069,8.66754279403691,1,2
21,32,35,7.44099471730433,3.3940832910023,5.83460120253683,6.34929069518516,8.94131231745587,1,2
21,32,38,7.44099471730433,3.3940832910023,4.54609256696739,6.37301180089888,9.40081946727094,1,2
21,32,41,7.44099471730433,3.3940832910023,4.54580332768565,6.81846296395654,8.9671901146012,1,2
21,32,42,7.44099471730433,3.3940832910023,5.70666540692684,6.45603092875953,8.59169575530288,1,2
21,32,45,7.44099471730433,3.3940832910023,4.74323498007176,6.16532371703649,8.4529706870518,1,2
21,32,46,7.44099471730433,3.3940832910023,6.01667125068123,5.70893537734553,8.66212706455525,1,2
21,32,49,7.44099471730433,3.3940832910023,6.37819526379326,6.03879404119042,9.48660595972781,1,2
21,32,50,7.44099471730433,3.3940832910023,5.32605552311752,6.00885898961801,9.40555916658117,1,2
21,32,52,7.44099471730433,3.3940832910023,3.13474801371994,5.85328203819193,8.3359186484192,1,2
21,32,53,7.44099471730433,3.3940832910023,5.30533386308027,6.26643510967039,8.84288216399412,1,2
21,32,55,7.44099471730433,3.3940832910023,4.76698566992525,6.78231733510314,8.96685142254633,1,2
21,32,56,7.44099471730433,3.3940832910023,4.12141057161072,6.58972273890667,8.50338768417445,1,2
21,32,58,7.44099471730433,3.3940832910023,4.99677026615545,5.39676976489925,8.95157801372929,1,2
21,32,63,7.44099471730433,3.3940832910023,5.02057642545243,6.04265151576863,8.53352447548596,1,2
21,32,70,7.44099471730433,3.3940832910023,4.41258526588147,6.33092812927417,8.87949035694374,1,2
21,32,71,7.44099471730433,3.3940832910023,3.63762045816471,5.35605274692501,8.49841973330218,1,2
21,32,72,7.44099471730433,3.3940832910023,5.77862180336466,6.55258906420728,8.82935583145572,1,2
21,32,73,7.44099471730433,3.3940832910023,4.1369557188123,6.44021226462569,8.67074604711917,1,2
21,32,77,7.44099471730433,3.3940832910023,4.87571499956394,6.3201857294296,8.75758878586124,1,2
21,32,78,7.44099471730433,3.3940832910023,3.50436816632011,6.31614490190378,8.98591563027752,1,2
21,32,82,7.44099471730433,3.3940832910023,4.76581101929762,6.07639707650968,9.08820181642501,1,2
21,32,84,7.44099471730433,3.3940832910023,4.61336801890398,6.41808533874668,9.32450966635851,1,2
21,32,85,7.44099471730433,3.3940832910023,7.26787105193027,6.17738212288533,8.58452959839496,1,2
21,32,87,7.44099471730433,3.3940832910023,2.38471076996741,5.80964637626366,8.85095580004298,1,2
21,33,2,7.44099471730433,3.3940832910023,4.08774147986258,5.57187109528195,8.85445117607078,1,2
21,33,5,7.44099471730433,3.3940832910023,5.24126809005204,6.71677230874507,8.89822888010619,1,2
21,33,6,7.44099471730433,3.3940832910023,4.61342058924233,5.43063358776271,8.27623902684001,1,2
21,33,7,7.44099471730433,3.3940832910023,2.31091548615446,6.09568779273239,8.4498448544781,1,2
21,33,8,7.44099471730433,3.3940832910023,5.10754646020896,6.53137521678577,8.85581092375306,1,2
21,33,9,7.44099471730433,3.3940832910023,5.61356337173061,6.69713448593434,8.7753022913071,1,2
21,33,14,7.44099471730433,3.3940832910023,6.33671133568795,6.5257912597621,8.64309991720278,1,2
21,33,17,7.44099471730433,3.3940832910023,5.39191847781776,6.02208455611243,9.19846367300522,1,2
21,33,19,7.44099471730433,3.3940832910023,6.38608872976876,5.72496710871061,8.70602024234665,1,2
21,33,20,7.44099471730433,3.3940832910023,4.45808243603724,7.16470944064826,9.31625816850902,1,2
21,33,29,7.44099471730433,3.3940832910023,5.18081622163666,6.09938313810351,8.43683410823129,1,2
21,33,34,7.44099471730433,3.3940832910023,3.74787234657883,6.01391515035477,9.07014943868405,1,2
21,33,36,7.44099471730433,3.3940832910023,4.98162603472884,6.32134133105878,9.23964144400929,1,2
21,33,37,7.44099471730433,3.3940832910023,4.1981266807672,6.15044514143406,8.77069936966118,1,2
21,33,38,7.44099471730433,3.3940832910023,4.27847377573091,5.72220255077005,9.02904767559058,1,2
21,33,41,7.44099471730433,3.3940832910023,7.46267067925376,5.88571268148386,9.18611030597577,1,2
21,33,43,7.44099471730433,3.3940832910023,3.34501684145429,5.97523740379287,8.61028149754433,1,2
21,33,44,7.44099471730433,3.3940832910023,4.5768699428682,6.12244270575543,8.58945145097711,1,2
21,33,46,7.44099471730433,3.3940832910023,5.02381729021217,5.31424580340384,8.68010899049043,1,2
21,33,47,7.44099471730433,3.3940832910023,4.31305998816917,4.98721231899029,8.23676852232476,1,2
21,33,48,7.44099471730433,3.3940832910023,5.54990664038591,6.38337124313762,8.6876359317424,1,2
21,33,53,7.44099471730433,3.3940832910023,6.84549396614782,5.63430018344337,9.25761719772045,1,2
21,33,57,7.44099471730433,3.3940832910023,5.89763702769403,5.45763141778365,8.95152661741924,1,2
21,33,59,7.44099471730433,3.3940832910023,5.71102278290698,5.40424419482921,8.64932530795406,1,2
21,33,62,7.44099471730433,3.3940832910023,4.75960133073925,5.85856749978116,9.06957344072461,1,2
21,33,64,7.44099471730433,3.3940832910023,5.97537538024932,7.08656419678265,9.05817038651261,1,2
21,33,65,7.44099471730433,3.3940832910023,6.72564713553149,5.67744453374806,8.63099753617647,1,2
21,33,66,7.44099471730433,3.3940832910023,4.12697711347095,6.22880708257343,8.82634457377876,1,2
21,33,67,7.44099471730433,3.3940832910023,5.47777843115732,5.18672236879334,8.64448928324164,1,2
21,33,68,7.44099471730433,3.3940832910023,5.74720763805582,6.76613233566328,8.68549221331288,1,2
21,33,72,7.44099471730433,3.3940832910023,6.76726115925734,5.87383164172327,8.97766810694191,1,2
21,33,73,7.44099471730433,3.3940832910023,5.02323356267137,4.62770964675807,8.93065199079427,1,2
21,33,76,7.44099471730433,3.3940832910023,4.81421041447757,6.27052002030699,8.95077074601723,1,2
21,33,77,7.44099471730433,3.3940832910023,6.57790566696415,6.41948547339496,9.49442664392637,1,2
21,33,79,7.44099471730433,3.3940832910023,5.3900719812117,5.95196438131696,8.72352007998204,1,2
21,34,5,7.44099471730433,3.3940832910023,4.0561264224393,5.93691859439224,9.09085021555568,1,2
21,34,10,7.44099471730433,3.3940832910023,6.32550842107997,5.97855840164156,9.25161867470289,1,2
21,34,13,7.44099471730433,3.3940832910023,3.42335714511768,6.49100512524747,8.79873364140077,1,2
21,34,16,7.44099471730433,3.3940832910023,5.47849541291976,6.65650319431286,9.04098988084243,1,2
21,34,17,7.44099471730433,3.3940832910023,5.98052783599042,5.97670759468664,9.01962792848549,1,2
21,34,20,7.44099471730433,3.3940832910023,5.15204732160188,5.52861784995114,8.97207899758736,1,2
21,34,21,7.44099471730433,3.3940832910023,4.54266163226058,6.43859873837913,9.46570553425801,1,2
21,34,24,7.44099471730433,3.3940832910023,4.85103665613735,5.79753196858487,8.97563505275436,1,2
21,34,28,7.44099471730433,3.3940832910023,5.91198007075313,5.96978365005073,9.22733225486867,1,2
21,34,31,7.44099471730433,3.3940832910023,5.89324090594299,6.19820462245351,9.29218547373396,1,2
21,34,32,7.44099471730433,3.3940832910023,3.54501375132771,6.40298841461144,8.78899551370929,1,2
21,34,33,7.44099471730433,3.3940832910023,3.56168160161634,5.46390926764326,8.67396661414341,1,2
21,34,35,7.44099471730433,3.3940832910023,5.4092916010903,6.08864171221863,8.62130622973164,1,2
21,34,36,7.44099471730433,3.3940832910023,2.98007205022201,4.84646753774941,8.45275473387377,1,2
21,34,37,7.44099471730433,3.3940832910023,5.00123349631914,5.28178059896595,8.57725270872164,1,2
21,34,40,7.44099471730433,3.3940832910023,2.80589916717339,6.71085376512727,8.91681775050619,1,2
21,34,41,7.44099471730433,3.3940832910023,4.65616277784047,6.98270187041399,8.48109677937156,1,2
21,34,44,7.44099471730433,3.3940832910023,3.89317730526374,6.31423682568167,8.88065747570611,1,2
21,34,47,7.44099471730433,3.3940832910023,5.12130028307092,5.74957219721437,9.1865705250782,1,2
21,34,50,7.44099471730433,3.3940832910023,4.35063047909213,6.19932615285227,8.75751192564526,1,2
21,34,51,7.44099471730433,3.3940832910023,3.57951600956484,5.52104631056125,8.61492563052601,1,2
21,34,52,7.44099471730433,3.3940832910023,3.5167391520417,5.59490159915332,8.6152124232849,1,2
21,34,53,7.44099471730433,3.3940832910023,3.75944702848714,6.38549409766413,8.79657565839678,1,2
21,34,60,7.44099471730433,3.3940832910023,5.20579171304045,6.29235096521233,9.26756065334294,1,2
21,34,65,7.44099471730433,3.3940832910023,2.590254666448,6.76680457270497,8.80513137463185,1,2
21,34,69,7.44099471730433,3.3940832910023,5.79562359969275,5.63394567210767,9.35913995016952,1,2
21,34,70,7.44099471730433,3.3940832910023,4.82212809962602,5.59507133985903,8.37892836705972,1,2
21,34,72,7.44099471730433,3.3940832910023,5.02867746275113,6.13450023932483,9.18675679935841,1,2
21,34,75,7.44099471730433,3.3940832910023,4.94823613160291,5.69706053078017,8.56557321269001,1,2
21,34,76,7.44099471730433,3.3940832910023,2.8464634142376,6.75772353663394,8.97925793930839,1,2
21,34,81,7.44099471730433,3.3940832910023,3.2027953349529,5.40348780148317,8.72270863323528,1,2
21,34,82,7.44099471730433,3.3940832910023,2.7270397943514,6.35007377883137,8.90424765188535,1,2
21,34,84,7.44099471730433,3.3940832910023,4.50296223887866,6.74455697398701,9.36904609383194,1,2
21,34,85,7.44099471730433,3.3940832910023,4.95308877528178,5.47448382648476,8.7465909753129,1,2
21,34,86,7.44099471730433,3.3940832910023,3.66883342165278,6.59683841358343,8.82315396069649,1,2
21,34,91,7.44099471730433,3.3940832910023,4.87786762187965,5.24293303084946,8.88960962117702,1,2
21,34,93,7.44099471730433,3.3940832910023,5.57376971870559,5.37567978203779,9.04074423909008,1,2
21,35,2,7.44099471730433,3.3940832910023,4.94945210091686,6.41081163608927,9.32522298279366,1,2
21,35,3,7.44099471730433,3.3940832910023,5.8948365559245,6.9354132255469,9.13171844898463,1,2
21,35,4,7.44099471730433,3.3940832910023,2.34858690022198,6.55258656195452,8.34689905925357,1,2
21,35,5,7.44099471730433,3.3940832910023,5.46149094713522,5.98309262460224,9.08122404725558,1,2
21,35,6,7.44099471730433,3.3940832910023,6.36413547601698,6.9689575995373,9.12650365084664,1,2
21,35,7,7.44099471730433,3.3940832910023,4.72145046142029,5.91476791691552,8.69609902716922,1,2
21,35,10,7.44099471730433,3.3940832910023,6.50158875491587,6.25059665716472,9.39213770453494,1,2
21,35,12,7.44099471730433,3.3940832910023,3.76450498828479,5.67640191155901,9.12416562600397,1,2
21,35,18,7.44099471730433,3.3940832910023,6.09747774811106,6.49885365101617,8.8434225927791,1,2
21,35,20,7.44099471730433,3.3940832910023,5.49194749661572,5.66196936667907,9.14252059616178,1,2
21,35,21,7.44099471730433,3.3940832910023,6.02330061680161,6.30034763180302,9.16610978170288,1,2
21,35,22,7.44099471730433,3.3940832910023,5.08179590408192,5.84982314128415,9.07613704023287,1,2
21,35,26,7.44099471730433,3.3940832910023,5.50416395546427,5.49941191411192,9.06695035027931,1,2
21,35,29,7.44099471730433,3.3940832910023,5.73493157543977,6.74331174399641,9.20892406016812,1,2
21,35,30,7.44099471730433,3.3940832910023,5.2778552593494,5.93214287706021,9.12072481072693,1,2
21,35,31,7.44099471730433,3.3940832910023,4.79575250593436,6.09169229527129,9.09704860587524,1,2
21,35,37,7.44099471730433,3.3940832910023,5.00869853706742,6.31203109813352,8.98244742315929,1,2
21,35,39,7.44099471730433,3.3940832910023,4.68888049936527,6.16509005663578,9.3516826792902,1,2
21,35,40,7.44099471730433,3.3940832910023,6.92793530029071,6.58533743095991,9.27366953148407,1,2
21,35,42,7.44099471730433,3.3940832910023,3.5050675998067,6.34097642476858,9.14401782671168,1,2
21,35,44,7.44099471730433,3.3940832910023,3.44032444762026,6.21376624883708,8.72020237304935,1,2
21,35,46,7.44099471730433,3.3940832910023,5.82127322634113,6.27387278522014,8.90772235783903,1,2
21,35,48,7.44099471730433,3.3940832910023,4.25073614719004,6.2145401460167,8.55587913831285,1,2
21,35,51,7.44099471730433,3.3940832910023,4.82917963084385,6.82663521016416,9.46434470089768,1,2
21,35,52,7.44099471730433,3.3940832910023,5.1232241943181,5.79404526188206,8.53080680743222,1,2
21,35,53,7.44099471730433,3.3940832910023,5.70155946349014,6.25806687194489,9.44377865208263,1,2
21,35,56,7.44099471730433,3.3940832910023,4.79147806991679,6.34238229583251,9.10938890829529,1,2
21,35,59,7.44099471730433,3.3940832910023,4.57897392374614,6.0787724716903,8.95720594769925,1,2
21,35,60,7.44099471730433,3.3940832910023,7.30792913759897,5.48914557203721,9.79074124783584,1,2
21,35,61,7.44099471730433,3.3940832910023,3.87925591449304,5.87103127100367,8.95240835726531,1,2
21,35,62,7.44099471730433,3.3940832910023,4.19854728844431,5.93593008033523,8.8013070149328,1,2
21,35,69,7.44099471730433,3.3940832910023,3.85972232601821,6.78026337206371,8.86763516077698,1,2
21,35,70,7.44099471730433,3.3940832910023,5.08626174959268,5.91923922092606,9.04133159404169,1,2
21,35,72,7.44099471730433,3.3940832910023,3.38788936917641,5.91057286299655,9.05574509197019,1,2
21,35,73,7.44099471730433,3.3940832910023,2.12450753865534,6.54071360401035,9.06669017081297,1,2
21,35,75,7.44099471730433,3.3940832910023,5.56283006975195,6.17003201792116,9.42790582444904,1,2
21,35,78,7.44099471730433,3.3940832910023,4.28634224345169,5.93508237165258,9.31339406030288,1,2
21,35,79,7.44099471730433,3.3940832910023,3.60306833648151,5.86229259282348,8.67688410254924,1,2
21,35,80,7.44099471730433,3.3940832910023,5.43923611115707,6.44502893248801,9.25790370205074,1,2
21,35,82,7.44099471730433,3.3940832910023,3.9817799340444,5.65121648214715,9.20894010835268,1,2
21,35,83,7.44099471730433,3.3940832910023,5.3728083535193,5.39941892694397,8.82929175155466,1,2
21,35,85,7.44099471730433,3.3940832910023,4.14631133339783,6.0426241036072,8.80283392670745,1,2
21,36,1,7.44099471730433,3.3940832910023,5.55931189267072,6.71371661981834,9.30649065655652,1,2
21,36,6,7.44099471730433,3.3940832910023,5.65003999680476,5.80791139840577,9.68152386270602,1,2
21,36,8,7.44099471730433,3.3940832910023,7.29607809852317,6.2779331594995,9.62005860782514,1,2
21,36,9,7.44099471730433,3.3940832910023,4.48928869508851,6.4701255438488,8.4486650579103,1,2
21,36,13,7.44099471730433,3.3940832910023,5.00286925541331,6.5903682251816,8.80216258215058,1,2
21,36,14,7.44099471730433,3.3940832910023,4.73934476088361,6.08743628173538,9.59478004185389,1,2
21,36,15,7.44099471730433,3.3940832910023,3.87023796837334,5.96680996225783,8.80837389288351,1,2
21,36,19,7.44099471730433,3.3940832910023,4.43165371076392,4.84654366789846,8.67778355969222,1,2
21,36,20,7.44099471730433,3.3940832910023,4.56199301394406,7.01548247798123,8.67285116039934,1,2
21,36,23,7.44099471730433,3.3940832910023,4.7604483283517,5.5766106250986,8.84279406430947,1,2
21,36,24,7.44099471730433,3.3940832910023,5.59569828859383,6.06206109792117,9.22586273927014,1,2
21,36,27,7.44099471730433,3.3940832910023,5.20316929871469,6.87367071333694,8.86758354687011,1,2
21,36,31,7.44099471730433,3.3940832910023,4.8823662046864,5.93835668795197,8.51340519674591,1,2
21,36,32,7.44099471730433,3.3940832910023,3.32046250421649,6.80222392031099,9.14201452681522,1,2
21,36,33,7.44099471730433,3.3940832910023,4.93342281253347,6.7767327611706,8.85865297094916,1,2
21,36,35,7.44099471730433,3.3940832910023,6.42459665051244,5.65061152032169,8.25110353289964,1,2
21,36,39,7.44099471730433,3.3940832910023,6.10809994694534,6.05673115431417,9.18649999434493,1,2
21,36,44,7.44099471730433,3.3940832910023,5.45464249676028,4.89382159087892,8.61308607455524,1,2
21,36,46,7.44099471730433,3.3940832910023,5.32473983407515,5.55859116810001,9.25159803005581,1,2
21,36,47,7.44099471730433,3.3940832910023,5.62882375936672,5.84504060877344,8.77434882772774,1,2
21,36,48,7.44099471730433,3.3940832910023,5.62345814478561,6.04644210689635,8.69432147749108,1,2
21,36,50,7.44099471730433,3.3940832910023,4.48141254947305,5.52604468666612,8.97220503279753,1,2
21,36,51,7.44099471730433,3.3940832910023,7.44603956882385,6.65881191619373,9.21392417930512,1,2
21,36,53,7.44099471730433,3.3940832910023,3.38363311837013,5.70980138790761,8.57939654535608,1,2
21,36,54,7.44099471730433,3.3940832910023,5.05400971220043,6.44906356919108,9.02452744607696,1,2
21,36,59,7.44099471730433,3.3940832910023,5.21257342122413,5.4705270894916,9.25723739555258,1,2
21,36,60,7.44099471730433,3.3940832910023,5.01375579261183,5.64223866054001,8.82390734390225,1,2
21,36,63,7.44099471730433,3.3940832910023,6.47723493068792,5.30020915535711,9.02048111849481,1,2
21,36,65,7.44099471730433,3.3940832910023,7.3584126821483,5.31317410467636,9.00719418565025,1,2
21,36,67,7.44099471730433,3.3940832910023,4.20837696586098,6.23661166787381,8.81560269977418,1,2
21,36,69,7.44099471730433,3.3940832910023,3.61364774921573,5.70327570247838,8.80406633250085,1,2
21,36,73,7.44099471730433,3.3940832910023,6.98920760810498,5.3712871298048,9.18487414454063,1,2
21,37,3,7.44099471730433,3.3940832910023,3.79475268952677,6.32021260694601,9.35875570008156,1,2
21,37,8,7.44099471730433,3.3940832910023,6.16234629308054,6.98226364420615,9.66963555510576,1,2
21,37,9,7.44099471730433,3.3940832910023,4.7801551013676,5.83129372440343,9.49918341635394,1,2
21,37,10,7.44099471730433,3.3940832910023,4.06397482978034,5.16300220272431,9.12191505412823,1,2
21,37,13,7.44099471730433,3.3940832910023,4.38849760733639,6.19344560692232,8.71742103622856,1,2
21,37,18,7.44099471730433,3.3940832910023,4.48863584221988,5.15628922252071,9.59538072264185,1,2
21,37,22,7.44099471730433,3.3940832910023,4.81982273536503,6.08029236483511,9.98829442780618,1,2
21,37,23,7.44099471730433,3.3940832910023,5.52330738567672,6.04272642144166,9.47429638051439,1,2
21,37,24,7.44099471730433,3.3940832910023,6.0049541072176,6.44566256143201,9.33009341014207,1,2
21,37,25,7.44099471730433,3.3940832910023,4.49231345106301,6.3873118962791,9.26260058352263,1,2
21,37,28,7.44099471730433,3.3940832910023,6.31806553066491,6.09049751463746,9.19549423257878,1,2
21,37,29,7.44099471730433,3.3940832910023,4.96050665576315,6.16732122702236,9.54736990366962,1,2
21,37,33,7.44099471730433,3.3940832910023,5.36319403053241,5.37435014930097,9.15661201949645,1,2
21,37,34,7.44099471730433,3.3940832910023,4.91353311876233,5.84838666108075,9.15743967482469,1,2
21,37,35,7.44099471730433,3.3940832910023,4.65580531294808,6.2053948407717,9.53121711429125,1,2
21,37,36,7.44099471730433,3.3940832910023,7.53760047400572,5.84701572291414,9.44885027294416,1,2
21,37,37,7.44099471730433,3.3940832910023,6.16423420408296,5.78697109816697,9.44252191623441,1,2
21,37,38,7.44099471730433,3.3940832910023,6.90968858674525,6.02940888509013,9.7559460011426,1,2
21,37,39,7.44099471730433,3.3940832910023,5.00643304012852,7.05926295785535,9.42043115843372,1,2
21,37,41,7.44099471730433,3.3940832910023,3.78313283274864,6.03096928572894,9.16594924994272,1,2
21,37,50,7.44099471730433,3.3940832910023,3.72022195562468,5.5266122700378,9.208753216352,1,2
21,37,58,7.44099471730433,3.3940832910023,3.83509436644912,5.99556551151671,9.07761467310566,1,2
21,37,60,7.44099471730433,3.3940832910023,4.77437484908876,6.715300627731,8.75683271552109,1,2
21,37,61,7.44099471730433,3.3940832910023,5.06333446996846,6.11228079656523,9.3050080953386,1,2
21,38,1,7.44099471730433,3.3940832910023,3.17160142154873,5.70729198820064,9.18838078480844,1,2
21,38,2,7.44099471730433,3.3940832910023,5.16047075227029,6.59987408249754,9.14626569146037,1,2
21,38,6,7.44099471730433,3.3940832910023,4.95942718736461,6.21434345738504,9.07550193774744,1,2
21,38,8,7.44099471730433,3.3940832910023,5.2054258580822,5.65775905127704,9.01707914961271,1,2
21,38,13,7.44099471730433,3.3940832910023,2.989083709106,5.53635123154818,8.97011471165265,1,2
21,38,14,7.44099471730433,3.3940832910023,4.52046764690646,6.10234928556787,9.18140740451406,1,2
21,38,15,7.44099471730433,3.3940832910023,5.62569881209151,6.32486324909205,10.0301372627004,1,2
21,38,16,7.44099471730433,3.3940832910023,5.13324149222352,6.36637043870144,9.50114553716777,1,2
21,38,17,7.44099471730433,3.3940832910023,5.58808384567032,5.96784728586638,9.26492605321384,1,2
21,38,21,7.44099471730433,3.3940832910023,5.16371559258277,5.65219030182367,9.65180543622966,1,2
21,38,25,7.44099471730433,3.3940832910023,5.59795275317089,5.56402519787852,10.2785065361767,1,2
21,38,26,7.44099471730433,3.3940832910023,8.00474714013947,6.80618222910725,9.6466825855926,1,2
21,38,27,7.44099471730433,3.3940832910023,5.77536100884084,6.82572345706409,9.24015755257599,1,2
21,38,31,7.44099471730433,3.3940832910023,6.11768743557244,6.24550273960092,9.95617377999975,1,2
21,38,32,7.44099471730433,3.3940832910023,4.57962597940866,6.68203496818413,9.37163186994397,1,2
21,38,34,7.44099471730433,3.3940832910023,3.15298712393424,5.25507208155933,9.60193922127374,1,2
21,38,36,7.44099471730433,3.3940832910023,4.43821518510235,5.55417730416402,9.37669083337754,1,2
21,38,38,7.44099471730433,3.3940832910023,5.60696048383182,6.38560226479541,9.19453786931319,1,2
21,38,39,7.44099471730433,3.3940832910023,3.89816852152562,5.29238190280932,9.2098392775142,1,2
21,38,41,7.44099471730433,3.3940832910023,6.03707053289209,5.86171896247214,9.62188497324302,1,2
21,38,42,7.44099471730433,3.3940832910023,5.003040503786,6.74926739311499,8.58357139420471,1,2
21,38,43,7.44099471730433,3.3940832910023,4.02716632562228,5.95710142784713,9.23656713729472,1,2
21,38,44,7.44099471730433,3.3940832910023,6.09187880695517,6.34269387789367,9.57195678720377,1,2
21,38,45,7.44099471730433,3.3940832910023,4.91652459916802,6.28045224457038,9.51655440882699,1,2
21,38,47,7.44099471730433,3.3940832910023,4.58940681060154,5.43125832355819,8.94930591033411,1,2
21,38,53,7.44099471730433,3.3940832910023,4.76508476605851,5.94570113353884,9.00097630953848,1,2
21,38,54,7.44099471730433,3.3940832910023,6.76527391264856,5.55259947526601,9.5389148268765,1,2
21,38,57,7.44099471730433,3.3940832910023,6.51992441026845,5.48920245966674,9.08296718573488,1,2
21,38,58,7.44099471730433,3.3940832910023,4.40059169010125,6.18351404674397,9.30361794565068,1,2
21,38,59,7.44099471730433,3.3940832910023,3.80365924473065,6.15821989010565,8.74716584328815,1,2
21,38,60,7.44099471730433,3.3940832910023,5.28634681766794,6.712508976934,9.04390444108128,1,2
21,38,62,7.44099471730433,3.3940832910023,5.60098281333381,5.17529507821093,9.24780726003486,1,2
21,38,64,7.44099471730433,3.3940832910023,5.04672210322188,6.47177058007626,9.55416142782708,1,2
21,38,65,7.44099471730433,3.3940832910023,4.84855417598328,6.07557729926961,9.17630369057865,1,2
21,38,66,7.44099471730433,3.3940832910023,5.87453245932154,5.8681711668921,9.64743192020052,1,2
21,38,67,7.44099471730433,3.3940832910023,5.24928013085407,6.31883320668008,8.72517796509844,1,2
21,38,68,7.44099471730433,3.3940832910023,4.77302977528199,6.3491785497989,9.32156274642978,1,2
21,38,71,7.44099471730433,3.3940832910023,4.13897391757761,6.71627227409361,9.47312373064888,1,2
21,38,74,7.44099471730433,3.3940832910023,5.02266954627021,6.2800681730532,9.55026162301644,1,2
21,38,75,7.44099471730433,3.3940832910023,4.11977926764464,6.40291455998149,8.9545996261537,1,2
21,38,76,7.44099471730433,3.3940832910023,5.28525545870014,5.54360707945626,8.60654006516224,1,2
21,38,80,7.44099471730433,3.3940832910023,2.79049926998282,5.51277546654051,9.28619821949082,1,2
21,38,81,7.44099471730433,3.3940832910023,4.97340495681805,5.49967575999591,9.65680834856452,1,2
21,38,82,7.44099471730433,3.3940832910023,5.09812650407524,6.19006472898252,9.25395315123646,1,2
21,38,86,7.44099471730433,3.3940832910023,7.96245189041118,6.27155252398021,9.77206778616129,1,2
21,38,87,7.44099471730433,3.3940832910023,5.62059854595655,7.41297994102982,9.3640265248042,1,2
21,38,88,7.44099471730433,3.3940832910023,4.56640410728081,6.11775906679452,9.265700025863,1,2
21,39,3,7.44099471730433,3.3940832910023,2.64427724799675,5.57145963949985,9.56284747186831,1,2
21,39,4,7.44099471730433,3.3940832910023,4.61823238028757,5.93335343227499,9.47815118975518,1,2
21,39,6,7.44099471730433,3.3940832910023,4.5431878792863,5.45774426474773,9.4442283393822,1,2
21,39,8,7.44099471730433,3.3940832910023,5.4381287718698,6.10692730102912,9.36951328025012,1,2
21,39,13,7.44099471730433,3.3940832910023,5.80655097065492,6.32751734522502,9.74241711732582,1,2
21,39,14,7.44099471730433,3.3940832910023,5.76805793932439,5.38813805490744,10.0326775873803,1,2
21,39,15,7.44099471730433,3.3940832910023,6.01707104643029,6.08807945383809,9.70766395626556,1,2
21,39,17,7.44099471730433,3.3940832910023,4.75065437457785,5.98208417415645,9.23206316732501,1,2
21,39,20,7.44099471730433,3.3940832910023,5.06221862354116,6.57544435678671,9.80729520758917,1,2
21,39,23,7.44099471730433,3.3940832910023,4.91865242440312,5.84722398810324,9.79857613279412,1,2
21,39,24,7.44099471730433,3.3940832910023,2.95801795332496,5.85285969816896,9.24017571261588,1,2
21,39,28,7.44099471730433,3.3940832910023,5.75935939537118,5.15988099037263,9.79533636368855,1,2
21,39,29,7.44099471730433,3.3940832910023,2.38465619451381,5.98554199731462,8.76991395871654,1,2
21,39,30,7.44099471730433,3.3940832910023,3.00667385060887,5.76809398169603,9.27169099192031,1,2
21,39,31,7.44099471730433,3.3940832910023,4.14086955138837,6.09219077751953,9.19426719069024,1,2
21,39,32,7.44099471730433,3.3940832910023,4.38425954287473,6.60937718092629,9.53797016708121,1,2
21,39,34,7.44099471730433,3.3940832910023,4.99614789937457,6.08385804667905,10.0242660103746,1,2
21,39,36,7.44099471730433,3.3940832910023,5.5432205441451,6.19434183862316,9.69906386954033,1,2
21,39,37,7.44099471730433,3.3940832910023,5.97295382960695,6.87129396652048,9.68161792279213,1,2
21,39,39,7.44099471730433,3.3940832910023,6.28909314098513,6.22472481777664,9.76440997014753,1,2
21,39,40,7.44099471730433,3.3940832910023,4.64905869697219,6.75428248108686,9.70385072014799,1,2
21,39,43,7.44099471730433,3.3940832910023,5.52832493143178,5.32584477799991,9.93603802850017,1,2
21,39,50,7.44099471730433,3.3940832910023,5.0201925528471,6.01953690081371,9.53102145768317,1,2
21,39,51,7.44099471730433,3.3940832910023,4.5039908006321,6.63069298873823,9.71177222860092,1,2
21,39,52,7.44099471730433,3.3940832910023,4.44770039297728,5.68368496925774,9.17118144869509,1,2
21,39,53,7.44099471730433,3.3940832910023,3.52349316947161,6.73893374133621,8.93321695075859,1,2
21,39,55,7.44099471730433,3.3940832910023,5.49137462715809,5.77724494161448,9.37190259759738,1,2
21,39,59,7.44099471730433,3.3940832910023,4.24117123603128,6.1740918165437,9.92602469430519,1,2
21,39,60,7.44099471730433,3.3940832910023,4.92144059915246,6.0525274046819,8.86535057291783,1,2
21,39,61,7.44099471730433,3.3940832910023,5.39249773009178,5.8052353962457,9.00645314364034,1,2
21,39,63,7.44099471730433,3.3940832910023,3.98985231394409,6.34622808872572,9.25742245030154,1,2
21,39,64,7.44099471730433,3.3940832910023,4.51564419086247,5.63368690843942,9.91701926238594,1,2
21,39,65,7.44099471730433,3.3940832910023,4.69881705640975,6.37930130730282,9.57204979178967,1,2
21,40,1,7.44099471730433,3.3940832910023,5.45410675419647,6.08180106399837,9.28611219254429,1,2
21,40,2,7.44099471730433,3.3940832910023,6.25157735461686,5.98667706360971,9.65660607990067,1,2
21,40,7,7.44099471730433,3.3940832910023,5.44759525091291,6.3806035283198,9.78747244024642,1,2
21,40,10,7.44099471730433,3.3940832910023,5.77969707066749,5.68325458949808,9.7044136495111,1,2
21,40,13,7.44099471730433,3.3940832910023,6.05681092003588,5.0223933941441,9.54891238173733,1,2
21,40,14,7.44099471730433,3.3940832910023,4.61122418236411,6.87504679461402,9.19955762541901,1,2
21,40,16,7.44099471730433,3.3940832910023,4.51465596747508,6.09821067925295,9.04763873176808,1,2
21,40,17,7.44099471730433,3.3940832910023,4.19996048746957,6.22000003114057,9.5003151822796,1,2
21,40,18,7.44099471730433,3.3940832910023,4.20637493640402,6.93076512135837,9.1152457658237,1,2
21,40,19,7.44099471730433,3.3940832910023,4.66295260755166,6.09952345659003,9.26689876476238,1,2
21,40,20,7.44099471730433,3.3940832910023,2.31255046176895,5.92575773907868,9.61824403666351,1,2
21,40,23,7.44099471730433,3.3940832910023,5.06718334713848,5.58989354348783,9.68352833863754,1,2
21,40,25,7.44099471730433,3.3940832910023,6.11359921919058,7.00026423645002,9.25852345761303,1,2
21,40,27,7.44099471730433,3.3940832910023,3.72550387460428,6.181222998736,8.95952158298208,1,2
21,40,33,7.44099471730433,3.3940832910023,6.03229137010617,6.00213100433624,9.89602914616531,1,2
21,40,34,7.44099471730433,3.3940832910023,3.78997604139093,5.61616161844595,9.94651263466485,1,2
21,40,40,7.44099471730433,3.3940832910023,6.53316887694506,5.89271438932485,9.28104022773906,1,2
21,40,42,7.44099471730433,3.3940832910023,6.03942959014306,6.12594716710101,9.48426571259555,1,2
21,40,43,7.44099471730433,3.3940832910023,4.86321522881937,6.49637271159899,9.67029950322597,1,2
21,40,44,7.44099471730433,3.3940832910023,4.7184117438395,7.41687888528128,9.37037331306208,1,2
21,40,49,7.44099471730433,3.3940832910023,4.42310582290934,5.16960878291055,10.2801223027601,1,2
21,40,50,7.44099471730433,3.3940832910023,6.01982072919098,6.21016957631933,9.40759725992128,1,2
21,40,54,7.44099471730433,3.3940832910023,5.23739159359921,6.66332777009619,9.31960069934043,1,2
21,40,58,7.44099471730433,3.3940832910023,4.53193837394252,6.19735199778473,9.31723405667613,1,2
21,40,59,7.44099471730433,3.3940832910023,5.03714146561937,6.86918990170752,9.75938083811384,1,2
21,40,61,7.44099471730433,3.3940832910023,5.15671547688838,6.0729746572338,9.2858371618846,1,2
21,40,62,7.44099471730433,3.3940832910023,5.03815995272092,6.14020763352364,9.34687034732057,1,2
21,40,63,7.44099471730433,3.3940832910023,5.0261545459417,6.39555616225118,9.5272440699056,1,2
21,40,65,7.44099471730433,3.3940832910023,3.53029629886694,6.20603695426631,9.40906942021758,1,2
21,40,67,7.44099471730433,3.3940832910023,4.77472720231491,5.97915536945832,9.47073309626897,1,2
21,41,2,7.44099471730433,3.3940832910023,4.64047672787914,5.74241334502656,9.28679459050382,1,2
21,41,3,7.44099471730433,3.3940832910023,7.29980520608431,6.64067308689991,9.43105713478412,1,2
21,41,4,7.44099471730433,3.3940832910023,4.14569425148403,6.17503449044161,9.18277590713227,1,2
21,41,8,7.44099471730433,3.3940832910023,4.0445118308922,6.80791275846048,9.60203684475214,1,2
21,41,11,7.44099471730433,3.3940832910023,5.12120492100978,5.97159580428481,9.07511539725716,1,2
21,41,18,7.44099471730433,3.3940832910023,5.25003187562174,5.73341422006944,10.0658456299496,1,2
21,41,21,7.44099471730433,3.3940832910023,5.01618361152875,5.94721975158035,9.32694604722491,1,2
21,41,28,7.44099471730433,3.3940832910023,4.2492551381355,5.77382540196708,10.0161188437063,1,2
21,41,29,7.44099471730433,3.3940832910023,4.73360225348945,5.37432886485216,9.18148626269804,1,2
21,41,32,7.44099471730433,3.3940832910023,4.55721308251153,5.97954335855977,9.26184579214027,1,2
21,41,33,7.44099471730433,3.3940832910023,4.30619355197274,6.17638545814712,9.43875524810862,1,2
21,41,35,7.44099471730433,3.3940832910023,4.68823163376649,5.28322194048001,9.33704207401345,1,2
21,41,39,7.44099471730433,3.3940832910023,5.4479736273271,6.11376135843307,9.46351612111597,1,2
21,41,41,7.44099471730433,3.3940832910023,4.41338080780478,5.55220838858008,9.29837208889993,1,2
21,41,44,7.44099471730433,3.3940832910023,4.9598188448106,5.66668124823125,9.08352470336335,1,2
21,41,45,7.44099471730433,3.3940832910023,5.29690845170527,5.89757431122882,10.2991362760467,1,2
21,41,47,7.44099471730433,3.3940832910023,5.18506583225897,6.01204833202192,9.76894561701494,1,2
21,41,49,7.44099471730433,3.3940832910023,3.73028981968147,5.15935995867356,8.97764920029957,1,2
21,41,50,7.44099471730433,3.3940832910023,6.46360025155392,6.50893823253183,9.77787487391068,1,2
21,41,51,7.44099471730433,3.3940832910023,7.28541597299308,5.7949475349625,9.63677987633822,1,2
21,41,53,7.44099471730433,3.3940832910023,7.03458621171031,4.96899718955056,9.57966312924583,1,2
21,41,54,7.44099471730433,3.3940832910023,3.63499299936727,5.35525585639594,9.39133702927861,1,2
21,41,55,7.44099471730433,3.3940832910023,5.06074609657487,6.1784930188454,10.1710255803147,1,2
21,41,56,7.44099471730433,3.3940832910023,4.61636460710053,6.06362286226211,9.78255477181381,1,2
21,41,57,7.44099471730433,3.3940832910023,6.16322775183487,6.76034494019812,9.83368638809367,1,2
21,41,64,7.44099471730433,3.3940832910023,4.26272312262479,6.27329774423701,9.85307860726132,1,2
21,41,65,7.44099471730433,3.3940832910023,4.30792901873298,6.17983774072437,9.00134609632751,1,2
21,41,66,7.44099471730433,3.3940832910023,5.29607479417292,6.78845370658284,9.34976745629887,1,2
21,41,67,7.44099471730433,3.3940832910023,3.983912335459,5.37164925437963,8.90986635018673,1,2
21,41,74,7.44099471730433,3.3940832910023,6.1727075717159,5.52129311746896,9.83663824412643,1,2
21,41,75,7.44099471730433,3.3940832910023,6.56494139415766,6.49482523859818,9.61142089631984,1,2
21,41,78,7.44099471730433,3.3940832910023,4.36765291783481,5.83084183881473,9.16706686176838,1,2
21,41,79,7.44099471730433,3.3940832910023,4.57052995507722,6.73094303213529,9.43173247062327,1,2
21,41,81,7.44099471730433,3.3940832910023,6.22783623307106,6.47392152755487,9.66934146861994,1,2
21,41,82,7.44099471730433,3.3940832910023,5.30129741439364,6.03376067186192,10.1352863527179,1,2
